Estimate	Est.Error	Q2.5	Q97.5
abar1238	-0.3165584457896	2.67409791097575	-5.73465390453291	4.90343872919602
abkh1244	-0.318677968143597	2.8864536597357	-6.2276364920566	5.38069570383917
abun1252	-1.01148321396624	2.84398958283758	-7.11182705701766	4.45320393147772
acha1249	-0.21435464548811	2.89839716265498	-6.0010596496929	5.65931553952876
achi1257	-1.28464943133608	2.51241148237043	-6.80551929296186	3.27791508320528
acol1236	-0.0475991965540294	2.83938220339553	-5.87049368307549	5.52943765134654
adze1240	-2.59227757072607	2.59487653496224	-8.41649642620348	1.82842863250516
aeky1238	-0.791922230289005	2.80340806939909	-6.61736646066979	4.66553433863388
afar1241	-0.445098721781345	2.71249344289136	-6.19366324917859	4.84740779150358
aghe1239	-0.321752776050012	2.67539178201742	-5.814151328503	4.90543254589753
aghu1255	-0.404380173890553	2.85385524534789	-6.29244794038938	5.32144021032777
agob1244	-0.433027657056029	2.87993621814357	-6.2073861565127	5.1558352215417
agua1253	-0.669110899484961	2.73237294927991	-6.36098952205635	4.61492355642291
aheu1239	-0.416023334388918	2.78720082336042	-6.32392656133921	5.00748675890814
aime1238	-0.85964262938777	2.80262872193216	-6.70865262754421	4.64043987295794
ainu1240	-0.165390026282376	2.84675645058344	-5.86084560053878	5.47957964994678
ajab1235	-0.0464870188606941	2.91867164901026	-5.96556752326218	5.66046925373976
ajie1238	2.57655855986663	1.80310956531165	-0.67178846087188	6.38260892511607
akoo1248	-0.266940993787641	2.81190646408359	-5.91220991966739	5.30775160844414
akun1241	-0.204135087797095	2.7866304629056	-5.98957825520874	5.20373255002812
alab1237	-0.492161488322614	2.71732847655672	-6.04220626890544	4.64014062691916
alab1254	-0.744745934046023	2.76494195840671	-6.63786757358419	4.45897676312068
alac1244	0.399750758783561	2.22587962439809	-4.00199191008787	4.86253599441035
alag1248	-0.404165493064595	2.69567619709718	-6.15992467756682	4.73448109585444
aleu1260	-0.466327552319158	2.74016687091395	-6.34412846887412	4.71890361633707
alor1247	-1.36516069444175	2.55242451675311	-6.86929074471495	3.19622236472624
aluk1238	-0.139156413266098	2.86978599132949	-6.06065555728181	5.66737848647675
amap1240	-1.15603504133957	2.80149710720305	-7.00141797061398	4.0504634558803
amdo1237	-0.0548822282585181	2.95697796262173	-6.05497727885633	5.94133974241613
anei1239	-1.91922095471228	2.40322326812467	-7.26966364873103	2.3018867078496
anta1255	-1.11847893828249	2.50744868048667	-6.65318550031795	3.3593183563201
anuf1239	-0.125885974795424	2.84972620989176	-6.05918216319226	5.55202845465277
anuu1241	-0.0501739599365761	2.84444402516711	-5.86679149213249	5.62083369237416
aona1235	-0.145594094879484	2.89829842413659	-6.2055510744156	5.58656428758971
apat1240	-0.141040449503942	2.93970212566753	-6.12922913781008	5.85967419454567
apin1244	-0.25588642166051	2.79518114272933	-6.01350714519633	5.27808708581168
apma1240	-3.58539914441627	2.4382968620028	-9.04859851002782	0.480044892079202
arak1252	-3.34804715999969	2.36688543739578	-8.61306949830827	0.669221173517737
arao1248	0.0814237153687011	2.75577199872689	-5.66894532268189	5.50298554739791
arap1274	-1.38644147450218	2.60612476551196	-7.07799191402085	3.33489221914917
area1240	-0.173730122529644	1.97265321173785	-4.22882905123848	3.67944530794372
argo1244	-0.734585837267043	2.70642080750908	-6.66847873650949	4.31944711979179
arom1237	-0.393169601657346	2.7812834771045	-6.34814255627485	4.85932486081408
arop1242	-1.58466018397451	2.62382289803798	-7.28151234913171	3.01114250163793
arop1243	-2.49715269422167	2.6465090987028	-8.4396634037587	2.0925515828182
arta1239	4.04384915008361	2.46207121662273	-0.214850663817482	9.37978556711251
ashe1272	3.23077246249899	2.75087019399541	-1.51048216152956	9.28639637019251
assi1247	-0.698677042656688	2.76504831375074	-6.69742900765184	4.50586588758229
asut1235	-0.278495780833706	2.93092460122849	-6.52143571911539	5.49925517452862
atam1240	3.11501127266031	2.5489829800926	-1.17165618383807	8.79873200730189
athp1241	-0.244446474579463	2.84070734624212	-6.00531556553271	5.29420539542391
aton1241	-0.131852298296207	2.95671579290545	-6.28572107804545	5.7424838327098
aulu1238	-3.86800473466044	2.36658802757491	-9.13700893909172	0.107487173099686
auye1238	-0.879782735523509	2.88815507550477	-6.93050304357341	4.60195831476674
awad1243	-0.340745666615314	2.91771836255429	-6.33319010764835	5.30888528288652
awad1244	-2.57517496912408	2.5800968311298	-8.27563645657199	1.94449253218855
awar1248	-2.6431097157579	2.60077695449715	-8.4313031561574	1.88079635898802
awet1244	-0.597801868959401	2.73048904561936	-6.36832817639891	4.56412964164563
awji1241	2.32528829405986	2.64497419645595	-2.20170858480768	8.08756258273714
awtu1239	-1.46728616244015	2.71783363240892	-7.27489413954907	3.49912544876502
axam1237	-3.77364767516008	2.3822884053376	-9.2366084724644	0.280608275308318
axiy1235	-0.202175082495013	2.94306746242421	-6.23693684917403	5.59355881554828
azha1235	-0.311009899846257	2.92962907952232	-6.55922940069102	5.38220506586018
baba1266	-0.346143043319882	2.69687772881429	-5.80741783862768	4.98320536385518
baba1268	1.16927751517901	2.12162592472592	-3.18610230568536	5.19327840083807
babi1235	0.418460849412646	2.64197674102926	-4.87812488221238	5.62650851299822
bafi1243	-0.356837907211116	2.9109621454626	-6.29114837865405	5.35174546895687
bafu1246	-0.332370455997337	2.64511908821431	-5.73694143531529	4.86186560304155
bahi1252	-0.314558098167144	2.75676859393103	-5.94258835753836	5.05510282967101
baim1244	-0.0115442761076723	2.99168855468619	-6.22164871114778	5.85986645314836
baki1244	-3.56218270744331	2.43802768978307	-9.01470736848315	0.427744919718494
bala1311	3.36841025296096	2.5636660313675	-0.887625118898722	8.94836768970615
bala1315	-1.20727363224549	2.50994971978708	-6.64882436694659	3.32802896289436
bala1316	4.20219858585486	2.45126347333042	0.144920405355549	9.687146974218
balu1257	-2.15914640217167	2.50660466783377	-7.71216245040856	2.251009138768
bamu1253	-0.35914296246809	2.85970972293254	-6.22620889561114	5.1159938394597
band1344	-0.046417061151191	2.89527170893815	-5.95238436746481	5.71291647273334
bant1288	2.83092721917391	2.59130654628418	-1.47138783989903	8.77809061900946
bara1369	2.76525869742059	2.5011054146236	-1.51162719818566	8.25832607389041
bari1286	-2.17975814838849	2.64487817934504	-8.13366093631253	2.35539282118991
baro1253	-1.35124352727299	2.18650182009928	-6.06103394196288	2.5772066829618
bata1289	2.53977635828093	2.38819828217845	-1.69188421543543	7.76776696541663
bebe1248	-0.239074667155191	2.84550432866728	-6.08815933527385	5.44113592942253
beka1241	-1.44923189562116	2.502911770092	-6.80340004829203	2.96458174274314
bela1254	-0.212340851498781	2.81308140877484	-6.08709163022123	5.33067883231627
belh1239	-0.249727270487598	2.84918353512524	-6.05143660667048	5.34794417923581
bell1243	1.50906846043026	2.7150263056278	-3.35111855520479	7.61300550695024
bemb1257	-0.0722589939486085	2.91453253105314	-6.04466953737917	5.58727450168195
bhoj1244	-0.312500027219486	2.76763983452195	-5.97952629411395	5.04326304504754
bian1252	-2.54838494501011	2.56796696044566	-8.32846897541216	1.80413119568966
biao1253	-0.110358455049492	2.927442355699	-6.11598780095032	5.67676413712181
biao1254	-0.172127271440976	2.83805123775297	-6.10435415495749	5.48594962518397
biao1256	-0.138129687807618	2.91253043421399	-6.11856741594196	5.52063214989741
bier1244	-3.60118874465157	2.43201909656087	-9.04531032764597	0.362050343711789
bign1238	-3.68104308151607	2.37555721392405	-9.09896916475422	0.277646041909387
biha1246	-1.13996079844995	2.5892457775917	-6.74320908938225	3.54552880013483
bini1246	5.20136151907159	3.23439888803594	-0.269724017275734	12.0125482929955
bisu1244	-0.353891844318092	2.88230736934017	-6.2907918126469	5.2486511411536
bitt1240	-0.484081758364268	2.7900206362451	-6.4392573157442	4.7425411866137
biwa1243	-1.73653845126688	2.72439598518621	-7.5537267779283	3.22971385381024
boht1238	-0.688456978614055	2.69820463415863	-6.49333440029501	4.33680280162609
bola1250	-1.89669957767015	2.5144295209889	-7.40079413797824	2.48230893218985
boly1239	-0.297523004092652	2.82078061151755	-6.27673817346818	5.21061335257409
boro1277	-0.276584982990787	2.89497171820967	-6.23196645140959	5.38122567721761
boro1282	-0.0456916986507285	2.75585159210581	-5.74126347650811	5.35142133160501
boto1242	3.13432431130531	2.54585137187115	-1.27195407204914	8.69864312955107
boun1243	-0.188082710249077	2.92175510469318	-6.28461057486762	5.62017964973609
bret1244	4.20815499183229	2.95983661462817	-0.684349270583977	10.7795543351771
budu1265	-1.12611396056736	2.66318136246057	-6.76849983373127	3.77299130362613
buga1247	-0.348620522639218	2.8270462475641	-6.2215639101563	5.11322253386432
buga1250	-2.66039067022517	2.57970135828288	-8.32861339053686	1.73812488309227
bugi1244	-0.973336128424175	2.50647839804511	-6.48426508975685	3.53915289784073
bujh1238	-0.355869565000804	2.7790531560536	-6.17710109856118	4.94352619334552
bull1247	-0.113450949982641	2.87265737357682	-6.04943641431472	5.55631055998889
bulo1242	-0.688195801179675	2.77120604084222	-6.48555461182192	4.59016296576235
bumt1240	-0.0921491983943371	2.9581706767274	-6.10216258283483	5.77740264988024
buna1276	-1.07168662892661	2.3813235780192	-6.23572246552975	3.32393378713742
bund1253	-0.165429941011934	2.8138318979799	-5.99124637029046	5.37326519688426
buol1237	-1.91206861096507	2.42038564919568	-7.2584902293783	2.33933576047452
bure1242	-0.649064531434758	2.59503330829243	-6.28255622646844	4.25901018723141
burj1242	-0.587404807703656	2.72621157702907	-6.26422136964933	4.62736316391306
busa1253	-0.106342033749584	2.89220269871541	-5.9438617142688	5.57181289004942
bush1247	-0.013121551781054	2.93781184408626	-5.97040330417333	5.80854663200629
buwa1243	-2.0493686360628	2.61934105428083	-7.64332694108087	2.60774623847868
bwai1242	-1.00554097706193	2.20775890845065	-5.69545231278853	3.04068375775076
bwat1240	3.18667412526106	2.03871792964698	-0.555338849120362	7.60102542244202
byan1241	-0.134986191016369	2.93042231237807	-6.13103239917399	5.77599552018497
caac1237	4.19630025037637	2.45558917522407	0.105805382337342	9.65655715246391
cacu1241	-0.899844548413764	2.69895986609881	-6.56837936218338	4.21282039886144
cahu1264	-0.721501012719396	2.67256070473878	-6.37624860067501	4.09064149671267
cakf1236	0.910128408248936	2.25955294399183	-3.50405828335591	5.54480938209219
caml1239	-0.277196039868988	2.78977308808893	-6.01195908158431	5.37524837791651
camp1261	-0.171521589236156	2.79876164643628	-5.77748473434383	5.17041325286084
cane1242	-0.299000558848983	2.81737991514005	-6.14836125886322	5.14035780023028
caom1238	-0.154164230754532	2.9437810772561	-6.2471502854733	5.67796658475186
capa1241	-0.644875717601007	2.82195291883723	-6.46037044757104	4.73987150711369
carn1240	4.90598910400738	3.11049646751015	-0.26378422437147	11.9108471025442
caro1242	-0.183958421067795	2.53636315719456	-5.58213857640773	4.61204065792521
cash1251	-0.191416252034022	2.71844020359817	-5.85419614412048	5.03099656405022
casi1235	3.8239627978263	2.55270519185009	-0.535032182500245	9.56841716609398
cemu1238	3.56927686284907	2.13160173506478	-0.167637828329728	8.21808713611386
cent1992	-0.993442178535996	2.67728268016762	-6.67049612062062	4.06534273152518
cent2084	2.70680827013216	2.43505119452642	-1.52330605867269	7.96761686822037
cent2100	3.61880166824514	2.47846852529214	-0.48983517901489	9.19663346455778
cent2127	-0.530078735506112	2.74573994439914	-6.37687088995212	4.77325359149278
cent2131	0.293673330012254	2.38980754199421	-4.58126166834255	4.873305583023
cent2140	-1.26974995562827	2.66855981051676	-7.07440659431817	3.70771998999685
cent2292	1.45661374495799	1.78188896984754	-2.03107447459913	5.03203508276896
cent2314	-0.464074920417185	2.82271990590448	-6.67785149039696	4.74792443850913
chak1270	-0.0557036198001521	2.90247506172895	-5.76520731250622	5.77522587089685
chak1271	-0.173384492396872	2.88253755719092	-5.95488814338686	5.49093371599218
cham1312	2.33691608928661	2.43131421340142	-1.81149540223007	7.79655400091685
cham1315	0.989464363177756	2.58123996948035	-4.03025779768923	6.29339658103523
chan1313	-0.149884711276344	2.84913641444413	-6.03913927183774	5.52795647020353
char1269	-0.39822773260598	2.85737271890658	-6.3369037117994	5.33359404734267
chas1234	-0.0928549031668332	2.88844885141146	-5.88966497162567	5.53833514735586
chek1238	1.4720963464922	1.91726556605336	-2.28177726789195	5.30137406666698
chen1255	-0.097819980833502	2.92788577579123	-6.17859523368991	5.71036325545187
chep1245	-0.373349331847421	2.8257305773034	-6.30606394872666	5.0695370388872
cher1273	-0.526060118992548	2.75970925573426	-6.43444062220285	4.63672260201914
chey1247	-1.48750065013577	2.4535178812355	-6.80548509031522	2.95935135812394
chic1270	-0.71926761182566	2.7539746258073	-6.63533404447238	4.36600617014243
chil1280	0.521507237358874	2.67113554181554	-4.91151286564414	5.92015806662935
chip1241	2.32452193590579	2.47081332768776	-1.89485127978655	7.90203527897849
chip1261	-0.260864536385192	2.71595602725597	-5.86022424736617	4.98716883196625
choc1276	-0.718371336159796	2.76058038139748	-6.44902586780899	4.53113787510365
chon1284	-0.506081541283939	2.77585988298407	-6.40291342658988	4.75839109697533
chot1239	-0.147804897573407	2.90364116041405	-6.00493018990762	5.59760338376836
chug1252	-0.117050431454465	2.93218605824226	-6.05052476088514	5.60349967653931
chuk1273	-0.185606896326102	2.8281119191633	-5.93007583537374	5.53188356232982
chuv1255	-0.107968031256194	2.97046072344529	-6.14674412577573	5.60266698199433
chuw1238	-0.0673516798119903	2.94425537011636	-6.17544932101761	5.82968706286742
cici1237	-0.143470878965043	2.92712921647841	-6.33568156530253	5.40689113700864
coat1243	3.23250072118714	2.88493863363695	-1.66842644587038	9.70661368565003
coca1259	-0.523843176836675	2.83006586463274	-6.37971981505112	4.85379661128841
coeu1236	1.64692386838003	2.58314370528743	-2.94310110282296	7.4101955006903
colu1241	1.0494813873565	2.54322220806265	-3.44626929666331	6.73420421565707
coma1245	-0.538299840152973	2.75205792260644	-6.2592339068246	4.64675965574109
como1259	2.36665544400563	2.81667840809493	-2.53839955799789	8.77183459333214
cosa1234	-0.446592283985762	2.83941750121856	-6.56035861364082	4.90839043273619
cota1241	4.01688407108911	2.57502761071538	-0.316518817351098	9.73544259511952
cree1270	-0.669927641735306	2.7300407958249	-6.33874287601261	4.36325033732966
crim1257	-0.0655045168556556	2.90016498750121	-5.90036999678733	5.87657518419625
crow1244	-1.33163448629813	2.73673980681467	-7.27919821928451	3.67786013944325
cube1242	-0.803836682182584	2.71415235567613	-6.62096075815932	4.343236886543
culi1244	-0.607998286495485	2.84301609697027	-6.80201600311233	4.70170899266507
czec1258	-0.175017364662156	2.89965842482179	-6.09474643615104	5.46023798965745
daai1236	-0.0581361999093209	2.91789663366425	-6.0036051611897	5.8059728641575
daas1238	-0.601709673354454	2.76973182287201	-6.44062253631365	4.61438679999147
dadi1250	-1.41764548959335	2.80314735394133	-7.30712743807471	3.83928965728456
dagb1246	-0.199456605823212	2.9018820593958	-5.89323880872917	5.56068280924488
daka1243	-3.85832835408572	2.39613657619276	-9.14745275885202	0.0947789358658484
damp1237	-1.77799721345836	2.40876889479939	-7.059074241703	2.5904425145434
dana1252	-0.30527110134163	2.79976246146475	-6.00659149376184	5.15273206529704
dani1285	-0.20503804369928	2.86809737421281	-6.28982252409292	5.38386202270052
daza1242	-0.400175361280886	2.80263517685143	-6.12199060846194	5.13155358543518
dege1246	0.82340890071076	2.75974838882985	-4.63531660684183	6.54486720075461
desa1247	-0.878988035671471	2.71689261829638	-6.75375875220862	4.28883188385973
dhao1237	0.205541426827749	2.20053470570771	-4.34736712122162	4.47550057917816
dhim1246	-0.150146811855732	2.83164723750725	-5.79295435272543	5.39278411200533
digo1243	-0.069329086984329	2.87947168185419	-5.80732100700357	5.74993573524189
dima1251	-0.127641754732519	2.89633697115409	-6.09953713361125	5.66619366254824
djam1255	-0.311437723539754	2.90836928158811	-6.37792378240598	5.33596384419449
djee1236	-0.313138532946465	2.91352368908247	-6.42899981818792	5.29896534498778
djin1251	-0.20909300885434	2.89038023162984	-5.9810923098958	5.44340044637704
dobe1238	-1.22374387039311	2.55407573314033	-7.01497056290633	3.38477302777604
dobu1241	-0.742576901465348	2.1310284312743	-5.2270036861848	3.30953348873762
doro1266	-2.15554955409	2.52544778609416	-7.95581066965665	2.21361680727777
drun1238	-0.0648544901527322	2.87707459390632	-5.97452483711708	5.68480172185454
dual1243	-0.213794124006771	2.88925802556164	-6.134602230922	5.54530907062332
dumi1241	-0.257975126840137	2.8051300661914	-6.05000770804068	5.31125104711582
dutc1256	-0.189929681599694	2.81539595035134	-6.10356691349252	5.0501957860506
dyul1238	-0.302789338558912	2.86052845770087	-6.26985949547459	5.36546659158631
dzao1238	-0.139414795630239	2.89390255350333	-6.12063923235338	5.54513225985163
dzon1239	-0.107343048535802	2.927858163404	-6.18759030696468	5.57438682233381
east2328	-0.156159960386505	2.92867010882771	-6.06625003935431	5.68259780030352
east2332	-0.467806852982829	2.83054372172541	-6.33522168152071	4.93672189012209
east2443	-3.41041952934453	2.47911947245401	-8.90028815897007	0.852872506916927
east2447	-1.4139518791172	2.23120254751692	-6.33771138353844	2.59906406671322
east2516	-1.28479879271284	2.85483356109063	-7.41273804929887	4.15530340585481
east2555	0.0449320267973844	2.78704678100826	-5.65798104934225	5.54558445826562
east2690	3.5867518373462	2.72685543749098	-1.05853904551191	9.58738754224978
east2773	-0.335841929931587	2.77073072476249	-6.00169436995455	5.07529244044829
egaa1242	-0.0102343110328342	2.91438177314073	-5.95460754147468	5.82792311999963
eipo1242	-0.551794210833885	2.93282306704272	-6.70082248358851	5.19133678822404
ekar1243	-0.805594904477595	2.88897676665132	-6.91526319835739	4.70012848135233
elna1235	3.30118404739776	2.37482304910054	-0.799267660522986	8.51627466543463
emai1241	3.15106454822066	2.75038927594829	-1.81894589066149	9.09585670042404
enuu1235	-0.295552854854255	2.88633605648513	-6.30153110878974	5.10585325798405
ersu1241	-0.0569741130840346	2.97769799974484	-6.03684285965322	6.04494492744067
erzy1239	0.00554939739932042	2.96500062684308	-6.13969136142934	5.774124685915
esto1258	-0.0859507691722383	2.92918483970665	-6.08199626085194	5.75134461273939
even1259	-0.0430090972108935	2.94288736989102	-6.06919008840338	5.91783790739813
even1260	-0.102785054489505	2.98585612889193	-6.11538586109096	5.96184325932529
fala1243	-0.0859377922125301	2.85474816880378	-5.77715745037025	5.67822504103728
fare1241	0.00962544652118709	2.94940026494621	-6.09818504826876	5.87660682042087
faro1244	-0.135423704596534	2.84081362115154	-6.04377741239768	5.32869089702894
fass1245	-1.37516259306229	2.67193481318901	-7.17370074457736	3.49768609845838
fiji1243	-0.295515844649215	2.0141115782607	-4.35991255621331	3.5076317503851
fili1244	2.55653284773509	2.53501657693758	-1.71383671534737	8.26085489353959
fina1242	2.14119646710763	1.86252437754181	-1.39626977720453	5.89789612053953
finn1318	0.0295098818531402	2.93094929064317	-5.91232423708136	5.95647958419349
fonn1241	-0.0586632536117228	2.91950375045937	-5.88466168644993	5.63896453640664
fore1265	-0.0320583366190916	2.89741898961763	-5.84498550705748	5.75434802435451
fuln1247	-0.450238076274904	2.72359668197952	-6.39492678364825	4.79082255753
furr1244	-0.320455577732713	2.806942476986	-5.89480742552399	5.20109691513875
futu1245	-2.52757810779449	2.3588819010627	-7.69151769938777	1.50299449814962
fuyu1242	-2.20268840254643	2.72835274480663	-8.15157828084867	2.79692622487249
gada1258	2.52122990813035	2.10195498738026	-1.31127070683309	6.99850558386129
gaga1249	-0.0365839863717083	2.94273047409791	-5.92848947050443	5.85924238146769
gahr1239	-0.00176974576577851	2.95656275715815	-6.02702375320938	5.80873648761827
gali1258	-0.157401644141455	2.83295806960138	-6.10433987347166	5.3831714435198
gali1262	-0.371213814249965	2.8236026927899	-6.33445374866583	5.11022707316794
galo1242	-0.111602721038876	2.98099794391824	-6.18592567439874	5.93080926672996
gami1243	-0.337697982751823	2.80187514034093	-6.20990241154446	4.90609384019569
gamo1243	-0.672437104818367	2.81633705566121	-6.61667426890977	4.80378652120751
gang1266	-0.162771592113703	2.89579933675644	-5.95130859675115	5.48344627099659
gant1244	-1.84490202970947	2.85596372754408	-7.92517423318038	3.38864472184567
gapa1238	-1.45794549251884	2.39299985665394	-6.75201271538642	2.78938138522225
gayo1244	-1.34384929234042	2.41604448626853	-6.71313018691266	2.98476119018125
geba1237	-0.173565623879836	2.89315933232429	-6.20655511521193	5.70467582161735
gebe1237	-1.17997048939077	2.59488861868721	-6.87123909742942	3.45021284169675
geda1237	-2.33959088777847	2.66091131393993	-8.37095085535656	2.18605590751035
gela1263	2.23698214349577	1.92686109671451	-1.16301455525611	6.37413461017259
ghan1242	3.40001034340822	2.27557095399263	-0.569241691559638	8.48744148275669
gheg1238	-0.363546533732864	2.79238116465457	-6.06867162434731	5.05375092792921
gilb1244	-0.669122387164558	2.60815178926017	-6.33535343542962	4.08064476881094
gily1242	-0.161972575584515	2.83517106864517	-6.03365174751021	5.26150697662255
gogo1265	-0.678126245342294	2.95433238960574	-6.84733013691129	4.94720351890014
gola1255	-0.168946869288388	2.90316302064556	-6.1250735497812	5.66450263696366
guan1266	-0.0351203203372156	2.93527051351363	-6.00861980033929	5.81659214890292
guat1253	2.74976847591987	2.86240520613498	-2.229286346837	9.07577822575779
gube1234	-0.100071712079763	2.87570754897769	-5.92890230958049	5.61411028816783
gude1246	-1.70045399181606	2.69051107293336	-7.49508174981185	3.21856786588014
guhu1244	-2.27692259144542	2.724501807014	-8.21772729542405	2.60133231640419
guiq1238	-0.0670729475928003	2.91410391418951	-6.02739058208451	5.78182391160168
guma1254	-0.0483145550729263	2.0352892476962	-4.26585393329895	3.81629248533299
gunw1252	-0.354574685366377	2.85442217000636	-6.44009807311867	5.25263719471684
guny1241	-0.32248589311484	2.79378173627875	-6.19919529581218	5.15593714160624
guru1271	0.132332624923387	2.46284212771531	-4.86216983365582	4.95163161883686
gusi1247	-0.242353741591688	2.92031910396561	-6.22770571147783	5.55419586179206
gyel1242	-0.140359428718139	2.95285320089438	-6.2768058028659	5.80149560704134
haaa1252	-0.0976289474068744	2.8940074689468	-6.18307055786028	5.50554636650621
hadi1240	-0.746386068407295	2.75598001033514	-6.64411571923045	4.41443649598222
haka1240	-0.0487822013361731	2.89989729982695	-5.95260578004926	5.77138369055659
hala1252	-0.739211023133477	2.77806546744198	-6.58606174928524	4.62127380379409
halh1238	-0.0560739070370874	2.95944844224872	-6.08401617309352	5.86114288663066
hali1244	-1.86321469074543	2.54289806879111	-7.58135704317072	2.61124038571213
halk1245	2.07912156194027	2.71402608771244	-2.65271165365935	7.96552581576207
hame1242	-0.648031337028556	2.81115910911229	-6.46064110743129	4.81863486258336
hang1263	-1.46362617095287	2.7301111164724	-7.41210381778778	3.61023021018982
hani1248	-0.311933624472155	2.92233805263387	-6.26990047041868	5.4232213141572
hano1246	-3.38776108178997	2.49491765492774	-9.0599871298028	0.942591728091891
haro1237	-1.00660884325773	2.6686890096385	-6.94366117451777	3.86703839882514
haru1245	-1.73348377096047	2.8602253065331	-7.97504430041794	3.53078582329065
hela1238	-0.329669414805938	2.79987852833586	-6.10519938176007	5.12149297887439
here1253	-0.0306955431597027	2.90890791734781	-5.9926156880361	5.89413184056366
high1276	1.46651534793704	2.19229671033639	-2.65361500360213	5.99848742954009
hind1269	-0.22684930746835	2.84533483396834	-6.33603158122841	5.28653604668696
hixk1239	-0.300537661122833	2.77776889276791	-6.16259692677767	5.14105099090937
hoaa1235	-0.318019264636873	2.9181632724418	-6.38287915315057	5.45908628766899
hoav1238	4.47712651366484	2.28437171906475	0.451804797976283	9.52530466722022
honi1244	-0.25841135871044	2.88315490954437	-6.26587828964525	5.20992185799798
hopi1249	-0.822167052280972	2.6769251121183	-6.60873249591678	4.05564543347257
horp1239	-0.0736593460269367	2.95065917450372	-5.94807314673175	5.96299962951372
hote1245	-2.68142532856378	2.51111142416251	-8.40264776284588	1.39799637567757
hual1241	0.466810885307561	2.69600603419765	-5.01901072928815	5.84127213206923
huam1247	-0.714663461629385	2.66921099349897	-6.25783994695372	4.42070518929843
huar1255	-0.102308162841779	2.62383525492509	-5.59676323502547	5.02892679415237
huas1242	-1.7815215077732	2.43695205229583	-6.96173760076221	2.61001451170801
huic1243	1.5863731830771	2.18501466979313	-2.66567526312778	6.0028003870218
hula1244	-0.541258128718786	2.78648970263542	-6.65790214588134	4.72913060475186
huli1244	-1.03085359246238	2.83816507988541	-7.08546581295702	4.3146233458092
hung1274	-0.0692922368051073	2.95098223436609	-6.15966064831603	5.97923451762474
hung1275	-0.309473427459754	2.84067188705403	-6.2846627744721	5.21783027512688
huuu1240	-0.380040137613942	2.85095272404876	-6.01818483549521	5.25125949642187
iaai1238	3.38972748917613	2.17366644216795	-0.226646191994641	8.29656008476597
iatm1242	-1.54623096738705	2.76131835141486	-7.37695919817165	3.65126002815797
ibal1244	3.59059309102908	2.32612974354689	-0.49379405251423	8.53505702542734
iban1267	3.05563326041425	2.45648351077145	-1.07770133443126	8.23021207306807
ibat1238	2.47584937933229	2.42423865714697	-1.65481672564445	7.86029322765942
icel1247	-0.23763836728772	2.75715967213882	-5.95422655019859	5.21922301573281
idii1243	-0.492928241759988	2.88254336259524	-6.46758339660573	5.13794864440214
idom1241	0.67422460955382	2.87764360088333	-5.0536269473417	6.65378814835778
iliu1237	-1.63024529752078	2.56247081910599	-7.16369746030159	2.9701793202563
imba1240	-0.298942224722078	2.7517045372216	-5.91753836455357	5.10145665832162
ingr1248	-0.0952181012563114	3.00143014412421	-6.46189417856892	5.92652322261979
irar1238	-1.5568739563919	2.61210707301527	-7.31870368133092	2.88794768646244
iris1253	0.117238188206711	2.73904030222751	-5.24970895542658	5.35226716739552
isco1239	-0.56797603203906	2.81614063912796	-6.49774195644816	4.95926269344965
isin1239	4.0997929167339	2.45027434857715	-0.184198287801832	9.50423093571886
isth1240	0.828847263795026	2.08858609582816	-3.3844264494062	4.95305614612559
ital1282	-0.209318250939629	2.86824936708115	-6.22875309735269	5.38180530084864
iton1250	3.25794638986547	2.84968293706233	-1.58722148506873	9.41996400493977
itza1241	1.85578637424575	2.6954411726914	-2.83840626239429	7.95403641420848
iwal1237	-2.62467696124381	2.52823572768669	-8.43218194360588	1.59685057389541
iyoo1238	-2.48930408086789	2.64499280082867	-8.36515102684479	2.11553605194134
jalk1242	-0.327544979106181	2.90281760283239	-6.28417451852417	5.47359500375143
jama1261	-0.490140267985917	2.80001882434305	-6.44806340939807	5.03875034094258
jamb1236	-0.856420676519975	2.49719396788191	-6.11604776930118	3.68600718203752
japh1234	-0.0680414223205693	3.0204584495171	-6.10988679826619	5.87229189951791
jara1266	-1.14162565890521	2.68972405692279	-6.8808393452591	3.77937507324268
jina1244	-1.70012797731223	2.69328367627083	-7.49314310642886	3.13499833293395
juku1254	-0.0997944432738687	2.73689794021085	-5.64456920927034	5.4665989713598
kaba1278	-0.378366402365284	2.908031627467	-6.48479736341152	5.28257191520197
kach1280	-0.176660463776347	2.96691999055911	-6.27418339233193	5.79078974437628
kach1284	-0.652444755111767	2.84510215905934	-6.68211275660131	4.86485296036527
kado1242	-0.340616784527348	2.89980743977471	-6.34075192980461	5.44669019175295
kagu1239	-0.195300590891525	2.88664840899885	-6.07362499052684	5.58108864268753
kaik1246	-0.256590014906369	2.90915969912217	-6.41897015296704	5.52121000271399
kala1388	4.01738727892982	2.60252797392067	-0.283316270784838	9.94351989691441
kala1399	-0.531424176526215	2.74993879206235	-6.3629351724885	4.65982851406336
kamb1299	-0.626244362220619	2.38224099724361	-5.71603980473275	3.80346654187906
kamm1249	0.0488066477120558	2.81916821342883	-5.55569013737309	5.81285115909721
kana1291	-0.61561634298493	2.7687693088196	-6.5993122243005	4.57865993656852
kani1286	-2.04911865377552	2.78586606012181	-8.26754961961647	2.85212297794995
kank1243	2.32947227609761	2.01506222689598	-1.3680712297458	6.55344445480291
kaqc1270	2.24089662735893	2.67892816304778	-2.51423374420675	8.0670909909147
kara1486	-0.701937090436659	2.12598224706823	-5.14016657573984	3.32415610817968
kara1500	-0.35802389799722	2.78098366626689	-6.09989959455146	5.08244464775488
karb1241	-0.128476940262085	2.87804449930589	-5.85086686907174	5.68863564503725
kare1335	0.0565224912853109	2.92252336862543	-5.90014595533919	5.92350410099102
kari1311	-0.12592851427227	2.82091447329393	-6.02793424353899	5.44780955215109
karn1252	-2.53125646853096	2.56789313018139	-8.25973077541274	1.83806675735108
karo1304	-0.760997882421713	2.78808198341339	-6.69298041456758	4.46420674212338
kash1277	-0.165407686649505	2.88395526251657	-6.17446814378192	5.42677258182503
katb1237	-3.83075563787451	2.39781135212085	-9.29643626701265	0.143577056356277
kats1235	-0.160700015708811	2.91714389458264	-6.22427320134663	5.60549777208251
kava1241	1.45650153601325	2.18730764132036	-2.56703400543993	6.08164898443713
kaya1315	-0.174212770778531	2.90573808124964	-6.03141069455353	5.60025551184394
keap1239	-1.9571296771874	2.51841725482455	-7.51440377814952	2.44385872004138
kele1258	-2.13057196089862	2.50405587245796	-7.7507155258013	2.21246337943336
kele1259	3.2854963370369	2.13515287234696	-0.534864852399701	7.6729391663216
kemb1249	-1.6770061765154	2.45068538245205	-7.06608707161451	2.66245076933005
keme1240	-0.32121154624956	2.72979246320994	-5.92662189528594	4.98183025474951
kenu1236	-0.182429979303963	2.88097311760759	-6.0201976653139	5.54925389018682
keoo1238	-0.930541517351678	2.37251947579362	-6.20054465089872	3.36274202980877
kera1255	-1.72733583477865	2.64862787776323	-7.37070545016596	2.97302934711255
kesa1244	-2.1799679822577	2.76392792608269	-8.29140646634795	2.82901252844799
kett1243	-0.16009995739944	2.88423035039489	-6.09937004972284	5.50626387649584
khal1275	-0.208880426638095	2.90696526978417	-6.03679863360145	5.40717898436615
kham1282	-0.00126023433747649	2.93013599745717	-5.85605182257805	5.868855705254
khan1274	-0.388970535772554	2.78919273711793	-6.21255779937548	4.98619011190611
khan1277	-0.155022163805507	2.9024807400312	-6.10357450680223	5.6593763998181
khan1278	0.35854832424449	2.75559276341167	-5.17150391999145	5.81445306893665
khas1269	-0.227556575319569	2.83259032314668	-6.08996568271814	5.37011353506184
khez1235	-0.157764183843057	2.89407899926794	-6.14094523311339	5.61796770227281
khmu1256	-0.429781355026926	2.7803504318683	-6.21726814548737	5.01482962962049
kich1262	2.35112591113237	2.67059576744265	-2.25628343860173	8.35859265268029
kile1243	-0.0586361063632021	2.87885105964129	-6.00969578307294	5.67006830681757
kili1267	1.94195165751394	2.1624850114958	-2.04642669899623	6.51159570851307
kimm1245	-0.314308849999632	2.87628665330634	-6.17677559713447	5.39296614798683
kiow1266	-0.504899292829062	2.61949903020217	-6.05863833482564	4.40435523657548
koda1255	-0.139316392700659	2.92176686539819	-6.08191478943186	5.69690721573917
koho1244	-0.764715943035165	2.74098275771409	-6.49547540291051	4.4811950583036
koir1240	-0.174074482794381	2.91264454184538	-6.10576503713175	5.45820571293596
koka1244	-0.316390624633235	2.72237959540474	-6.00839830039101	4.88321473628118
koko1269	2.73990931386014	2.06942118900848	-0.948058485052008	7.14546873309004
kola1285	-1.34778272375824	2.50083291893844	-6.87507198287732	3.09769827003141
kolb1240	-0.524802302528636	2.92988106179322	-6.55600847206516	5.12774592088317
kolc1235	-0.253048665783375	2.93852262403609	-6.3187092569822	5.48984743940644
komb1274	-0.433283744984947	2.92143029300723	-6.355562217741	5.38250093136811
komc1235	-0.35048597525837	2.6644851122152	-5.80897759602323	4.71831263283134
komi1268	-0.0513698164719987	2.90906282834502	-5.93251310814867	5.70227463069535
komi1269	-0.0710246724173879	2.95270603529038	-6.21149472210749	5.84883697435106
kona1242	-0.996880682025313	2.80229799027575	-7.07067250750924	4.40450943340132
konk1267	-0.192774503256892	2.86303646765115	-6.12470135402524	5.52758142798425
koon1245	-0.155144839264664	2.92604102929764	-6.25963381511449	5.63438173224866
koor1239	-0.642728815481405	2.8221159569673	-6.29586598403997	4.68085544477241
kore1280	-0.177364010126802	2.93969693149703	-6.17663063340375	5.70326250049559
koro1298	1.7400675225075	2.69802286331038	-3.17046671933925	7.60718282785648
kosa1249	-0.49603212855101	2.91751914718605	-6.71102335881546	5.35089315012963
kosr1238	-0.865056449429465	2.61512462859979	-6.37503321202137	3.96963031315406
kuan1247	-0.000263804735991467	2.97511059947835	-6.09536539155144	5.98213818173187
kuku1273	-0.303291138552366	2.82642139716865	-6.13984194402281	5.26212711083587
kulo1237	0.776327462380187	2.0956952128714	-3.39091615401182	5.01718471459924
kulu1253	-0.204932530702715	2.87789934768836	-5.94422682187453	5.49175950408785
kuma1276	4.19636019958679	2.455855846046	0.0492007412154623	9.56353142737752
kuma1280	-1.80996918604436	2.86411828741301	-8.00692303531603	3.38514714838425
kumb1268	-0.329989934638232	2.80856278285446	-6.24941765722899	5.18639989922513
kunb1251	-0.341007269638525	2.84807357894415	-6.09578521223062	5.18010219155275
kuot1243	-0.222069448209826	2.04756882809025	-4.36481467009983	3.71905584576572
kurr1243	4.75016072386733	2.96065989035546	-0.207711756940559	11.2928404625073
kusa1251	4.28478363850662	2.22870580119039	0.391255248095106	9.14181957378908
kusu1250	-0.35375621156533	2.85821282795778	-6.2835355326012	5.07636515314346
kuvi1243	-0.0256561826064574	2.97458238744211	-5.96238578309494	6.04056498038123
kuyy1240	-0.542696010618615	2.84311905808576	-6.51968556967442	4.95144350352874
kwai1243	-0.263991865940204	1.90513356151948	-4.26082284682219	3.47483009811565
kwam1249	-0.240569748936287	2.83152013881294	-6.10633275903634	5.2409091598162
kwam1252	-2.48429197888333	2.23375282074871	-7.41034421056429	1.3045632632644
kwar1239	-0.235740663308183	1.86462757487872	-4.13532037553058	3.25010238117476
kwin1241	-0.201126080565701	2.97461840361606	-6.20156563202652	5.63730310343227
kwom1262	-1.42268221856807	2.75697861147269	-7.28909372290641	3.70362814501913
kxoe1243	-0.257329300553041	2.92038404289651	-6.16052039569267	5.31268609458514
kyer1238	-0.312430729487706	2.74386449628147	-6.03719382211051	5.03548659905386
lagw1237	-1.63898106065932	2.70966325336733	-7.50489735645398	3.31741429361069
lahu1253	-0.343560910200977	2.88769744128257	-6.19020577070607	5.25647414464543
lala1268	-2.11060392540339	2.5845449775107	-7.84486897598367	2.47988683340741
lama1277	-1.31533777179065	2.45304980268981	-6.88150168223037	2.9816950571628
lamk1238	-0.145561041810945	2.93092173386945	-6.10064260644817	5.74942685405399
land1256	-0.125016076706168	2.8660867417725	-6.17310846532601	5.54812595605538
lash1243	-0.117541478449673	2.90787467443227	-6.07632178185293	5.61944075163996
latv1249	-0.23385910689201	2.8921429302862	-6.26889193945718	5.28692909264594
lega1250	-0.065004824705419	2.90682431819406	-6.02477350435989	5.83093038849526
lele1267	-2.69262545592064	2.56582835868453	-8.34943552083069	1.55921002265096
lele1270	-2.10538951430817	2.48915753918785	-7.65045464012237	2.21999010384635
lele1276	-1.2867925976211	2.64313658544049	-6.95832850201321	3.50195809340728
lemb1266	-1.60645574694674	2.86043868288862	-7.69903811447844	3.75211370651464
leme1238	-2.54049667916525	2.46822961431315	-8.20625086421335	1.67873277633981
lena1238	-2.41799180640922	2.265764682384	-7.41314476183358	1.45686405454793
leng1259	2.47333419760624	1.80950143710143	-0.862070787657382	6.31587457844686
lepc1244	-0.136091592741902	2.87478196951196	-5.8800335277616	5.47525745195327
leti1246	-1.67178519037771	2.49165043532725	-7.2574700631127	2.68866436114401
lewo1242	-3.42357231281567	2.48207020985095	-9.05733486453023	0.650294297291736
lewo1244	-1.27996096703252	2.44357464354465	-6.69429419907127	2.94967536426652
lezg1247	-0.329753125781515	2.94670551174139	-6.46866553959083	5.53129433393578
liji1238	0.263640294803656	2.70686339378645	-5.16428346597147	5.53172253975853
lill1248	1.34780455550864	2.63537934444806	-3.38898154301577	7.09246996486158
limb1266	-0.170892228358705	2.86640527439232	-5.96204166500945	5.46159703234883
lipo1242	-0.147567217097653	2.89447129087692	-6.07178743117479	5.67738485571836
lish1245	-0.479495986291794	2.74489373967547	-6.33749209918843	4.73431593026556
lisu1250	-0.0455913707229641	2.89678305558744	-6.03065636946101	5.79268479031414
lith1251	-0.227026316508641	2.78248907895001	-5.93161567808568	5.18327186745404
litz1237	-3.83588944081698	2.38980887679758	-9.35422342337841	0.167037802523928
livv1243	-0.0403859530998815	2.91856126225854	-6.02246313491541	5.65374806473546
loka1252	0.371287553217651	2.87028933714461	-5.16588298347953	6.32473959333937
lolo1259	-0.11600227893831	2.92941735844648	-6.0355262688122	5.78262550834426
lomb1257	-0.260068303960814	2.82539701647221	-6.05376673871513	5.12179479600881
long1395	2.28250210328316	1.88947879355708	-1.21392613860561	6.31143238176424
loni1238	-2.06043254766501	2.4723704688621	-7.59421340584199	2.23422778165683
lote1237	-1.54381802948839	2.46021726508368	-7.00285403637743	2.6890427064328
louu1245	-2.16727957333794	2.47782232707856	-7.74838237039846	2.02660703926321
luan1263	-1.52754248931	2.49129496522728	-7.05439162558644	2.96817343014089
lubu1243	0.80178109944105	1.82133791027451	-2.95346716797021	4.37101130257432
ludi1246	-0.0393422287269951	2.97395334076764	-6.04412812773305	5.7605208000052
lule1254	-0.0107086460671112	2.93390754613775	-5.88300759005735	6.03466058618617
lumu1239	-0.311661252067396	2.87666088344954	-6.23287770070991	5.37558208483343
luok1236	-0.236227966969686	2.89820084886405	-6.13090282446702	5.49853133112652
lush1249	-0.0483730077513524	2.91167326493291	-6.03957541749478	5.87137571457618
lush1252	1.95465115528321	2.69004765948214	-2.79834541979585	7.70858819694525
luva1239	-0.105261706554857	2.9172184103467	-5.99469987545542	5.70582028105578
luya1241	-0.152878548661703	2.9224722786741	-6.11395816171486	5.51458751409918
maan1238	-1.29939670981082	2.43483850377125	-6.74214884088177	2.99877816122912
mace1250	-0.383384613283579	2.83169767441271	-6.30066907309397	4.95523993902322
macu1260	-0.702864821195854	2.70740983469337	-6.43782441264194	4.36313667712832
madi1260	-0.116765340249222	2.8419640400657	-5.94950310657708	5.48852591557521
madn1237	-0.518227866116526	2.88198591464498	-6.48888535136029	5.00741614447295
maee1241	-3.7562040855934	2.34979360790683	-9.09990042765362	0.0916620454060634
magd1235	2.9913447553168	2.77380856915248	-1.84460806023324	9.14719569739969
maib1239	-1.11448556819387	2.79060232681187	-7.14021266797414	4.17694422179961
mail1248	-1.44135194640017	2.69183843432384	-7.06071942692645	3.38339037469344
mais1250	-1.87366538993149	2.55169882001862	-7.48582614050336	2.58401785270963
mait1250	-0.374064480523564	2.81407601770649	-6.24612644951403	5.09905935292003
maja1242	0.338894822294832	2.68394206681172	-4.90789944008824	5.88757076369596
maka1304	-0.243507209714	2.82927798167026	-6.0767918372514	5.32623806826363
makc1235	-0.134632196625303	2.88511966053379	-6.10147225339313	5.49865393804525
makh1264	-0.100776604776463	2.9595186710714	-6.12187119876405	5.75693247873014
mala1464	-0.072540867232639	2.89322833773103	-5.92836054965126	5.68999766272121
male1284	-0.672232938081746	2.89431079564202	-6.69917974116929	4.94820366344641
male1297	-0.796295600193315	2.72055962409758	-6.60276079000761	4.32679510677011
mali1285	0.273653147420118	2.2171998711538	-4.1043890308583	4.68922752104756
malo1243	-3.58848137858104	2.34948693760978	-8.81664943840346	0.380066723175251
malu1245	-3.67377429184065	2.34085706204053	-9.08140770378092	0.282623981628548
mama1275	-1.03494556209321	2.21612507559004	-5.78016941989843	3.20670032714431
mamb1294	-1.46670266533532	2.8045597640766	-7.30183822298614	3.78901456443984
mana1288	-0.326057448592412	2.80353508232057	-6.07494010189759	4.97468627629505
mana1295	-1.98980629934614	2.71733733758167	-8.05131499660175	2.62203881611461
mana1298	-1.43803071546522	2.76473345001628	-7.27012533444346	3.63996998490012
mand1415	-0.0226228207106273	2.92343739677372	-6.2024645570713	5.89780050585722
mand1440	-0.669260897673445	2.15838076988026	-5.23117883493211	3.4609301802918
mang1378	-0.473918455225268	2.77892645998342	-6.39466836263668	4.66470311775773
mang1401	1.73752014613852	2.38764655775274	-2.39816734818499	7.11628035197066
mang1403	-1.67883838474375	2.42384723421295	-6.97967624020168	2.64158259392836
mans1262	3.040630085576	2.5810121826265	-1.24185728659039	8.8965973104114
maor1246	1.79780559414539	2.39816808558562	-2.18071671252063	7.20640959859253
mapo1242	-2.73979003618249	2.50232807216285	-8.41756023480885	1.31904618441648
mapu1245	-0.505644398591826	2.74552800399385	-6.27538863699665	4.75602325757859
mara1378	-0.175988453920367	2.83815294417129	-6.00664382745231	5.4612331234597
mara1379	-0.160136529166891	2.9149435180355	-6.25857191569226	5.58229980937486
mara1382	-0.0564228107320988	2.85394324431528	-5.95984358287934	5.67403134252008
mara1386	-0.494320297000955	2.79365379150875	-6.25762056319174	4.97362036670017
mara1399	-3.77975386358206	2.36560146452922	-9.19455050228072	0.149717340080017
marg1265	-1.61223797793268	2.71665647497237	-7.59614844910198	3.37410174257215
mari1416	-0.137347106178227	2.89177983105424	-5.85832877427332	5.58970564725128
mari1440	-1.06817776134345	2.73351026575161	-6.75709841844018	3.99189679714613
mars1254	-0.649861680819363	2.54685999736555	-6.30003475255219	4.02544961790243
mart1255	2.15939998409699	2.54645943808525	-2.63118041557264	7.55043747437338
maru1249	-0.156035259424334	2.93288286720623	-6.15340940740817	5.67528609803145
masa1322	-1.65570694929027	2.66292623338224	-7.4147037585593	3.13184598870308
mask1242	-3.7817664078792	2.37154525416067	-9.1458134015331	0.196639983801577
mati1250	3.47879435440933	2.62349362534963	-0.819350041745302	9.27747462024063
mato1252	-2.73312098533524	2.54331492497888	-8.23137261693618	1.52794772072923
mats1244	-0.448038811017783	2.8080688146181	-6.28838909337919	5.00061331198409
matu1259	-0.0739751430289261	2.89242402441455	-5.83595980192442	5.67672137572735
matu1261	-2.30259907014546	2.65343771125389	-8.26827209659029	2.20391570883304
maun1240	-0.319922103013133	2.88354794836523	-6.19640417554432	5.23973699936497
mayo1261	-0.0693711792698922	2.91480779572364	-5.96944592843069	5.67880722499016
mbol1247	-0.0547274317860022	2.88084848348062	-5.90418541361169	5.66463446384989
mbul1263	-2.45963935505801	2.55922874322818	-8.30624090930527	1.82184607002313
mehe1243	-1.47668927116318	2.75734672561781	-7.3979670890351	3.67044092262142
meke1243	-2.2352410298644	2.58471123423793	-7.97980276290227	2.19916297125274
melp1238	-1.58755203255759	2.84225026661022	-7.68769838017133	3.64298130201472
mere1242	-3.20051268731058	2.42664642854755	-8.67339424433771	0.885135235190074
meta1238	-0.293724936623139	2.69594874802348	-5.80384124931468	4.93053983752387
mezo1235	2.59932988279416	2.71547316831975	-2.18161635396925	8.51810241410172
mezq1235	-2.23916781957068	2.56897017911292	-7.8997559951513	2.32613010402594
mich1245	-0.959323230275507	2.6379012917598	-6.60894740670603	3.84257675089041
miju1243	-0.0491778998525965	2.86780092480285	-6.01439387315575	5.76285388717479
mikm1235	-1.29610096289677	2.55001899517381	-6.82078029600526	3.27190732013753
mila1245	-0.107298764930333	2.97827207264395	-6.05922820763088	5.97013252739669
mina1276	-1.97052001274354	2.60947706861423	-7.67395843876092	2.62534676304489
mini1251	-1.64621056799854	2.41065035198787	-6.93913375104129	2.68225408804677
minn1241	0.163589683989483	2.90723421095342	-5.68830800402888	5.88859132218785
misi1243	-1.40926507570643	2.5455058413307	-6.99720453054627	3.04976630924029
mixt1426	3.10563535326686	2.80493515695221	-1.56243397402797	9.2317134807863
miya1259	-0.11685822213053	2.81521149609912	-5.8406831365546	5.49129749331947
miya1266	-0.622246670611673	2.62527746308968	-6.27928406299485	4.32792813214451
moco1246	-0.483253017589254	2.7507914433163	-6.16521836609991	4.72797926019876
mode1248	-0.211660135853493	2.82372480262081	-6.03209392447528	5.26964051806871
moki1238	-1.04322576650555	2.59912615759194	-6.62617038888139	3.66007137034436
mokl1243	-0.782712832602059	2.64038556972381	-6.3817258178812	4.06207613077251
mokp1239	-0.18547515423159	2.85092966462736	-5.89030709657067	5.42119067239285
moks1248	-0.0562963411928706	2.94187858782512	-6.13833583796463	5.75767846590123
mose1249	-0.172536989361165	2.74624099088586	-5.95685800105808	5.09545541642441
motl1237	-2.40739657365024	2.51234552759693	-7.97519258115486	1.94507801506852
motu1246	-2.08591869813569	2.55286392316952	-7.66798656678824	2.38918761893187
moun1252	-2.15919598676482	2.67960617547481	-8.06515953272576	2.66627133170824
movi1243	2.97084820931534	2.7765811261819	-1.87587380409517	9.03293854093267
moyo1238	-0.151857908049625	2.93029944325036	-6.03248589691083	5.59243009672391
mpad1242	-1.37684435776559	2.65572162796227	-7.06764966879707	3.55856835249358
mpii1239	-0.14895194346311	2.87341092034643	-5.98864811580525	5.4187400142282
mpot1240	-0.0510456051881913	2.9458141149177	-6.04837857159913	5.82298142080926
mpur1239	-1.08079828261008	2.90944610950464	-7.28366908093177	4.36638951628989
mual1241	-1.50350057472529	2.5575033716886	-7.14154144434283	3.1051992144241
mudu1242	-1.84352229599226	2.57113021083495	-7.46440399068883	2.71569687287832
mull1237	-0.518306093831021	2.81999417013165	-6.38691529137201	4.8609015725354
munc1235	-0.106440872989459	2.97100102928372	-6.1663915648256	5.81255644686002
mund1325	-1.70399933275035	2.78431309318799	-7.63799831524785	3.37625720564309
mund1328	-0.31641855023204	2.67258327520298	-5.76665722002406	4.91235388045554
mund1330	-0.232287289655825	2.85136716954271	-6.18116960819573	5.22140807821063
murl1244	0.658849885697452	2.82958722421598	-4.71634577397787	6.79707328147892
muru1266	-0.456815474908125	2.85099491670465	-6.57243357125201	5.00087730797818
muru1274	-0.558638261417436	2.8198736859751	-6.47955280783655	4.81350494815804
musa1266	-2.037761044747	2.82481201907806	-8.21203374454591	3.07062343959069
muyu1244	-0.836611194825602	2.51958949624611	-6.24593016368272	3.59052872897358
mwag1236	0.633466339431765	2.28791455298698	-3.76755655849863	5.32927659349776
mwan1247	-0.136841450897645	2.87308367195484	-6.17970370348441	5.46183711695719
nama1268	-3.12188062344747	2.5635778095382	-8.89833742427265	1.23302532208283
namb1293	-0.497153515204532	2.87544252522753	-6.47249545290894	5.0668620165542
namu1246	-0.0782598250393077	2.89973171944939	-6.00193277657758	5.81436513324638
nana1257	-0.0563634165640379	2.92065630635098	-5.9778811989273	5.72276678032998
nang1262	-2.10834028575037	2.46653168910988	-7.46207491477135	2.21164490051149
naru1238	-0.335334904703024	2.76247757022436	-6.02981659287341	5.09330285033858
naue1237	-1.69019581291461	2.58336257523622	-7.3999809542602	2.97645603458461
naur1243	-0.768985717694293	2.52935438255737	-6.35620819078871	3.93180503049307
nava1243	-0.707699539161626	2.70927756387091	-6.47061615491948	4.38528012397572
nawu1242	-0.207116980498633	2.91288236381904	-6.36994308017709	5.48050341337227
naxi1245	-0.0975409043936705	2.95094037042195	-6.05409151834842	5.80051758149094
ncan1245	-0.354720288820497	2.71443824510138	-5.90341314465735	4.83194178462155
ndam1239	-0.176964574078346	2.87578832104688	-6.24138697930701	5.49108807223193
nege1240	-0.846786286240187	2.59185189424709	-6.46993608235087	3.819391166093
neha1247	-1.74893718796969	2.59831432811781	-7.63158469250597	2.67030394411862
nend1239	-1.94210772586249	2.82714883593204	-8.06323342304297	3.11806100794911
nene1249	-0.0277962636649757	2.92990093790264	-5.83184228410426	5.86760780669066
neng1238	2.67203718482242	2.35501416627165	-1.33560716403421	7.97534899587121
nenn1238	-0.527500384228954	2.85174145847232	-6.4302300777938	4.91253265179295
nepa1254	-0.365357590456936	2.78285074228785	-6.28218307580882	4.97601128799362
nese1235	-3.69422692405258	2.33680017908886	-9.13119885387579	0.208713561389523
newa1246	-0.367758266536506	2.79278691291806	-6.11381497847553	5.00722353851978
nezp1238	0.316494767026572	2.5070895990643	-4.74707504581422	5.45361978802647
ngal1292	-0.272891761653872	2.90916000456828	-6.20138342547509	5.51387545247183
ngan1291	0.0273578552952461	2.91545513190484	-5.91434981636929	5.74489106003124
ngar1284	-0.161494794881569	2.91236120832949	-6.01959177600537	5.62064158417206
ngas1240	1.7202339318516	2.33128584290946	-2.5345408816715	6.65655292093711
ngba1284	-0.117316594381106	2.94997375724512	-6.07870722246227	5.84790048692853
ngeq1245	-0.562022697896018	2.82943431747563	-6.62647212896298	4.87779373430516
ngit1239	-0.257561271760768	2.85623887591598	-6.1531971421429	5.3833208702749
nhan1238	-0.412750549990107	2.73300387164805	-6.11355030050155	4.77710050206197
nhen1239	-0.616598119949011	2.86160264703699	-6.55437943957965	4.71794569410418
nisg1240	1.94427901951071	2.62324019910022	-2.80937267989797	7.61484011578626
niua1240	1.8957024041222	2.42303701477546	-2.25521196914513	7.30915584147069
niue1239	1.93433929071573	2.37608423336985	-1.96905038744521	7.34887894386559
niva1238	2.67966353529228	2.78923987735276	-2.32609665589825	8.95105304970633
njan1240	-0.304359822802727	2.92190137741371	-6.42174254759432	5.26201158566919
nkon1248	-0.152478411556817	2.81916462430536	-5.89098328961356	5.56811225589207
noct1238	-0.133920400323644	2.84742902926828	-6.01508835589558	5.58536158687664
noku1237	-2.70326025299105	2.5943792231344	-8.46775446714141	1.74563818036594
noon1242	-0.104601657217252	2.85924108846203	-5.87100726591339	5.67843987981929
noon1243	-0.358350535546127	2.73234730927859	-5.8632682874477	4.8505354908932
nort2684	-0.493532728995829	2.71281640762298	-6.08415949122265	4.63749581580408
nort2690	-0.0269787123284382	2.96798635068792	-5.95146331276085	5.94129434478897
nort2722	-0.0455654555632481	2.97037813717268	-6.24498214191426	5.95825936440044
nort2723	-0.0794843120857767	3.01450108758941	-6.16995845978688	5.98493135770552
nort2732	-0.0482987732780542	2.94847106797346	-6.0877277769544	5.76561208991225
nort2745	-0.257337314082529	2.88861353872712	-6.1323862228412	5.46587729499542
nort2747	-0.122206927163618	2.87488264782287	-5.97443493206232	5.48060734429026
nort2839	-3.77548101495838	2.42314863192171	-9.11808625279778	0.205862978584266
nort2845	1.76923049356266	2.4022899327077	-2.32251313115874	7.07527109478492
nort2885	2.77234808196257	2.65017192292661	-1.55522699753858	8.89873768764802
nort2930	-1.33687190890484	2.8316018574381	-7.46818579252181	3.91446840079116
nort2938	-0.512826039403512	2.67180889915604	-6.15209243085142	4.53436574474793
nort2942	-0.303755118841901	2.72730536903338	-5.9236281066805	4.96275760437805
nort2951	-1.04476880623092	2.71896123071316	-6.83907026939103	4.0480687988727
nort2954	-0.95388304824374	2.76797258358927	-7.00168949711778	4.17034452184012
nort2959	2.64904149857752	2.5068055316909	-1.69132209633872	8.24507127517176
nort2961	-1.54306874238406	2.44709321177591	-6.98424614169046	2.82464193881829
nort3047	-2.01715895036897	2.62621198991591	-7.69534917811806	2.61319177902661
nots1237	-0.346186255518325	2.02111894521268	-4.37545958593096	3.50075864720248
nucl1235	-0.457792868921708	2.80903804455482	-6.3122948877086	4.83399326977448
nucl1301	-0.0595454085140981	2.92172984701252	-5.96092567017433	5.78325770490809
nucl1302	-0.451328988057859	2.77695731120248	-6.21200269911314	5.10719131172634
nucl1305	-0.147798992823887	2.88726509932204	-5.94776960208228	5.58699129831623
nucl1310	-0.0708365295422339	2.91252044581091	-6.04150173123757	5.79607558296571
nucl1417	0.446955369417416	2.74699316193229	-5.21483839752764	5.95067631242951
nucl1593	-1.25949437190551	2.72685655245782	-7.18904227659268	3.74815136082939
nucl1622	-0.332461462033129	2.8187022350887	-6.16859443174907	5.08746651658218
nucl1630	-2.15519770274852	2.54513337008488	-7.97388672667906	2.25215342903794
nucl1643	-0.139272738116396	2.92712556381404	-6.16146455190277	5.67396884487637
nuer1246	-0.0323666216286512	2.89276953163306	-5.80549759046011	5.90889716284088
nugu1242	-0.33589550079472	2.86877809142331	-6.11740302956002	5.31547971128791
nukn1238	-2.74667605645086	2.54875622387517	-8.36172977439365	1.57491835087385
nuku1260	-1.6714674853277	2.31697633917802	-6.98902652938475	2.41503643025145
nupe1254	0.18570919077892	2.88511278924384	-5.71253976684277	5.75571630896514
nuuc1236	2.65470249234977	2.69496522561791	-2.01310860285521	8.48707637178326
nyah1249	-0.632152535547125	2.85453673024408	-6.4945795849781	4.79220749742882
nyah1250	-0.310534143071243	2.84222247511959	-6.10321675671368	5.26699513403787
nyal1254	3.40003954641542	2.52837933745549	-0.962184313708956	9.18167510396401
nyan1307	-0.126610657375372	2.9974631163933	-6.2827204100591	5.74277595854822
nyat1246	-0.269387446746466	2.85676768479852	-6.13576965686051	5.30065581010706
nyor1246	-0.206921129462251	2.95742094372169	-6.3725820534384	5.56632373991349
obok1239	-0.868445366125872	2.79775046733403	-6.71674366896735	4.49612797022397
occi1239	-0.162618231291158	2.81857894949764	-5.95738897786212	5.42532528114033
okan1243	-1.96353630561279	2.41063744314287	-7.09321915255462	2.40881324029963
okin1246	-0.236181134113903	2.7945629717859	-5.88876350013586	5.432883469894
oksa1245	-1.07705425205316	2.86137344009877	-7.30153230096222	4.37834573531357
oloo1241	-1.55770067524584	2.64869131440098	-7.2727657730868	3.19761462718827
olut1240	0.955938642167527	2.09809159596627	-3.11702883577159	5.21509686193069
onon1246	-0.841259716584976	2.73760066958418	-6.68726815925309	4.30975306220616
oriy1255	-0.114181462856642	2.8354070542432	-5.87722395342941	5.47461788424055
orok1265	-0.00609783684185084	2.89682423528311	-5.91328398763675	5.94308316596997
orow1242	2.79740097835862	1.85246626448483	-0.591320323255401	6.7195203616054
otta1242	2.26234630174912	2.45680653230961	-2.07677481407834	7.60340344532391
paam1238	-3.65854750707251	2.44464530668589	-9.10332620276306	0.33383681244008
paas1238	-0.134291206806372	2.91606229751281	-5.90224386743648	5.76251239699341
paco1243	-0.470952691132355	2.88367789820298	-6.51669062944089	5.00246117653891
pagi1243	-0.0796153359074085	2.93661038272758	-6.0683066444798	5.8065266439367
pagu1249	-0.350382817643462	2.84476545713301	-6.10205549377773	5.3959315567073
pahn1237	-0.276375333226529	2.86448947754484	-6.3082908503591	5.39404365753087
pait1244	-0.117649321014282	2.86734000102364	-5.94127297553045	5.58180678865727
pana1307	-0.533124697512553	2.79403547268332	-6.25514183169688	4.7881463897559
pang1287	-0.0305959502381728	2.9019942803984	-5.86025778371526	5.90213516248131
pang1290	3.63898894200953	2.5335807343855	-0.687806343573517	9.23743034128383
panj1256	-0.117010207732058	2.80673289675845	-5.91055034550055	5.25266355673513
pany1241	1.2155680664546	2.59412715052822	-3.83761836386211	6.46481633335059
papa1265	-1.52218608117	2.50232429347487	-7.11167734202973	2.95274521057331
para1301	-0.295654045520287	2.86295430905672	-6.1174252713313	5.22404150723785
para1302	-0.155604335552357	2.86675316232314	-5.96088686241421	5.68787445658298
pate1247	-2.69181684222488	2.52718656136732	-8.43116996032051	1.52415650557114
patp1243	-1.7242703508926	2.28602775851065	-6.80257214945946	2.33504842659163
pawn1254	2.19040234481783	2.65312373841027	-2.51780894167798	7.87743308591616
pela1242	-0.240598749191997	2.86296244827268	-6.03145115238676	5.56159178838618
pemo1248	-0.375872173086773	2.73201808006716	-6.07809901726108	4.89004453719143
pend1242	-1.46988904216504	2.29383475410775	-6.36383163051813	2.66306259095076
phai1238	-0.340464222885375	2.78926267394169	-6.03514473533985	5.18899787651273
phom1236	-0.148814289297241	2.89491045587531	-5.95983751170959	5.6484901869907
pila1245	-0.136556419864701	2.73604582454967	-5.72886983472398	5.14944635553669
pile1238	-2.21756646798736	2.38224840113685	-7.39327449641538	1.87237013025246
ping1243	-1.00521581003301	2.58587979620544	-6.71190503783693	3.82056901306054
pite1240	-0.00944411542681579	2.91112624680088	-6.07270498490574	5.87124921835768
pohn1238	-0.859095120867115	2.57982865533363	-6.51407836213962	3.77785310558939
poli1260	-0.192904159596753	2.82617464129962	-5.73382148074317	5.35994946467397
popt1235	2.81334045803602	2.70798819987139	-1.73207886151838	9.06214390799821
port1283	-0.174419122897245	2.75649543323942	-5.76302317630358	5.19628560270783
port1285	-3.78637297058262	2.37169102607665	-9.17909612827288	0.198131522019711
psik1239	-1.96022248730408	2.61387997771608	-7.64139604355385	2.63388743420014
puka1242	1.82550023174687	2.43030691701818	-2.34383490396135	7.32498861141939
pulu1242	-0.58198319044142	2.62124902468284	-6.35836971739376	4.16364146854117
puoc1238	-0.382530911339966	2.80720752973391	-6.23430848364166	5.00695237388441
pura1257	-1.44225484139356	2.84961234573527	-7.35831334403891	3.94691321403906
pure1242	-1.581436001229	2.61302719414163	-7.16366893598645	3.16297839168407
puri1258	-0.125317075998273	2.92718117962858	-5.98848368608368	5.71960878730701
qima1242	-0.516162247545446	2.7401747987814	-6.35563425637086	4.73969047751157
quer1236	-2.35852527833954	2.56873778491696	-8.11051665363665	2.24775247744218
rabh1238	-0.145114520664009	2.97612478874452	-6.32489310734402	5.65491343714647
raji1240	-0.224030646541283	2.8395024517859	-6.11516467331996	5.38882030578375
rapa1245	1.79915398876774	2.4444689411959	-2.32399188042949	7.36498838222875
raro1241	1.80421638387589	2.4125412001603	-2.35986686801417	7.04250359347244
raut1239	-0.137668955588597	2.83206103040392	-5.81255960118212	5.56779119512156
reja1241	-0.962796246986862	2.4441181815171	-6.30768030282757	3.44377955169514
roma1326	-0.261292376891529	2.87317117968259	-6.21286660704608	5.4086936879836
romb1245	3.03732174846457	2.56431465624813	-1.19241307362981	8.73948482191089
rong1266	-0.154691048676822	2.89095425581949	-5.97446366410403	5.45432167975623
roto1249	-1.52353570879587	2.48081813246678	-6.95381483590652	2.84219850545978
rotu1241	-1.46786281316767	2.44577901640561	-6.76687220951357	2.86386051475929
rovi1238	4.56265467513633	2.26462579851052	0.524508750400964	9.4735262239258
ruch1235	-0.2995945024757	2.85657186624146	-6.16218366235129	5.26675436686934
ruka1240	1.80876665199961	2.1811655263979	-2.25365450791726	6.39379061624306
ruma1248	-0.304981978354942	2.79688858177424	-5.95771320466369	5.05533733094428
russ1263	-0.155211185446004	2.84932899865894	-6.19023002238197	5.30766372476463
saaa1240	-0.209999888559917	2.10673391420863	-4.67835524102655	3.76321935444904
saaa1241	-3.61187195789509	2.44167407537757	-9.11489404858116	0.501968527484392
saar1237	1.84979844541079	2.17413003568579	-2.16429662330404	6.41807717231835
sabu1255	2.10559393441294	2.21507067600429	-1.85082760112996	6.68140602885269
sais1237	0.532098162185258	2.14110245185714	-3.76151696936737	4.80779300134288
saka1289	-3.18943512630483	2.41988010991406	-8.55967292579905	0.995849338204272
saka1291	-1.00694752609089	2.42784598970452	-6.35050450492551	3.42553385301917
saki1248	0.145781371031631	2.69898660630097	-5.3021824251436	5.46537643079937
samo1305	1.87085204780462	2.43841016826972	-2.37259435418569	7.30171726607447
sani1269	-0.242117387382232	2.94846476506191	-6.53174832248485	5.51640392878028
sanj1284	3.65569704047107	2.95322872175368	-1.3401080930793	10.2948885611374
sanm1289	-0.506604315620851	2.67769825669956	-6.22462198806653	4.48073454598545
sanm1295	2.84794374008401	2.7478115343412	-2.00217495516364	8.74007200339823
sant1436	2.10848048777762	2.63844801706299	-2.68840926159503	7.84626091952581
sant1451	2.83961709005753	2.77981832368525	-1.84822845042189	9.18752524005819
sanu1240	-0.511734621941296	2.68373380760295	-6.00024075931974	4.49733589562411
sars1236	-0.486848881233947	2.78904588726173	-6.48155404490378	4.86521984638587
sauk1252	-2.76332605114592	2.54189778171467	-8.48415112429489	1.61148487052616
saur1249	-0.137935141729362	2.87693992054683	-5.9654310541748	5.54473380561926
savo1255	2.3491061293328	2.14620768830417	-1.6670529433103	6.81029037676548
seda1262	-0.717300051066742	2.7683702348405	-6.51197546128238	4.44070694307832
seim1238	-1.3172615862059	2.58979282183239	-6.92868527846959	3.24364111471699
seke1241	-3.59696721441952	2.4355104498047	-9.07021248626759	0.439915123582807
sela1260	-1.12544505112615	2.52368499347075	-6.73974631622949	3.37198049889385
selk1253	-0.0416141758211567	2.98715511572864	-5.95682764133845	6.13517578362707
sema1265	-0.526826935736153	2.76573120912412	-6.48923813435169	4.72825909433762
sema1266	-0.463723600482645	2.72354074708813	-6.17441708136484	4.75653564665364
seme1247	-0.768831681027949	2.71943991960848	-6.57517175069887	4.43579405133349
sene1264	-0.804056882539259	2.69635360212442	-6.47155800920347	4.24086612780677
seri1257	-0.868424414854923	2.70808434513405	-6.63419850239674	4.2306271618837
shab1252	0.20407522162231	2.65846276878519	-5.16098554156798	5.74271466583335
sham1280	-0.190061707174944	2.88268126353005	-6.26153550199334	5.51440469857749
shan1283	-0.399029109592029	2.7566478036434	-6.15753136222299	4.86308022623962
shaw1249	2.87302059105001	2.55811983793574	-1.60182960029866	8.40990108726639
ship1254	-0.643528849912575	2.81519594185128	-6.51044114159068	4.75695351543978
shix1238	-0.0941176919123744	2.91486318116696	-6.07983359261138	5.69743566195804
shol1240	-0.135496873101496	2.85888529143144	-5.95640261343569	5.48292225451395
shon1251	0.025609403142982	2.92876377099597	-5.90918895239785	5.88681885032492
shos1248	-0.422027402336373	2.69177780505463	-6.08108665234721	4.60900524160647
shua1257	-0.650022746057509	2.75921094029337	-6.6561850882931	4.60027215116672
shwe1236	-0.310631134676811	2.82690677942304	-6.15663055287759	5.14995541470131
sich1238	-0.0517786598735908	2.84710523735259	-5.85938927513045	5.62742867189361
sici1248	-0.14836989433536	2.83537491135581	-6.26317646959549	5.35041874792942
sici1249	-0.229351497794977	2.88410528987381	-6.06185664070244	5.39419550055045
siee1239	-2.52587101184364	2.39495788722368	-7.82305510980134	1.5375663629212
sier1250	3.61473784080358	2.86494501064401	-1.07038528109354	10.0835808633471
sika1261	-1.9397722046441	2.31539609922463	-7.10955215186504	2.13025738041731
siks1238	-0.786814600190237	2.61513409883009	-6.44470148088302	4.06783196193923
sile1255	-2.10435626101403	2.7810657868051	-8.32534740614165	2.7830408643515
sina1266	-2.14265880815707	2.50036343335018	-7.80950990250195	2.22420538375114
sing1264	-0.102302001592532	2.85464808778713	-5.82236462863967	5.56185668470296
sioo1240	-2.71323365774789	2.59567812247005	-8.60058582500852	1.71089584802434
situ1238	-0.0605739704452075	2.93103688716459	-6.12264279009411	5.72951341203838
skol1241	-0.0163074075614281	2.90995644618317	-5.96197642057068	5.77841198520045
slov1268	-0.141679868186222	2.85900891973544	-6.01750339735851	5.37535763869504
soch1239	3.41775871813944	2.82021344827264	-1.28182966983664	9.81019393675578
soga1242	-0.172759832462157	2.91667405416568	-6.21427413942263	5.59540440747084
sons1242	-0.633138301257768	2.57448632778495	-6.20518004488093	4.0129072441406
sooo1254	-0.52255176161585	2.81170745548857	-6.36858960617624	4.94128190205691
sout1528	-0.212259615006695	2.85145980217664	-6.15208470182928	5.59116261473945
sout2649	-0.182378430005694	2.81470730038331	-5.92204781650864	5.37222171679034
sout2674	-0.0383941370887009	2.92785871285772	-5.98204029171541	5.78485946896703
sout2679	-0.134207530925403	2.93068898998999	-6.12681277834251	5.55532492393805
sout2728	-0.0206189106424096	2.99116158480191	-5.94978717756675	6.13244261985351
sout2729	-0.108045416219283	2.94769946545121	-6.1601714481957	5.79854975268476
sout2797	-0.275711668690804	2.84224918305784	-6.20117556285552	5.39638782223741
sout2807	-0.0763166914504456	2.89739226731383	-5.8801445986117	5.65292613223713
sout2856	-2.64533868591072	2.57017868270628	-8.39613510987671	1.75546161057355
sout2857	-3.61778945578961	2.43927287182531	-9.17579059183818	0.465834294889149
sout2859	-3.71106471910441	2.41875751502453	-9.05157157500505	0.284572508851493
sout2869	-2.42852685019594	2.24111960727776	-7.28098195484622	1.4018209845444
sout2895	-1.10846032748789	2.59157977986566	-6.76958191287264	3.53451469253123
sout2954	-0.193953801314492	2.81066159375843	-5.83866647983768	5.49154424653434
sout2956	-0.643863065344909	2.61818256904987	-6.20125776531073	4.29575395610477
sout2959	-0.318748020647778	2.74528680922175	-5.96863877129015	4.92880743576452
sout2976	3.5009662579183	2.49254192886034	-0.780059830407834	8.86171739029143
sout2985	-1.28321561077413	2.6545384875539	-6.92664766501164	3.66780926431827
sout2994	-0.30880968292517	2.76684938255896	-6.03235778664019	5.01640115790633
sout2996	-0.499454888105416	2.79189515559734	-6.29885948419166	4.85208092293607
stan1289	-0.134304178986406	2.84291895770447	-6.00973842111782	5.26729339150917
stan1290	-0.0181346916938481	2.83398712168903	-5.86408443855861	5.48968096765805
stan1293	0.599716484004875	2.75390640508379	-4.96168363784709	5.99785578782251
stan1306	-0.73611288095352	2.51899117866444	-6.0424797465269	3.87225509029605
sude1239	-1.20511125883377	2.57819312168332	-6.82985543851387	3.30421357668546
sumi1235	-0.155232806212705	2.90100389295221	-6.11395856969583	5.69374460930674
sunw1242	-0.304744175463835	2.76292408492254	-5.90460897430194	5.1076923521322
supy1237	-0.137815366723091	2.90305472049887	-6.04336007651945	5.63250745896545
surs1246	-1.83036664957722	2.42487352803381	-7.17957257507499	2.50997308812138
swah1253	-0.144191438042178	2.87285340488621	-6.0053566411731	5.51904854221644
swed1254	-0.198449981866174	2.85590976144654	-6.13149717398067	5.38217787782286
taba1263	-0.287792328569764	2.87543978413598	-6.1891956024524	5.5522655938219
taga1272	4.13695233101847	2.61168612297855	-0.215845177793695	10.1163469214013
tahi1242	1.83396608103945	2.43830768093811	-2.29316471139628	7.36677297558799
taia1239	-1.82538221661813	2.72299564039159	-7.76669185445274	3.07817769056033
taji1246	-1.26755319972004	2.28043399683129	-6.24225088213151	2.8470193843321
taku1257	-1.93377452419366	2.39719563493548	-7.42861761558339	2.16956366403921
tali1259	2.07609709699856	1.83290551369773	-1.44364141004297	5.85360228430007
tama1365	2.19784740549963	2.56782449286193	-2.3385337870294	7.79722427477978
tami1289	-0.0737808739535243	2.84702416052101	-5.75187148466571	5.59344103375387
tane1237	-2.05994761990001	2.44592410125156	-7.71943236115187	2.10738355881596
tara1313	-0.151650216490856	2.89314642552041	-5.89736649373014	5.53999420117338
tari1263	2.15266278323132	2.62234808826597	-2.49952547899607	7.90466059712951
tata1255	-0.125719793308466	2.94685913950691	-6.26038523000655	5.65989811712765
tata1257	3.38279614574828	2.51563438087573	-0.706691662525471	9.1483834836005
taul1251	-1.6699159086245	2.46504753638328	-7.12049166910218	2.7157584524201
taus1251	2.30670698462445	2.56319793651488	-2.09415515877644	8.16679724617111
tbol1240	3.87136307361176	2.56166094798453	-0.474695304042282	9.60486286910956
tean1237	-2.09873239202908	2.44193527893903	-7.70969216120103	2.04173211687401
tedi1235	-0.114181484116999	2.85746415036897	-5.90006009100899	5.54942105539652
tekt1235	2.6486929924343	2.728754452543	-1.99141252448672	8.90927084425136
temi1246	-0.367473376264459	2.85900104608625	-6.24444529760667	5.28516308987465
tenn1246	0.582493325858511	2.82631215573648	-4.80774368985145	6.58104037691592
teop1238	-1.7522447531758	2.50949543860313	-7.34035626093276	2.53243685270389
tern1247	-0.35357112932088	2.87782731459391	-6.15287956704569	5.2630674327479
tete1251	-0.558455015395735	2.5180625522727	-5.8857270072431	4.22732552244136
tezo1238	2.22744477729872	2.65515874478105	-2.48760454650802	7.99764021846476
thad1238	-0.123254203233316	2.86027199221226	-5.79767773630051	5.59410224514729
thak1245	-0.286184304290778	2.82818733318339	-6.16131700600353	5.22530895015999
than1259	-0.232628455231453	2.82322295465089	-5.93824602343427	5.36401133258101
thul1246	-0.192400968162828	2.90966089075139	-5.91276057844771	5.54579174459778
tibe1272	-0.110005225362639	2.92114171353602	-6.12300671317453	5.57663385737695
tief1244	-0.257335644418566	2.83423445299309	-6.08927457890662	5.38575960506175
tiga1245	-0.961197128843829	2.21575413486189	-5.69262740504466	3.06784257244855
tika1246	-0.345299388494595	2.90430830341109	-6.38778887746804	5.29246981983423
tiri1258	2.4424895032912	1.82628489591203	-0.89704396019216	6.2405965191296
tiru1241	4.12538937029888	2.66864878472336	-0.333374042771149	10.053959064102
tita1241	-2.10697731053113	2.55890131955828	-7.91656422915814	2.31331795017302
toab1237	-0.301374345327794	2.03529166116666	-4.64229161380765	3.53371301162912
toba1268	2.53699704808272	2.72697789514897	-2.32480610329398	8.38631561888799
tobe1252	-0.448863034214605	2.81978672875584	-6.27509471940298	5.00360678773395
toho1245	-1.07847958668747	2.60375668643874	-6.6179466485225	3.65481059045467
tojo1241	2.42677521155694	2.73057157406158	-2.42263534861738	8.65931386167746
toke1240	1.86600710646595	2.43181970728496	-2.22003734741173	7.45201679206127
tong1318	-0.0546521534990654	2.93704804722714	-6.10089414504126	5.54524337723469
tong1325	1.90511426640948	2.33932177093135	-2.17903123275814	7.15199850418938
toor1238	-0.238684137191826	2.90959911656396	-6.16347048230284	5.420033895632
tosk1239	-0.400865338535209	2.76055745785725	-6.16745027426793	4.97790360872693
tote1238	-0.0944279332419805	2.84543416113254	-6.00012666965354	5.63405772808143
toto1302	-0.0942184629879829	2.84990654842442	-5.92626411579418	5.70296743205617
trin1274	-0.11136893418719	2.45097497644452	-5.17288597127891	4.62173594993406
trio1238	-0.457995179892001	2.86654267712229	-6.49188259165983	4.9104119768701
trum1247	-0.692068906945224	2.71992247388394	-6.38842810097607	4.45184210407093
tsha1245	-0.102919803868665	2.97237805398597	-6.18163792178702	5.79284631784222
tsis1238	-0.155810373934057	2.8842155964461	-6.06361245680194	5.42593137372127
tsix1234	-0.196704032652042	2.86760168615819	-6.02229993346055	5.52530701304394
tson1249	-0.0552161157062644	2.97980910901886	-6.20384693015978	5.79553769568659
tswa1253	-0.262008633943856	2.94392268206568	-6.34763986203559	5.62966814384225
tuba1278	-0.564804146712859	2.69214157996412	-6.29614842893065	4.48650390581012
tugu1245	-1.74908274715933	2.59819409775881	-7.3120988673644	2.83835890015252
tuka1248	-0.118905019522694	2.2354734122482	-4.91339547345564	4.16590554370778
tuki1240	-0.317160607624025	2.8737383270757	-6.14980473694246	5.49962057218108
tula1252	-0.5557469397403	2.87230657333007	-6.60137312432427	4.92995257862201
tune1261	-0.361312123551153	2.88092732708256	-6.20505739832968	5.20655567362614
tung1290	-1.26927648587939	2.48503826350128	-6.60001432296189	3.13633880018969
tunn1238	-0.516495152301705	2.7531709269887	-6.33960596464042	4.70001270337435
turk1303	-0.0907656070555621	2.95036529243981	-6.15215062932671	5.76075916454091
tusc1257	-0.568361815506122	2.59187428375347	-5.97161843347283	4.31867463563601
tutu1241	-3.63204909786109	2.37480973344118	-8.97140234434946	0.40757139564286
tuva1244	1.86201880920026	2.39220722114593	-2.18332923147743	7.14367798121857
tuwa1243	3.52555235060341	2.19900004129475	-0.375024479491222	8.18654786159
tuwu1238	-0.151708269330355	2.82742999850721	-5.85434727225288	5.56866076814378
udih1248	-0.0580157195063776	2.91360733383578	-6.01583853341899	5.91409101875458
ughe1237	4.54328627417187	2.38674530738924	0.433542039153483	9.88452046915807
ugon1239	-0.125026985554739	2.93632653871586	-6.03318734479751	5.74140693197723
ulit1238	0.224152925240168	2.40070501530458	-4.7234660273331	4.76940798312032
umaa1242	1.84041265151965	2.37671019710259	-2.38708958923019	7.05007990982175
umbu1258	-1.37031372882122	2.84387156125369	-7.26185833685444	3.95362241361007
umes1235	-0.0360560186167313	2.92006794541238	-5.97005159979742	5.73685117147079
unua1237	-3.88861940289855	2.38539281392907	-9.33159217895978	0.048975290825107
uppe1275	1.18101269932677	2.6068601250919	-3.70294405217911	6.81749057157647
urar1246	-0.729379262875281	2.78203471683721	-6.64438631073135	4.52272175374996
urav1235	-2.47572313388942	2.43980682420896	-7.88732222503977	1.7495684009231
urim1252	-1.50248656147368	2.7460325566552	-7.30751509283035	3.58011916703214
urni1239	-0.335529553692337	2.89688228591573	-6.20941002401478	5.34446483928469
utes1238	-0.47018291357261	2.69264783276181	-6.1483820798195	4.56809363731674
vano1237	-2.11336363110712	2.43416112406762	-7.75826136419907	2.04507587374589
veps1250	-0.0230582141130783	2.95674408435503	-5.80725549860576	5.88082808984163
vera1241	-2.63266534722368	2.44220292871255	-8.28328271647355	1.4899445134977
vinm1237	-3.81590902989457	2.39649140504096	-9.28888628469942	0.121137251940079
vunj1238	-0.248530019043385	2.93123769849894	-6.29360847324706	5.38728863785655
vure1239	-2.63888580080586	2.43627975472311	-8.25323663666321	1.46793314558436
wage1238	-0.394258098220719	2.93101678101755	-6.55986761725132	5.13335783229932
waig1244	-1.30277823790039	2.55045058779366	-6.96939273557581	3.28100820601929
waim1251	-2.1281567898243	2.55925313103576	-7.79132250173892	2.28979342890907
wala1266	0.0602055251871777	1.83161011586447	-3.72334096056817	3.58131876575413
wall1257	1.73881057198841	2.35088089623263	-2.3972382725217	6.89651657076864
wamb1257	-0.312186952689374	2.78742816067751	-5.93255846941747	5.1362115316421
wand1267	-1.65617369632193	2.56912747165967	-7.25597667132526	2.78848591179864
wand1278	-1.87243432347393	2.66122112474092	-7.69368340737501	2.96839911598772
wara1294	-0.494701631400204	2.89788581020704	-6.42458851882446	5.09806834572968
wara1303	-0.556793468455337	2.73862320952562	-6.50259804990139	4.72166683764307
ward1246	-0.288747183256813	2.86157608738205	-6.27125054610109	5.34509034577213
ware1253	-1.17041013590857	2.57055497225813	-6.83646806046416	3.49535357932966
ware1255	-0.833600547217657	2.64992040849292	-6.36844762480629	4.16074493961807
wash1253	-1.29691369375001	2.65271647685983	-6.90528358023094	3.59849546805047
waya1269	-0.444585847883837	2.83390679910186	-6.56819449087321	4.99989279631262
wayu1241	-0.344018021318123	2.7619019031701	-5.95981653941695	5.02648783128245
wels1247	4.15133676594729	2.95093382754206	-0.78887275387263	10.6282522966033
west2354	-0.197862167915571	2.82041285407244	-6.13874450657527	5.32032219076903
west2369	-0.152850404540583	2.8577601527977	-6.14729957527742	5.34754918527703
west2396	-0.302156826331094	2.76166316662298	-6.08900256541078	5.02586958555171
west2397	-0.522931010560407	2.82321689478554	-6.28120591165113	4.98560920504686
west2415	-0.364256738073939	2.77063715218931	-6.30800007985542	4.98558957757787
west2418	-0.311629182322339	2.90914107098624	-6.53824094562923	5.4912775775251
west2430	-0.0301837261144679	2.86321251163135	-5.86222198910747	5.68892420237413
west2516	3.30218915725795	2.23577775465366	-0.426121386449083	8.35146263105255
west2519	1.33004354480093	2.04122580958832	-2.32302607438687	5.66257565923926
west2557	3.1684364804387	2.63364982326689	-1.14630136427111	9.15386052987797
west2560	3.78849488838363	2.51989579801103	-0.365012176244608	9.50974708340676
west2594	-0.535091460757119	2.90500481949673	-6.51311285082769	5.01986149539719
west2615	-0.858167339447756	2.7452314663485	-6.8168946531164	4.31614252884751
west2635	2.81986580975229	2.69494644326074	-1.77009574996579	8.83232962961532
west2644	2.90834862038157	2.82427556639466	-1.94771448984178	9.15494252668881
west2650	-0.819952697424494	2.65210320943358	-6.47654768064131	4.09717000189417
whit1269	-2.51005361337835	2.24773067665151	-7.42045983045071	1.27859033911036
wiru1244	-1.38695920047488	2.82084983684958	-7.37282231396189	3.94649059638382
woii1237	-1.38892502165002	2.5758648723046	-7.06878422673927	3.15882277890275
wola1242	-0.654517470964611	2.8230342715033	-6.4776432373523	4.87797150809801
wole1240	-0.631843042687971	2.63747890362126	-6.36306784381273	4.17255477835938
woli1241	1.66317218418603	2.21657204117078	-2.24767745062447	6.31709619218928
wuch1236	0.0164892782274164	3.03420741529857	-6.20116875841307	6.16020807234842
wusa1235	-0.0802462196817482	2.9220988575962	-5.95087016554228	5.8023450316035
wutu1241	-0.0505942106849257	2.92524753404762	-5.96250021595666	5.85205563106486
wuvu1239	-1.41695305543199	2.55771138248438	-6.96522905139638	3.09950107682418
xamt1239	-0.667317990361801	2.77236524436706	-6.56875138281889	4.4817885937214
xara1244	2.06946977044458	1.81307601455782	-1.33970386148429	5.75281302395725
xava1240	-0.394912236317872	2.77597389220997	-6.10754324121922	4.86281368528072
xish1235	-0.12903737050866	2.8726054971222	-5.97526631868609	5.54681800038426
yaka1277	3.7251518141421	2.63434666013477	-0.626497006031474	9.43281677599642
yaki1237	-0.183179460052534	2.66619736944316	-5.68651436619759	4.85255429178386
yako1252	-0.0795489371021622	2.90619184267911	-5.96165511392995	5.6773210992867
yaku1245	-0.0322741482197003	2.87519401687901	-5.80349573834026	5.78733653204245
yale1246	-1.24997015525586	2.74687292297308	-7.10736508090175	3.83949078803231
yami1254	-0.636766006885844	2.10536125309511	-4.99290818902329	3.35025699958875
yami1256	-0.304435007570843	2.78966915607766	-5.96525817715313	4.98635139956225
yamp1242	-0.226069404904215	2.88080402405031	-6.06268254227267	5.48223736515456
yano1261	-0.594252869494126	2.76261686232012	-6.5239186826026	4.59890052688448
yape1248	2.69654096904042	2.34098865105012	-1.39981099875571	7.78313517751464
yaqu1251	-0.754980070185657	2.73197002877211	-6.50193208748002	4.47438087999452
yare1248	-1.98702954077814	2.58201373804051	-7.7996955835784	2.52872907445899
yatz1235	3.39038733188393	2.82689438767954	-1.3355469767952	9.61840678460285
yaul1241	-1.77032385092005	2.73412438025715	-7.61961269871411	3.16575027877008
yaum1237	-2.75611453197785	2.53103880581696	-8.2856724482481	1.58918969833729
yawu1244	-0.0230879654451299	2.92261280877616	-5.97389312387068	5.77651527631213
yecu1235	2.17151052160658	2.78142576381242	-2.61462204002408	8.21044420828009
yems1235	-0.663401997783132	2.76889782098422	-6.43632589353875	4.79327165621203
yind1247	4.55002223110052	2.89521648162697	-0.276882173245592	10.8981799625207
yoga1237	3.78487598593345	2.41673986229721	-0.437311377200351	9.12957143861677
yona1241	0.52618279400635	2.73000432983259	-4.79780888793979	6.02885345566053
yong1280	-0.596530957362607	2.78905523602492	-6.36552091396867	4.88822711896086
yora1241	0.00690905272278604	2.75359199656339	-5.47539144274325	5.41907669153225
youl1235	-0.389354371560848	2.84385153622706	-6.10067673281245	5.21148118820644
youn1235	-0.167467088655371	2.85100372790745	-6.00406717940477	5.4476459411013
yuca1254	1.880110021497	2.72506884931436	-2.91488274767862	7.83862313482364
yuch1247	-0.795270093371692	2.70008838921854	-6.61110009197211	4.30534771467725
yuec1235	-0.0642733005567547	2.94272968557399	-5.9486520510701	5.82428771157935
yuqu1240	-0.683667687052965	2.68071993209244	-6.31024125070345	4.3731114459815
yura1255	-0.687282756587884	2.67302740890068	-6.35945889307776	4.31162618969157
zaiw1241	-0.243121578992188	2.88899871639271	-6.02637621865158	5.3706656858316
zakh1243	-0.0571958716763758	2.89538612447434	-6.10737687712466	5.69890187639528
zarm1239	-0.311935536322308	2.89845564266104	-6.19462056922086	5.49444584743757
zaye1235	-0.279204984786086	2.85649555224483	-6.16887259163641	5.34822067576314
zays1235	-0.687493116843988	2.88297737231591	-6.5088733078575	4.87539782484525
zuni1245	-0.904515356178992	2.72106464916918	-6.68965956677385	4.19876176761746
