Estimate	Est.Error	Q2.5	Q97.5
abar1238	-1.83009055267991	4.88968464777128	-11.3024565503361	8.1641339395295
abkh1244	-1.14678647095304	6.73268891059353	-15.9866137859215	11.1445250800341
abun1252	-3.71038840507913	6.78408922500685	-18.3865074498071	8.91059245718312
acha1249	-6.87408914588339	6.82217698303068	-22.4606135842158	4.36194566840287
achi1257	4.96898761254155	4.27641156624091	-2.74025228776386	14.0167376714849
acol1236	-5.00692215190411	7.76892020814127	-22.6223452365995	7.87364634559971
adze1240	4.65913849890493	4.35082522907043	-3.35093535698598	13.8885163847787
aeky1238	-3.11075442002991	6.5284055142934	-17.0278819659551	9.11059603744109
afar1241	2.77587142909781	4.43340730485699	-5.90017540944607	11.9422540136204
aghe1239	-1.74046635146871	4.77795610684555	-11.0043189525162	8.03705904654431
aghu1255	-5.70962753641074	6.66779786156215	-20.4775592148033	5.91023484570535
agob1244	-5.21347345020603	7.01535317632202	-20.1820837521519	7.51014438671067
agua1253	2.18247859778198	5.05822021058184	-7.90898475284963	12.22609132074
aheu1239	1.26204788690225	4.72353549082436	-7.75857707294389	10.8776804441544
aime1238	-2.56722776250287	6.42626565972593	-16.1603284134339	9.36333632847437
ainu1240	-3.80440333411784	7.89978967018136	-20.9942078556119	10.1585657421826
ajab1235	-1.99278495704573	4.82624199220551	-11.5585807177831	7.7661511708616
ajie1238	5.30479707668884	4.29279646965692	-2.28347210114571	14.3711521434216
akoo1248	-2.07540238764137	4.77445527210805	-11.2768946575094	7.50996814177045
akun1241	0.837920224365419	4.94081315513643	-8.87662237695412	10.6024753645417
alab1237	2.0559091809048	4.99371527835684	-7.71920227889767	12.1969876975963
alab1254	2.76620246405174	4.50271746137627	-6.02817194666187	12.0559360144952
alac1244	8.89774528117758	5.19180579661707	-0.192718591386873	20.3450023560831
alag1248	2.9116634033617	4.48057697012579	-6.03616922005369	12.2424565071613
aleu1260	2.05132406476413	5.02769965653244	-7.83386997570628	12.2879839850448
alor1247	4.7487733453829	4.2984374488882	-3.1262205821897	13.8391548818196
aluk1238	-4.87278689647605	7.29936075928202	-21.3330834168826	7.44377523252949
amap1240	-4.96109231062166	7.03985464181279	-19.8596541023786	8.20248412356634
amdo1237	-6.84211304209781	6.82030989599018	-21.9360126414096	4.59235962063495
anei1239	5.47849487149915	4.32929843775896	-2.39929544260999	14.8596930836621
anta1255	6.23640722191198	4.27002879318027	-1.08637564326132	15.6087385660909
anuf1239	-2.01031873944169	4.86570320452127	-11.6857110276773	7.50463877348611
anuu1241	-6.79737689875088	6.8586063922858	-22.3815113566881	4.67379460867442
aona1235	-6.86370979742325	6.79930260908033	-22.458417483787	4.55150302748787
apat1240	-6.7834763435767	6.88244382737027	-22.0955919897784	4.8259333361085
apin1244	1.22152340648076	4.96008276639795	-8.46236584262933	11.1758347421551
apma1240	5.30124780961189	4.33038117094316	-2.82824497584532	14.5233167877622
arak1252	5.39403884360275	4.31307225549776	-2.29465829883963	14.7401478090167
arao1248	1.06802445793988	5.05143701767502	-8.97179444646329	11.1576100898494
arap1274	4.2086768619132	4.60826196624888	-4.40889422744036	14.0220257407489
area1240	4.91837026851941	4.30519635523119	-2.70342720736208	14.4632670193774
argo1244	3.94619345688874	4.52838489685547	-4.66254181224124	13.378447506874
arom1237	1.92641041227725	4.62049759589218	-6.60465742036308	11.3422163249619
arop1242	4.73643071833807	4.32173269607935	-3.24987732263081	13.9014835379958
arop1243	4.53381479550283	4.33799340937281	-3.54187763843596	13.6596713943265
arta1239	7.73453298880525	4.50942430202652	0.0480849003662543	17.5724835021896
ashe1272	5.78218176206381	4.85550729028824	-2.86642504476839	16.3101397525065
assi1247	2.53426056533683	5.08887973444045	-7.25047800081988	12.6888298755354
asut1235	-2.19673780759589	4.70598765649175	-11.3477556754422	7.13940491543974
atam1240	8.19302741315334	4.54298920531889	0.648420861631396	18.1579723512719
athp1241	-6.83460649885995	6.81945946877938	-22.5304600148424	4.59265200817005
aton1241	-6.81416919733239	6.9056434552182	-22.4447589400707	4.89656203555846
aulu1238	5.33252702114262	4.33728435906781	-2.46736068910775	14.595469106117
auye1238	-5.67658241977789	6.64469103708813	-20.4169776041126	6.04976273715757
awad1243	1.08335291309745	4.72990993140544	-8.24096191301929	10.6921923342501
awad1244	4.5715918527112	4.32262034202668	-3.42745024916002	13.6305785618337
awar1248	-5.66085405652801	6.62694429326748	-20.5350253582001	6.00537085050843
awet1244	0.863556729907621	4.92568220406697	-9.20857315136722	10.6903852899753
awji1241	8.19805398783793	4.7062704293137	0.325624650932693	18.7434690877739
awtu1239	-5.092261599955	6.92054992458636	-19.8479402195405	7.33111206754347
axam1237	5.30407396567817	4.35960252606579	-2.63450368000685	14.5717086984607
axiy1235	-6.87403641282072	6.80006612786866	-22.6627352876498	4.71438904421361
azha1235	-6.87274468792058	6.81472220645809	-22.6686683823007	4.63735017825544
baba1266	-1.72455581040919	4.81144161297365	-11.0104055629187	8.14870369374314
baba1268	4.83308337361258	4.29777203683242	-2.98169590202063	13.9347672581423
babi1235	0.891443846630308	4.9277529653018	-8.96588253737167	10.7166242901617
bafi1243	-2.11961647544675	4.79715868432916	-11.4324794976711	7.52507615004221
bafu1246	-1.74909635293943	4.81341608131271	-10.995644807065	8.08489019238368
bahi1252	-6.84430713770847	6.87258133152448	-22.3990156979355	4.62464773208281
baim1244	-6.83128832061356	6.83148677403928	-22.2920703914675	4.68670897055193
baki1244	5.26991938668633	4.32963636424411	-2.74084594004416	14.338116033106
bala1311	7.12710157646183	4.46151845541333	-0.436563138253966	16.909897739718
bala1315	5.63053955104978	4.33103558551822	-2.08401246912993	14.8900762756296
bala1316	7.15671472750492	4.44026933351288	-0.373981000709922	17.1024651322388
balu1257	4.80502655977988	4.31304754297221	-3.24310153241985	13.8232783907888
bamu1253	-1.76192177192195	4.84738379009258	-10.9369816746413	8.17511749716877
band1344	-2.00070022170759	4.83365688346391	-11.500303900507	7.91234456016207
bant1288	8.14966385930946	4.49778561449345	0.660006357922717	18.1337645672058
bara1369	6.44564536972561	4.27149740845056	-0.809412753257953	15.9736253512972
bari1286	4.65753178752715	4.34879493692819	-3.41123065315786	13.8312625979769
baro1253	4.88628714157492	4.33897964944194	-2.83305014308435	14.1971598928023
bata1289	6.49403137136164	4.3987666780543	-1.03772182230269	16.1419689628694
bebe1248	-2.06559893444425	4.73929183011711	-11.4100887182053	7.4297460267718
beka1241	5.38328689263298	4.3263179987391	-2.25697235574467	14.8528214927392
bela1254	1.36671652262837	4.70873733771684	-7.6637481369894	10.972359510562
belh1239	-6.831908685658	6.80570349475092	-22.569473280166	4.4416960077643
bell1243	8.56814953780048	5.06371791626501	-0.198282458121758	19.6336602538478
bemb1257	-2.14457760483038	4.77818460771904	-11.3657163415832	7.64745150781045
bhoj1244	1.04889329154011	4.73483987556867	-8.10170759123324	10.5908607603498
bian1252	-4.03094654110503	7.35732096177558	-20.0077851381508	9.21246572898546
biao1253	-4.55997759149326	7.37658238887532	-20.9396063313722	8.19206048566243
biao1254	-4.83876497568176	7.2629180527372	-21.1151544224904	7.42058010652328
biao1256	-4.81326850929597	7.23400902307343	-20.7114097500619	7.54882242070148
bier1244	5.28200022907235	4.34685687666353	-2.68278511619257	14.6329231467881
bign1238	5.30946828947457	4.33546409836151	-2.57104571064555	14.6969545351027
biha1246	4.94296160510084	4.28778090105912	-2.89048007446908	13.9365396305612
bini1246	1.66203237351223	4.78964727711	-6.74630177459207	12.0026492869169
bisu1244	-6.86291274864969	6.77333032719136	-22.0159845003822	4.31643978292245
bitt1240	0.970386149018588	4.63833135603405	-8.02967676805907	10.4691925874636
biwa1243	1.78236074133629	5.95045742085954	-10.3981610410315	13.3796426753745
boht1238	4.05368972403223	4.43452446226534	-4.21462523529798	13.5471849843214
bola1250	4.79177072797237	4.34653658766796	-3.27979866518267	13.9958612776966
boly1239	1.21130321051615	4.70245728692762	-7.83692778221594	10.8789011740043
boro1277	-5.60133150672883	7.70286679320579	-23.2895865363014	6.82715535127013
boro1282	1.90942183477812	5.18522925129405	-8.44300048766422	12.1270280730154
boto1242	7.69896473368164	4.53573586856885	-0.0355384057592887	17.9682248636955
boun1243	-2.01602835212857	4.78139600053922	-11.2424755542131	7.58180914933907
bret1244	5.04393498191844	4.75933751643587	-3.15420692902899	15.8967006030787
budu1265	3.8090185941652	4.40325985736928	-4.42071127954927	12.8107004137674
buga1247	1.20514965096963	4.69402283572013	-7.8868347043219	10.813739385382
buga1250	4.70813747816679	4.36673295320781	-3.47143355782854	14.0930217171627
bugi1244	5.33839048591307	4.35830306341686	-2.58175171125514	14.6255230277888
bujh1238	-6.84798537916892	6.82576610916987	-22.4589222022153	4.40566357616662
bull1247	-1.88798021184013	4.96738622570853	-11.5460295672558	8.04374746751045
bulo1242	1.10212085641522	4.69492176289435	-8.04897738474685	10.9305458176462
bumt1240	-6.81883612400355	6.7986320443023	-22.2154986091497	4.55705607700311
buna1276	4.48910950533319	4.34461961864773	-3.57825364974985	13.5513721145387
bund1253	1.11686011873712	4.75386272570536	-8.11958320840315	10.6261854649697
buol1237	7.0940887056779	4.4220717024211	-0.586953017494429	16.9491635725193
bure1242	4.67752316171946	4.33376419021606	-3.32767454620199	13.9697648579151
burj1242	2.76283411092169	4.47398048457345	-6.18477070017588	12.0729416363172
busa1253	-3.88425391030704	7.26540329340107	-20.3436158432748	8.48494681636511
bush1247	-2.1133015534454	4.81542033048565	-11.4748768525256	7.50496146491732
buwa1243	4.02501258844841	4.5330637468541	-4.46090569108804	13.4998561059109
bwai1242	4.51700106802266	4.34566204331084	-3.56109380539098	13.7652221558547
bwat1240	7.1214721040701	4.37909827926285	-0.247911791570938	16.7073990453134
byan1241	-6.88166684174251	6.78199941999852	-22.482298363497	4.60957996470264
caac1237	7.08480458397814	4.41075192775884	-0.368475920248387	16.9252448244841
cacu1241	2.06816768450006	5.26165277846695	-8.25129468072655	12.4710103076235
cahu1264	2.05666710628444	4.6547658129529	-6.60664463727366	11.7104790229767
cakf1236	4.67444387373678	4.31924608247528	-3.17104721154075	13.9544006737725
caml1239	-6.85086949090937	6.88137016333033	-22.4251513149329	4.71804368023532
camp1261	1.87807499986049	4.60490803197465	-6.67708918760089	11.6132076485733
cane1242	1.21177085761156	4.95947165370771	-8.3539805369481	11.0978229800254
caom1238	-4.52762142537155	7.32697492709139	-20.5773598874065	8.19974481703034
capa1241	0.880967524498356	4.95345269560768	-9.00918477504385	10.7774859520047
carn1240	3.38015790454089	4.70600225932337	-5.17372860142541	13.4624880798471
caro1242	3.74399989581035	4.23042060539513	-4.17294613642529	12.7206598043864
cash1251	0.924978830497484	4.95520072015117	-9.1623021897207	10.8261838828909
casi1235	7.83581045293576	4.52064306648415	0.288383390453047	17.8463735586666
cemu1238	7.09384141331901	4.40044492371529	-0.414513855747239	16.6991022456927
cent1992	1.11304680894578	4.69181256558657	-8.02413983386526	10.8077951821925
cent2084	8.06253296540193	4.52835353927718	0.511957368447239	18.269267544251
cent2100	6.58123702879178	4.44230152164263	-0.999113711552251	16.7271389309638
cent2127	1.99442241114544	5.05221426696414	-7.93829576289682	12.1827897650528
cent2131	2.54439837273336	4.66545395383205	-6.06700418342768	12.2283165942878
cent2140	2.59706229995191	5.21627910763706	-7.60798949712089	13.0753386846976
cent2292	7.06756160340923	4.36036707315965	-0.301560555523627	16.737145465844
cent2314	1.28762095207381	4.6836734478104	-7.69820034320481	11.1055066417848
chak1270	-6.81525112083373	6.91542557611546	-22.7575529558686	4.75680824711901
chak1271	-2.04918606906232	4.76488852458048	-11.3809336294064	7.47854814973635
cham1312	7.12313486287493	4.52185781960547	-0.59448832756596	17.3415160278409
cham1315	2.54530250918677	5.05134022883165	-7.32758113434096	12.8747529881524
chan1313	-6.80360280615144	6.89002275246941	-22.6464572323418	4.68631191831511
char1269	-5.60206643101496	7.60170149275946	-23.4786024782874	6.7749323130423
chas1234	-6.87852989987061	6.83298443620633	-22.5288737121207	4.43289657805076
chek1238	5.11882233661199	4.31372866274237	-2.49432694150553	14.4183377188252
chen1255	-4.80334464729092	7.34289674820179	-21.6050393665655	7.45761132688174
chep1245	-6.85217836941282	6.80092917450824	-22.3403286444196	4.57753440483849
cher1273	1.86285854782203	5.07410099690604	-7.95991318604971	12.1922839066557
chey1247	4.23772730029666	4.64512632753178	-4.21647144163097	14.0299379162382
chic1270	2.01924201179948	4.96100038938555	-7.80551849996477	11.8169758235827
chil1280	0.89416129574407	4.90489284419681	-8.8467169523107	10.6718946158375
chip1241	5.68403523667184	4.77285204961241	-2.76993536190696	15.8159239542769
chip1261	0.941215449567248	4.89677448270626	-8.80913112781072	10.8509556475239
choc1276	2.02490827879618	4.95604429463982	-7.79887974715543	11.6198403845085
chon1284	1.29402505046745	4.68087411589196	-7.66369247175626	11.1114932435751
chot1239	-6.86618788397732	6.7742437662292	-21.9871749567916	4.60667076320098
chug1252	-6.77779760832263	6.81397552115362	-22.0327075381217	4.56297189234047
chuk1273	-0.63143633879571	6.54760777905822	-14.7115618138016	11.4257122494312
chuv1255	-5.56977030808777	7.3861016799101	-22.0771781633627	6.93768319858107
chuw1238	-2.19541439765423	4.73444283615666	-11.445120848025	7.32905121785966
cici1237	-0.611312198426452	4.69927622097491	-9.48722630038431	9.02096438577414
coat1243	8.77998535073366	5.26262075642699	-0.507407188760121	20.3624425500451
coca1259	0.798548626418554	4.91080258711484	-9.04425154877273	10.5427360244846
coeu1236	8.34404473530277	4.84676098028092	-0.392776425355825	18.8763010732415
colu1241	8.56335482485303	4.87134754829113	-0.000159590331335043	19.0579967912017
coma1245	2.09068819987586	4.63502635334852	-6.66101590887056	11.5595629608536
como1259	8.88978012584668	5.04737784708202	0.0034856666896768	19.7836262092156
cosa1234	-6.85977639012362	6.83712964157186	-22.0704596093714	4.65912721339152
cota1241	8.14001959257766	4.51159830091726	0.74581569928932	18.4380296547711
cree1270	2.03832095046619	4.97040759909118	-7.92425385695429	12.0485862606699
crim1257	-5.58677401535358	7.38943956338846	-21.5593264602593	7.04426522137266
crow1244	2.60851430645729	5.06183690351388	-7.21500590439378	12.8589003698036
cube1242	2.08624064177841	5.08754513531504	-7.89898585618731	12.4782867472812
culi1244	2.47997342211417	4.94117391599881	-7.18811738995066	12.4948243441221
czec1258	1.35552349134741	4.69449104968808	-7.60754299245987	10.8792410362134
daai1236	-6.86066084383566	6.77548327486616	-22.0535407672675	4.61045435880477
daas1238	2.74599193713938	4.50839163945205	-6.10561295277438	12.0904956534385
dadi1250	-3.11049463116205	6.62287242631866	-16.9159288306463	8.96708682857452
dagb1246	-2.0407775599806	4.7201493053236	-11.4254738982989	7.55851940730248
daka1243	5.3573442027787	4.37525536999855	-2.73785863537645	14.8285265277073
damp1237	5.63994330185413	4.35545562249741	-2.08366092108685	14.9204511965796
dana1252	0.979777268458136	4.5925501360472	-7.72938368654279	10.4280504976475
dani1285	1.72182815720799	4.69039019303006	-7.22213872542869	11.232001199998
daza1242	-3.38475462916375	7.91728079696274	-22.0746889436622	9.79757627879266
dege1246	0.521289066070132	4.72042074949535	-8.12351391508452	10.4949106526823
desa1247	2.07788136157699	5.08505193061964	-8.13891783606289	12.5354878717999
dhao1237	5.47290196081558	4.35383966027377	-2.41152086634495	14.7090758998862
dhim1246	-6.82895023572438	6.94919390408962	-22.4350622593115	5.02972627159447
digo1243	-2.17290513538601	4.72499686433928	-11.2191135328172	7.46048462231679
dima1251	-6.8142040069346	6.90617104631776	-22.6280282479654	4.94821763376065
djam1255	-3.30353311223434	6.48581312211516	-16.9345162734481	8.87493799105431
djee1236	-5.12083928147027	6.9150305660438	-20.3364163093822	7.46087826887615
djin1251	-3.31004008511498	6.52589275553962	-17.1979892072079	8.84225026736552
dobe1238	4.87426426595925	4.33280294351824	-2.87503622610695	13.9793821009834
dobu1241	4.49420403697648	4.33909712118288	-3.42967629363077	13.8860765779959
doro1266	-1.47021637270037	6.81217516432718	-15.9480682329611	11.067961918315
drun1238	-6.81235746548341	6.87163653762902	-22.3593007392526	4.54074302540447
dual1243	-2.11880183315375	4.77515066484272	-11.5361934875126	7.39393113198769
dumi1241	-6.8380685468659	6.86745415386774	-22.4919981550111	4.46748865744488
dutc1256	1.73575497721624	4.70127025865603	-7.19776071329732	11.5882018389996
dyul1238	-3.864912491961	7.28430804186772	-20.4633794835346	8.27365852761113
dzao1238	-4.83670992205432	7.26905390894911	-20.9710273969082	7.58204278056913
dzon1239	-6.84652631872427	6.84628226351791	-22.0707161485113	4.53565562109952
east2328	-6.05895082314349	7.22287448189582	-22.3912092103443	5.9651122985191
east2332	0.999757503808961	4.63607318015057	-7.72419427601273	10.5173718461692
east2443	5.40979917322284	4.35146965637411	-2.47348066412615	14.7158364902576
east2447	7.28680651834857	4.30829269402465	-0.262762853118283	16.8270974500755
east2516	-5.68392446848747	6.62686577897022	-20.4873537925256	5.89800029716376
east2555	0.803447640187139	4.86965639151978	-9.10632547309302	10.6551065206226
east2690	6.02446505976494	4.56563078325949	-1.9812765295362	15.8814118506393
east2773	-6.84108134728574	6.84148127349924	-22.4647476398488	4.84613532877928
egaa1242	-1.94246107395347	4.89736565583435	-11.6787226251712	7.89321796967646
eipo1242	-5.73130793841935	6.72959150768873	-20.757788993959	6.08207913051059
ekar1243	-5.70770335466765	6.69405256596845	-20.9551895344907	5.85735106758957
elna1235	3.50023419172856	4.67114255320811	-5.16076628407065	13.3930758919435
emai1241	1.24409129093392	4.73823853885233	-7.18939552844524	11.5538526965959
enuu1235	-6.84303665659565	6.79419877151056	-22.1234769438634	4.50025800827584
ersu1241	-6.82490989534414	6.8268628312577	-22.6226823662444	4.64163010501593
erzy1239	-6.05060412075259	7.1891620971775	-22.2368232238326	6.12422221337013
esto1258	-6.07502135801625	7.18490514733001	-22.4245732067922	5.97315944320967
even1259	-5.05232802798729	7.59295946931243	-22.4768532380711	7.765876299518
even1260	-5.04815772383455	7.55674018073172	-22.4549956668219	7.83155194623474
fala1243	-6.85091892068625	6.72313367961639	-21.9440843260252	4.58713013386287
fare1241	-2.04731001689235	4.74063586010165	-11.4042447170111	7.58991551889602
faro1244	1.70425397239805	4.68245951880544	-7.23730675122875	11.4055966140929
fass1245	-0.839831152283833	6.50358161536165	-14.6439903621583	11.3933773997526
fiji1243	6.85992109256587	4.31558205363336	-0.784549191818754	16.1347133671994
fili1244	8.09027708801081	4.47501864503972	0.38810359094955	18.0515675081073
fina1242	7.28000293210104	4.40613783874711	-0.137397429325565	16.9792214220984
finn1318	-6.08127519356915	7.15803121840414	-22.3391703373286	5.9678732244689
fonn1241	-1.97343258798748	4.82613121557578	-11.2713218440239	7.70478881874477
fore1265	-5.9744860675511	7.19287862920461	-22.4343652002491	6.21943522625187
fuln1247	2.57008891754187	5.13606701322855	-7.79245778927139	12.7817437644674
furr1244	-3.72035113943539	8.07058542287856	-22.0266700801377	9.92249562830726
futu1245	7.45679227429751	4.29024437613141	0.175831224143005	16.8190376499491
fuyu1242	-4.07787151930743	7.36545694815326	-20.1084019217407	9.31527232919459
gada1258	8.02768583356314	4.54581850168794	0.429454150089795	18.2226129538377
gaga1249	-5.6129619261883	7.39384094753792	-21.9183488650644	6.90031953539314
gahr1239	-6.83349982311229	6.83695442392775	-22.3025602074332	4.52334433348557
gali1258	1.81497035042895	4.6245823731749	-6.96664155870623	11.3570632093341
gali1262	1.64076015122451	4.96914515668022	-8.0319480463175	11.7617664726149
galo1242	-6.77434538105786	6.87632988201663	-22.3598421893835	4.86795882690899
gami1243	1.13200505046152	4.97279315926146	-8.39377531748655	11.3590421563576
gamo1243	-5.55836395908003	7.65642449509353	-23.1697303932329	6.81453609381366
gang1266	-6.86731648245229	6.79078268352974	-22.1623552528664	4.50869307549756
gant1244	-5.64324711735554	6.74836725127674	-20.6364434327833	6.05307635542001
gapa1238	4.61861138430332	4.36897219252854	-3.31724364597018	13.8837794672012
gayo1244	5.97374561394899	4.31013185952247	-1.44771350759502	15.3155428122074
geba1237	-6.8562983879899	6.90164649062064	-22.4961003443697	4.74507858275581
gebe1237	4.90667811439456	4.33321545292014	-3.0787170337044	14.0185771016208
geda1237	4.53614377493666	4.32798079305571	-3.62441684796342	13.9101580765812
gela1263	6.22157200370679	4.35099099984072	-1.30168754151591	16.0498116709113
ghan1242	6.11379927522386	4.37100514516227	-1.57622501995799	15.5807438029946
gheg1238	1.3691526344875	4.87348152824313	-8.11134934723517	11.247201936352
gilb1244	4.08664404703771	4.24594073755548	-3.73264843228022	12.9612910541827
gily1242	-3.22496621345753	7.82293641176378	-20.4126854737453	10.7373781866361
gogo1265	-4.94759455230595	7.12162289128969	-20.5313444615215	8.02207077261891
gola1255	-1.89117286922019	4.9415046641717	-11.5870531377848	7.89106871116192
guan1266	-6.82150028719501	6.81479196026811	-22.5598795564316	4.65711799788194
guat1253	7.10354530033784	5.09496371883706	-1.93517952531493	18.5109876331984
gube1234	-1.9203333205035	4.95059912904961	-11.612753503775	8.02078005128138
gude1246	4.03099173338721	4.50105860823869	-4.33128003526532	13.6634551373629
guhu1244	-5.73453897595052	6.75119684817493	-20.7848732216116	6.23812482249379
guiq1238	-6.82711583434711	6.7895860506438	-22.6583853512221	4.55939784150327
guma1254	4.48257933396213	4.32726754786536	-3.63100411854168	13.6013893845425
gunw1252	-4.07248479121709	6.64110654742277	-18.6433737340579	7.73853650947184
guny1241	1.27367421018859	5.01427749921846	-8.32887276491487	11.4783499676231
guru1271	4.31909170174715	4.38005575231828	-3.68150943777574	13.6239527099402
gusi1247	-2.16345743382046	4.73580769698459	-11.3188765469179	7.33256866260586
gyel1242	-2.10904822715284	4.71746329938189	-11.2708563564875	7.3153751229015
haaa1252	-2.18277188697322	4.72834148862724	-11.3555897755994	7.4733449957656
hadi1240	2.75057081059359	4.47813279692125	-5.94945282523472	12.0944808470177
haka1240	-6.84707520875256	6.73274759144375	-22.3338943899038	4.73392315819639
hala1252	1.09388489411553	4.72455853527465	-8.01606180349254	10.9403569782028
halh1238	-4.63924982861869	7.81687405213467	-21.9962634567759	9.01231260109228
hali1244	4.84717588104315	4.31138825805655	-2.8058004485148	13.9476063846676
halk1245	8.90326010899777	5.04578769518805	0.146958326810954	19.8574779295113
hame1242	-3.46021727789018	8.00155304148893	-21.668803847619	10.2147526617461
hang1263	-4.69635317501579	7.16209740992258	-20.1077618425438	8.09022596937744
hani1248	-6.85908947833945	6.80215971611146	-22.397499367506	4.702957757251
hano1246	5.39402869477534	4.37341450960757	-2.37442385980362	14.7060462062885
haro1237	4.91927949675361	4.26444838290865	-2.92625101895947	14.0812972654484
haru1245	-3.82142463623514	6.93553775368822	-18.8966274764709	8.70690713544702
hela1238	-6.84967041716265	6.81932988455371	-22.3064414305956	4.56901877122075
here1253	-2.09305049974326	4.82648461324998	-11.5309192430671	7.47257416252729
high1276	5.70541772456189	4.91685237643909	-3.04873254256195	16.2599488948294
hind1269	1.11188134646245	4.71816967156658	-8.32880007880662	10.610478679311
hixk1239	1.65072227750677	5.01939132010765	-8.17441187517073	11.7072404468748
hoaa1235	-3.86759428604729	7.98932373432649	-21.9779164516578	9.74518579877354
hoav1238	6.31109333331981	4.40424126785005	-1.32271930197319	15.9525365867424
honi1244	-6.83976571727938	6.78886349945836	-22.0938809719959	4.66764888920754
hopi1249	2.09032678645264	4.65702692804861	-6.53159424636795	11.7608083729134
horp1239	-6.82767790788722	6.79331907691789	-22.3139242272303	4.65889835558316
hote1245	4.65265956286111	4.33733973017448	-3.2983619903933	14.0757627404561
hual1241	1.49440856401705	5.04584746015336	-8.64836455463945	11.491884454928
huam1247	2.15512732410455	5.05786669920327	-7.70194523798889	12.2592157975009
huar1255	2.65442409565206	4.64282377225382	-5.99401033028453	12.1798263541425
huas1242	5.96313741220782	4.86016595945029	-3.02156982089711	16.1389895378303
huic1243	2.84166215500577	4.60454467243618	-5.75002287390177	12.4346186942544
hula1244	4.02942805522732	4.42424755765538	-4.25401406884366	13.3883306334376
huli1244	-5.67352269966776	6.62221197275012	-20.4408720760282	5.95784301299248
hung1274	-6.02738973135041	7.21543987499919	-22.5029979714871	6.0336797933944
hung1275	1.27995321528021	4.7324936272952	-7.84869884465655	11.1954443875299
huuu1240	0.93400256270291	4.66587489294795	-8.02594562943412	10.4518208322789
iaai1238	6.60158715867576	4.38369302381311	-0.858499211246878	16.1351442224177
iatm1242	-4.69049357824744	7.14430171767318	-20.4172622501198	8.23089676299324
ibal1244	7.70584109980459	4.51290899397393	0.120023869500859	17.6673353458906
iban1267	7.98916690192093	4.53215946601087	0.456483153710213	18.199295019292
ibat1238	7.44367559338504	4.41903952943266	-0.0165239625776402	17.1806363635745
icel1247	1.70189743768323	4.69007652269069	-7.31751477246328	11.3907382853035
idii1243	-5.23526230255365	6.95807656431485	-20.2217834721656	7.31426598711216
idom1241	-0.647115268831026	4.74948844213184	-9.80624109872378	8.9375599881596
iliu1237	4.77174986850034	4.31075732286142	-3.06090721426115	13.8746471509144
imba1240	1.47628046992222	5.01712979676846	-8.71498800795405	11.390586060595
ingr1248	-6.08207562214577	7.17185645158711	-22.6703783716984	5.82751759738558
irar1238	4.98722648912154	4.3352116456029	-2.8759535341052	14.5099542312136
iris1253	3.34771215764064	4.67990803371982	-5.03168983215415	13.1332617423858
isco1239	0.887582968200828	4.97637264918317	-8.89684848178605	10.9400282159973
isin1239	7.54842196370611	4.46335563551189	0.115067608542959	17.528669579873
isth1240	2.57868437172017	4.6396938990446	-6.14112118392887	12.1577042740694
ital1282	1.84597160248814	4.61665861364872	-6.6602844907257	11.4353748604237
iton1250	6.78685115806215	5.10066597041211	-2.12669240366789	18.0031852782098
itza1241	8.6202097373624	5.14944609512031	-0.566928780583342	19.8329371654103
iwal1237	4.66986271259637	4.29015117848138	-3.20673712344827	13.8345874483596
iyoo1238	-5.6764044274101	6.70191709787152	-20.4723578304266	6.21787331550165
jalk1242	-3.89978960241168	7.23796367438986	-20.3666824907056	8.2839978169507
jama1261	2.48887649366584	4.93138553921247	-7.23006651928324	12.6147363798657
jamb1236	4.7931945404625	4.22709499730388	-2.9295276879841	13.8902192173411
japh1234	-6.82825825591596	6.79495861802261	-22.2301794707852	4.51313507964817
jara1266	4.94588554517546	4.2755525847778	-2.87269649172404	14.018425148273
jina1244	3.83355904748702	4.45697483774725	-4.46158863833609	13.3316344927838
juku1254	-0.92288828779843	4.78763225502926	-9.99881380903707	9.19091621379762
kaba1278	-1.18498875892943	6.70201440654003	-15.7875184366487	10.9412761519008
kach1280	-6.81221614100487	6.92281547290311	-22.6367419866907	4.6178846597644
kach1284	-5.60233606433387	7.6234273136312	-23.602133708869	7.22278099428488
kado1242	-6.82092970321541	6.93516071329007	-23.0083255373019	4.67686298841964
kagu1239	-2.17595194767889	4.73084448597375	-11.360938101212	7.36804466443746
kaik1246	-6.86150712983927	6.83264892747957	-22.0506782743366	4.61776595067996
kala1388	8.02060615741757	4.43583070344513	0.44602371185935	17.8732761062888
kala1399	1.99745974948512	5.07244177657888	-8.07278072397396	12.190762497835
kamb1299	5.02957303548486	4.32406087149331	-2.7578244798135	14.348736418246
kamm1249	-1.95406297610256	4.84165319581734	-11.4985362249892	7.76219663189759
kana1291	2.66396115308526	5.22064631593036	-7.71586618862683	13.1204987751952
kani1286	-5.61411071175005	6.66618614448716	-20.2928505013254	6.2128758505549
kank1243	7.46332188331704	4.42318024222888	0.117020900911133	17.1471400691211
kaqc1270	8.42993512022296	5.13528860355763	-0.653768297331562	19.2130901280006
kara1486	4.62884192249333	4.31494322255015	-3.12400357008271	13.7172173750657
kara1500	1.393150899857	5.05688899532693	-8.58057635038049	11.6096752868673
karb1241	-6.88374272306152	6.79779101637055	-22.569040764959	4.54236692613469
kare1335	-6.08218689504416	7.17463323699018	-22.5192337397972	5.86677976635808
kari1311	0.885545722873231	4.92225223660097	-8.77517399680378	10.7347152344564
karn1252	4.5444086004259	4.31138154583622	-3.49661009207675	13.7589618824589
karo1304	2.57890723388845	5.2266031508938	-7.83913962346476	13.1127005968277
kash1277	1.06997384935879	4.73982036692703	-8.02107705379521	10.692949274885
katb1237	5.31946461285209	4.33706092719822	-2.54893820432086	14.6452755247491
kats1235	-6.86021200752667	6.81017799397316	-22.04143840179	4.55338743856867
kava1241	7.49306939669543	4.64962911199659	-0.471451501898529	17.7890726365941
kaya1315	-6.82143300540603	6.90430078465105	-22.4749989553065	4.76916443883939
keap1239	4.76169364064569	4.31963451158559	-3.14295115348495	13.7995913192189
kele1258	4.73748825601249	4.28165284510305	-3.27997851928734	13.7421723106991
kele1259	7.71916283646024	4.52708408570252	0.114245842659231	17.7123874620077
kemb1249	5.39788351865299	4.32990738248518	-2.38349043459092	14.8849463117367
keme1240	-1.89878736840337	4.79118784719721	-11.5487810483111	7.78011178264829
kenu1236	-4.30050971479884	8.0749224407989	-23.189395571775	9.36267051562035
keoo1238	4.98481288955251	4.27981545078746	-2.70293796217944	13.9737731143296
kera1255	4.138703093845	4.50677828299835	-4.15497978700725	13.4796462958606
kesa1244	-5.65914240974039	6.70094737562574	-20.1551938129494	6.16653465800952
kett1243	-3.70999869220882	7.89730441501675	-21.5099457197159	10.2550199363818
khal1275	-6.82833004495045	6.87561327817042	-22.5577245263276	4.57844978950786
kham1282	-6.85193066152705	6.80928726192801	-22.1340047839554	4.5950690413919
khan1274	0.957619563492279	4.61859501581508	-7.98743249150156	10.3390183171173
khan1277	-6.83629413816389	6.82226439354307	-22.2087072282036	4.41465023755919
khan1278	-0.810349926389907	4.7903606884187	-9.83351537649495	9.22373757034876
khas1269	0.979639911686494	4.65941123994972	-8.14953391075038	10.3995906080822
khez1235	-6.86355820890895	6.84037412671662	-22.2683493803413	4.78098497875284
khmu1256	1.0668131895139	4.66489263780356	-7.80333705362579	10.634352252687
kich1262	8.42488136617166	5.17474585217924	-0.766448336423076	19.4315172382684
kile1243	-5.0440068269036	7.55794784133004	-22.5823698489318	7.60740374947755
kili1267	5.49955518053418	4.3313235969078	-2.14976988127685	14.78947093752
kimm1245	-4.80845008030435	7.24757061904941	-21.0628430900955	7.1802829141631
kiow1266	3.26200567857679	5.16066721089743	-6.51726230198537	13.7260564443464
koda1255	-4.83755330370679	7.3085281770145	-21.6227168602629	7.48549387483326
koho1244	1.12093450979361	4.71347680720894	-8.09507647427873	10.8395345454155
koir1240	-6.8534730500855	6.79619973257048	-22.421993771049	4.67299357607411
koka1244	2.07897016448612	4.83708359696052	-7.06124935947882	12.0745652236126
koko1269	5.69504872664769	4.34435445779798	-1.89185155965011	15.0953925563146
kola1285	4.90855160803426	4.34849647378843	-2.82484412589169	14.0258879034205
kolb1240	-2.03683398876572	4.79840181142134	-11.4868814175633	7.47534941247917
kolc1235	-2.10362010500288	4.72514060763134	-11.3976573813911	7.45683037409047
komb1274	-5.68765770522981	6.6763248560291	-20.4662924171733	5.9764477393527
komc1235	-1.72899715114501	4.79467375870882	-11.058170270933	8.16025118418293
komi1268	-6.02389505402565	7.20413777282278	-22.7082698379064	6.15546331939114
komi1269	-6.0305262480317	7.19463474551902	-22.4877082271602	6.11359996141969
kona1242	-1.1516521976198	6.5862699031749	-15.3823230363135	10.9835199827747
konk1267	1.09415870741161	4.72709298243478	-8.11260245103437	10.5916721216109
koon1245	-2.11400579805507	4.70586587859867	-11.4050273655711	7.29080538585374
koor1239	-5.5866955007248	7.62697009147648	-23.082901386867	6.69708820505505
kore1280	-4.05244899213327	8.0650977002751	-21.4675679484061	10.0138748722361
koro1298	-2.05466922997818	4.73335905551232	-11.156699964927	7.48134815815122
kosa1249	-5.729738620709	6.72820217325363	-20.7597792946876	6.26068790911006
kosr1238	4.27650398164858	4.32754276379697	-3.65452100608335	13.3992494983072
kuan1247	-2.08448430862394	4.80124311356376	-11.5324979013875	7.50016035023895
kuku1273	1.26793545884573	4.94306726367611	-8.15692652609027	11.374845933914
kulo1237	4.84860999441336	4.49397286769837	-3.3020204420709	14.5153018299208
kulu1253	-6.84206828994436	6.84394551355932	-22.264578047377	4.66966436478612
kuma1276	7.10176030019982	4.41867771508679	-0.449133742620439	16.8206858211765
kuma1280	-5.69650513423554	6.7658877509043	-20.6385208343208	6.15349871174937
kumb1268	1.17010415600917	4.98558041123485	-8.5616224883492	11.2802685931016
kunb1251	-4.0573972279498	6.66649052117073	-18.8370606522788	7.91618657044148
kuot1243	8.69046781163692	5.3289076856892	-0.410623899082368	20.4924274511974
kurr1243	3.93747512979617	4.8156951045763	-4.6751782057191	14.1354316750382
kusa1251	6.31025983517932	4.40904646105115	-1.41040006850195	15.9498421862665
kusu1250	-3.94192829890218	8.031186331264	-21.3773811709763	10.4338315312178
kuvi1243	-4.84467721977789	7.33197258010667	-21.7194547003835	7.66788387591891
kuyy1240	1.01028890203577	4.62836721614962	-7.70084207972036	10.7228485917164
kwai1243	4.89452910564317	4.28971188340618	-2.91299422286476	14.2957714348617
kwam1249	-4.47619144301703	8.20599062467362	-22.4626668837786	9.59981479079709
kwam1252	5.41635629942664	4.33496512614082	-2.27256822810267	14.6903498917979
kwar1239	4.84510884756912	4.30118749778275	-2.99517863805935	14.3957694712021
kwin1241	-4.36092013087495	7.37879517894253	-20.7800695647786	8.5681334828347
kwom1262	-5.11407649477171	7.02971675619733	-20.1921785915781	7.59352394507192
kxoe1243	-4.55339777232611	7.88393836321254	-21.7896323574448	8.59041768693948
kyer1238	-6.85560457685787	6.8247078184693	-22.0944911389916	4.52988310995211
lagw1237	3.84231326409718	4.45755739996547	-4.20542967118056	13.1451594080238
lahu1253	-6.88640538694289	6.79142657963525	-22.4992453538263	4.45020331335736
lala1268	4.72228489295762	4.30833855885347	-3.03180951005174	13.7440507331103
lama1277	4.71424066439187	4.30227253307757	-3.18692859340981	13.9130770660248
lamk1238	-6.85786037060509	6.80546966603011	-22.1510903876398	4.82157572813421
land1256	-1.90852474913723	4.95490930374273	-11.3902008418859	7.95447558111934
lash1243	-6.88527989887548	6.80894345684316	-22.2821336421471	4.32862440484774
latv1249	1.46238546181731	4.74347143847947	-7.65987854012214	11.1461036150083
lega1250	-2.14898098586308	4.71869026277293	-11.381388861539	7.31839813273893
lele1267	5.22927466514963	4.33203086206047	-2.67092248629206	14.3436894297667
lele1270	4.71747907119655	4.28961252984083	-3.1841461844774	13.8239878835599
lele1276	4.10671125486457	4.48815123657511	-4.09221271746726	13.4639808967808
lemb1266	-5.699047285774	6.63592972932542	-20.3683532450921	5.90380029155764
leme1238	5.26383955055613	4.34549087965211	-2.57503957345616	14.4665149155527
lena1238	5.42926444427951	4.30618770384228	-2.14403421537683	14.7572907751704
leng1259	6.15716812463464	4.34854196772126	-1.49142313180585	16.048066233659
lepc1244	-6.83746823076205	6.82867199649326	-22.386856661685	4.50659567735631
leti1246	4.76558001834908	4.33517518158508	-2.9144296429676	13.9117421188876
lewo1242	5.27403074951309	4.33475127918297	-2.81875503467677	14.4234302232231
lewo1244	4.72253788856133	4.30509997645058	-3.22649474349613	13.9702219672658
lezg1247	-3.96173684318433	7.72924534957934	-20.7886704893591	9.49696260739245
liji1238	-0.949214765233787	4.75551831491377	-10.1408044146875	8.8566184891265
lill1248	8.58431226654672	4.92395477666543	-0.279678135441167	19.3792931922879
limb1266	-6.84675229487086	6.8510397203073	-22.3251790321059	4.59964480665912
lipo1242	-6.83726621288787	6.76649800752958	-22.3603533874447	4.61452400346506
lish1245	4.02594289257325	4.44622523426671	-4.44358024715502	13.4234261965342
lisu1250	-6.84717045588531	6.80284269803979	-22.1999395053976	4.61325536933268
lith1251	1.47893594119454	4.72858448446994	-7.74671262137097	11.1960508736571
litz1237	5.30794017016907	4.39077323230023	-2.70323387948698	14.5179360294079
livv1243	-6.08684751477006	7.17277505211652	-22.5678051581316	5.83209232815998
loka1252	-0.777681776221709	4.74812206250646	-9.87968307337786	9.08382877540932
lolo1259	-6.84397280892773	6.77437973541998	-22.3044840424809	4.51519641822241
lomb1257	1.84069158229166	4.60667136750976	-6.76667444995854	11.4146910721954
long1395	5.9572921995242	4.33352596095703	-1.64358077633158	15.6793552581895
loni1238	4.73712972996022	4.27807631009211	-2.99176520963017	13.7525292770686
lote1237	4.49886480050004	4.34166456293003	-3.60944693549057	13.4576964718623
louu1245	4.80098936572996	4.31094457777848	-3.1151658916133	13.8366114974124
luan1263	4.74089800361944	4.34739444309079	-3.17404929887372	13.8201464192901
lubu1243	6.88961372311914	4.36785070063722	-0.639667626730676	16.433764662123
ludi1246	-6.08425928635081	7.18271496406624	-22.5688513876606	5.95571694094643
lule1254	-6.10355189551319	7.13966626485593	-22.1142316656584	5.93995446692491
lumu1239	-3.65661384934297	8.08493345636365	-21.6724752726416	10.0159735800348
luok1236	-5.00455862113742	7.76958423948239	-22.634309214183	7.97699813786151
lush1249	-6.8696924873451	6.7585322493359	-22.0639130003455	4.71241938703381
lush1252	8.95206317928282	5.05744603236544	0.10237883822345	19.8276257233887
luva1239	-2.07917123951535	4.76130947855921	-11.3658886009219	7.44903754088666
luya1241	-2.07272445825661	4.74860770985437	-11.1464928714529	7.79405778237587
maan1238	6.02507401673373	4.2741107755298	-1.27720065070286	15.3257631253556
mace1250	1.37303906374821	4.67630326491138	-7.65939891773391	10.8626363856875
macu1260	2.09619414891071	5.0861672129139	-8.10990662257099	12.4432285728956
madi1260	-4.33414592092803	7.93380907943808	-22.4220507873324	8.63673256943916
madn1237	-3.61082308440825	6.78672300945654	-18.4476962105437	8.64884957174504
maee1241	5.30982697219128	4.35517987140369	-2.63584428292407	14.8486309330227
magd1235	8.72917771826261	5.20951326599873	-0.581576050258365	19.9625219695099
maib1239	-3.69106071679601	7.64742449522761	-20.2602010049447	9.94961063325253
mail1248	-2.75694949212642	6.55399736368085	-17.3993020221556	9.48153013651343
mais1250	4.65787419511309	4.35641271744944	-3.38044830379447	13.8514113448896
mait1250	1.08549441682222	4.72666640241567	-8.10772520702368	10.6753924047971
maja1242	14.4706388178925	6.22020979887662	4.31803630917048	29.211002781602
maka1304	-2.09645589817448	4.71457696817385	-11.4156527184581	7.38850530557889
makc1235	-4.54129478937387	7.35674594534229	-20.5897752608662	8.38961516550596
makh1264	-2.17213328279789	4.74544678316936	-11.497688633446	7.30568111037567
mala1464	-4.84274810803068	7.29924567753158	-21.7031316854581	7.33522786319269
male1284	-5.58710816004186	7.66243324640636	-23.1074435855496	6.98305849327757
male1297	2.04106696554653	5.15142048105905	-8.20413760210568	12.2530094838595
mali1285	5.14182736383139	4.78798321021636	-3.59377916497449	15.4044925389321
malo1243	5.36496529078387	4.37324142434577	-2.44479398743663	14.6623625937066
malu1245	5.3419540725224	4.38336763908129	-2.69936372850716	14.6756637967179
mama1275	7.66782825025941	4.39258991669211	0.215655689418944	17.571516096475
mamb1294	-2.00960964470215	4.7734366241733	-11.1459374115416	7.6468410406122
mana1288	-6.84131079863486	6.85619557195201	-22.6651224519829	4.66129676972103
mana1295	4.75845439431555	4.37098317459863	-3.35625680585843	14.0879697531276
mana1298	-4.68231345040728	7.14387537549613	-20.4947566292177	8.10394217479513
mand1415	-6.78511156283754	6.85514569151089	-22.2172452222168	4.5558438346385
mand1440	4.59378807320351	4.32158236504372	-3.36466285999087	13.7233419884295
mang1378	1.21659048413242	4.71789301330182	-8.02114991817067	10.9361904643994
mang1401	8.41981202727656	4.39125558966764	1.04733386614316	18.2960414179362
mang1403	4.58914124034594	4.33967938864711	-3.38647493013585	13.7006611051655
mans1262	8.05029080137616	4.44300693244974	0.495560584418128	17.9352114204884
maor1246	8.45899169073817	4.39459486207724	1.18674695839353	18.0433810826347
mapo1242	4.64340400634861	4.33167495728924	-3.27174679254563	13.7529186801188
mapu1245	2.47348769334777	5.2275141936404	-7.93545564446469	12.7043735465665
mara1378	1.10634540007614	4.7429052291896	-8.03829084267512	10.8921596641902
mara1379	-6.86089873908933	6.84106710809946	-22.4640148274863	4.82533440681595
mara1382	-6.87986509475519	6.79725814691179	-22.0719489288944	4.53650392499882
mara1386	-1.07894146199406	6.53610743512355	-15.2300485589795	10.9116317563541
mara1399	5.30898050461886	4.36642478558058	-2.71608891024334	14.8524359531926
marg1265	3.93880554256785	4.44593585807408	-4.24663280433244	13.1507916076986
mari1416	-6.84106440559275	6.83467208746134	-22.2074393241777	4.60668909058487
mari1440	2.83731956500734	5.18285182901992	-7.11892885183711	13.3663119320077
mars1254	3.95640755508448	4.24784457494288	-3.92854394943873	12.9535769649023
mart1255	2.96054708814208	4.78006596035943	-5.6884389275017	13.0387538814565
maru1249	-6.85833035014422	6.81243461912467	-22.6228715944848	4.66968226296167
masa1322	4.39705860291305	4.47732870702409	-3.87500623950252	13.8723861886333
mask1242	5.32788534838033	4.33851941443792	-2.4870742180383	14.6547958279765
mati1250	8.17918792857069	4.54435043731061	0.619889356211914	18.1434108740765
mato1252	4.59050641063631	4.35205803878046	-3.56182165199011	13.8482033723133
mats1244	0.963763640461051	5.02006172471638	-9.16695601790489	10.8640944612257
matu1259	-2.18122275848422	4.73643296531769	-11.435556561634	7.46105931599221
matu1261	4.5387095471282	4.36556467495217	-3.54714317508451	13.6893084120456
maun1240	-3.79583785055778	6.88691063812519	-18.7034316441679	8.57792845654072
mayo1261	-2.01617219343904	4.78128902037253	-11.2287627600601	7.62911003594203
mbol1247	-2.06892215717313	4.78905185918764	-11.4114958405545	7.41040213441281
mbul1263	4.53289206988451	4.31660773119973	-3.43374738285399	13.5984749139657
mehe1243	-5.12065509035622	6.93567872457298	-20.1886391396954	7.21623292619047
meke1243	4.72577009567381	4.29125348592261	-3.15631520474286	13.6937479357643
melp1238	-5.71253807696556	6.73190607809743	-20.532244844296	6.03594607129963
mere1242	5.39042994671271	4.36794871037094	-2.52562407876051	14.6765129564446
meta1238	-1.73148104164145	4.8256898573596	-10.9124156420447	8.1513212179053
mezo1235	8.72207813538196	5.25946620534063	-0.510930652698966	20.4546593511522
mezq1235	5.43849244753095	4.77536874450927	-3.32102787653957	15.6256386994992
mich1245	2.62684252043377	4.64385743119213	-6.12418194575919	12.320861817389
miju1243	-6.86442896333138	6.904099452986	-22.5479431866916	4.78169251457657
mikm1235	4.40688182491162	4.65788200255776	-4.04577853493719	14.2481847909236
mila1245	-6.7794792446778	6.84697769599998	-22.1802522708821	4.84184730149894
mina1276	3.99242489419863	4.48184708795944	-4.3498390674502	13.4589478133544
mini1251	4.82027717190138	4.31300572559507	-3.08653641288796	13.9189186385837
minn1241	-6.78775383396268	6.80746813409199	-22.1399632689755	4.8704810012646
misi1243	5.1278272655368	4.28668391158669	-2.68242654284758	14.4438451133925
mixt1426	8.74895553484723	5.22796250121347	-0.601578097787106	20.2358453971567
miya1259	-0.917715602131149	6.11150733188497	-13.8976453003849	10.082666497075
miya1266	4.3419231943527	4.38748697722478	-3.60476847516142	13.6964044453929
moco1246	2.05795187816667	5.06037121047148	-7.88124552738858	12.2888902085791
mode1248	1.388041577028	4.938288988794	-8.20998907563144	11.5371348189538
moki1238	3.88550197853999	4.25264025598409	-3.89397748721874	12.842586260785
mokl1243	5.49673027001678	4.27348905572126	-2.24470820323921	14.6764584046059
mokp1239	-2.1020947588172	4.763231913782	-11.4368669179564	7.37057486940502
moks1248	-6.05941564836536	7.17221375392562	-22.2259699584435	6.10501374674036
mose1249	2.48700053197708	5.18355077027518	-7.7918941646892	13.1308529951562
motl1237	5.27704052786502	4.3445725950732	-2.46085817127728	14.4144398818127
motu1246	4.72731320238159	4.31816921046657	-3.09200583473278	13.7279553554467
moun1252	-4.93653221919655	6.93343542937339	-19.9956995240624	7.38839928545083
movi1243	6.93927740771445	5.11370257163434	-1.91225460449099	17.6733687661909
moyo1238	-6.84484776683146	6.78650662118957	-22.0601193502596	4.48548442074964
mpad1242	3.84706866766614	4.43740735654883	-4.47532880073565	13.3516213081688
mpii1239	-6.85734384962137	6.78721104547179	-22.4091068748306	4.70118244384074
mpot1240	-2.17086912189132	4.72544971511227	-11.4596779497055	7.51444720215515
mpur1239	-1.55417439375854	6.75560569658534	-16.4430208020278	10.6774665656096
mual1241	4.90938747558686	4.28863893941501	-2.93576536496063	14.0003897871871
mudu1242	4.84228881108457	4.29984057648194	-2.95690571273118	14.0688287342785
mull1237	-5.07955215041005	6.98255082594804	-20.3089360720704	7.66386731769936
munc1235	-6.86273360098259	6.77884985561454	-21.803734158796	4.64543171915964
mund1325	-2.00132277555173	4.77688629558447	-11.1851884295623	7.62495188767065
mund1328	-1.79405674838221	4.89819722173201	-11.26402668443	8.23968917527502
mund1330	0.86615148432911	4.91231832701357	-9.04216536947651	10.5874037390114
murl1244	14.6097938019824	6.21751122722922	4.76344607389684	29.4542916797557
muru1266	1.18723572176445	4.92922958558851	-8.11154605444688	11.1742026582418
muru1274	2.55076189047298	5.13435706607468	-7.39112942046885	12.8607172897251
musa1266	-5.69296789887224	6.74038058936796	-20.5304006596882	6.18107556816203
muyu1244	5.40552110421937	4.31729170982321	-2.28252665387164	14.6581986302059
mwag1236	4.84177699733952	4.32144557251419	-2.82999833231526	14.107246868027
mwan1247	-2.18299852506861	4.68901284874218	-11.4432623024469	7.18563421989116
nama1268	5.30913675359949	4.35176843580705	-2.67869517800573	14.4629117035574
namb1293	-5.02612522982885	7.13247053729722	-20.4774759481383	7.71235111420535
namu1246	-6.85370196288573	6.84607483818772	-22.7364869875766	4.63094870540993
nana1257	-5.04147619501404	7.5725099943638	-22.7939855192475	7.96156513643902
nang1262	5.08770472242902	4.34948110000011	-2.7441798680953	14.3453759974844
naru1238	1.82702138293726	4.91154031699473	-7.32392061398177	11.9580758138203
naue1237	4.78998183954696	4.33630219178195	-2.95571534458791	13.85873130934
naur1243	4.41130973672398	4.31129863506197	-3.64146264912527	13.3489888522785
nava1243	1.00560178702447	4.87187916355417	-8.56277264493767	10.7733622216734
nawu1242	-1.97084894013197	4.83768351829929	-11.5847267690433	7.67407388947512
naxi1245	-6.84033886148808	6.84582085485862	-22.4637299278365	4.74282492799472
ncan1245	-1.90031730811868	4.80184945629901	-11.2984645396752	8.08722924620715
ndam1239	-2.13325267548822	4.72827370573669	-11.2640562399589	7.45776008946341
nege1240	4.82131463318885	4.25350204351855	-2.89094166939358	13.9612024374785
neha1247	4.77567220089832	4.31117351570501	-3.10856640927581	14.0167273051179
nend1239	-5.65886818940514	6.78855599342875	-20.5347445118435	6.35518814083537
nene1249	-5.97939011671351	7.21936495388912	-22.2636955350308	6.14645843905991
neng1238	6.75656959429337	4.38865928389677	-0.733792994152115	16.3598716600856
nenn1238	-5.06618408625113	7.12397823793048	-20.536641654097	7.621075195105
nepa1254	1.08236519870091	4.75895309574527	-8.22226511683395	10.7033058151816
nese1235	5.34491724154721	4.37939235196764	-2.63516478965931	14.8803219253466
newa1246	-6.85170614568283	6.85485880946259	-22.5694026239017	4.77428216625897
nezp1238	2.23982778269897	5.0159867416686	-7.56829284142841	12.2967356133172
ngal1292	-4.05506965004467	6.63535546447943	-19.0218491665189	7.73880127324282
ngan1291	-5.97781867212966	7.28402220587327	-22.712435979613	6.26162641702429
ngar1284	-4.33042311964296	7.36811733257062	-20.751816532781	8.69075896997488
ngas1240	5.8232871802434	4.42169583879662	-1.69794821579835	15.4073289857678
ngba1284	-2.00518930332584	4.81001590537681	-11.317606621337	7.58946509631571
ngeq1245	1.03383379346075	4.65468886534889	-7.88044269322986	10.54310244203
ngit1239	-4.33766845618812	7.9252463767823	-22.5326385951788	8.61411289154448
nhan1238	2.295166623888	4.82426190522155	-6.6729849799942	12.455257110121
nhen1239	0.803028035982116	4.87721914668798	-9.00965373184816	10.4442495719453
nisg1240	6.43745551567321	5.22153364531365	-2.86201065319795	17.8029856420931
niua1240	8.393396778701	4.42880312330945	0.934249023908285	18.3106807256108
niue1239	8.13028782401467	4.39252660324158	0.775480496374347	17.7941020538114
niva1238	6.92413484157491	5.19512033243906	-2.11206735171066	18.2687076603991
njan1240	-1.68530851501921	4.87185850156596	-11.2097390996947	8.02222973172347
nkon1248	-1.96972665287815	4.84015707975574	-11.59690912499	7.77884997279703
noct1238	-6.82503573745607	6.88254886701576	-22.1639073046632	4.76918819940938
noku1237	5.35266257454523	4.32003438560197	-2.38132724455845	14.6429967765301
noon1242	-1.87159927387474	4.98597744419074	-11.6942475481218	8.10533610201418
noon1243	-1.88239731966619	4.81172353034178	-11.2457185950625	7.69835102899432
nort2684	1.51699477875773	4.69056863902713	-7.30654242434626	11.3512543816856
nort2690	-5.5842543228876	7.39135407111239	-22.0138801659763	6.93831369362991
nort2722	-6.82380608382643	6.81335133809089	-22.364043461807	4.56065020628249
nort2723	-6.83663028367053	6.81642653736342	-22.788160299903	4.63064818997978
nort2732	-6.809348867055	6.89520980523883	-22.4687299234162	4.82990794649337
nort2745	-0.57959121680941	6.55730228508263	-14.2010037040378	11.61593377661
nort2747	-4.85828086020142	7.31427475354771	-21.1685517597062	7.57740337365878
nort2839	5.34630889088098	4.38313002558258	-2.50750256543505	14.9760380985499
nort2845	8.41824774447267	4.39415650355862	1.01223714560819	18.1716540394246
nort2885	8.17236442667881	4.52652099206515	0.628237955305354	18.314080230418
nort2930	-3.80447338535096	6.80748121626946	-18.4827582414186	8.47746807005404
nort2938	3.01294344424927	5.02893927012887	-6.58666634773362	13.428398306119
nort2942	0.918327243278086	4.89077782811385	-8.72912974478701	10.5483195675825
nort2951	2.70216996064217	5.17685457999563	-7.53891552285516	12.9497748973007
nort2954	2.11082523451786	4.65332509291477	-6.66493385367888	11.7627113261882
nort2959	4.50686444511181	4.7823500298484	-4.11088991219884	14.662637041445
nort2961	5.25324476461413	4.68251186242889	-3.11589940672	15.3101048845711
nort3047	3.99153750257032	4.43592754297412	-4.1046398381028	13.4778518142523
nots1237	4.58626346425015	4.29931918676287	-3.3423390486485	13.7147109775897
nucl1235	1.4220849381774	4.88404223649701	-8.25377350541748	11.1490112358875
nucl1301	-5.62791688556735	7.43307210976161	-22.0866092489889	7.00284639877664
nucl1302	-4.00026857588674	7.69130234847103	-20.5858064514876	9.62620140974485
nucl1305	-4.8671733319518	7.31988860261866	-21.4180983122422	7.3663296002954
nucl1310	-6.89893077741481	6.84140208735349	-22.9116150202841	4.34346413641954
nucl1417	-0.929153876148107	4.79490520985273	-10.1084998994582	9.1418457771061
nucl1593	-4.94793285279923	7.02454416759909	-20.7425950809849	7.65763355886677
nucl1622	-2.47581752888552	6.43433803264066	-15.821101194762	9.32867413597941
nucl1630	-4.93336156312781	6.91954885000082	-20.0377022181598	7.68159202629919
nucl1643	-0.882761775567701	6.14741435922106	-13.8289449074356	10.3829779337457
nuer1246	-4.98275450018411	7.82521986965646	-22.6111918715288	8.16171003625933
nugu1242	-2.05735832136909	4.7772702797135	-11.4279696298328	7.45898267434174
nukn1238	-5.62425743389807	6.64261313177156	-20.4887586416286	6.14631580976272
nuku1260	7.3754791926138	4.30088080288957	0.0332601652464038	16.6818617370059
nupe1254	-0.972057533873053	4.79878066697396	-9.85183817208145	9.12322299543824
nuuc1236	6.05474464933349	5.22578817843421	-3.01089015859156	17.1715489325085
nyah1249	1.12595587143134	4.67612806333621	-7.91300323346833	10.9238321165632
nyah1250	1.94631292610405	4.65160202558792	-6.66109636375027	11.8266093162687
nyal1254	7.18165129589587	4.44805350550413	-0.289641022547923	16.9678701409712
nyan1307	-2.21010842912459	4.71506183829118	-11.5481669946669	7.59147762891101
nyat1246	-2.16140650692297	4.76091513326296	-11.2956694198697	7.45716900863846
nyor1246	-2.19696885647456	4.72608517959198	-11.4655404473654	7.53395628194072
obok1239	-1.2003267831273	6.59124606449699	-15.2390324903597	11.0583688393677
occi1239	1.81350360223168	4.62244735874681	-6.96805284713624	11.3120707805376
okan1243	8.03921792166361	4.78911990903697	-0.577441351010174	18.3808042404175
okin1246	-0.909683052765655	6.09467225349938	-13.6933093033354	10.0825141151464
oksa1245	-5.71680899221201	6.67244739894838	-20.4742169623459	6.05422269042431
oloo1241	-4.92156615305053	7.01614625678386	-20.4149165928531	7.57421624359089
olut1240	4.8305509381311	4.76874536438896	-3.96339179563587	14.7588424908215
onon1246	1.65472214827899	5.05201739936113	-8.20767333995388	11.9948633989683
oriy1255	1.08177202152405	4.75829687925446	-8.40051292865627	10.5474140216411
orok1265	-5.04540943794455	7.59094627963243	-22.7255663947789	7.92222694617301
orow1242	6.360713324748	4.35271345259037	-1.18455006238959	15.7655980723175
otta1242	5.78035082284395	4.7730045576351	-2.73120533144893	15.9906004825003
paam1238	5.38970188603921	4.37454229688447	-2.32514869932284	14.8298693418622
paas1238	-2.05329891495604	4.75211086730602	-11.3929585057632	7.53253138893665
paco1243	1.02939428166587	4.62549369207312	-7.71891580128666	10.6259584261807
pagi1243	-2.01853756066599	4.724319472781	-11.2514971551234	7.57151539363994
pagu1249	-5.22455984997828	6.9006824905859	-20.2444280295456	7.53093205118014
pahn1237	-4.86137770950061	7.29391522275956	-20.8777974339428	7.51573462697321
pait1244	-6.85462079593538	6.75945940829923	-22.2926959015742	4.65053333284887
pana1307	1.20139464572221	5.01826410735875	-9.00988491208512	11.1889270448151
pang1287	-2.16616780483815	4.71236428224401	-11.4996045353351	7.34905629127225
pang1290	7.72203500217623	4.52926384513558	0.293711961876855	17.7462911386023
panj1256	1.07808384361271	4.74018032051543	-8.03351231144134	10.7125113839516
pany1241	3.29347718338361	4.75927991820152	-5.36676831046481	13.6229577730704
papa1265	4.76002850628028	4.31668480945962	-3.08090801672657	14.0633776281162
para1301	0.917486461627213	4.61932833954939	-7.86305963243217	10.3626173564171
para1302	-6.86124975652737	6.83344482741102	-22.7042535167837	4.76892346767191
pate1247	4.65295845762547	4.29159969624582	-3.30965505645608	13.5928285569617
patp1243	4.81987006978005	4.35170319079746	-3.17767277905228	14.004539134717
pawn1254	7.38968181945137	5.26274479795962	-1.70223568415579	19.036946810194
pela1242	-6.86484942478447	6.80950468866971	-22.6714633446183	4.59151970627405
pemo1248	1.7534767954849	5.07936119331732	-8.48317335369214	11.8919531796453
pend1242	5.62461826277738	4.35395895121276	-2.13121755799923	15.1699828896184
phai1238	1.0728069592505	4.64340138009989	-7.76482324828376	10.5865042671044
phom1236	-6.82382361455855	6.91401150127081	-22.3758665417407	4.64207890648899
pila1245	2.04203503877446	4.98696898916978	-7.6334966785143	12.0431558844152
pile1238	7.3646530045277	4.31576315282511	-0.126948019313494	16.9323542630543
ping1243	3.86999306521035	4.26257721289537	-4.0456105337244	12.645944260083
pite1240	-6.09949346485466	7.15018856264105	-22.4077561488074	5.84796394838835
pohn1238	3.87117206976347	4.24754336700449	-3.96907833919516	12.5861489765137
poli1260	1.3673552696483	4.69916155923364	-7.8441574740417	10.9727724874223
popt1235	8.39074384648879	5.18996180600873	-0.903428647261657	19.6462837639944
port1283	1.81370041722323	4.61278981629689	-6.80813634951029	11.3651527308075
port1285	5.30682925913386	4.36386165919029	-2.61933050627067	14.7205533142001
psik1239	4.00083770614477	4.43570494695213	-4.27202063967965	13.3178980962768
puka1242	8.26335881329984	4.39778640447109	0.813139908204204	17.87894220893
pulu1242	3.73858882965564	4.21108670052581	-4.13994135513609	12.5157906086124
puoc1238	1.07778877276902	4.66802770651156	-7.86014260875203	10.5112340918213
pura1257	-4.03136719824597	7.43874354246467	-20.3240900820361	9.39873662755632
pure1242	3.18848706435648	5.10188084697527	-6.7166024304475	13.6268270504201
puri1258	-6.85511914948142	6.76845164584642	-22.0180326759251	4.58494815596474
qima1242	2.89347561561352	4.49788509591761	-5.94083324936506	12.2216838567343
quer1236	5.4356880288195	4.78123041318059	-3.37881380004347	15.7381742281605
rabh1238	-6.81025890975308	6.90529052546298	-22.4758234044543	4.89521446921422
raji1240	-6.84294516570313	6.86357877990912	-22.4017405880539	4.7205301867944
rapa1245	8.46868998422013	4.38703490120342	1.13648421644073	18.0685453463576
raro1241	8.49289664939195	4.40169334138056	1.17736109394702	18.2551752561871
raut1239	-6.83105006942404	6.85994077686737	-22.3975410285954	4.58599042745274
reja1241	5.59780411612628	4.36948370949456	-2.12042399769364	14.9645322041985
roma1326	1.83900111052945	4.61817486495471	-6.90058938342103	11.4516199068519
romb1245	8.12578826552517	4.46565301608877	0.665521039659072	18.11797304869
rong1266	-6.85785270264673	6.85384822389826	-22.2095165188921	4.86129433781268
roto1249	-5.26571418950147	6.71084362333214	-19.7848373509481	6.72585445616313
rotu1241	6.81384258142129	4.33041565717529	-0.755399230236608	16.3231605627235
rovi1238	6.2691289370704	4.36409634056362	-1.33579776290483	15.8774669466019
ruch1235	0.960804267891377	4.60525143496484	-7.92232412458622	10.4243672895821
ruka1240	7.67714480258999	4.72658100068639	-0.254705530098065	18.1806140774712
ruma1248	0.944349444237169	4.58702433948775	-7.75371968432272	10.3817320758538
russ1263	1.37095421275766	4.68140733579761	-7.65439405930311	11.0973342438606
saaa1240	4.98870601282617	4.32548574547723	-2.82581526089321	14.3369508751951
saaa1241	5.29297602177158	4.32864107131148	-2.6253502903145	14.507504638487
saar1237	7.68832023050303	4.69385677143121	-0.237268227790355	18.074909497272
sabu1255	5.9387900022848	4.37039385714987	-1.65505597934188	15.5010579180801
sais1237	4.90046228704257	4.50297862566582	-3.30821028000545	14.591930744214
saka1289	5.35420148905562	4.37584753020145	-2.53357934535536	14.6897753919817
saka1291	6.19616660865358	4.27376738039016	-1.14067428556184	15.5379866470773
saki1248	0.84657001181846	4.9399971408768	-8.93470444058846	10.7081157537089
samo1305	8.38143243296671	4.42765048946367	0.852149304749407	18.3818889789765
sani1269	-6.88301099528674	6.79826470778547	-22.6604757943285	4.83644585031878
sanj1284	8.86104059194954	5.18444054529608	-0.387309227258023	20.2630400991994
sanm1289	1.48811579455113	5.06505787182049	-8.81558262448008	11.5081397889374
sanm1295	8.73943801954589	5.22210503698603	-0.642441416478702	20.063344666094
sant1436	8.76700246255801	5.22926556332066	-0.51719367470638	20.2653333060739
sant1451	8.84813395427127	5.1573026864065	-0.378488685415646	20.0287600704949
sanu1240	2.31632789787574	5.14223061849676	-8.00842684286759	12.5918684335491
sars1236	0.91455344992027	4.94882548550432	-8.79744940158104	10.7260784150988
sauk1252	-5.67746455969533	6.64066766156561	-20.2715176545629	6.14821253420819
saur1249	-4.80292890527332	7.34622553138306	-21.4996296108699	7.89503238147454
savo1255	-5.21188677079834	6.80005321106251	-20.0345139435183	6.71986768067628
seda1262	1.1336298835479	4.71504297114318	-7.84089256814118	10.7679769336753
seim1238	4.82625886310743	4.3254492411575	-3.16693887330984	13.9450184140979
seke1241	5.30271215651251	4.34531020609499	-2.73574441386591	14.573254558144
sela1260	5.35063853208152	4.37645657394195	-2.50432744238954	14.7340092474212
selk1253	-5.95615160391533	7.22025723113123	-22.5893535749224	6.20362342981289
sema1265	1.44981082986373	4.61812036935001	-7.3927103724601	10.9762614069762
sema1266	1.43784075751343	4.63312023654813	-7.37031725291452	10.9860952348786
seme1247	1.44236812480411	4.61461354172746	-7.33279148590511	10.9795489013577
sene1264	1.76639640571151	5.02528763412075	-8.20409272002445	11.6411935141005
seri1257	2.85471375102717	5.21414366536833	-7.52529023799332	13.4374133356711
shab1252	-3.49690856019517	8.02098801508947	-21.3395415258227	9.70350029975807
sham1280	-2.1897726244282	4.70587982120067	-11.3181889194315	7.37110429090675
shan1283	0.853176194197521	4.95345227788067	-9.19987679798823	10.7512373803994
shaw1249	5.84430493681948	4.73490897585932	-2.60222733710578	16.107673843889
ship1254	0.895422984373106	4.9610440652874	-9.0454571420971	10.9772265423738
shix1238	-6.84321715650951	6.84590149433937	-22.7322468692838	4.6920723000918
shol1240	-4.87660273793112	7.31232799808685	-21.6059745080296	7.50532951972978
shon1251	-2.15057871767935	4.69241549766457	-11.5084095816362	7.24504584217461
shos1248	2.09054168102599	4.63492701768288	-6.54019539420157	11.9544895742225
shua1257	2.14900019837641	5.03338379929699	-7.80690898604149	12.2400118296345
shwe1236	0.960429309962111	4.59921467962748	-7.83254425196936	10.3083917774546
sich1238	-6.86751987562828	6.75833637971573	-21.7911321831321	4.71752350789558
sici1248	1.83973634431295	4.62474042713548	-6.67741310423958	11.305241060463
sici1249	-1.99184564217016	4.78579002004785	-11.4450212016875	7.62352809974924
siee1239	5.50383805586746	4.31365118620583	-2.15994250386684	14.8039628503226
sier1250	8.73621427165572	5.1978422339257	-0.432097707702725	19.8456865849411
sika1261	7.40817646528104	4.28802458927118	-0.0305304337751149	16.7494757325985
siks1238	4.23839487553001	4.64656778353203	-4.49795699997313	14.0898188605134
sile1255	-5.65286554252116	6.79339564444307	-20.7244340179302	6.04555576595705
sina1266	4.76461183509143	4.29668231710732	-3.0150171643445	13.7530590217061
sing1264	-6.81782347442531	6.93113178575628	-23.0470380903166	4.63685030761723
sioo1240	4.53333803548164	4.36969596644277	-3.4852227436175	13.8237068389947
situ1238	-6.82569709220215	6.82616649947274	-22.7430177283204	4.53422774995167
skol1241	-6.07515469947182	7.18398823602728	-22.2883971792878	5.77425149770172
slov1268	1.37294994589201	4.73093500325162	-7.67547097653541	10.9967455380521
soch1239	6.32884074314716	4.89845596637545	-2.58164828356586	16.8444444296617
soga1242	-2.16537848520535	4.75913752422183	-11.6936374493502	7.40955195848672
sons1242	3.75788071476263	4.22987504523762	-4.12302016188658	12.7160006472249
sooo1254	1.00869708050088	4.64483948561844	-7.69096451100915	10.6011404533091
sout1528	1.36727440960207	4.7012466112049	-7.70217377075669	10.7513993705375
sout2649	1.18633573081019	4.79518169001019	-8.10869415490192	10.9210551760122
sout2674	-6.0945201655798	7.18574792028065	-22.4334177146472	5.7605219242568
sout2679	-6.08703158134766	7.19008533947876	-22.3184284162452	5.87778630499894
sout2728	-6.81628143107032	6.81244869727618	-22.4689150133412	4.76007727453902
sout2729	-6.84599154099567	6.81572642105442	-22.7426442588933	4.64927787681945
sout2797	-2.01209579436646	4.7723517085335	-11.3748982810599	7.6222145892946
sout2807	-2.18126578454592	4.72779392239835	-11.3870560926098	7.48459814809382
sout2856	5.23162700737946	4.33827182896111	-2.62426401474758	14.3793935243003
sout2857	5.30070382269251	4.36053081964598	-2.68090981290954	14.5897349298292
sout2859	5.36371555731748	4.36436701996007	-2.36314214567726	14.6425033028939
sout2869	5.40732145451816	4.33407409717353	-2.37244379702779	14.6378529655627
sout2895	4.96854987828216	4.36375329592057	-2.9265508337088	14.2144164686014
sout2954	-0.892316889259451	6.10192330144436	-13.7523029209439	10.1937936736314
sout2956	3.05180238576775	5.05051655668259	-6.70169961767186	13.4441699768174
sout2959	0.924289437938572	4.90319781373599	-8.78195112809416	10.562251384174
sout2976	4.45670855682703	4.79893767472573	-4.23589969314513	14.6783527147227
sout2985	2.59948009948364	5.22242231874968	-7.61686619076006	13.0305261129521
sout2994	1.89645657975309	5.19757111914833	-8.46629871424956	12.1097316156498
sout2996	2.78700568620724	5.11498267081803	-7.28815699795478	13.4540813811532
stan1289	1.81880054227957	4.61067311179572	-6.94345974608896	11.4355007922302
stan1290	1.82928349673755	4.58172654019331	-6.79645178562547	11.3742576339933
stan1293	1.72541239245792	4.66199065032926	-6.90735479151212	11.4205379365114
stan1306	4.79424488387043	4.24320486602458	-2.94708506657172	14.0093345693332
sude1239	4.78429501512362	4.32706768186639	-3.26912498568595	13.7315674978215
sumi1235	-6.86156810595123	6.84416868838044	-22.4483860282732	4.6553891282948
sunw1242	-6.84267626808041	6.85396362573126	-22.5223450120863	4.65984650832299
supy1237	-1.98514805351989	4.77977777650059	-11.4034030297636	7.70884215325816
surs1246	4.8588594416522	4.29067262608118	-3.0943821684875	14.072867795775
swah1253	-2.16779597466692	4.71702515103556	-11.319817551488	7.30301951043555
swed1254	1.74336046287623	4.69744939610738	-7.18367590000702	11.423796192417
taba1263	-5.23285294434844	6.86150318480341	-20.1114022280959	7.47055602944945
taga1272	8.12313132488292	4.54049277463045	0.407067805151654	18.3089527617335
tahi1242	8.46561499149563	4.38686632324846	1.11814697733152	18.0928141627816
taia1239	-3.78875672052931	7.50044590373846	-20.1156603447419	9.56222842538733
taji1246	5.61889465503033	4.34527265804798	-2.10324182805537	15.0584822982299
taku1257	7.47126020789789	4.32872592581925	0.0977089830873845	16.9356009048232
tali1259	5.11372066436584	4.31400652728557	-2.64290994027378	14.6134094051486
tama1365	8.03371618979242	4.73433003407823	0.2196953852091	18.7067707938861
tami1289	-4.85729143180457	7.3297214416466	-21.5330070713131	7.44042016182712
tane1237	4.95674205209432	4.39931459555063	-3.21234193716118	14.4344428718173
tara1313	-6.85636318404773	6.76650347118443	-22.1733730994719	4.7594500293297
tari1263	8.16830370565624	4.78136756890903	0.0159118947325487	18.7771843193427
tata1255	-5.58643153398042	7.38693239181246	-21.6738520732838	6.93448610289675
tata1257	6.64728473656883	4.41037463163813	-1.06584250030376	16.4350135622526
taul1251	-2.74253647750612	6.63925287509072	-16.6667916476697	9.72009644588198
taus1251	8.18908666073748	4.49994751427731	0.569680491171744	18.293699477578
tbol1240	7.60148445514187	4.53531831120396	-0.0793081838165726	17.6399774522545
tean1237	4.96620286893421	4.40400292316652	-3.1703380450127	14.5478548052053
tedi1235	-6.89022656471135	6.78372675401727	-22.4982503530233	4.49212062617216
tekt1235	8.33727619173187	5.22349480099275	-0.926587264066773	19.6630950186412
temi1246	1.41926290322844	4.60706923457498	-7.35398669004236	11.1109167839163
tenn1246	14.6157240240341	6.21581263834019	4.78558334925256	29.3034038662446
teop1238	4.82986814319187	4.2668980589342	-2.91806998417017	14.0394900196414
tern1247	-5.20691755486024	6.89454147459109	-20.4743892189049	7.50923243601192
tete1251	2.60927501620894	4.63431429327027	-6.0937576601475	12.2930047724131
tezo1238	8.70200471605511	5.24646281386815	-0.555373466928919	20.0978676521298
thad1238	-6.87594590549464	6.76378914752899	-22.3886690557675	4.42890163951263
thak1245	-6.8386108636674	6.84708555395923	-22.4088867954459	4.75482611160941
than1259	-6.83632573285077	6.85332622588182	-22.3988022800968	4.6855653413658
thul1246	-6.84442481484438	6.8591464120927	-22.3373405410242	4.75124212867542
tibe1272	-6.84495014604357	6.83668404447063	-22.2021913190038	4.51182191037973
tief1244	-2.03562921575571	4.75133228330969	-11.1807479551245	7.64213943331726
tiga1245	4.66249613146413	4.30537624470155	-3.23940578072462	13.8292569007133
tika1246	-1.68483334542723	4.90377801117639	-11.1999145827628	8.2451373324427
tiri1258	6.38572813940582	4.35082455603116	-1.13435200329577	15.7908897292648
tiru1241	7.56063253955156	4.51705380025583	-0.162914831227098	17.5047512548861
tita1241	4.71359988790596	4.28145538609395	-3.13557069536127	13.8782971236235
toab1237	4.87766124816461	4.27643255988662	-2.78126621446412	14.2017234582867
toba1268	7.18039201603105	5.22469006579286	-1.95274970203015	18.5725868666473
tobe1252	-5.20598852886235	6.8673079796426	-20.3143581300912	7.55405223616337
toho1245	3.82085175827252	4.70732057619333	-4.83080266930692	13.9020864727031
tojo1241	8.34833570846818	5.22977870479676	-0.949469853612769	19.9082491946321
toke1240	8.3940961599876	4.40695684054046	0.976702580588112	18.2086787431653
tong1318	-2.16126761801034	4.6732115168629	-11.3689078723306	7.28775983957456
tong1325	8.14136805134972	4.41150303571533	0.696792120535226	17.8569993695393
toor1238	-2.19604630565552	4.72479177665267	-11.5161366919857	7.5805120291876
tosk1239	1.36710933250175	4.85899547157058	-8.18367693364842	11.2822188652122
tote1238	-2.16346650421377	4.7102531434366	-11.3460701939195	7.38888000841806
toto1302	-6.83879379453637	6.93163482747245	-22.5170078357814	5.01216849050582
trin1274	4.66483589516554	4.79120534804902	-4.12242425140836	14.6036799610187
trio1238	1.67189374769101	4.98914316990165	-7.99312209070311	11.8715741708601
trum1247	2.46558305787734	5.29038002034503	-7.96350833014689	13.0282353607848
tsha1245	-6.82428745649441	6.8009654260783	-22.1744157911519	4.53953450443811
tsis1238	-0.618947559279512	4.70795808262553	-9.6427421873107	9.0915697082709
tsix1234	-4.55490909689344	7.92660560011633	-22.0414969063233	8.63721885314482
tson1249	-2.14672693173724	4.70838101932334	-11.508618649292	7.32573874623704
tswa1253	-2.16373496879871	4.68443787396448	-11.1600609122775	7.31042208472679
tuba1278	2.04914668286928	4.63444872597813	-6.5269988086012	11.5634153661677
tugu1245	4.76548660470977	4.32683062523833	-3.15059897983778	13.9200402932034
tuka1248	5.53789661582647	4.32748205901684	-2.20242098452757	15.0002155345841
tuki1240	-2.06780065917941	4.7821008491608	-11.727153029163	7.54008144561805
tula1252	-2.03774732383255	4.76225265407477	-11.4123895352323	7.37701358135514
tune1261	-2.0730847658974	4.78694698313296	-11.3363726129974	7.70084755006154
tung1290	4.64953793319837	4.3652087280007	-3.38365902590445	13.8756634664511
tunn1238	2.73699329791569	4.48064771818837	-6.14690487886888	11.9794055617048
turk1303	-5.6030305591595	7.41833961198488	-22.307978164565	6.98849759720393
tusc1257	1.64278491482185	5.00888032027862	-8.17743665800931	11.8051135995031
tutu1241	5.36250057672934	4.34525516697811	-2.40327643692393	14.7796572699816
tuva1244	8.33876125826582	4.37331209509026	1.04384928892023	18.006464678869
tuwa1243	7.48366725567755	4.47566365609217	-0.157214882476371	17.2983439845639
tuwu1238	-1.95451545446098	4.83985522171519	-11.6232446090271	7.76317810990563
udih1248	-5.04186474434237	7.58345097894432	-22.6389626701063	7.78640087012062
ughe1237	6.13759247244109	4.38338545640481	-1.53441417539929	15.7417236271734
ugon1239	-6.88307760638784	6.85993500002145	-22.4974834121133	4.64776445829329
ulit1238	3.7534588061312	4.21430529046264	-4.08102694976398	12.6888938562677
umaa1242	7.08310747889527	4.47492157855375	-0.560220210779385	17.1037120496688
umbu1258	-5.71240875570614	6.75046716736027	-21.0179547584735	6.02674704599211
umes1235	-6.10682969037344	7.19181572666191	-22.4151723216249	5.83044789213009
unua1237	5.32000627722445	4.35964901744023	-2.50099550477908	14.7048429527543
uppe1275	8.44205218515028	5.37121725406159	-1.03458860067335	20.0650355395604
urar1246	2.48667215389807	5.28206808075135	-8.15042255412318	12.9442287322744
urav1235	5.50793594989616	4.31102392314498	-2.24763743873854	14.6523813624408
urim1252	-4.96015976174397	6.93823855624894	-19.9418042672548	7.68487111547411
urni1239	-5.16200417974538	6.98606209697435	-20.4595636462609	7.43570677796302
utes1238	2.11040129162136	4.65806571304976	-6.59310332940923	11.7147894982641
vano1237	4.95567872397479	4.39110904367018	-3.0846326051979	14.2705970663784
veps1250	-6.07766662467009	7.16198582287212	-22.5679805935941	5.90889580010008
vera1241	5.26004498902193	4.33884564340416	-2.66135820086457	14.4738056783635
vinm1237	5.31154032299152	4.38520590937797	-2.73948575029541	14.6985212212986
vunj1238	-2.16554886942865	4.73200168517319	-11.5000820740728	7.48912804278526
vure1239	5.29193938237499	4.34135246971891	-2.54664037551191	14.5033329408009
wage1238	-4.78095636800175	7.07623447193892	-19.9341657973952	7.91560862706347
waig1244	4.9002848571363	4.33856200871285	-2.99860171006943	14.2179676566348
waim1251	4.73665866562114	4.29995845807812	-3.18069203588849	13.7623446338081
wala1266	4.86336766622976	4.31137822019601	-2.7966481174857	14.3917694709376
wall1257	8.39209113498818	4.41937892884471	0.87421978264353	18.1414932982809
wamb1257	-6.85509904441312	6.8649130097282	-22.655046888909	4.53479840548
wand1267	4.87678041441474	4.34543534677715	-3.18750344901767	13.8772959533122
wand1278	3.95914501284518	4.42352311325015	-4.22330044432698	13.4931996675592
wara1294	-5.01732028276193	7.05544641249286	-20.1942801035846	7.49978392794682
wara1303	3.13103487052718	5.07706074732392	-6.87010839562361	13.3394718945213
ward1246	-4.1892696291219	7.29682827641724	-19.9810598632155	8.75601677303346
ware1253	4.90436621950994	4.32298617695288	-2.79599435958911	14.0850775066027
ware1255	4.18413599547929	4.87429578751665	-4.82277643793296	14.607786910235
wash1253	2.74561890479087	5.27387462737131	-7.6336694828714	13.1889089175182
waya1269	1.62005867251391	4.98563416261009	-8.03906205857154	11.7467991189025
wayu1241	-6.84145618582632	6.874448950172	-22.68828767889	4.60177640413569
wels1247	5.03399808685036	4.76730879884835	-3.11121927657471	15.7507365043107
west2354	1.73674046588891	4.67926907654955	-6.88892679364738	11.2851500516749
west2369	1.21583883665872	4.80354120225303	-8.1042847446332	11.180918816222
west2396	0.938412057770123	4.61799377592281	-7.8753771345462	10.3087522882911
west2397	1.00551296357448	4.63434801244229	-7.70327939013125	10.4849650163124
west2415	-6.85645818572647	6.8256594174005	-22.1202679274233	4.75516782178886
west2418	-6.85655197530641	6.80595726324117	-22.2372516214368	4.65619976302413
west2430	-4.84216771310157	7.31235625274393	-21.1017842311396	7.49508534494497
west2516	7.73521093918917	4.36086054024521	0.336357901026985	17.356808390798
west2519	7.43492196554215	4.3700477973979	-0.0158952009336933	17.1297765953245
west2557	8.1571277608388	4.53454398699405	0.636359501490134	18.1894753732815
west2560	7.09043281222591	4.44050124176283	-0.234088086157184	16.7758502359719
west2594	-5.68486780722075	6.68408373006232	-20.5663353909497	6.28278230957481
west2615	1.02219106038039	4.85986867241961	-8.65274596347405	10.9094461266061
west2635	8.39914493965727	5.19460602751546	-0.893189610310494	19.7727446014764
west2644	8.66767058236272	5.20014559533516	-0.501724334491744	19.8297426663237
west2650	4.92367003279192	4.25325393929	-2.75507040852043	14.065557883306
whit1269	5.42087469047398	4.30013242213203	-2.23747958151635	14.7777029827582
wiru1244	-2.86944933062765	6.71916085048215	-16.6756990280487	9.75034495053874
woii1237	4.8628062654726	4.34954551365448	-3.11309511143646	13.9957068203795
wola1242	-5.57510741853101	7.65161710769297	-23.0341368534273	6.90612703724766
wole1240	3.75315729062486	4.24478245712034	-4.17910142264625	12.5927679441173
woli1241	7.09242734310174	4.44365266638464	-0.40706612022286	16.9294205870382
wuch1236	-6.7798665548482	6.78103182470873	-21.8709365838628	4.62049959557101
wusa1235	-6.8514456072909	6.76921135516952	-21.9719081547019	4.62270950261735
wutu1241	-6.78617798914037	6.82580815392279	-22.2148926720164	4.61924368981402
wuvu1239	4.85542385968133	4.34511348231403	-3.05645785000468	13.9508828424828
xamt1239	2.89098156465312	4.49932682204979	-5.76544254010066	12.3471428114434
xara1244	5.38330087463019	4.30470310935006	-2.3582076377148	14.3990830390329
xava1240	1.28048577568392	4.99468402828476	-8.59834341036783	11.243617628528
xish1235	-6.84372099294145	6.78087392476198	-22.1038493196786	4.52690224472188
yaka1277	7.06919629304113	4.45966771522277	-0.447585215614599	17.0326155809445
yaki1237	2.19653999144306	5.05791724983223	-7.86061248029927	12.2963490116742
yako1252	-2.01580223084958	4.80650151498956	-11.2942697167986	7.92099408084759
yaku1245	-5.62601425431632	7.38028846871987	-22.1592172283268	6.75400677959588
yale1246	-3.76782698451189	6.79543292850938	-18.55360225882	8.69858483741777
yami1254	7.18630211874555	4.37519736872397	-0.392600939217137	16.6515289842566
yami1256	0.839514972722028	4.94100901839187	-9.2498697201231	10.4329820480219
yamp1242	-6.81269409791433	6.85330864492858	-22.2745051400798	4.62108408336736
yano1261	2.32858839425386	5.0910475358838	-7.72210051705367	12.5614612879239
yape1248	6.21763708191183	4.40945415942746	-1.48221753175054	16.0541321243725
yaqu1251	2.77708625085137	4.75975319313862	-5.95934056444666	12.5522197050458
yare1248	-3.92891027863317	7.62893901260476	-20.6949947459132	9.53593376646672
yatz1235	8.76512048255777	5.19228463592582	-0.501092438982103	20.1986339194521
yaul1241	-5.05145865693195	6.99130666535341	-19.9426094035638	7.48613684852053
yaum1237	-5.63059172160706	6.64194260751326	-20.324601590713	6.26683396133543
yawu1244	-4.97657764288001	6.89267950345006	-19.733973727919	7.35474278841318
yecu1235	8.46240135519018	5.37334026811309	-0.763403624087277	20.1578833358537
yems1235	-5.58304123150885	7.69300106852608	-23.4066994053589	6.64532657432431
yind1247	3.93192412443244	4.82273008717876	-4.81684259780749	14.2817046261026
yoga1237	8.01523680987718	4.53000754519127	0.389356678136143	18.3191985989818
yona1241	-0.928855908057143	6.08537310696243	-14.0479346609779	10.1603209623758
yong1280	-5.72514433830301	6.65568025241501	-20.3660399162386	6.11078906105611
yora1241	0.858920287959002	4.95606936089195	-9.1591783464549	10.6879278115272
youl1235	-6.85773555267567	6.79428154592169	-22.3282713702279	4.51849465220998
youn1235	-4.84953904558642	7.2960246766888	-21.0875496640641	7.46309900827701
yuca1254	8.70506463683961	5.15478097459315	-0.560577934393077	20.0533373324287
yuch1247	2.80012797781926	5.22537148070846	-7.24497403283025	13.4364731067588
yuec1235	-6.78627248526287	6.81734003480313	-22.0042656320734	4.75704688169011
yuqu1240	0.818141970421751	4.86499775555024	-8.8875618945031	10.4123286886402
yura1255	2.49761185301643	5.12122685465395	-7.50436912980078	12.990613698646
zaiw1241	-6.90502502666118	6.83287451692382	-22.701496778945	4.41850964358794
zakh1243	-6.86252958363034	6.9085094887461	-22.4875671635988	4.82956279376029
zarm1239	-3.34999945227547	8.06050356605791	-21.2864185358727	10.611837883097
zaye1235	-6.8327809204681	6.92426318852447	-22.7275670848281	4.80713000831526
zays1235	-5.58200357905518	7.66073212873054	-23.4965044446367	6.89821821496102
zuni1245	2.67990894825738	5.19595881556498	-7.6058389774949	13.3663444411522
