Estimate	Est.Error	Q2.5	Q97.5
abar1238	0.356020097063856	2.11121802199818	-3.65412691174628	4.7107048935612
abkh1244	3.4816661834069	2.84350043867411	-1.7623534851846	9.45339693511084
abua1245	0.793317358473671	2.79954050123241	-5.07245854119362	6.08940206764039
abun1252	3.28126747577511	2.77893456722456	-2.1537055069895	8.74031678523644
acha1249	1.21911753732099	2.11750940355316	-2.81098001254429	5.57495814591196
achi1256	2.85941075203587	2.38376813847255	-1.75163898379605	7.70471662073871
achi1257	0.068542255537145	2.16369556669412	-4.18847245042613	4.42028596215674
achu1248	5.19909236624979	2.57288416601369	0.621610447134461	10.6977622313962
acol1236	-2.10210396409376	3.90460838557209	-10.9420171778364	4.64319498984084
adan1251	2.23810211184668	2.90369406308309	-3.58124773649209	7.87305326978941
adon1237	0.151849549195187	2.17600376072061	-4.23523123076001	4.46674958158323
adze1240	0.0316240715756925	2.1548972126006	-4.29608409189479	4.25153543878571
aeky1238	4.69896890453593	2.74283314424183	-0.456119902719091	10.4442162290393
afar1241	1.57696649853566	2.06336069127158	-2.3279630586496	5.86320258804698
aghe1239	1.24197850687185	2.17689009225435	-2.67927486464545	5.87753680211429
aghu1255	5.93807470089449	2.44017017508897	1.47291436150283	11.0814888067839
agob1244	2.1159741020494	2.78708629076057	-3.60685149881312	7.47779155403167
agua1253	5.18539865630246	2.5621437058974	0.574697350604022	10.6434767106388
agut1237	0.16038034181963	2.17839797367644	-4.11685508404969	4.59113722194492
aheu1239	-2.24463478162535	2.93528070685912	-8.69988933072763	3.06528692243094
aime1238	4.13547665006087	2.7755730420258	-1.00086831575788	9.91652208757216
ainu1240	0.395205638677405	3.49453406309689	-6.96841753895868	7.14545449403231
ajab1235	0.512161524392725	2.11142951660186	-3.51039106330213	4.93004122188648
ajie1238	0.295280762659604	2.15374503837791	-4.00276147824041	4.54636416009066
akha1245	1.59646137396337	2.14374105330993	-2.35792761758254	6.04460826092276
akoo1248	0.531596890345334	2.01732950359437	-3.29183235010545	4.63872569059659
akun1241	5.34454271101127	2.4254398441831	0.790014440585535	10.6283158379639
alab1237	5.99628149926318	2.59691426740624	1.41902681802158	11.4920801918527
alab1254	2.02845232744615	2.08158185783448	-1.86392765989453	6.49772180167219
alac1244	3.07956088634852	2.42722537005398	-1.48602530048415	8.10768430673468
alag1248	1.50226264306289	2.09827566563008	-2.44845254826237	5.84945741666413
aleu1260	5.88661379709824	2.56621288403536	1.28672021234702	11.3154884810115
aluk1238	-1.56200964582117	3.02157540028028	-8.17010456374022	3.96127241797372
amam1246	5.96540184315034	2.89829593799705	0.845821282557558	12.4010251846582
amar1272	0.0594522650834682	2.15812493562433	-4.25352992496193	4.39694957775729
amar1274	3.2162688453235	2.50293835146938	-1.73309765181542	8.26053762016946
amas1236	-0.214711268592668	3.83460494222703	-8.33530177919128	6.76664807631398
amdo1237	1.25606422300638	2.09483812057761	-2.63748430182675	5.57516780190003
amii1238	2.28715108743003	2.85767885758759	-3.28572417920504	8.06989071608182
amis1246	0.142308315610833	2.24015814347317	-4.26747164600532	4.59155048144189
anei1239	0.56609397739987	2.1989398306179	-3.66515495097212	5.06998709518057
anga1288	1.39798284763583	2.14440925064243	-2.61984655714053	5.83316389420517
anga1290	4.63243531339185	2.90317505977791	-0.665571377008472	10.8820537566661
anut1237	0.217811604568342	2.14443026642667	-4.06828415450591	4.55762950641787
anuu1241	1.12476446689775	2.16760309932269	-2.95511023466431	5.59994236326606
aona1235	1.39404664936326	2.15776972752348	-2.60055171439843	5.86310906026888
aoua1234	-0.679540706820636	3.24187881410358	-7.6839905482932	5.28980442566671
apin1244	4.75225611878289	2.44619639035352	0.283040310821624	9.96457941996264
apma1240	0.685966466242282	2.19950421659663	-3.61535052407959	5.13951938097407
apma1241	4.43228949524093	2.90684303752331	-0.894511167758563	10.7540028644878
arak1252	0.260152929385453	2.14465746554883	-3.99487461047613	4.55689391823139
arao1248	6.56949724716332	2.48871019060311	2.03860010981372	11.9474435700595
arap1274	1.96553939817908	2.34147310258583	-2.75088964666865	6.49357188076879
araw1273	5.58253980418933	2.43846164273391	1.16364137735281	10.8525952733142
arbo1245	1.51133098990461	2.04306308940949	-2.35387426302383	5.75599638580455
area1240	0.112586359521281	2.16841579403966	-4.25061198831577	4.42994071229846
aree1239	0.304051767168025	2.15276129574135	-3.82490480130444	4.62836101557883
argo1244	1.33936890939369	2.19978725600414	-2.8445402479647	5.892873250627
arom1237	0.595335897861823	2.25973726257254	-3.71551222532052	5.15014712394555
arop1242	0.127134545628462	2.15664080213133	-4.08414208638612	4.41692369687622
aros1241	0.116671669996156	2.16229093310351	-4.18993144529544	4.47119612435828
arta1239	0.0859068039007527	2.14696541940451	-4.1549420783307	4.34104843518412
ashe1272	3.06977557695235	2.491466578493	-1.66291774609409	8.15595421892825
assi1247	3.52321843960504	2.39794784593359	-0.96363602163041	8.4854603623138
atam1240	0.202644801233439	2.17764214374106	-4.08215685599875	4.59599460009762
athp1241	1.13383076965285	2.10611357176122	-2.80244687971796	5.41157310197286
aton1241	1.04056951906944	2.15159912244154	-3.14491632302756	5.39323949675555
aulu1238	0.442857215451666	2.17828629509933	-3.81119337549636	4.93035942860525
auuu1241	0.761541532853481	2.80384124684799	-5.04221282078489	6.01815904133125
auye1238	5.56644077505495	2.40532806486593	1.06208040529359	10.5727475825104
awad1243	0.90388032490818	2.25100924399455	-3.44577706862689	5.48832980820523
awap1236	6.16202154813314	2.49443187767606	1.47723801181612	11.6298139735954
awar1248	6.22776857996522	2.47477739903525	1.72074304548335	11.511690636337
awar1249	2.40886067079686	2.8105253336552	-3.2492916538762	7.9778353373743
awet1244	5.61561396087431	2.44055880164615	1.23558073661797	10.9083039786645
awtu1239	1.51848409419902	2.66430303515912	-4.02646904749392	6.69265340845892
axam1237	0.487744188339433	2.16586228596432	-3.71717010741686	4.89070866527547
axiy1235	1.26225308466016	2.10251733105138	-2.72047514684346	5.51571826765281
ayac1239	5.82016564372932	2.51196805935544	1.16620192911984	11.1999814424935
ayiw1239	0.212441990893444	2.1807854121481	-4.14006826516428	4.65707432379664
baba1264	0.745494990810036	2.09901513111586	-3.16717040800626	5.25655904349531
baba1268	0.173838914285167	2.1638556312682	-4.09885622174528	4.50673915283563
bafi1243	0.545669870700299	2.03341577975884	-3.27741651833429	4.64506777334577
bafu1246	0.750646624613713	2.09681609043588	-3.07422163630862	5.10393805093642
bahi1252	1.08888062382666	2.11458250988904	-2.88730125889867	5.46814637276896
baim1244	1.26385787843298	2.08517834462847	-2.61628681079595	5.52632038611758
baki1244	0.331124723024205	2.16265141983659	-3.88530528775724	4.63196336365399
bala1315	0.225121642759787	2.1742162627644	-4.05275804114516	4.5881099839296
balu1257	0.15832766910382	2.18734968294311	-4.16096221136153	4.52728843289637
bamb1270	0.145394132489553	2.18114403919735	-4.14758891848105	4.53041508485803
bamu1253	0.74644625210485	2.11664234847429	-3.20973926233705	5.24512608331117
band1344	0.204726339847975	2.05600018493567	-3.80802200229432	4.382251283608
bang1369	1.13371731828285	2.17038551022755	-2.94415097746287	5.64252435442988
bant1281	1.13899029637057	2.10954920145174	-2.95286924865884	5.48032537520925
bant1288	0.510463327850563	2.19489471473533	-3.7776707467982	4.92782299949111
bara1357	1.04334324829764	2.0688039103614	-2.90951399698003	5.28202315075919
bara1380	4.73544500054694	2.46047300932264	0.301195354855594	9.88424784065053
barg1252	6.29290185997583	2.55227582298567	1.65888966781829	11.7660149117159
bari1286	0.0858376626310932	2.15771390214689	-4.19111764827012	4.37249906019121
baro1253	0.685846139219872	2.19767701870701	-3.56854258050472	5.11915361345047
bash1264	-1.82346048337632	3.13435388760787	-8.65812942994594	3.77941049921811
basq1248	1.0142150418192	3.08764964141827	-5.23334377678423	7.12767037221122
bata1289	0.100799835560862	2.18687704816814	-4.15618751724625	4.48589706566355
bawm1236	1.88618422013379	2.15459694781027	-2.02808489299334	6.42220838998248
bayb1234	0.376213314683764	2.19729287871231	-3.90074769451964	4.91724630987142
bebe1248	0.49609871030957	2.02596257400353	-3.36206700744166	4.72124556224653
beka1241	0.113732152882703	2.18073801326276	-4.1423702231149	4.35099283196087
bela1254	1.16214835445567	2.27637471670221	-3.23055137413728	5.75155750559281
belh1239	1.1341646478328	2.11045234814396	-2.79224486425264	5.43024005724055
bell1243	3.20779178848915	2.34487332514173	-1.41428882614725	7.92711178030247
bemb1257	0.92636318373057	2.04663014765862	-2.83952384680096	5.32488165788274
bert1248	-0.849587157915208	4.04712095915868	-9.49099162161148	6.44252461080339
bhoj1244	0.933741452712363	2.2279808956692	-3.25526450140053	5.6549137956396
bian1252	5.90449780268955	2.92964918225972	0.635700913365562	12.3406943583284
biao1253	-0.677281980603264	3.2027776627957	-7.56227956819909	5.09313485318748
biao1254	-1.02714685832225	3.06594462548372	-7.78795687244288	4.50559069978303
biao1256	-1.03513412926239	3.04598883116225	-7.64184560276253	4.46463185435528
bier1244	0.324586502118066	2.15767851586605	-3.90953790306852	4.66850758780079
bign1238	0.316149504304801	2.15560363767417	-3.89213252422964	4.65086174210245
biha1246	0.0678023386038332	2.15127886043876	-4.18269570565765	4.30831165358653
bimi1240	5.86489453382501	2.42262892223244	1.50334877991486	11.0476189282266
bina1277	6.14770204270177	2.48565195115142	1.56970942612273	11.4303446310205
bini1246	0.262696195883706	2.10600227677644	-3.63394480565356	4.60257881325898
bisu1244	1.37274598272044	2.11962205138289	-2.5900861402063	5.72833964143372
bitt1240	-2.31539447204407	2.90736312373818	-8.70537108754982	2.80044764578851
blab1237	0.148763591592161	2.16379146069327	-4.12772393874226	4.50876219288319
blan1242	-2.31931453011634	2.91816612013418	-8.72624122749781	2.81075317681435
bola1250	0.184073072183646	2.14971886613329	-4.04855989318845	4.6149790344455
boly1239	-2.26662559733878	2.93582054482017	-8.73467367636288	3.05060249072369
bona1250	1.01851122781077	2.82343724020977	-4.83608845300857	6.3582902442737
bong1289	0.123141662426776	2.16333258363416	-4.0751511400456	4.37883416536035
bora1263	3.07808640794357	2.48108502983741	-1.76770434792333	8.12128144770437
boro1277	1.34166106934093	2.28787496650352	-3.02574382813725	6.00428032423854
boro1282	4.89865420507268	2.58428785682276	0.244880515829873	10.3413150171154
boto1242	0.0897688815239882	2.16547004051162	-4.25299245009536	4.37973668485043
boun1243	0.223220129653012	2.08681544902373	-3.72733170827148	4.4323346071368
boun1245	5.6356318820122	2.35767790640169	1.26504325156588	10.5174660299094
bret1244	0.692386713850531	2.29329812098344	-3.78212780805105	5.32728930835925
buga1247	-2.26060680709466	2.92751515953945	-8.70274879455271	3.04751359923583
buga1250	0.0483553780124508	2.1540573129278	-4.15693593599669	4.44760586762332
bugi1244	0.139823724045712	2.15987068232526	-4.1702570889736	4.51196341759146
buhu1237	0.360272776710142	2.15762799650501	-3.90414788700249	4.74596230101101
bujh1238	1.34400583556567	2.1020434254249	-2.59861586255814	5.64649145852115
bull1247	0.234848512277687	2.15767496772292	-3.79435781435549	4.52191236266732
bulo1242	-2.29004369193419	2.97973234478156	-8.88892653840109	2.91024195074072
bulu1251	0.500615158654947	2.03109465989802	-3.31052771208873	4.65390537820488
bumt1240	1.15421248134941	2.11265783932242	-2.74898834062325	5.52744118628309
buna1276	0.466516953735508	2.16169038393261	-3.80050081526864	4.8989225652592
bund1253	0.90748927538652	2.23943143704098	-3.43164205073155	5.5394455483882
burj1242	1.84450708080655	2.08214591401594	-2.05253580500799	6.1459288047705
buru1320	1.49607704644142	2.10347569965782	-2.45030740855746	5.84694951279995
busa1253	-0.958649067530871	3.45400673773861	-8.40843080913612	5.27790754321793
bush1247	0.409755390274145	2.05230325908927	-3.42242778081565	4.65177299195737
buwa1243	1.81736868199783	2.17272792294647	-2.20079712867525	6.43399415886759
bwai1242	0.302443562781287	2.15969091961654	-3.90751528527046	4.7272925214892
bwat1240	0.291995153219492	2.17252205046684	-3.87636058678241	4.73368665419637
byan1241	1.09697712388992	2.11668351332588	-2.92023115477332	5.44807853555402
caac1237	0.2810135010804	2.18333040097294	-3.98269705939758	4.72824727421697
cacu1241	4.95858424148496	2.5930462307435	0.193105246273111	10.4282266645033
cahu1264	5.07472005173147	2.33193176677248	0.768779231899827	10.061821430924
cakf1236	1.78628126339483	2.1639085970532	-2.18786200210946	6.24053518593865
cald1236	5.89486782682027	2.52208849661753	1.23481119468084	11.2710954454472
caml1239	1.13275888213674	2.11292829979717	-2.92584593165221	5.52182771252764
camp1261	0.600011706243669	2.24924853378102	-3.86193633132444	5.16423465827799
cane1242	4.60332051554007	2.44054782818836	0.14118541950375	9.8329949054915
caom1238	-0.687988060541766	3.19501634723589	-7.59015490252449	5.09067057765643
capa1241	6.98783992270787	2.57142631492513	2.42121342405582	12.5013886086839
carn1240	-2.26772337819875	2.91952872980821	-8.69917874103284	2.93722974730943
cash1251	6.91281933152298	2.56308281437292	2.39837102333881	12.3361815080257
casi1235	0.0816314164511267	2.15364927863671	-4.19622428627916	4.42686728508593
cayu1262	3.27239861844308	2.54354850397314	-1.63825660329577	8.63777910279501
cemu1238	0.28507748561581	2.15924851244133	-3.89733461607071	4.75317194805357
cent1990	-2.27386967705059	2.91139173218334	-8.6911030622373	2.92551771818718
cent1992	-2.28761808587377	2.9710278441811	-8.77472265962062	3.0157837110242
cent2004	1.08152836259878	2.16992942617056	-2.98867705562802	5.39213453505387
cent2126	-0.718994947265306	2.9848694460583	-7.05668969626923	4.76511264891072
cent2127	5.97303287232936	2.56467161638034	1.3494611247616	11.3920061306939
cent2131	4.14065463872853	2.22994233463449	-0.0477029471986172	8.81710351829065
cent2322	-2.01157662750211	3.0025628056169	-8.41124117765699	3.46675871989921
chac1251	6.99035409161878	2.57075038814719	2.43428378875664	12.437967006406
chak1270	1.02146701177142	2.17022155738607	-3.0446307084517	5.53073131780562
chak1271	0.203647401938597	2.06722617085416	-3.70194723941265	4.51507477929805
chal1275	1.29235562967582	2.16186600647814	-2.8865198495137	5.79977236077196
cham1312	0.143577099289488	2.1893351565872	-4.18122260479635	4.63099035560746
cham1315	3.27157066324821	2.502949895604	-1.65140795462158	8.46574774005713
chan1313	1.05013958962156	2.1564456315614	-3.0535781249407	5.43407676326907
char1269	1.32625309478572	2.23392655256437	-2.85817784110222	5.79418140592682
chas1234	1.21146024019702	2.11264826696173	-2.80038793582074	5.59531785134657
chek1238	0.156866356839124	2.16057921422745	-4.10041184460175	4.53749026019226
chen1255	-1.56132295885562	3.0535484777778	-8.15451372872765	4.01645147540848
chep1245	1.39031963404227	2.09584650955345	-2.52406152099651	5.78345373773507
cher1273	2.45324876081993	2.43890952566068	-2.22869031850963	7.38286887065923
chic1270	6.02566120249627	2.59391817103612	1.42639055134477	11.5257315027715
chil1280	2.20330833799478	2.31274121775495	-2.39638945011896	6.79121611424824
chim1302	5.89656652629508	2.5240013685942	1.25133341613086	11.2313172231558
chin1286	3.31179432628885	2.46731748813917	-1.56705895087835	8.34404513852262
chip1261	2.21162831874467	2.32004975653387	-2.38622402069384	6.88868369795635
chir1283	1.61364180393344	2.1525345887667	-2.3969532752835	6.06680470251582
choc1276	6.02603452605916	2.587512893759	1.38060022937163	11.5562315695753
chon1284	-2.26439569609129	2.95681940305157	-8.71842842275321	3.05909372961532
chot1239	1.60861410222119	2.1429611208455	-2.35093712353974	6.06431917949768
chra1242	-2.28792355828061	2.97973454451446	-8.84034160108312	2.95622317616797
chug1252	1.10890165214456	2.18599477921439	-3.10336601062926	5.4627378256702
chuj1250	3.0448037189504	2.37613361934563	-1.66602454039869	7.79310404625649
chuk1273	3.53817642075758	2.91350248426509	-2.12660343028648	9.40808945714238
chuu1238	0.309911773584373	2.15252375659504	-3.96180366714717	4.59863786601573
chuv1255	-1.81952062901341	3.15651087720486	-8.72263456471935	3.88004745157335
chuw1238	0.361393911694618	1.99764145302207	-3.39448173397238	4.43399524024937
coat1243	2.72895864401625	2.35898006559628	-1.86455663218513	7.53519587318708
coca1259	5.55607467799852	2.41449935294276	1.09292699575451	10.7706796035047
coeu1236	3.32384033955018	2.29449176264455	-1.11547442660515	8.05009069977935
cofa1242	5.1536614544038	2.63720655674539	0.347007821292771	10.8290602489067
cogu1240	2.96302191535497	2.44816565076478	-1.89068449637371	7.7417535262088
colu1241	3.48683641190714	2.30224627164694	-0.88447066624325	8.24654106555398
coma1245	4.96429679611967	2.3107248191091	0.720004625305851	9.81040398022881
como1259	3.16052520151314	2.34792663045397	-1.36388732439717	7.96354951189065
cori1240	0.291894781227914	2.15341938202603	-3.83127992895985	4.78505240796104
cors1241	0.599394614121163	2.24538903323661	-3.75299681743024	5.16929394631738
cosa1234	1.36154580518359	2.12575735516712	-2.60088525134842	5.70382630817832
cree1270	6.00473475196334	2.59825920886639	1.4038339668519	11.531199956307
crim1257	-1.82743054273306	3.16256610081166	-8.52858299863373	3.9120056706649
crow1244	3.86082595310465	2.36889782678049	-0.601099369990718	8.84724316519558
culi1244	3.30035964169667	2.4954022515271	-1.50422290246901	8.34793326353145
cusc1236	5.71643654846601	2.47762982698428	1.1115904641591	11.0666822180329
czec1258	1.19785461539341	2.26543566928118	-3.0772455757191	5.75949650631756
daai1236	1.84783767638776	2.13864458445375	-2.08365791220769	6.42619007418185
daas1238	1.51843065054138	2.05584921668955	-2.41966864774628	5.8664267941642
dadi1250	2.41753563097625	2.72684307057884	-3.06563688746726	7.8063742468997
dagb1246	0.197390458460295	2.07843011010293	-3.74705641150879	4.45377430116088
dagi1241	-1.65569108753075	3.99814437052657	-10.4004144113064	5.5499504465147
daka1243	0.25394850466623	2.15356107625588	-4.09581664374668	4.55592639175229
damp1237	0.448127792991653	2.17942700043071	-3.78120683566869	4.89908272121724
dana1252	-2.31182548732581	2.89884640438829	-8.7763774252914	2.79457991466641
dand1238	-1.55557248831742	3.04282029822323	-8.03089983713278	3.99579331306766
dani1285	0.659310321176888	2.26380386593021	-3.77185705900633	5.18835430666277
dara1250	0.918999112610733	2.21182625358598	-3.36459635685758	5.44955132368531
dawr1236	1.80228011016397	2.24864282829419	-2.40223715907843	6.36007757946444
daww1239	3.45095948410885	2.48664869890069	-1.43367209253881	8.442337753078
daza1242	-1.87013861882847	3.68014816971531	-9.99455875082172	4.54404098310683
dege1246	0.260792781046614	2.11176767678816	-3.71074201822497	4.56818440989828
dehu1237	0.328829235186363	2.16774495544765	-3.8466116285668	4.72546364370014
dera1248	1.79715718193303	2.16170941686319	-2.12504358789532	6.33576576127064
desa1247	4.80835704322681	2.4721663514244	0.304160707908332	10.0137157532631
dhao1237	0.141350299861873	2.1615025478097	-4.11368425665395	4.45907325729796
dhim1246	1.14147490897325	2.17583821160833	-2.92775880014608	5.5493684542511
dier1241	5.13637052352336	2.36527498540206	0.787048983678971	10.1126525540343
diga1241	1.23310269085084	2.15999884379481	-2.8314653057892	5.67067188539365
digo1243	0.367080521260673	2.01176656805753	-3.38608504739482	4.5432203005428
dima1251	1.05144421273205	2.14698565150885	-3.0740204878667	5.36248149392357
djam1255	3.04155307206418	2.82207467990641	-2.47908924276428	8.77557904916747
djee1236	1.50027364333701	2.91756599059141	-4.59118427280028	7.11556223089718
dobu1241	0.670303949239631	2.17859950421751	-3.50499887582647	5.17970608008453
domm1246	5.83166290481674	2.41261531928108	1.41066149447925	10.9318526231648
doro1266	4.21673734213222	2.84061175289289	-1.01607310894126	10.0727787600526
drun1238	1.13783365648098	2.16663826772203	-2.90802870141656	5.61378993356423
dumb1241	0.297774169421245	2.16740687892489	-4.00804420631502	4.69243706989044
dumi1241	1.10259532653829	2.10698818742841	-2.77594297379774	5.45834791591041
dusn1237	0.175091024530277	2.1534137163391	-4.06589328560742	4.53830904152291
dutc1256	0.675009041885985	2.28793841003925	-3.788684708538	5.35059219110979
dyul1238	-0.937707702389596	3.4733366806996	-8.22285730362644	5.43400727387744
dzao1238	-1.0344763783487	3.08440008631206	-7.76275576310101	4.5650499951452
east1236	-2.29268459485518	2.9439244098068	-8.74719035107884	2.97942549395566
east2328	-2.02289439622211	3.02065177328734	-8.74841130946698	3.50650524155522
east2342	1.24304567148089	2.15520253367588	-2.8271285349652	5.70587247572322
east2379	5.16352208029698	2.35969293593347	0.804997769825421	10.2238432763801
east2443	0.230577283361529	2.14862735504297	-4.00455258875891	4.54018202668169
east2447	0.200249858760783	2.13339744505021	-4.07891391715446	4.48650649025495
east2485	0.119324655645942	2.16520998464736	-4.15457984713162	4.49103953528045
east2516	6.19934315713774	2.49539813749109	1.66845258788551	11.5405989924545
east2555	5.31004393283708	2.37123594932267	0.923089158184916	10.4905816453087
east2556	2.74222456571278	2.39299651737389	-1.83071924348858	7.5638258274962
east2773	1.06569215021165	2.07783438153182	-2.80671919477438	5.29608763390348
east2782	0.413657102620801	2.03755015918891	-3.33950298495992	4.61907277814624
egaa1242	1.09064061192777	2.15998788414968	-2.88539989253933	5.69100147883084
eipo1242	6.21840096217611	2.48396843811453	1.59965913761479	11.4434599895046
elna1235	4.24936451891798	2.22685748749901	0.0469877449219707	8.84048701057457
emae1237	0.185674247950771	2.13987036963061	-4.08526422564165	4.5497967081787
emai1241	0.25869146928262	2.09709066464733	-3.62201929992911	4.6061440875425
enap1235	3.5071703112467	2.38978993791351	-1.18800647090282	8.52039634177027
enuu1235	1.43786265436291	2.11629807016791	-2.47473075867958	5.75276189389929
ersu1241	1.25741698266695	2.14501142294838	-2.79401629907492	5.6982779726655
erzy1239	-2.026813117932	2.98291698988629	-8.46019396630804	3.26866144018907
esee1248	6.59533535470732	2.51226562127072	2.07947584270578	11.9454195000283
esto1258	-2.03821001946712	2.97192097872564	-8.5086127273679	3.23253022447767
even1259	3.47977244724753	2.46333372624273	-1.23144843542578	8.58551143199254
fait1240	6.36618629327106	2.57016423395828	1.6347340355158	11.9121692233051
fala1243	1.93314041620132	2.15609008307008	-1.95001848883997	6.44242024031335
fare1241	0.202011314928965	2.07295544146313	-3.70982266564192	4.40626316620695
faro1244	0.653227848237636	2.27342995028825	-3.75048484200708	5.16052108430876
fasu1242	4.23559301291367	2.92083044926554	-1.02788874776167	10.4825257097675
fiji1243	0.236973036024716	2.15589047521618	-4.08578165312945	4.57641136016534
fili1244	0.308908608618399	2.19100801377955	-4.01738403909821	4.80401748264311
filo1235	3.18237380343977	2.49319058564031	-1.70452114636585	8.30537839937128
fina1242	0.0751777737551085	2.16636382863291	-4.20468505471676	4.42148255785169
finn1318	-2.04310657088229	2.99428788171655	-8.59947950099264	3.296567312936
fonn1241	0.518400947191728	2.09945148395518	-3.54211837940537	4.87595945803185
fore1265	-1.99004097879203	3.00618308292244	-8.52104296667806	3.43948665431476
fran1266	3.35734317284327	2.48215211871246	-1.38964915959301	8.40261537887946
furr1244	-1.27978642184118	3.99741228497737	-9.91716918948925	5.9740788252348
futu1245	0.170598160001123	2.14268616963137	-4.0654313860069	4.46698879503071
fuyu1242	5.89471098721245	2.9444200390503	0.664822131472555	12.3394637490805
gade1242	0.299768525386742	2.13388424993261	-3.71475873075601	4.75633147770482
gaga1249	-1.82354290019802	3.13230129033684	-8.63735886898742	3.65346536876762
gahr1239	1.07899750440159	2.09892394671061	-2.88267103998777	5.33384248957672
gale1259	0.934648458386749	2.78897128004421	-4.91589209277424	6.25428684294063
gali1258	0.580196630418097	2.23176295646024	-3.81401754112839	5.12365460746149
gali1262	3.16172478234841	2.36367122831867	-1.48710711637583	8.07745599252623
galo1242	1.66441079918255	2.16600226530046	-2.38564558874952	6.21077298267192
gami1243	4.33989464854066	2.32914862807638	-0.0556447853825594	9.18611610729729
gamo1243	1.72300790032203	2.24465790037832	-2.53575443573723	6.28485743052799
gang1266	1.66547132787205	2.13832911340299	-2.25752187309356	6.19519596418816
gant1244	6.36399869151652	2.56616270243502	1.77942987956436	11.8535459879654
gapa1238	0.30103679826093	2.15773870739795	-3.87542603586079	4.57840870326735
gayo1244	0.11462472148893	2.17831756199628	-4.22943396040392	4.57544384812249
geba1237	1.24472243067274	2.15886104302304	-2.82102529709113	5.76724608435304
geda1237	0.016532190020958	2.13498188672207	-4.18682774285063	4.31309171840036
gela1263	0.141656292573608	2.16732109256384	-4.13200024532332	4.47919317275568
ghan1242	0.176316708750378	2.15937550877146	-4.13730367038532	4.5104681540837
ghar1239	0.126556051451113	2.16150942508889	-4.10122218187785	4.45563506094379
gheg1238	0.822295499596601	2.3576250504014	-3.82564512988853	5.60620412722337
gilb1244	0.306108686435669	2.16081962699315	-4.01719477773284	4.67763174767907
gily1242	0.492417858621151	3.57437920288065	-6.88130128129597	7.35734356462213
gira1247	6.25972405963967	2.58221878932803	1.56739409471042	11.7694775702787
gofa1235	1.806337792525	2.24702527402947	-2.38951737003905	6.42044769005862
guah1255	3.2567711086137	2.51158421808796	-1.75391589055568	8.31345277045242
guam1248	4.14000148337784	2.56701346829938	-0.712892084232929	9.47759968777624
guan1266	1.34467530692655	2.11740614880711	-2.63169954521946	5.75403035665615
guan1269	4.74234128961672	2.46339574445614	0.207679480931595	9.85507002719449
gube1234	0.263449187808159	2.15357865548246	-3.69865838989268	4.72084157783792
guer1241	4.1513031738922	2.19952503406904	-0.0219786077529291	8.78723064605866
guer1243	2.95630407838527	2.39863319116431	-1.6658023619239	7.78105796259833
guhu1244	6.14388092054301	2.48590724347492	1.65786890988113	11.3579506419084
guiq1238	1.25385219010634	2.12899909050741	-2.74954044016519	5.68414470319452
guma1254	0.317243487417432	2.16612583264811	-3.98098166757078	4.67030075559567
gunw1252	2.05630682929046	2.80281919578782	-3.69222150534909	7.3709186358868
guny1241	4.28722436426682	2.29842802450797	-0.0799779914010673	8.99534341848481
guru1261	0.998843701086045	2.0944035269831	-2.96966087692315	5.2409796918197
guru1271	1.85961054007323	2.16668942105306	-2.12519964800041	6.3802974795806
gusi1247	0.35455663843176	1.99356784086488	-3.35525111623153	4.53128304745939
gyel1242	0.763910269034754	2.03789949327991	-2.98195933589874	4.9983528192786
haaa1252	0.358817440204725	2.00973812213848	-3.39875412056208	4.47070698785381
hadi1240	2.03158601237842	2.08143943824494	-1.84461758579826	6.42567062620202
hadz1240	-1.22573958407304	3.98132964500047	-9.81612902298845	6.0136615432327
haka1240	1.84656994094886	2.15383831342558	-2.05920730239158	6.40965480225026
hala1252	-2.28483377774567	2.94603148601377	-8.89213697199692	3.01981220491507
halh1238	1.01516392568432	2.81822788226873	-4.75697563812872	6.34094714810545
hali1244	0.181186137546604	2.16822120018043	-4.19963608065732	4.57285851762231
halk1245	3.16832354427337	2.35865197218111	-1.36624309028188	7.82252153848413
hame1242	5.7050080620858	3.30710541792529	0.031083149440024	13.0277239837691
hang1263	5.74871640790102	2.82143013191557	0.529536480792953	11.6727357832314
hani1248	1.50976950082463	2.12638260139469	-2.439569258349	5.83262840389214
hano1246	0.217618172803667	2.15508703252108	-4.07670216251889	4.52240472568657
haru1245	4.79526791983998	2.8416328784583	-0.356451567230868	10.9173251693506
hava1248	5.21165021451554	2.59013641999273	0.563065776676552	10.7987420912508
hawa1245	0.30185161613187	2.15353164625911	-3.95907401629754	4.75721445548012
heil1246	3.28951744189009	2.41837076113311	-1.40628472095062	8.09475313229587
hela1238	1.31082322992945	2.07568548792507	-2.52791477272328	5.60550769866265
here1253	0.404188824161932	2.03308071597013	-3.49195229542635	4.58529286790995
hida1246	3.73414613441893	2.35046745808441	-0.755032487364668	8.69309720978779
high1243	3.18340891651307	2.47073521699547	-1.64008170272219	8.24892230431137
high1276	3.3456902611562	2.4938600234227	-1.51797262924801	8.45326771752076
hind1269	0.911910734702978	2.25012450599651	-3.42585091301714	5.44975063369866
hixk1239	3.16618576819952	2.35885112332001	-1.52362819602404	7.9133916455173
hoaa1235	0.112758268911443	3.76572970193465	-7.93116442241016	7.17730332527506
hoav1238	0.165048485777828	2.16116389782471	-4.10423525133299	4.48760892058402
honi1244	1.44091286306372	2.12330836548636	-2.49463942795667	5.81849814329291
hopi1249	5.04496200551725	2.32775071402713	0.803986434486044	10.0621736068391
horp1239	1.35518729299051	2.12315156805811	-2.58428736065886	5.77186258785898
hote1245	0.0293391208785519	2.13697694733181	-4.23078792949816	4.35163730482892
huaa1248	-1.26145860236932	3.99113935413252	-9.81450213137579	5.95693014316336
hual1241	5.85583988352272	2.51855114172	1.2083329962092	11.3249081332211
huam1247	5.19146047074221	2.56736061448539	0.567471084774353	10.693186623275
huar1255	4.39031293785829	2.26469891158228	0.20838433803348	9.15273820456795
huas1242	3.05058131256654	2.40721847658834	-1.64730900202957	7.98464585070425
huba1236	1.84503887219692	2.15711276873025	-2.21698883148242	6.36015510846588
huic1243	4.44827058566452	2.24925157617127	0.352900059530728	9.11340567491691
hula1244	1.29005288477729	2.17419152669572	-2.90079170728215	5.82430403416914
huli1244	6.17883830622294	2.47863077543831	1.62986653491529	11.5227254350159
hung1274	-2.01665557970818	3.01858113320751	-8.38499390745029	3.43692268333547
hunz1247	3.84081834302498	2.86846624785194	-1.44302699870205	9.87416723802022
huuu1240	-2.31410284082735	2.92158305690798	-8.83825767180208	2.89193760045991
iaai1238	0.309441089369914	2.17013313047889	-4.03452036964256	4.70504679513654
iatm1242	5.71050851302178	2.84948720408169	0.562521798287745	11.8890795440701
ibal1244	0.0701448319625755	2.15787193178604	-4.21084845911575	4.37280126675742
iban1264	0.0596813883064326	2.16292800735357	-4.30202427379037	4.2899857719362
iban1267	0.0718743691098992	2.15237416985506	-4.22374484226409	4.35331526544204
ibat1238	0.0818560712353217	2.16696274860172	-4.21898591349367	4.47574799371049
icel1247	0.656457452647109	2.27450858620823	-3.79225236739115	5.17610017098354
idii1243	2.10769046720643	2.75106590668697	-3.48533832111032	7.37192817518545
idum1241	1.21469540205417	2.16254026495109	-2.89771615860722	5.62051125432743
idun1242	0.303845793808583	2.16598259095847	-3.95771723393596	4.67645770983807
imba1240	5.88952103305773	2.52103593222811	1.20232098452755	11.244346171417
inga1252	5.8849753473836	2.52199964459377	1.18455819858249	11.1800350507496
ingr1248	-2.05611091075324	2.99712077439281	-8.60706216121586	3.22907844840582
irar1238	0.191785556140495	2.16873376136983	-4.11820483396496	4.50124981959817
iray1237	0.124365602701334	2.18770420913556	-4.25688966553495	4.56617528164998
iris1253	0.703259479839509	2.31164720562824	-3.8596384404692	5.40494372944542
irul1243	-1.55414788260321	3.04442885104622	-8.25782658881639	4.01354111820425
isco1239	6.97707174915526	2.57175265800274	2.44847997928778	12.5632523036922
isir1237	3.18962043237662	2.83640816234854	-2.45024169362881	8.77350129814223
isna1241	0.0660833363744708	2.15991695372928	-4.35786639698223	4.38915493266748
isth1241	4.14587671787554	2.20353411777436	-0.0716428462811233	8.67614389819964
isth1242	4.14443634761897	2.20032868228632	-0.0842333412739919	8.69675379669113
ital1282	0.58049863735801	2.21984293566272	-3.68166358218022	5.02635785723189
iton1250	3.39590908302856	2.45981241661443	-1.30616168777262	8.31770194999266
itza1241	2.88698015409613	2.34605713949031	-1.71356306321274	7.70924431839626
iumi1238	-1.03300389345107	3.05776737332653	-7.65617968627282	4.48208397643947
ivat1242	0.0790654128252306	2.15900744042807	-4.21924183571513	4.37865234139313
iwam1256	1.45452962626797	2.6597343844017	-4.14213129334379	6.51787629612798
iyoo1238	6.21671364882901	2.4551184136487	1.70033305895942	11.4985142148013
jahh1242	-2.27704854568028	2.97822033326034	-8.79633163850841	3.10414330162096
jamb1236	0.0529220725457349	2.1635526139138	-4.32390024060744	4.40531150001745
japh1234	1.46533489222644	2.12326451543778	-2.41598216190517	5.86953656410831
jara1266	0.0664091105056921	2.14416405822671	-4.18843476077178	4.32199044337133
jeha1242	-2.27181209198705	2.96219253130377	-8.66422448961489	3.07237725923644
jehh1245	-2.28807977336372	2.95238180874003	-8.88743765616276	3.01162002053432
jenn1240	-1.56359001160093	3.03318413298097	-8.15472204654561	3.98015623500244
jeru1240	1.09320713319189	2.1062548120626	-2.83199727604628	5.43018502416522
juku1254	0.271564611160455	2.09663359121678	-3.71898581005329	4.4818856069458
kaba1278	3.85533391533233	2.8490796962444	-1.39527599209473	9.79358627185578
kach1280	1.01646131351408	2.15364376219814	-3.0781161203991	5.44410142706928
kach1284	1.29570618457302	2.23278713112716	-2.92920263432463	5.65438183197204
kado1242	1.02290708767903	2.14765017610554	-3.01846608015689	5.44494735021878
kaga1256	0.194793903477572	2.17864114302786	-4.14724888983032	4.55027945041715
kagu1239	0.371868338718766	2.01153839447212	-3.39822044289799	4.60154024118689
kaik1246	1.04852050373813	2.09969822990028	-3.03094676814116	5.28863581904964
kaki1249	2.38371914146097	2.77534225639287	-3.20834112487012	7.84247788138295
kala1384	0.407281752156626	1.99689759960541	-3.38088519387465	4.67649490135402
kala1399	6.06886635205029	2.58130163923339	1.38535062014065	11.5839205532431
kalm1243	1.02083064684065	2.82139070011638	-4.816046275611	6.34782193764651
kama1370	6.18495611312336	2.49156996648308	1.66177356467708	11.590380912112
kamb1297	0.371265455265362	2.01279114474574	-3.42312531006699	4.52270938123516
kamb1299	0.150901218980999	2.16213090653064	-4.07818058485536	4.48760074901619
kamm1249	0.26458842672649	2.08532734863389	-3.71817309948327	4.54403309314795
kamu1260	4.72798799229946	2.73786131623598	-0.306446429373051	10.5539520251755
kani1286	6.19284921722046	2.50473817169624	1.63822913762181	11.6005459873821
kaqc1270	2.87219528407245	2.37669812094266	-1.75553757728506	7.70407865832292
kara1486	0.173974203651326	2.16915223078504	-4.02623915159106	4.55730399810382
kara1487	0.0787605420180184	2.16012315327898	-4.23241430168248	4.39518491256928
karb1241	1.39294469333109	2.14917648166886	-2.66607766358805	5.84803646603225
kare1335	-2.05239964809466	2.99397143246366	-8.57966832457585	3.16880776913141
kark1258	4.32175902076629	2.87640829105828	-0.950178924237226	10.3692480997899
karn1252	0.0424738240095619	2.15099861552845	-4.22122170507122	4.4614886765562
karo1304	3.30960233591122	2.47965746594042	-1.54709311962334	8.34864677196432
kash1277	0.929004366253487	2.26594587245317	-3.43570758434281	5.73544290874813
kask1239	2.21315165693769	2.32927339722855	-2.36880196739229	6.78751782098721
katb1237	0.318475230715835	2.16956302621506	-3.97006369725385	4.6903700970496
kats1235	1.26717420251849	2.11615229805854	-2.64932342974551	5.69454013330044
kaur1271	1.19404826656374	2.8788938904379	-4.59744435641248	6.86532434670072
kaya1315	1.23831300093272	2.16037503324159	-2.86327159076504	5.67861599740171
keap1239	0.0962545165921626	2.11897325373756	-4.04574784310027	4.30386538504094
keda1252	0.153124643776842	2.16994309681327	-4.13912508251491	4.50008333500876
kele1258	0.16798467364498	2.18508157032144	-4.1751131171441	4.5667303528548
kemb1249	0.120575784586164	2.15909247978292	-4.15472857335916	4.44588499224153
kens1248	-2.27490994711973	2.95920909443738	-8.75662117250491	3.11144086254671
kenu1236	-0.945514581656516	3.90252166396757	-9.26665645847836	6.10972716625436
keoo1238	0.164208149684278	2.15956207940938	-4.06423051915639	4.54844479169895
kera1255	1.78264854901646	2.1612866193707	-2.24492633242904	6.31520757617269
kesa1244	6.25060754943345	2.56124702099807	1.46172007614919	11.7467667946948
kett1243	0.240611643203419	3.58352877843871	-7.20213622535549	6.97080488737758
kgal1244	0.364165637117281	1.97940240545865	-3.37225162082372	4.38555999726601
khak1248	-1.80544210812293	3.14235368627615	-8.65537213680816	3.88322605309683
khal1275	1.11260607026329	2.10621628731583	-2.88630370603417	5.4899750312493
kham1282	1.26555016319373	2.08138776991359	-2.58980783773042	5.54698996693471
khan1274	-2.31698250120731	2.90888785664278	-8.80973209334072	2.84731610901388
khan1277	1.401875758713	2.1522032925827	-2.63537340914568	5.85320008952312
khar1287	-2.24067723240478	2.99320496324748	-8.7010331799616	3.10196602577535
khar1288	1.65785866232822	2.13572520241249	-2.3243167228059	6.1295353895515
khas1269	-2.31355336425957	2.92865680647886	-8.82943703233802	2.82383285873568
khez1235	1.39774940018034	2.14594155880395	-2.59623359585649	5.83009269255732
khmu1256	-2.29270335459402	2.92943233140403	-8.72919960837541	3.01071046483588
khum1248	1.65147104998945	2.13591697013296	-2.31594110456737	6.16318314680411
kich1262	2.86093557771016	2.38381998535069	-1.85621679760868	7.63093128642357
kile1243	3.74323613890926	2.48271573227625	-0.93217490291014	8.86550572296195
kili1267	0.148195440126041	2.12875304325263	-4.04576126118879	4.44741028733806
kimm1245	-1.02711069167351	3.04743812789192	-7.57418282887237	4.45642408376171
kinn1249	1.09201313776816	2.11103868510732	-2.91422780007207	5.44881983442826
kiow1266	4.60930014623102	2.57657827857126	0.0108558358553082	10.0708986704419
koda1255	-1.57190346406549	3.04000221803183	-8.28899508100472	3.92394282798397
koho1244	-2.28968420589908	2.97062932841112	-8.86783071386961	2.94871024138333
koit1244	5.0039962363675	2.72764450618856	-0.0154332064920311	10.8278851645078
koka1244	4.93114400586465	2.29528758674938	0.584684520269333	9.66305902811637
koko1269	0.142265471109269	2.16968738168846	-4.14407840691917	4.56607866339445
kolb1240	0.211467429553621	2.10642341005666	-3.791526220086	4.59289995708401
kolu1245	0.312214514291107	2.16896308635836	-3.95632185137607	4.7467587347365
komb1274	5.94203736350217	2.42567721279602	1.45038953554308	11.0856488216795
komi1268	-2.0211398038882	3.02724195204657	-8.58168452509272	3.45586472635771
komi1269	-2.01564038597953	3.01516118606581	-8.49162457917189	3.38886221293575
komi1270	1.61322520964182	2.16408832568915	-2.43082982469911	6.18647951462289
komo1260	0.439230971054312	2.05379564181309	-3.43613495528267	4.68872049125744
kona1242	4.43289198814246	2.77941719970578	-0.624455581173311	10.2628771745171
konk1267	0.96928434495619	2.22031921407531	-3.35744259620447	5.50329699172097
kony1248	1.04194889275467	2.15113296549973	-3.15801320154733	5.39130465540428
koon1245	0.818059895631196	2.02523511357918	-2.80190429174768	5.06065690858978
koor1239	1.30377239874355	2.24302511633898	-2.91051004147325	5.73747706728154
kore1280	0.549208306111902	3.4761933096969	-6.84251663004263	7.14277621556804
kore1283	4.79640042267911	2.48002318784469	0.256845660981432	9.93970746829417
koro1298	0.200072060284403	2.07387617579976	-3.71657025926385	4.43095718729986
kosa1249	6.24526441595759	2.48889006560078	1.66042512225057	11.4729370948778
kosr1238	0.302365073898924	2.14563038818607	-3.87327112866232	4.60477023562083
kota1263	-1.55703377200314	3.04864559741157	-8.22824717197688	4.0208644637639
koti1238	0.379661168086122	2.01551778469941	-3.42821587005681	4.47027145048003
kove1237	0.0729917973581418	2.1362832117637	-4.13512617741721	4.31652971040588
koya1251	-1.55087231536829	3.04054457162209	-8.04315502158852	3.96766054641129
kuan1247	0.396774185562443	2.03058150761568	-3.48797342154363	4.56108164069616
kuan1248	0.18989343033864	2.17670138077183	-4.00182910066985	4.56691796640011
kuku1273	4.36354716221798	2.32100539108164	0.0521552826631601	9.25938762832641
kulo1237	0.103840278997741	2.24377209550552	-4.22922807108774	4.6934030686276
kuma1276	0.280732517400397	2.18491740771353	-4.02615706136716	4.66453556851959
kuma1280	5.83012742901379	2.41000341095014	1.3940583163446	10.8907868454806
kumb1268	4.32868695561803	2.32144826134008	-0.0717010352559494	9.19125869641544
kunb1251	2.05445585301391	2.79112792492167	-3.70755364339482	7.34891518016186
kuni1267	5.93974934625548	2.90731679483511	0.742848222811806	12.3614711586596
kunj1245	4.49034257838869	2.33253126267592	0.0326870995893703	9.42879946170026
kuot1243	2.00412252288512	2.86139276482826	-3.69122197764395	7.5236450490816
kurr1243	5.11896553604425	2.31022820709022	0.766537006544395	9.95344749914095
kusa1251	0.162607115452712	2.15673825998604	-4.05610726434093	4.44900827579107
kute1249	3.51740319999165	2.49526321305561	-1.11068955652928	8.70792397139981
kuyy1240	-2.28358442109036	2.92419132665596	-8.75956149420319	2.98978914137352
kwai1243	0.114237843138845	2.15756495700509	-4.1861388029571	4.42909932694336
kwam1249	-0.701780249006573	3.91122364306519	-9.19214480379286	6.47271657712179
kwam1252	0.8434976075131	2.23589349804043	-3.38448438797238	5.48981015729362
kwar1239	0.115910426502255	2.16639050750763	-4.17108957949508	4.39054735268126
kweg1241	-2.19337191761424	3.67743162710912	-10.35664763756	4.0404449169063
kwin1241	4.1739939908663	2.74983352884495	-1.02422002803476	9.8001409398597
kwom1262	1.47202590083399	2.65227815294174	-3.95332073245031	6.49135135304242
kxoe1243	-1.98306583503466	3.83459311893702	-10.4905365705601	4.69040545064601
kyer1238	1.36114012763431	2.07886359395829	-2.53034482783275	5.68496318737333
labo1244	0.310675339141534	2.16287928367204	-3.92710942965143	4.60434910049829
lach1248	-0.686744304347142	3.23290910746399	-7.62388062769135	5.21470529634874
lagw1237	1.98432188179923	2.1520315917869	-1.96141697619838	6.60069142537071
lahu1252	1.23364397561656	2.11536570815254	-2.71706476639979	5.63853131986954
lahu1253	1.23970229835348	2.11711924368692	-2.68481572796574	5.62980578684832
laiy1246	0.243511901779526	2.17283279990748	-3.97774443152245	4.70238995081713
lala1268	0.0833432001423744	2.12549799635278	-4.15353969204795	4.37710414961651
lama1277	0.147637390373556	2.16017306625092	-4.1828970495616	4.4182604723982
lama1288	1.87425355954138	2.17489564769745	-2.18031220783743	6.43995714990537
lamb1269	0.917825028383811	2.2483083476485	-3.36651924940478	5.55011691952032
lamb1273	0.154115654995465	2.14484942902083	-4.02466409558958	4.49174423765443
lamk1238	1.60051821105317	2.16380361052611	-2.34844603856863	6.08385242041783
land1256	0.231057480663025	2.15304040392276	-3.82862782022923	4.60703129357515
lang1320	0.430790588794843	2.03095672180782	-3.39151711867343	4.59880631054464
lash1243	1.21497612114887	2.12402179685792	-2.75171180134105	5.57385909908726
latv1249	0.994960360792017	2.29689905112435	-3.45879218545516	5.64464438050359
lave1249	-2.28253526933643	2.95505501607482	-8.78425421918995	2.95482586109827
lavu1241	2.09328774743315	2.91501997869959	-3.65007819807599	7.88887530286181
lega1249	0.438293943395765	2.01855480901326	-3.39302603928688	4.57559666396097
lele1270	0.155376252287905	2.17153541616728	-4.20988702011322	4.50074166151331
lele1276	1.78205653620647	2.1723343067841	-2.23178860585975	6.31960628664978
lemb1266	6.14977595491589	2.49523986404853	1.59173150613874	11.5971236108463
leme1238	0.263097146442347	2.16628059529027	-4.09991707744569	4.52595059238592
lena1238	0.717980759332715	2.2135731172402	-3.59073116305952	5.25516807358076
leng1259	0.136991622088298	2.16643660407098	-4.08195960860976	4.49010485356294
leti1246	0.633467284351638	2.19530241989383	-3.63672812584961	5.17285339146743
lewo1242	0.330084013205107	2.15739870317259	-3.98029777291143	4.68164770046671
lewo1244	0.145286774331173	2.16300939888623	-4.15078515762206	4.40391561372918
lezg1247	3.27890831481194	2.83190291508455	-2.06849201407599	9.04353849414873
lihi1237	0.125255157811078	2.16040312731583	-4.14058929746811	4.52541921900941
liji1238	0.28508870949652	2.12629516354583	-3.83666405942786	4.68005798876099
lill1248	3.30424549679018	2.30201344755495	-1.11834001430612	7.99123712286712
limb1266	1.14354581636385	2.11797415854332	-2.87681743797122	5.50717501687904
ling1265	0.331917505370542	2.1520689739961	-3.86832601568453	4.65329541742853
lipo1242	1.26065978652845	2.11679287372779	-2.75315959529334	5.60183391980758
lish1245	1.28193032199848	2.15010420254921	-2.84994316274217	5.6216124549078
lisu1250	1.26569143470902	2.12868990519133	-2.68205435536324	5.66731990547053
lith1251	0.991445001877952	2.2936805264653	-3.374859951816	5.68362205049284
litz1237	0.326979265972863	2.1661915134453	-3.91702933592865	4.73691882363062
livv1243	-2.05234452883764	2.9942364591388	-8.6229290305623	3.29093752005255
logo1259	-2.09334706027105	3.64149445488326	-10.2432772179362	4.24140105191437
loka1252	0.274285873725723	2.09144179372081	-3.77196994522987	4.50971490473357
lolo1259	1.2514853967653	2.11053929095143	-2.68336653548811	5.62420806001691
lomb1257	0.579405396447234	2.24408204015459	-3.81627013430681	5.16013305804664
long1395	0.137608267270881	2.17112302570401	-4.09871930861721	4.51083644672504
loni1238	0.160816126927149	2.17655964172514	-4.20263094574615	4.53513214157044
lote1237	0.0377940383179854	2.15679729145426	-4.24106536096719	4.35442738778087
loth1237	1.39939087884523	2.15678434295043	-2.63015837809114	5.87512413887942
louu1245	0.161986765134121	2.18233336004222	-4.1437225177376	4.49843969657156
lowl1260	3.42441674367335	2.54268817812845	-1.35665384085083	8.64658656228867
lowl1265	4.13892857158094	2.23689802471065	-0.0187693783356389	8.87621490358068
luan1263	0.466251480698619	2.17303224803591	-3.78275633056521	4.93646554099115
ludi1246	-2.05463708511469	2.99146724056532	-8.65374799884112	3.24769834804435
lugb1240	-2.09386489183607	3.64573659579871	-10.2278134334258	4.22543222622566
lugu1238	0.356043029416384	1.99938193033485	-3.38899633015882	4.4899462989349
lule1254	-2.05332446935854	2.98227797779384	-8.48977290703067	3.28867267322852
lumu1239	-1.67625875346031	4.02616076861134	-10.4686077067187	5.59525369042781
luok1236	-2.11693305946243	3.92553466586053	-11.0662243803903	4.61498159898102
lush1249	1.74031041444534	2.15831149381228	-2.26125748291768	6.27190062263142
lush1252	3.1495842050489	2.32867042375064	-1.40287418971454	7.86284342520218
lusi1240	0.0743790650375088	2.14889564047831	-4.07346816594521	4.36706237945796
luya1241	0.417596161112687	2.05098913552039	-3.53053472452894	4.75594965401851
mace1250	1.11905433953713	2.27251579801184	-3.09862319963803	5.77431625041586
macu1260	4.680434868282	2.46066872556183	0.235201563114312	9.86872243859412
mada1285	0.515100387196743	2.18270302616194	-3.78153117891116	5.02338175936495
madi1260	-2.09808959347161	3.65406942538165	-10.0891054521418	4.17759427468467
madn1237	2.77012267895225	2.89372053700963	-2.90723689947273	8.27958825425209
maee1241	0.306644994890298	2.14368546291425	-3.90126082563254	4.66064672860774
maga1260	0.940371860267889	2.22124638493691	-3.29045349635512	5.52760076047725
maib1239	1.65282630502193	3.41029547849504	-5.40446381545088	8.37164200302868
mail1248	2.26063022328457	2.74427059455712	-3.28967776272181	7.636783212027
mais1250	0.651668845821687	2.19404209353402	-3.59663013968215	5.13983201223037
mait1250	0.941157524724688	2.21541664248822	-3.29469679551418	5.46360718611541
maka1304	1.01315653966971	2.04796517870366	-2.68048232816066	5.32819199220382
makc1235	-0.691298300344108	3.20329980134358	-7.69500198665982	5.04702176793793
makh1264	0.370200759840507	2.00116000681369	-3.27721927335808	4.60061507946778
makh1266	0.362087017194639	1.98598641979179	-3.399101541312	4.48842006765949
mako1251	0.447308525021189	2.02590476880394	-3.39059421362254	4.62440459825894
mala1463	-1.56486147228552	3.05903424073877	-8.34109792165615	3.95934712717844
mala1464	-1.5671202307977	3.0637363755807	-8.33712900704124	3.97034053437987
male1284	1.83880916607436	2.27675192021547	-2.35826920268408	6.56928444359367
male1289	0.0445922547851248	2.14366038479548	-4.19973164564967	4.28305522491811
male1297	2.97851866479236	2.43534977906723	-1.7163543806849	7.8267322128674
mali1285	2.79333705003136	2.37731783893138	-1.79819605958157	7.5491851650119
malo1243	0.262471518414343	2.16557919185577	-4.10332982023377	4.65179430966533
malu1245	0.370353084329537	2.16432347914849	-3.89835350625554	4.66630072127906
mama1275	0.356121802074295	2.19596516900555	-3.92843762239454	4.79081000590203
mamb1294	0.219876843632122	2.07428430199379	-3.77727621884278	4.47980321338384
mamb1306	0.203984755803386	2.19260231520248	-4.14157432081628	4.62935899068763
mamm1241	2.87179228821082	2.37448204442506	-1.80155444170197	7.77107411918564
mana1288	0.996643338922718	2.08713662786257	-3.00666795065763	5.2449459154771
mana1295	0.125614290751735	2.15918916149672	-4.15684715751488	4.53192481846168
mana1298	5.72605214511336	2.86647243820274	0.381686494218031	11.9591931387416
mand1415	1.06489979833807	2.1674672987828	-2.9989739893852	5.50371704641271
mand1440	0.134852093300159	2.16979440298045	-4.17704293063057	4.50841210967357
mang1378	-2.25954931854495	2.93797758000258	-8.65543730337832	2.97802122785636
mang1381	2.28457325209819	2.93769936879408	-3.53867024610604	8.04108097328591
mang1394	-2.05775363142488	3.64146874902616	-10.0708351141213	4.39474305180837
mang1401	0.273082635546318	2.14816297186434	-4.02497705350442	4.61475509849996
mang1403	0.0667983180481762	2.15515548490487	-4.2447440410128	4.40852458669234
mang1405	0.152328552313448	2.14436254838472	-4.05850656966165	4.49725270589698
manm1238	-2.31886500523058	2.93161106872899	-8.80958375889701	2.90329009233698
maor1246	0.411993913421818	2.15285587767646	-3.86858729736318	4.82276491745245
mapo1242	0.0243602274923062	2.12652453176351	-4.23479705383013	4.29811613756392
mapu1245	3.29763902377959	2.56979270955726	-1.66898687922591	8.56097302927151
mara1378	0.979204995884214	2.23216127982556	-3.32315686236302	5.61318841910779
mara1379	1.40110569961407	2.17114502104058	-2.70166157762547	5.81047435738633
mara1386	2.2879544390125	2.85596812700951	-3.40138163588919	7.99168460376873
mara1399	0.311203280179141	2.15029372804526	-3.87892104376909	4.65112406867846
mara1404	0.219805341647292	2.17447125981758	-4.16014402401913	4.67011849141197
marg1253	4.28065095519174	2.30421606128378	-0.109623149435772	9.09121986419489
marg1265	1.84316502336791	2.14735615116184	-2.17975809457482	6.40440171834829
mari1414	-1.55362404854387	3.05067881573085	-8.01965906485679	4.02077768020278
mari1416	1.39671177169478	2.15716542225118	-2.72665585341805	5.80456877023613
mari1424	2.28741041185211	2.83388593761018	-3.33464488666311	7.88437526617037
mari1426	0.254178695933832	2.14351019708677	-4.03374190020948	4.5166912993427
mari1440	5.22174548062109	2.56633466356919	0.673833035051528	10.7713590259569
mars1254	0.533552552067894	2.18250357405527	-3.68978282331951	4.97035586880609
mart1255	5.20092895644886	2.32897164691515	0.87959673925075	10.1252729560323
maru1249	1.21071353248284	2.11061057835673	-2.8126974139071	5.50239883809139
maru1252	7.02030733693151	2.56389123886091	2.45554417551157	12.565096557327
masa1322	1.79670527527569	2.16406277735467	-2.20240364621857	6.32678955581482
masb1238	0.367537750435082	2.18919575123602	-3.94367509284312	4.82374511654212
mask1242	0.631808249586631	2.17550117573593	-3.59801229132618	5.07271262692279
mati1250	0.20801364986387	2.16862896756304	-4.08261547517866	4.58533635204701
mato1252	0.0227260098075896	2.12895409801493	-4.14720030188532	4.30374371237822
mats1244	6.82759610896127	2.56784983637895	2.25021049478538	12.2536892273788
matu1261	0.01501912232458	2.13216038702936	-4.25533785995296	4.21354115577322
maun1240	2.35191461626931	2.89418359465687	-3.36235959748571	7.94964923614623
maxa1247	4.96832934163103	2.52754115676953	0.332239636676028	10.3148078147233
mayo1261	0.209015619375312	2.08399667578087	-3.79160129882212	4.45332249044506
mayo1264	4.34450569039403	2.25413048143637	0.191058272696374	9.18206873502474
maza1304	1.81054098425815	2.14373925359409	-2.1656354445616	6.29971299307336
mban1263	0.211576242937044	2.04827306767476	-3.64744021525598	4.40938939129606
mboc1235	0.523038440670841	2.01344200690077	-3.33639769964053	4.59094147146512
mbul1263	0.0420860384133385	2.15348744477882	-4.14966867644156	4.40126189636046
mbya1239	5.28617719365602	2.37747690470799	0.861762112629949	10.5166249833315
meen1242	-2.18985424157685	3.70230842406095	-10.4780697768499	4.03582432568244
melo1242	1.54456916066828	2.23975765258615	-2.7077022561778	6.07170626601814
melp1238	5.63156083589014	2.35490342792971	1.26369474925617	10.5674596408173
mere1242	0.26705973792236	2.16509602821323	-4.03115950860964	4.57210308671696
meru1245	0.37973673483746	2.01404661942095	-3.38459797843574	4.58262721303692
meta1238	0.788246479989348	2.11445259508395	-3.0957422538229	5.22216003131342
mezo1235	2.77130243699348	2.36123851339888	-1.71000299818554	7.59602244611839
mezq1235	2.72491094544282	2.38084004795636	-1.89419407091587	7.50991268327278
mich1245	4.08066843290733	2.19222968497678	-0.0350569834657661	8.58907311341123
miju1243	1.11607893124814	2.1628174837673	-3.00449644729468	5.51720053880654
mika1239	6.01841701388238	2.59860692489615	1.43397529353958	11.670657809792
mikm1235	1.97824174005256	2.3487947433626	-2.78096232503842	6.49151893061135
mila1245	1.55892029358117	2.16842017101514	-2.43874794121949	6.07904715686653
mina1276	1.81762290320493	2.16421509790026	-2.2082514346487	6.46036316358774
mini1251	0.184335925388984	2.15666328394718	-4.07243177964224	4.5182401173328
mini1256	4.69622171948734	2.565423795446	-0.0236556646393217	10.1443136455708
minn1241	1.08792193078835	2.17273091228056	-3.0653405893271	5.54755403190171
miri1266	2.85153897608913	2.84632408338272	-2.78653772496546	8.68061945370625
mixt1426	2.72492630584045	2.35548124361236	-1.70646434437747	7.52279666678726
miya1259	-0.711686200354127	2.9914450801806	-7.05815031778498	4.76974322060834
miya1266	2.25322490913291	2.21039763569431	-1.75978941941223	7.13101074470793
mlab1235	-2.28287532311841	2.92842171364402	-8.68049249189735	2.99098342904835
moba1244	0.203574004476827	2.05231371907669	-3.61484565461797	4.44359761069233
moch1257	3.1680947467398	2.37358010593065	-1.46126099872406	7.93885522330534
moco1246	3.02065821271099	2.4540012000551	-1.82315277100468	7.88282416720909
mode1248	0.828541277489962	2.33281920760787	-3.78695029353838	5.51000838221525
moha1258	2.4031961164239	2.40119210501036	-2.33455901992925	7.07575547047434
moii1235	2.28846798870778	2.97492200302636	-3.7571507143287	8.06694828106655
moke1242	0.119582256514093	2.1710969237393	-4.12970949242115	4.44930155800704
moki1238	0.342168261584511	2.16734865607057	-3.9633118278158	4.66669086022248
mokl1243	0.124520071481455	2.17124137318265	-4.23975735146445	4.43998460147745
moks1248	-2.02562692432567	3.00030548669905	-8.53130982349982	3.35572078002159
mono1270	0.209438190332374	2.06559468360748	-3.84937266468151	4.44565603440452
mono1273	0.156197330748984	2.1684422413848	-4.17075414800261	4.48932171046013
mono1275	4.84888115759252	2.29207226817324	0.653637998503628	9.68360517430659
mopa1243	2.88421772192723	2.35850205021851	-1.76115019035524	7.66572259652192
more1259	4.10296860693658	2.20693610096559	-0.0246679932647562	8.67858218034159
mose1249	3.42601919168224	2.49856849302765	-1.43444035342753	8.48685915685151
motl1237	0.256429903205492	2.16101658611996	-4.03074028875607	4.63198066159525
motu1246	0.0946709762905261	2.12218084220536	-4.1530801743382	4.32954810791289
mouk1239	0.0609781611650779	2.1435724669961	-4.23765253544956	4.26412051360291
moun1252	4.98080288366459	2.72155251757171	0.0470166377220941	10.8885423788307
moyo1238	1.6091505715693	2.15713571066038	-2.40504182694442	6.10566770861498
mpad1242	2.23413102019176	2.1632919266146	-1.73992986070703	6.93911610115072
mpii1239	1.43029378236672	2.12271411452159	-2.49013256661354	5.70552552484491
mpot1240	0.424503649063586	2.03118955385975	-3.48648278622521	4.62589455349209
mpur1239	2.42844547315776	2.95512597742374	-3.52300140144725	8.20355742416808
mual1241	0.06348729408798	2.15594864009465	-4.23135702297359	4.28960154744651
mudu1239	-1.55266540442379	3.05626639633054	-8.25378408778394	3.94780270423523
mudu1242	0.19046988863183	2.14713372461161	-4.03290207203241	4.52452114569006
mull1237	2.41813530584714	2.83092192239514	-3.27283780118489	7.94258590415747
munc1235	1.87581539105818	2.13938873029449	-1.98286040102082	6.4533472595457
mund1325	0.220129017264125	2.07402147223544	-3.76780697112154	4.53138901980133
muru1274	4.69190694579717	2.56906060922864	-0.0362834564718142	10.1314122444116
musa1266	6.36938792851399	2.56763572761488	1.67678846519079	11.8093685517981
musg1254	1.88247519660782	2.17058379962872	-2.19892459600147	6.40348825091079
muso1238	0.0294470287619796	2.14709590809742	-4.29507326091252	4.37055174181964
mwag1236	1.77814538280438	2.14511915753271	-2.16981235358466	6.20524438421138
mwan1247	0.366989677030792	2.00622979803861	-3.35948417398785	4.54383985608192
mwer1248	0.434733069019	2.04476079111448	-3.45493849892654	4.71980434769627
naka1262	0.193000841895692	2.15222632854897	-3.94179078603689	4.54868201601026
nali1244	0.178747732684853	2.17615651145714	-4.13114486043922	4.48981086816203
nama1268	0.402427763067343	2.15989403654635	-3.77910667586878	4.70010025490116
namb1293	1.42270290526446	2.82961870479311	-4.27766315699298	6.85584807993319
namu1246	1.27470045380551	2.1487511258572	-2.7642485918267	5.68518024857832
nana1257	3.56434825478893	2.44601244818757	-1.07743488758127	8.49561169889078
nang1262	0.20054056331464	2.15050907466601	-4.05307490459557	4.58538612388899
nati1244	0.313480505692058	2.15601628918127	-3.91910602164113	4.65460303481026
naue1237	0.358821602937525	2.16899499584926	-3.82398733251046	4.81503972747247
nava1243	2.17303643133845	2.29684148374471	-2.348260748179	6.71183108984207
nawu1242	0.497789601961242	2.12654858544034	-3.59618073182572	4.95304356360258
ndam1239	0.408899419852537	2.02046398784164	-3.38507907824744	4.5060157932647
ndog1248	0.212072879494435	2.10555080898966	-3.83370851340963	4.53293162472243
negi1245	3.4817275043051	2.47570688503475	-1.25280212942951	8.50301288421135
neha1247	0.178927860435768	2.1677715369497	-4.09924711670912	4.5631204227297
nend1239	6.359427701495	2.56847817744745	1.68755073995018	11.8762426814794
nene1249	-2.00028948695856	2.99906327518538	-8.5276780519579	3.41327700532813
neng1238	0.310500273752129	2.17520252428763	-3.89725147574532	4.82976820423011
nenn1238	1.42698614048695	2.83471900503261	-4.32300652853268	6.86042673917376
nepa1254	1.31828763328231	2.22870387837402	-2.89149092636039	6.03975745657752
nese1235	0.370607828239167	2.1524929689226	-3.81323629255684	4.7231310855511
newa1246	1.05613329568092	2.07740649555503	-2.87330287567122	5.35641287900791
nezp1238	3.11662480260978	2.41343138331902	-1.60833556424828	8.0843555969844
ngaa1240	5.28195533339194	2.30687426669605	0.992272348168591	10.1117400156705
ngal1292	2.05131463653793	2.81092783875934	-3.75413330814924	7.3387002999349
ngan1291	-1.98097078194815	3.00711872094394	-8.5092978814657	3.4387290598261
ngar1284	4.42077586036686	2.7571088974878	-0.732760571654987	10.2324535113591
ngba1285	0.274727156498788	2.07536568024278	-3.70094107857823	4.62893818201571
ngeq1245	-2.28540867391514	2.93575902568256	-8.69723194864718	3.01791762522414
ngit1239	-2.05423289215528	3.64841083900712	-10.1087255110926	4.37057943343548
nhan1238	4.87176325865696	2.28362377051714	0.607339153348194	9.59647179036433
nila1242	0.466454410687997	1.9833678687191	-3.29205312608664	4.62452098148581
niua1240	0.209907541430583	2.13850051492843	-3.99687704955775	4.48664912111331
niva1238	3.24343503149682	2.49980268542925	-1.48497829502942	8.30828050102389
njan1240	0.292227335014032	2.14677044918337	-3.82363170660175	4.68561117045463
nkon1248	0.498722566625445	2.11095362745013	-3.62935864048135	4.84817303752221
noct1238	1.0384024138634	2.16541043632605	-3.04604549173237	5.42369671889917
noku1237	0.271086510559016	2.15452868689579	-3.99407669496764	4.56163393905681
noon1242	0.268767938079721	2.16794233905443	-3.79310447320995	4.85999154139319
noon1243	0.3827274481763	2.08282322294456	-3.51988928665252	4.75916299379724
nopa1235	2.68242619698038	2.34663361466196	-1.82089385628298	7.48225483153225
nort2684	-2.27642539531548	2.93240199115193	-8.73175868582119	2.99727103716585
nort2690	-1.81721736972757	3.14743137370246	-8.66062720458509	3.86690651654412
nort2697	-1.82008051471557	3.1363043108521	-8.58382581493916	3.76198356810499
nort2702	-1.55249076646868	3.0301204110152	-8.05137026795691	3.84954626586116
nort2722	1.27215950323883	2.15105308718531	-2.77673193156569	5.69297730070335
nort2723	1.31461553790321	2.13701376936482	-2.64716193820681	5.6120712350806
nort2724	1.08214363951018	2.16375203986967	-2.98507756627709	5.39196379998938
nort2732	1.12104396903908	2.13968472948857	-2.87197761734246	5.55079061899681
nort2745	4.96162163311349	2.93699274769166	-0.30935947093719	11.2368141725144
nort2747	-1.02918139048754	3.07151074697481	-7.83141010371034	4.54851111464634
nort2839	0.263816362421973	2.16115529853169	-3.94400233250978	4.64018597361405
nort2845	0.272206000171626	2.14879240803627	-3.97763610198579	4.59200641190127
nort2877	0.0781454534776491	2.15888569922565	-4.19736312768619	4.40159576668554
nort2885	0.202868696655652	2.18625244719185	-4.09164003661788	4.5388849103435
nort2930	2.14268467491327	2.85047666258162	-3.69400525267052	7.81224104280036
nort2938	2.9852512689746	2.46253825686742	-1.72149680095635	8.02969244327371
nort2942	2.1777645820148	2.3063637289042	-2.37049549861367	6.6646477602848
nort2951	4.77554807419131	2.64190632257677	-0.0165682043683884	10.4955864987629
nort2954	4.80311421081999	2.27907312898994	0.600722287228256	9.54059390542941
nort2957	4.1095319657136	2.19871891914708	-0.0770300344648484	8.63402750429697
nort2959	4.59271223919244	2.27057526857538	0.419332676418988	9.38593726333207
nort2961	1.95015689028748	2.33117578908088	-2.61443764456833	6.54642845333513
nort2980	5.85957245785459	2.52144499842701	1.29428251597628	11.2242242678965
nort3047	1.87650046695659	2.17837611744101	-2.13181150168934	6.55401076045786
nots1237	0.126858709953714	2.16296078150802	-4.07927680722196	4.5791874575005
nsen1242	0.714273225890378	2.03174247835685	-3.05962287654648	4.96845076151
nucl1235	0.825773313548811	2.34844685225983	-3.64290208512571	5.55311754771357
nucl1240	0.210540424670947	2.08793074235688	-3.73267393670471	4.47149713845422
nucl1301	-1.82187083944165	3.11701289059185	-8.65375066342409	3.660933085707
nucl1302	1.49480217982589	3.10328104832976	-4.6633958841753	7.59058964851593
nucl1305	-1.55779721792347	3.02626757687656	-8.15558954300845	4.06185713658241
nucl1327	2.4396502724798	3.0433368074379	-3.68323466599299	8.4892549097086
nucl1458	2.09919009555509	2.72640140833692	-3.44138838378829	7.53125208379892
nucl1593	1.20181424530731	2.80295658839936	-4.59977028009729	6.61958235967242
nucl1622	2.61563238303226	2.84095567816851	-3.0754334096933	8.16566142906195
nucl1630	4.94137626507475	2.7353003259706	-0.0634654852435724	10.8701625685265
nucl1633	2.20342421021133	2.83206951881793	-3.38812583852918	7.68433253842509
nucl1643	-0.687983672512159	2.98308328168525	-6.92030219347698	4.87020047108988
nuer1246	-2.10777500332667	3.92613900108613	-11.0126906017844	4.75780913272444
nukn1238	6.29200003729216	2.4931516309355	1.76762803633461	11.7300909830839
nung1282	1.1416568745143	2.16930172238203	-2.93689443032477	5.59950880410502
nusu1239	1.27216345949798	2.12913503628777	-2.73866760484738	5.65702421043151
nuuc1236	3.28724335558826	2.4381703670491	-1.44372092620901	8.19644607509034
nyah1250	-2.28732681827996	2.95250540728603	-8.77722538259496	3.09761880264421
nyal1254	0.283245687912377	2.18892470726227	-4.01034586928383	4.72297361979055
nyat1246	0.468626374014626	1.98578219728442	-3.23855312467422	4.6881043191587
nyor1246	0.34586560546555	2.02515070506511	-3.40560933107796	4.63611766097693
obok1239	2.39247767092756	2.93518363530922	-3.4801289220943	8.23505428621105
occi1239	0.588123020796382	2.2277223295343	-3.72735386133135	5.06478897852354
okan1243	3.32422397524717	2.29077914112705	-1.09316625845369	7.99564234243369
okin1246	-0.717344428779822	2.9694824031339	-7.00092436660214	4.81300980668847
oksa1245	5.4894152081793	2.35984756956761	1.07978842215105	10.4171082298339
oloo1241	0.760525301718811	2.80707999141785	-4.92054336598676	5.97357363640746
olut1240	3.36550826988699	2.49104298790691	-1.42541552149911	8.53578098803624
omah1247	3.49741457172584	2.37869774113102	-1.0294858614934	8.41930285807776
onon1246	2.39775055790695	2.42418880830508	-2.33099622139563	7.22232675746865
oriy1255	0.97781782719834	2.23491660630729	-3.35475714120628	5.57029594717398
oroh1237	0.116937791800493	2.1647298584339	-4.19579153533683	4.44180757224671
orok1267	2.45908859452134	2.56531016620817	-2.58055462134691	7.57121077864106
orok1269	6.14690750834247	2.46648800040868	1.54346394505288	11.449153400578
orow1242	0.305142411950273	2.14707157040559	-4.01632260511557	4.53351260184404
osam1235	0.557986793717395	2.04138085589675	-3.25763286768239	4.8029154557097
otta1242	1.94390761253046	2.32383461349009	-2.74173353959389	6.51476886276774
owaa1237	0.117412335744649	2.17532646311661	-4.14079870791107	4.42967267538906
paaa1242	1.94943141818788	2.17477691724117	-2.03663644713282	6.53144671092762
paam1238	0.275515313474912	2.14896974208655	-3.9405637948337	4.56445660937874
paas1238	0.199578651105676	2.06930743988274	-3.68763013555768	4.47959017958435
paco1243	-2.2929809478188	2.94008534349534	-8.73344477147595	2.97085872577657
paez1247	4.19725271961102	2.55199777051394	-0.606302405419195	9.52554235754299
pagi1243	0.43086395171359	2.04793439686843	-3.5167013850615	4.64781310496003
pagu1249	0.953803278255824	2.80143187946447	-4.85436980763716	6.35847984401156
pahn1237	-1.02019976899768	3.075067124493	-7.63220209074619	4.63576795799242
pait1244	1.65076948074451	2.14396261217984	-2.30934952371332	6.20525502387802
pala1344	0.1371373529934	2.19784018660296	-4.16637272412829	4.57985070258935
pamo1252	0.242402330204375	2.1814481258683	-4.02875877795744	4.67523845237149
pang1290	0.0743409185616952	2.15405022687297	-4.22336422084542	4.35204375279232
panj1256	0.945515180439445	2.26564399364991	-3.37306099375704	5.57982594305735
pano1254	7.02246322574294	2.56496485195829	2.45946990136214	12.5696527135501
papa1265	0.180830996579103	2.15351241028055	-4.11462165924574	4.50567964262116
para1301	-2.32088236071013	2.9265872905185	-8.80119798335653	2.83515913059982
pate1247	0.0204564293040237	2.12925897120195	-4.24567917160856	4.29403087384965
patp1243	0.183209488640227	2.1774857277663	-4.08457893315132	4.62250547681616
patt1248	1.08296926650466	2.09862969746979	-2.89235575092007	5.35882031412146
paul1238	0.180630844513616	2.19456349909239	-4.13552699851384	4.57265268284667
pawa1255	2.38023325220369	2.82383595122525	-3.09235151233353	8.08996677168429
payn1244	6.36710714907504	2.57100805141604	1.73171234083956	11.8344198533253
pela1242	1.20893521194633	2.1107737563666	-2.84984968417935	5.50372491377812
pend1242	0.589436165941658	2.19212257043934	-3.65448411100061	5.15638555331925
peng1244	-1.56526268477522	3.03654085501517	-8.14252899881403	3.87883101452005
phai1238	-2.28655464224512	2.93883913879301	-8.74732317368597	2.98494471152517
pila1245	3.02779585883531	2.45477302212735	-1.87857531584785	7.91241097761982
pile1238	0.202621740764469	2.13835928823619	-4.05854982077531	4.5442014161746
pima1248	4.50833718898001	2.2517677109516	0.403912587885	9.25121532043417
pina1252	4.80345495382743	2.83720490644586	-0.465081084042005	10.8245573213968
pint1250	5.27887872882699	2.31893714793271	0.992208844498784	10.1900095583581
pite1240	-2.04958680879929	2.97810384766355	-8.63396702932076	3.2732540813527
plai1258	1.97911491051524	2.33244361473947	-2.65933934096518	6.61508105195439
pnar1238	-2.31410193059501	2.92178105856607	-8.69068547404098	2.75064517090417
pohn1238	0.335303539407523	2.17542993091029	-3.85607623283683	4.640625295956
poli1260	1.31609092013212	2.28618063959556	-3.0109326895258	5.96015188229002
popt1235	3.38441173375655	2.37096187282507	-1.13403024363835	8.32431487564341
port1283	0.581340453132097	2.23542854181136	-3.83358445434444	5.13277226263543
psik1239	1.88856917789444	2.16057846831859	-2.13629742115539	6.51791943646733
puin1248	3.12427503353478	2.51053146617019	-1.74152364344417	8.24897346643351
pulu1242	0.307676245227721	2.15235380801028	-3.9409653485166	4.63919429214091
puma1239	1.14109525931132	2.11126646079276	-2.9327766909403	5.45163156111697
pure1242	3.37633633013651	2.4939588971816	-1.42323945511509	8.50534969686977
puri1258	1.22047138534423	2.0944937525652	-2.639617456627	5.61410202945662
qanj1241	3.23903154376248	2.3559388663789	-1.34259065283942	8.01711052063507
qawa1238	3.27394832177572	2.49073448141653	-1.58148386405863	8.33961840263385
qima1242	1.48330776027584	2.09922995853335	-2.51825878136995	5.88573064105118
quer1236	2.72277658465497	2.38355267789551	-1.86065871990779	7.52369014288036
quio1240	2.77195610492307	2.39192491604794	-1.86626549931089	7.63050970697666
rade1240	0.0677582347617211	2.14136791745768	-4.17582873688537	4.35663314846222
raji1240	1.16242599028227	2.16354421801545	-3.01149203863841	5.58404117056692
rapa1244	0.271073665539742	2.15845013508457	-4.00253190527219	4.64323867374041
rapa1245	0.292576848079248	2.14885631219015	-3.92153341061635	4.70797391036005
raro1241	0.29312050748995	2.13235348967034	-3.87347432037814	4.60937806818026
rata1244	0.145984165911121	2.15920294934082	-4.15006096036196	4.40086785109767
remb1250	0.151106269439486	2.16876881975046	-4.11826083546456	4.63166866549811
reng1252	-2.28487518844807	2.93804193924641	-8.79915928994717	2.91900808535284
renn1242	0.217923130631179	2.13703236387547	-3.94770488634085	4.46887413535547
reye1240	6.53827492983787	2.4804791815527	2.03800283267358	11.7807890319921
roma1326	0.580223024130773	2.24971825987403	-3.91101151107027	5.13900958770662
rong1264	1.08536553585201	2.09784764247037	-2.8864964200271	5.38003367548918
roto1249	3.59201449261078	2.73993394486064	-1.87483916220711	9.14568099945741
rotu1241	0.22739064129124	2.15170531299717	-3.95559095158445	4.66179878913453
rovi1238	0.173139616420691	2.17378414354849	-4.117119495924	4.54850695010365
ruch1235	-2.30687730809342	2.9119735524515	-8.73520853454046	2.85036901058515
ruka1240	0.112931688096807	2.29796912711267	-4.30348032597421	4.64899775399078
ruma1248	-2.31004553018961	2.92653962221627	-8.88101780460674	2.82059778114687
rung1258	-1.26681610228853	3.84640419137116	-9.69154755325214	5.63295448145983
russ1263	1.15872744746557	2.27844931302364	-3.19048678943489	5.70804370071408
russ1264	1.01980187070787	2.81940254271812	-4.81775638289534	6.28215588856457
saaa1240	0.121857822277774	2.15574374871918	-4.23936405571899	4.40177399312746
saaa1241	0.79251753773636	2.21651477691957	-3.50840516195505	5.24995420948162
saam1283	0.352264278274022	2.00735429542505	-3.38017257855996	4.55865761898063
saar1237	0.115276464072356	2.2655587525533	-4.37400962406839	4.64388110159463
saba1268	3.05799472332749	2.42427765037595	-1.68822779229581	7.92746288764768
sabu1255	0.155720140872643	2.16405641698041	-3.96362266834017	4.52559348237663
sais1237	0.100019902278361	2.26166219932225	-4.33076606591986	4.58825432468527
saka1289	0.252660417253897	2.15802669321613	-3.98432076132745	4.51509448623112
saki1248	5.31285579130416	2.42130230212472	0.788451381634774	10.5892763686699
samb1305	0.216279637271193	2.10583017021055	-3.80085275112495	4.5914297831292
samb1311	0.313030366510329	2.1357250076949	-3.81421525730665	4.67115644279456
samo1303	4.41735997364529	2.76333615402006	-0.604539226922725	10.258045414607
samo1305	0.211053412296711	2.14032816394483	-3.99244373473917	4.48867295362891
sand1278	3.50912660148393	2.52423504459581	-1.30242389385567	8.66459898645864
sani1269	1.26685990042533	2.09623970408942	-2.68738707738005	5.5695386620113
sanm1289	5.88437147615733	2.51237645673887	1.28479096177476	11.2341312778555
sanm1295	3.48240136230981	2.43048660910256	-1.06329270220084	8.50823140822342
sanm1301	2.77294161802302	2.36615096988163	-1.67822129622411	7.64107801177489
sant1436	3.05427460388216	2.40219711350752	-1.60135185400972	8.0960818213864
sanu1240	3.2919601887224	2.52375279057621	-1.57592259231954	8.48125179810445
sapo1253	0.167364577854135	2.18009531046217	-4.21094501154097	4.62276919704723
sars1236	2.21411843000705	2.31055497643681	-2.38366889324973	6.76964968488448
sata1237	0.313956653123737	2.14837842454879	-3.96953385391048	4.57039001837858
sauk1252	6.27541215738665	2.47782105666179	1.77551328079317	11.6171603164668
saur1249	-1.515347372037	3.05853990553596	-8.07949354794198	4.00628215921731
savo1255	4.98192697401785	2.84878775924199	-0.209238959831004	11.1371981295731
seda1262	-2.28026277019637	2.93518301365341	-8.66889111440524	2.96350005043024
seim1238	0.179376306492513	2.16245579663117	-4.12929497152038	4.56901416303882
seke1241	0.781413095960579	2.21078187170396	-3.52605006301785	5.237970193448
sela1259	0.198633354721462	2.17007761534884	-4.02370498507637	4.63272894764154
selk1253	-1.99760171258196	3.01714316253736	-8.53634739517394	3.38841388535986
sema1265	-2.27952707472138	2.96318054738357	-8.70978437318498	3.07521218978667
sema1266	-2.28311320415889	2.96077483570622	-8.80933987302331	3.01443528714516
seme1247	-2.27510135613007	2.96013502774104	-8.74695304119502	3.01421243232179
sene1264	2.41262263285848	2.42475493025609	-2.41751149274278	7.10235048825808
seng1281	0.0621035656296071	2.13529009762243	-4.19044477889828	4.3437313053478
seri1257	4.90076586584043	2.60240487943166	0.152764264994375	10.4206134462145
seve1240	1.941301375789	2.31970651170489	-2.65330593367383	6.42800740156808
sgaw1245	1.24679882216692	2.16358192573431	-2.84437785962142	5.72466652217606
shab1252	-1.36512836199715	3.90675268569026	-10.1145220073453	5.65594912856792
sham1280	0.366739714077577	2.00131824480752	-3.4744260770843	4.48508124540819
shan1283	7.02647749835673	2.5612029972833	2.48384040829234	12.4602829408446
shaw1249	1.97639734510159	2.31433932295547	-2.63607186366016	6.5140144750924
shee1238	-1.03737992072912	3.08154522149493	-7.51413062716937	4.5538572519436
ship1254	6.99082435258948	2.57810930654954	2.44853203603529	12.4781884849346
shix1238	1.26958054885154	2.14710571680451	-2.78797216974676	5.67587960819641
shol1240	-1.55338779753354	3.03887647542148	-8.15969728623526	3.98887589229283
shon1251	0.40862259337645	2.00639982855146	-3.31391940208966	4.60425193267928
shor1247	-1.80160379495806	3.15168164041369	-8.54089460007012	3.85366221810312
shos1248	4.97738681268056	2.3172293731379	0.677944871163834	9.87458248607821
shua1257	5.19543067061897	2.5738471760169	0.584336394275907	10.6155010980742
shwe1236	-2.30782407147278	2.91530918237594	-8.83336052947651	2.88367090952388
siaw1243	4.42738620011984	2.83730617746821	-0.815279898327962	10.2126906541127
sich1238	1.26093888344129	2.1154472955942	-2.81442845463206	5.6682300046535
sici1248	0.574664205722234	2.22562248916873	-3.69290783959607	5.11455292821003
siee1239	0.83188862432156	2.23693825301377	-3.38789928333934	5.43455451884721
sier1250	2.68897485453978	2.34710110320601	-1.87212434055611	7.48237404510703
sika1261	0.228293378298224	2.13406959065273	-4.0163760191707	4.49839982772785
siks1238	1.9701084817188	2.34814602886659	-2.78177552070417	6.54760251352287
sile1255	6.36754768408237	2.56550900075931	1.70086780315443	11.7724491359323
sina1266	0.0979573833689314	2.13082201337189	-4.10541372759415	4.33299399211407
sing1264	1.01806743563483	2.16066823192845	-3.17145570495239	5.38372272573763
sion1247	4.78557831243287	2.47497105689604	0.240314725838269	9.94874864444218
sioo1240	0.0330930946057263	2.15818480642404	-4.19295933363241	4.38665915760792
siri1273	5.57774590579066	2.41620206320004	1.17773368261174	10.8668417472802
siri1274	4.80734279846743	2.47979184913227	0.320556282198615	10.0711716036289
situ1238	1.68075717955991	2.15129086485335	-2.22075048353884	6.15594604728712
skol1241	-2.05065266351146	3.00135096770446	-8.46403321827741	3.43419426974826
slov1268	1.11280702003296	2.25075026163059	-3.15730023788532	5.65067035683649
soch1239	2.76462293378824	2.37412767474875	-1.89855718641029	7.65261814092079
soga1242	0.356375749459844	2.00428962483593	-3.38363827164066	4.53947821949536
sons1242	0.30996110791594	2.15897763226546	-3.95942575644824	4.67610835876214
sooo1254	-2.29177086828001	2.92885410577273	-8.82655300469544	2.99717825508485
sout1528	1.10599497140874	2.25370726707875	-3.24842501183553	5.69161155841033
sout2649	0.911016188657414	2.2885553534518	-3.4648351570572	5.52449226062665
sout2674	-2.05567482091318	2.98957278120153	-8.56357325833462	3.22170176142855
sout2679	-2.04417906406428	2.98979256938006	-8.50016999854188	3.2647628286461
sout2728	1.27086502091561	2.14913030254558	-2.75499717030468	5.63527510038904
sout2729	1.31699451822485	2.14210088074137	-2.64370188043515	5.725250807598
sout2730	1.08255229421788	2.16389374934139	-2.96838658368326	5.43158280247371
sout2782	0.5342987201516	2.11079451956134	-3.38621949790371	4.95677250373377
sout2807	0.371264956732442	1.99853099425408	-3.43749316140391	4.49770748445795
sout2857	0.317988951486843	2.17492197520843	-4.01136637948995	4.71638716903108
sout2869	0.837079340325969	2.23283454654158	-3.40832638517265	5.50165849473826
sout2895	0.179253075276581	2.18241670585593	-4.1927887439735	4.64472484811987
sout2918	0.174137247716694	2.19377798635911	-4.17914965260182	4.53341648042581
sout2954	-0.716066082578759	2.97911992897443	-6.97145411709661	4.73597986436834
sout2956	3.00777245855983	2.45102175087624	-1.77957809837224	8.06612389586935
sout2959	2.17660281809438	2.3122796767753	-2.36959377104596	6.73582638071465
sout2976	4.50341108247131	2.25972593461657	0.336025379496703	9.22520451231636
sout2994	3.09575816137385	2.45469160085392	-1.67725410355098	8.02057220924858
sout2996	3.09524939203543	2.47982443501593	-1.68405447837116	8.08322733939458
stan1289	0.584095654647845	2.21930441971477	-3.62999783537266	5.09706669427284
stan1290	0.574545334929392	2.23645623868969	-3.84508636204804	5.10288108590908
stan1293	0.658824922624905	2.25572054285784	-3.70722133294967	5.17542989233813
stan1306	0.0553915666086909	2.15946794503126	-4.35780114096225	4.4313944863889
suba1238	0.357752297705227	2.00123159929285	-3.40329195963284	4.48583006274188
sude1239	0.1778519724818	2.15808189608724	-4.11391259073152	4.51529171213908
sumi1235	1.39767835892126	2.13733522849709	-2.59288024367283	5.83921219245938
sunw1242	1.08837679385972	2.1250169820738	-2.92818081165218	5.45729466044168
supy1237	0.254899161663101	2.10073211041438	-3.7210833111558	4.63372578211008
surg1248	-2.00409882662525	3.00206912941443	-8.52066595952456	3.49633383891134
surs1246	0.202024465864404	2.164496464668	-4.09815906602685	4.5652368939023
swah1253	0.362486794299034	1.99029586516033	-3.33195289165229	4.56777815698603
swed1254	0.661335284301314	2.27403086165635	-3.82700912450584	5.10400437990808
taba1263	0.945656039688977	2.7980666515688	-4.8199504116579	6.33028922994827
taga1272	0.2021887644424	2.1566927179534	-4.12803197628239	4.55830892269047
taha1241	1.47342416806932	2.21216188345828	-2.63400119934275	6.03261502051774
tahi1242	0.313839734699519	2.1505252569735	-3.91486699115436	4.72167385953765
taia1239	4.42237681997945	2.87561424326436	-0.991122506668371	10.4464486078707
taku1257	0.232381040308136	2.16086450139267	-4.01180796685543	4.59481551132736
tali1259	0.150573338466095	2.16474101194296	-4.11219547502786	4.60901428403093
tama1365	1.47860513992053	2.19747716831713	-2.61447360256647	5.98860326992011
tami1289	-1.57158874839327	3.0635530824188	-8.30996158656564	3.98067128747936
tane1237	0.196068120885831	2.17349226736472	-4.20446306364949	4.54960454910427
tang1336	1.39592572137818	2.15801671191547	-2.73812548871396	5.86446453300967
tang1377	1.79553895343022	2.19229731604544	-2.22947145650273	6.34658531841882
tani1257	4.54912613020169	2.45222718818991	0.119222937378314	9.6429498938
tara1313	1.61312042509758	2.15195779686638	-2.35847348166706	6.0776291070131
tari1263	1.51101320487233	2.22702065746654	-2.75367894916516	6.16838854122295
tata1255	-1.82696964667053	3.12803646220485	-8.55159669681663	3.71499391061603
taul1251	2.29126563485345	2.81858882541676	-3.41338551762149	7.77955447115272
taus1251	0.367907621380823	2.18990861045339	-3.98644508657632	4.81552890800677
taus1253	3.19159260727048	2.54702809663587	-1.85080635743661	8.32676412030831
tean1237	0.200663459297352	2.16307114768733	-4.11207383192208	4.57811837623967
teda1241	-1.87936264740379	3.66867537211025	-9.99432337786796	4.53929586953624
tedi1235	1.65402696309189	2.13692655341053	-2.30030277217576	6.21438260123542
tehu1242	3.34854412032049	2.54060000239819	-1.55771502974687	8.548279901089
teke1275	0.433318754951662	2.01721705886327	-3.40144937187488	4.56726320348065
tekt1235	2.86823779672037	2.37160457076031	-1.87059301805366	7.68643024278119
tema1239	4.11426992425651	2.20549431190686	-0.0850613265065841	8.68577465137455
temi1246	-2.28543268386164	2.95038574175253	-8.74562029047526	3.07043015106391
teng1272	0.153991773445677	2.19104164570352	-4.27675477751991	4.42753730935767
tenn1246	-2.1731347213283	3.69995229825381	-10.4024181132001	3.97168315927602
teop1238	0.17803209322742	2.15876295414962	-4.11521922999163	4.50911150799414
tern1247	0.959283567022747	2.79404019193664	-4.89310410889886	6.25071809099716
tete1251	4.11476699192642	2.21357007838291	-0.0702048428723351	8.71862689766524
thad1238	1.65298376083237	2.14207381495225	-2.31450430570878	6.21196499462582
thak1245	0.996255800153661	2.09176329428049	-2.97536733433966	5.23680818665719
than1259	1.04535232073541	2.07149264492822	-2.87550963746422	5.28335233982785
thao1240	0.130581642687059	2.27046823585948	-4.34740504139583	4.67247920548127
thul1246	1.08765853846885	2.10640999193081	-2.86201223335693	5.54727202524562
tibe1272	1.28270008544088	2.08119985574393	-2.58692948319059	5.59864891825988
ticu1245	3.99623729797864	2.49932196948351	-0.806030399263938	9.03113744577432
tief1244	0.223501493683182	2.07611392496943	-3.68587186790614	4.49690159307666
tiga1245	0.174437452586202	2.17446947147346	-4.17761719068134	4.65507174232197
tika1246	0.314610742699781	2.10521729533514	-3.64222213638953	4.67305881862216
tiko1237	0.20945474027935	2.13405945047484	-4.09863147512826	4.59134540295974
timn1235	0.237481396629097	2.14795208726144	-3.8791006386164	4.4995747152357
timu1262	0.118591340213432	2.14343703440867	-4.26317363079814	4.40018890715489
tina1248	0.0882310896904075	2.16249022702627	-4.21801672972612	4.47822895506678
tiri1258	0.302591004355539	2.15157072471194	-4.10611887612449	4.60778423474514
tiru1241	0.110440179130879	2.17384766055536	-4.20949293914473	4.35256816025676
tita1241	0.161279140837559	2.17752822471318	-4.22636716016605	4.5198464098625
toab1237	0.112035699953536	2.1612949086141	-4.21898798452182	4.37594351470066
toar1246	2.39198463266243	2.56157609489863	-2.68993074239574	7.42225699530128
toba1268	3.28538014204577	2.52645632160668	-1.8140109783339	8.34285129745063
tobe1252	0.950159158121896	2.80264018691629	-4.88886949649098	6.22525570330217
toda1252	-1.56040470563486	3.06098875440628	-8.23504729328213	4.01759705294342
toho1245	4.44865284176834	2.25405759020754	0.294748336603593	9.14651932852216
tojo1241	3.04605345475403	2.37748590545437	-1.62883521986169	7.86818514917813
toke1240	0.210328550187878	2.14819329356003	-4.05284352063923	4.49120325406526
tong1318	0.418665556918373	2.01639864054567	-3.31803414653753	4.63907763013299
tong1325	0.231156949119532	2.14478013353936	-3.97806107974198	4.52275200410955
toor1238	0.348109977935736	2.0223915433933	-3.41486682552653	4.60090687115775
tora1259	0.152035356042544	2.17155137544033	-4.16719586451259	4.52688702522958
tosk1239	0.826992568394341	2.36442786452286	-3.82162340993969	5.68282090012684
tote1238	0.424641986533497	2.01034438880747	-3.34763879085816	4.62584835531074
toto1302	1.14061965420047	2.18558974940446	-2.9881579584933	5.50088301187877
touo1238	2.34979515152671	2.92752312268557	-3.55725223751467	8.02714823624668
trio1238	3.1778371147273	2.37277272536163	-1.57030238143389	7.96159590386066
trum1247	3.21807951003636	2.4955253682586	-1.62482832068835	8.42267946681088
tsam1247	1.5244747958123	2.04351347169026	-2.30879883427539	5.75911206026525
tsat1238	0.0674706598315736	2.14828175235011	-4.14969957666581	4.38342189186556
tsha1245	1.15490745977017	2.1008726884845	-2.70882842685671	5.40677361847761
tsis1238	0.281553167551821	2.12643597283621	-3.66988083797034	4.73233759700637
tsix1234	-1.98702676983883	3.83746447390051	-10.4991844300731	4.72554152849731
tson1249	0.387578956608714	2.00467017843111	-3.4128499282815	4.49132460255477
tuba1278	5.07797909805564	2.33453117333724	0.764790808069264	10.0764106733771
tuka1248	0.238810982231488	2.19155165602475	-4.0065074312603	4.64833550871728
tuki1240	0.432696589950065	2.02353451635982	-3.32370038692695	4.48307851761781
tula1252	0.197885097458201	2.06717084510736	-3.74847930526469	4.32969410695216
tulu1258	-1.55869303591276	3.07919753874044	-8.27556416209166	3.95425938356176
tuml1238	0.122125063124895	2.14648294698174	-4.10877659639782	4.43691426931171
tung1290	0.164431521423604	2.17501002299515	-4.1691950386699	4.48783182686112
tunn1238	1.53228359045212	2.05330581193073	-2.32331739358894	5.85215155145884
turk1303	-1.81986072073774	3.15817225228019	-8.42190091598904	3.86637175384549
turk1304	-1.82125759428706	3.12707142368139	-8.70648039155923	3.85829714183975
tusc1257	2.40301443252534	2.42176995678184	-2.40219494683619	7.2771000164271
tutu1241	0.255903605341596	2.1382036301278	-3.98778990447422	4.51098610123229
tuvi1240	-1.81023900468468	3.1379795249635	-8.61880349023139	3.81894725847715
tuwa1243	0.0759395680193857	2.15266956891732	-4.13378692413892	4.3689241577777
tuwu1238	0.51005011033602	2.12354816065119	-3.565638111077	4.83942936650317
udih1248	3.73597009603456	2.46849538299311	-0.985314986006701	8.84836684321935
ughe1237	0.169114236314292	2.16933998387391	-4.12288559950352	4.59624216862969
ugon1239	1.23403667956117	2.09506653534828	-2.75143279206581	5.49633144144116
ulch1241	3.57943674552019	2.4644242417731	-1.11215260792304	8.57579810994433
ulit1238	0.317789233242183	2.15531521626358	-3.94480270433842	4.575895955804
umbu1258	5.44424808647238	2.33707900538775	1.0682666956986	10.1733604553344
unua1237	0.451822730545465	2.17370004174935	-3.7738262624064	4.79896504581694
uppe1275	3.18542681255668	2.46228294160265	-1.52604669536146	8.19231313190796
urak1238	0.0567117949822004	2.16163662471942	-4.27415444959641	4.38134295724629
urar1246	3.03250894465559	2.50941365272664	-1.85578089745721	8.02214558559892
urav1235	0.837598757906375	2.22451551160555	-3.40261256272823	5.47195673490081
urim1252	0.793213899568333	2.77993618506946	-5.02033796676754	5.98466771811759
urip1239	0.413811562489773	2.17186109171944	-3.84626579897949	4.84877802734861
urni1239	2.49812294390218	2.8382263698852	-3.12538154628055	8.176381633531
utes1238	4.76474679842188	2.2735879149281	0.519830205691173	9.47429827341812
uuuu1243	-2.31762711005109	2.91771730684137	-8.75569495375775	2.84306516405572
veps1250	-2.05328365179764	2.99495142374519	-8.67699460792688	3.24749692699276
vera1241	0.263380874628335	2.16210224045235	-4.06878340599311	4.5435205363216
viem1243	0.227130561297316	2.10208666170802	-3.75926479462616	4.5737337835296
vunj1238	0.377700923864733	2.016066818257	-3.34068328212049	4.54577149648726
vure1239	0.2602704943096	2.14746158413532	-3.9842289259634	4.56213388431081
vwan1235	0.378614224746813	1.99274581115887	-3.411235862372	4.52968561349977
wadj1254	2.33294568144882	2.96139456435527	-3.75479044273024	8.06938804332349
waga1260	4.93494000006064	2.40169686543788	0.427761860682226	9.99451937971491
wage1238	2.5079878622529	3.03894490496894	-3.48250334875524	8.39625053371919
waig1244	0.183672785206791	2.17806647948917	-3.98032033803819	4.52232501301047
waim1251	0.0891755251293937	2.14320703946769	-4.16992218402821	4.36950059823327
waim1252	0.362400473700181	2.16837862329216	-3.84681432882311	4.72760462705505
waiw1244	3.16268575281713	2.35399843971485	-1.52175430844245	7.98202941076326
wala1266	0.112283816924749	2.17990220091534	-4.23436186299448	4.45011380652776
wall1257	0.212360186276855	2.13734389409061	-4.02938362908129	4.50727859900182
wamb1257	1.09484768813582	2.11314997006782	-2.79782354371698	5.50559417230695
wand1278	1.84057115856362	2.172290330801	-2.25355442965079	6.45505941932729
wara1294	1.44984259108289	2.84727914343329	-4.2429544560156	7.0061447679185
wara1303	3.12252749319459	2.52273203901806	-1.79614442784698	8.1515404020143
ware1253	0.19601457124576	2.17963096079908	-4.09540854503456	4.62442163237488
ware1255	3.09261962338272	2.4688985515235	-1.6973774669173	8.30863983449305
wari1268	3.2620674264236	2.49551474881028	-1.57481441674691	8.28429397452115
warj1242	-2.31427234432888	2.92701472771102	-8.74225091220654	2.80000196116505
waru1265	5.21507690277823	2.31859140432034	0.865782148704946	10.0024035718953
wash1253	3.16734934881707	2.44733907850796	-1.58023586616247	8.0543895501795
wawa1246	0.299490105941181	2.13768853381783	-3.7736408458928	4.71223957940078
waya1269	3.15526408803626	2.3591740651152	-1.50662653747866	7.92217397787743
wayu1241	1.08957382665472	2.11890170502522	-2.93685022148767	5.45583009378218
weda1241	0.312535127391929	2.16569013355121	-3.9455428671445	4.67740444047963
wels1247	0.692312608281883	2.29412746330491	-3.83348095211686	5.3985845356039
weri1253	5.96507027659325	2.89861060271586	0.893112588460655	12.4387462277301
west2354	0.660434078305877	2.25784197033	-3.8217353224957	5.09388116335337
west2392	-2.02586027910642	3.01092970514092	-8.57169806860192	3.42480717031518
west2396	-2.31255330524498	2.92221886697012	-8.75901523617824	2.84117263026335
west2397	-2.28817258492096	2.93165306260091	-8.79450428988566	2.95060145975216
west2415	0.972497285706707	2.07172744234941	-2.90037467980432	5.24516398572901
west2418	1.27254384366174	2.09504066264359	-2.60978289224738	5.6121850344541
west2430	-1.0305055726578	3.08917224033702	-7.80391717992566	4.55535483164496
west2466	0.246180788965471	2.07391575277738	-3.69613493128465	4.49585315979416
west2516	0.197228232391208	2.14875343445923	-4.15602919816391	4.47362896033186
west2519	0.230611315879094	2.15914019155085	-3.98799134709007	4.55577143116126
west2548	0.199452867505262	2.18190834984606	-3.97032894550465	4.68981192723315
west2557	0.2037526530717	2.17506967584304	-4.11549596366987	4.60837052235101
west2594	5.66312654594788	2.42383008401237	1.11437175019056	10.8641876984612
west2600	0.977129308694017	2.80939880080825	-4.76306935107995	6.29603065991345
west2615	2.17312361394357	2.30028247813172	-2.34098583083417	6.744666706947
west2618	6.0747321870484	2.57405115490501	1.44900879501394	11.521498414339
west2632	3.22429065055549	2.46433601781859	-1.53375267287815	8.23522796274045
west2635	3.25840782555353	2.35110694948496	-1.27345182953557	8.03228295656964
west2644	2.68495810199199	2.3514194089286	-1.81210247818318	7.44072315336248
west2650	0.0736781402187723	2.14182992305212	-4.16715576696632	4.32079635066696
west2763	1.31650510319602	2.1994763639433	-2.98803341317097	5.89285727936934
west2778	4.07599037963716	2.19805746877434	-0.0985378833156461	8.62226475408743
whit1269	0.786225408944664	2.23098001941076	-3.54948601998273	5.41171572996206
woii1237	0.178668027318037	2.15726209350213	-4.04682271854556	4.58863831312401
wola1242	1.5591213567153	2.24079066114487	-2.70893935647721	6.03959570890832
wole1240	0.316657340843935	2.15940278594196	-3.94742728152082	4.66953214466717
woli1241	0.242437093901564	2.18446372493119	-4.02292791857665	4.59711611145878
wood1236	1.96779646450478	2.33264667492017	-2.73838432023019	6.60957962477421
wotu1240	0.246445932972464	2.1732947165884	-4.02419639174085	4.56750361373875
wuch1236	1.06824419074807	2.17096485748934	-3.01292413168461	5.41637995475762
wusa1235	1.26756159423151	2.11753922997333	-2.76905305472595	5.65005181163859
wutu1241	1.06866748891157	2.17626164104302	-3.04901545290576	5.60497684721537
xamt1239	1.48784598232071	2.10535302589735	-2.50982697250492	5.89239320092081
xara1244	0.305166378688764	2.16193764470382	-4.01408432811545	4.67611076499122
xava1240	4.54734833937156	2.43170558640618	0.0453818359323086	9.65289140453352
xish1235	1.26038039722129	2.12768422758557	-2.75626314665664	5.59663230189008
xokl1240	4.77943115772547	2.4656415304348	0.383224301938791	10.0255406990675
yaak1241	1.53597917331225	2.06229757973242	-2.36013155049282	5.89806170995909
yaey1239	-0.70754977568024	2.9796114780829	-6.96705132336443	4.74569812622352
yaka1277	0.158682963416041	2.18964090927727	-4.17119261581781	4.54705604990637
yaki1237	3.10398609180966	2.42646832302102	-1.69216785672432	8.03579904387613
yako1252	0.199235770336699	2.09636992700064	-3.84995460272141	4.52478829973006
yaku1245	-1.82255555077289	3.14367801849236	-8.67459485524941	3.84180565188543
yale1246	4.89578645278602	2.83841291654804	-0.400352711820983	10.7386822598764
yami1254	0.0818006201693308	2.15105931173272	-4.10873093043536	4.37918178973899
yami1256	7.02860412528397	2.5649872612678	2.54014634283999	12.4744324034885
yape1248	0.186318899448352	2.15462513504954	-4.07884304137431	4.62857832679896
yapu1240	0.792912519745542	2.79340489371071	-4.9399583397366	6.12888643048337
yaqu1251	4.41383500117713	2.25711689377384	0.179788547701112	9.11858847082597
yare1248	1.2507643941444	2.77170610814375	-4.48723678855354	6.55904445706841
yatz1235	2.69434096456264	2.35074218619813	-1.82835872836087	7.40423861151046
yaul1241	1.66617535362846	2.70523877098091	-3.78134663510445	6.84885170891529
yaum1237	6.29711549072213	2.48683159115138	1.75616587205827	11.6383116312163
yawa1260	7.02662745789892	2.56658006295258	2.49550859544682	12.5180718010592
yawu1244	1.82075493207981	2.9572019756565	-4.26352953757159	7.54144889613665
yele1255	3.20544067663277	3.02211178778216	-2.6707549194667	9.29349742454632
yems1235	1.18922725946463	2.25502923875477	-3.14741421162584	5.70879001211014
yind1247	5.01900266460859	2.29833251557358	0.690732456422743	9.77483690659139
yoga1237	0.0712379265351376	2.15920965621489	-4.17786741261107	4.49744462948497
yoku1256	4.47727388685593	2.5668274705341	-0.284895799156769	9.89624138318536
yona1241	-0.71121607419398	2.97862802663911	-6.98934492099836	4.77794191102381
yong1280	5.85441167636633	2.41731632498413	1.44454889904287	10.9612720276903
yora1241	7.02761492242045	2.56798945510115	2.48826420264712	12.5461315623565
youl1235	1.32972516265091	2.12099531421084	-2.51196444299158	5.73867078121989
youn1235	-1.01867209673504	3.08656326095588	-7.56384432357418	4.57817645661681
yuca1254	2.9116001115918	2.35614756491129	-1.72592814209531	7.60879127703541
yuch1247	2.99246391910547	2.50217357518643	-1.86985220908566	8.04102998115081
yulp1239	4.96730855507031	2.28243982894391	0.711992312740434	9.68201813386093
yuqu1240	5.57794330696224	2.40946149477924	1.19249764664996	10.7438625428568
yura1255	4.16691783222767	2.51884685210877	-0.549784185499283	9.3601003709611
zaba1237	0.15076673369233	2.16613793450547	-4.14192213869173	4.49531230112994
zaca1241	4.17283946068404	2.21468647967769	-0.0888283327963915	8.77529039544536
zaca1242	2.68589285501258	2.3529637113213	-1.82149975796032	7.45874461959542
zagh1240	-1.87495962579614	3.71951439804739	-10.0648968774096	4.69766392759275
zaiw1241	1.2211285734916	2.11443861135661	-2.79379711281227	5.60637119715286
zamb1245	0.415116574340975	2.03965810264522	-3.47847605067252	4.69547781119399
zani1235	2.71437338519051	2.36820862384393	-1.92109111302343	7.50648714700223
zarm1239	-1.21048196684514	4.00069152885718	-9.72650194716486	6.16457377899451
zaye1235	1.2340461309616	2.15736153760654	-2.8468177832682	5.68466582227476
zays1235	1.29567345264596	2.2393657381935	-2.8623352533764	5.6829599154467
zeme1240	1.40632882263034	2.1628680201816	-2.63186076656853	5.90878582900691
zoog1238	2.69792477260414	2.36933240993081	-1.92026601273927	7.51310929815898
zuni1245	4.66174551975729	2.61468904240932	-0.0862910301608797	10.2173765156197
