Estimate	Est.Error	Q2.5	Q97.5
abar1238	1.80117192402955	1.8145208519821	-1.57826454499992	5.62740556637751
abkh1244	-0.0116338113109255	2.03087228926796	-4.02823852243972	3.97599805981541
abua1245	0.720776623757517	1.71806967055634	-2.63826017850512	4.19340180478991
abun1252	-1.46935656747621	1.95851438216623	-5.66425978361442	2.12125647361141
acha1249	-0.635520105183091	2.03257970648452	-5.09228742741119	3.08364508224325
achi1256	-0.706674193307416	2.00207248552739	-4.88880125319411	3.16810997677333
achi1257	-0.275617798765331	2.14248871699307	-4.67909774206485	3.93699010486998
achu1248	1.64625413828075	1.97921344871603	-1.87560021694467	5.94141916369069
acol1236	-0.261937154544504	2.16451284399759	-4.62806123712047	3.93373728285872
adan1251	-0.744921570843797	2.0597980386245	-5.12383849556987	3.06891380930359
adon1237	-0.703192960769195	2.10545130190854	-5.10843620630279	3.21434247468267
adze1240	2.30430121699371	1.56530456477794	-0.54585350540113	5.57829848012308
aeky1238	3.06705627089883	1.89918707159129	-0.236425533850238	7.23698748521797
afar1241	-0.321956211959895	2.06276172851931	-4.55043225829619	3.65147324737847
aghe1239	2.06627354563108	1.81669633376877	-1.22904850295369	5.9769112964902
aghu1255	2.00502361034246	1.99880592898402	-1.51290376953424	6.21994532010215
agob1244	-0.738137263225832	1.93032529038242	-4.80574345483722	2.94925495021886
agua1253	1.53197759215326	1.95100650801239	-1.97039765512817	5.73518344830938
agut1237	-0.0412347224268808	2.02372860427167	-4.28075963556855	3.86950756593427
aheu1239	-0.0391694791269218	2.16608211138588	-4.30824420963652	4.3006686210044
aime1238	3.41293475669723	1.91787177747984	0.0428286328958121	7.5863123081902
ainu1240	-0.216061349259222	2.17671173126459	-4.62777549249058	4.01587938616215
ajab1235	-0.340152730298146	2.1226808123922	-4.73994612447279	3.71021407111964
ajie1238	-0.661688006373921	1.96488440040685	-4.69917410290711	3.00647288575899
akha1245	2.14751675009842	1.7274012350242	-1.11065630623826	5.65267595514443
akoo1248	0.267705598341346	1.95770003001476	-3.56731251923584	4.11051678667555
akun1241	0.437452641431186	1.65975483854799	-2.69029872517744	3.79528168665726
alab1237	1.10053090714152	1.93634176262868	-2.36642555075552	5.497304148495
alab1254	3.72522915226092	1.93562758853978	0.320797701703001	7.98180679791662
alac1244	-1.06093084924641	1.75635655672703	-4.81089527426456	2.13715936683327
alag1248	-0.639999090320609	2.0176677429378	-4.85843386556388	3.15334084471634
aleu1260	1.45027297406438	1.87788859759701	-1.89915979369343	5.36799273436613
aluk1238	-0.325397896534602	2.12967579020772	-4.77743083170298	3.81828030305083
amam1246	2.54682054335215	1.7519623341024	-0.555319500898727	6.32177649944218
amar1272	-0.230950750476618	1.88960404544442	-4.22806241481069	3.36508943693742
amar1274	-1.13010806882702	1.88431571680645	-4.9924446298799	2.40184045264218
amas1236	-0.445673850848982	2.17772410807062	-4.83912717139853	3.87233927077833
amdo1237	-0.283527696474499	2.09951321377122	-4.54532469753855	3.67106541281957
amii1238	-1.63876779520539	1.94663712727385	-5.86787605561192	1.92676590203733
amis1246	-0.55538100516811	2.01499716311936	-4.73809822633579	3.13432361933468
anei1239	2.40981637248819	1.65272599448681	-0.754099785835119	5.80024900143168
anga1288	-0.951897936503964	1.88114468920983	-4.84472917464446	2.5367985835686
anga1290	2.03519747226237	1.57464942409633	-0.805709850586389	5.30607036766248
anut1237	-0.241175391693237	2.11462573333447	-4.5440241349517	3.80046810910511
anuu1241	0.232133999457388	1.96881119440541	-3.67556394011729	4.04148624135276
aona1235	-0.87496048232549	1.89608354442779	-4.84267788644653	2.73597961693997
aoua1234	-0.238613626374906	2.22648356999578	-4.85638419952156	4.05756489914541
apin1244	1.17703626560673	1.86567152772214	-2.21606078553984	5.17332687627425
apma1240	3.08085454637502	1.53850938839664	0.31113724846407	6.28092590783502
apma1241	2.31456463707123	1.58776930071966	-0.632957054820876	5.63086107859193
arak1252	0.104807733025926	1.65088103770987	-3.19028902040223	3.37206918490203
arao1248	1.18281465838913	1.86854874259079	-2.15916316114513	5.27452458927132
arap1274	-0.0171800672606059	2.02226377143655	-4.23211108227828	3.74254466971237
araw1273	1.45366277665692	1.85167961052328	-1.93655759212366	5.53382411120241
arbo1245	1.06697102521793	1.75455861422074	-2.39902064532603	4.56186667884024
area1240	-0.374686284152581	1.8929712006312	-4.27526273555138	3.25068520271125
aree1239	1.23336923686281	1.62473161629855	-1.93212370946787	4.5252284299728
argo1244	-0.259460448703655	2.1001065944542	-4.58073643748601	3.67314771736116
arom1237	-0.322070893624199	2.11848235634582	-4.70394877633971	3.79467649295635
arop1242	0.127873003025829	1.73130559981402	-3.34924348814557	3.44884327267189
aros1241	-0.377963824081211	2.03401846138524	-4.5589473165115	3.49189794827804
arta1239	-0.576747778073808	2.02123473981526	-4.88648173620161	3.11701039363986
ashe1272	0.122932395400197	1.81257926310636	-3.58815469824354	3.59354158340761
assi1247	-0.692763041392936	1.99864852286149	-4.98091168465779	2.92140101403817
atam1240	-0.456379715266326	2.10618305602814	-4.85253228809932	3.51037004856492
athp1241	-0.563974674487571	1.88409048207749	-4.5435502472261	3.01312432813071
aton1241	0.0193301326754711	2.08494108304027	-4.3181785536574	4.12517588654524
aulu1238	1.98029639322558	1.38122754348396	-0.621926582910619	4.83713875079603
auuu1241	0.538358793641124	1.59004308126733	-2.58594084256239	3.63711525079497
auye1238	-1.84349123563107	1.89624376497854	-5.94304316325487	1.60433526423215
awad1243	0.00889674218188582	2.07125342442829	-4.26197127167439	4.02378283060751
awap1236	1.98888130551128	1.62755169666041	-0.958039286460786	5.43399979026183
awar1248	2.36086150214922	1.59272330620687	-0.502375885759567	5.76356019739827
awar1249	1.28059799684932	1.5466670070427	-1.70943231021926	4.30155717569559
awet1244	0.874662499344337	1.68317221646404	-2.25201081664207	4.37902127200424
awtu1239	0.707469510572163	1.56179756486558	-2.37425720156801	3.79493940111578
axam1237	2.02935682404477	1.42396522630428	-0.60339813529347	5.09015096099167
axiy1235	-0.574873707968917	2.09289543876713	-4.95855982628077	3.38337468411271
ayac1239	0.723438744030097	1.92394249431229	-2.71404591483442	4.85952242381451
ayiw1239	-0.415237108441343	2.10168353124394	-4.8159409946929	3.48240024883335
baba1264	1.18444338478814	1.76332579412556	-2.16656282858694	4.76055543181807
baba1268	-0.732280406846015	2.03916768056233	-4.91382376177652	3.19313694529124
bafi1243	0.335754245599691	1.92844847691614	-3.48552839400537	4.15234619277279
bafu1246	1.70797098891487	1.73874581176108	-1.48303907037074	5.43240576316106
bahi1252	0.291134235645184	1.62166676458142	-3.07711313525563	3.41607234289536
baim1244	0.186022457981641	2.05103584714013	-3.92540800867767	4.1601049587847
baki1244	2.07253307827435	1.41316204338667	-0.597667396720833	5.03010499786902
bala1315	-0.109272680745246	2.1374267540571	-4.5858378778616	4.04038865714891
balu1257	-0.422884150949797	1.97265599322884	-4.70258757560013	3.21755229980384
bamb1270	-0.0284195148227554	2.14846145626632	-4.51783240852651	4.10574077980222
bamu1253	0.486293022959263	1.86886128103098	-3.22205603056241	4.22137024961988
band1344	-0.180342479592123	2.07391168937042	-4.37077923913604	3.87990607482565
bang1369	0.0318557521464722	2.07537551964726	-4.20880395596016	4.16349083716777
bant1281	-0.424693376368391	1.79938647725201	-4.29834349652846	2.87518631401783
bant1288	3.21950204528668	2.06933256863782	-0.529848829864782	7.60982373215121
bara1357	3.21225522183873	1.56831828171899	0.273588154070549	6.55793427147189
bara1380	0.566830530774822	1.71932673700344	-2.64781528737847	4.15897464349545
barg1252	1.89569014390721	1.60057967898063	-1.10754683987429	5.22377791691048
bari1286	-0.244438882476913	1.88784257759356	-4.31095535267402	3.33931992095522
baro1253	1.79163298712	1.74524996693683	-1.50195836455566	5.37996270380156
bash1264	-0.049903146102233	2.2613798283126	-4.59938687241452	4.51307512420322
basq1248	-0.252392921169726	2.19096931338418	-4.56224799495701	3.99825423905066
bata1289	-0.200417300662595	2.19535965267004	-4.7533706923154	3.99398355016571
bawm1236	0.194047441604544	1.83411181410015	-3.66497107187654	3.75450959027793
bayb1234	-0.195268512493661	2.04529298121672	-4.3833835374045	3.76510453978819
bebe1248	1.94888978371589	1.95243318009561	-1.7506318162195	5.92483147636147
beka1241	-0.248392576694362	2.14401373822669	-4.68399318101708	3.92910421227348
bela1254	-0.193689446412867	2.1207326204878	-4.46802466805108	3.90909934430402
belh1239	-0.54225688195101	1.8661947183526	-4.47412836138861	3.03888807264993
bell1243	-1.01227289310313	1.96684491067069	-5.20474249928882	2.6113636368042
bemb1257	3.5053794472723	2.2128996793744	-0.445720755255567	8.30172321525869
bert1248	-0.477446701019851	2.10318570217115	-4.91234549701013	3.57287845833693
bhoj1244	0.799965713311034	1.91583951390482	-3.06427834870307	4.57731881088292
bian1252	2.23790670440779	1.63575682935925	-0.748176266860676	5.63068482928891
biao1253	-0.22792541622253	2.21936549531541	-4.80413471708489	4.02042110123074
biao1254	-0.255020268572161	2.16550684197142	-4.63526608705528	3.86666051440774
biao1256	-0.212459362759838	2.17814118929763	-4.57828712681847	4.14191224051899
bier1244	2.12993250352333	1.40484595674912	-0.509845353674414	5.08292165072048
bign1238	0.691503324077352	1.40874592821096	-2.10021803479	3.51402673645535
biha1246	-0.212417657686048	2.13492353918996	-4.5542563715058	4.02847001975588
bimi1240	1.9029666751173	1.55239477625091	-1.00829294835144	5.06380742546269
bina1277	3.29543959508545	2.00040269533355	-0.135340965327431	7.73540847880213
bini1246	-0.236030303264122	2.10728248149929	-4.55773014102269	3.80321221880589
bisu1244	0.7107344737185	1.83967186289604	-2.91957193306628	4.40349090815273
bitt1240	0.966381768478181	1.94917123504294	-2.77583285767788	4.91846004272419
blab1237	-0.219894829937347	1.90981301417194	-4.10630605128034	3.45129384691041
blan1242	0.302905661190119	1.98455289927653	-3.68322421770174	4.27692944894162
bola1250	-0.503708142435392	1.98424121633708	-4.77240072336633	3.21419071514392
boly1239	-0.352590124325351	2.18937008396105	-4.850361762382	3.85805369248238
bona1250	-0.430329552605455	2.08748873685909	-4.74279170291381	3.50492673320642
bong1289	-0.238041250648687	2.13663962097935	-4.58241599744106	3.92344001984427
bora1263	-0.383937646197666	1.81603850244376	-4.08922341746338	3.07601321648565
boro1277	-0.452842348857011	2.08526025569845	-4.75217094195979	3.41516383165586
boro1282	1.6818165508834	1.90238047748722	-1.73599990459418	5.82089334564583
boto1242	-0.315475723179841	2.00836622523353	-4.42024055861593	3.57078092242034
boun1243	-0.223631808012051	2.15777849418698	-4.7362787789654	3.91033014712231
boun1245	1.81904816605982	1.54026811256127	-1.06159014571029	5.0734834432325
bret1244	-0.15608451809949	2.13227564645731	-4.4856600959591	3.97622580011471
buga1247	-0.37895042052739	2.19073330211531	-4.97977525555474	3.88014015190254
buga1250	1.54484259411463	1.66599926847188	-1.67142829091205	4.90557652131301
bugi1244	-0.266463982970076	2.19858005140991	-4.89380472492695	3.8594329266998
buhu1237	0.580703013103072	1.76440083949112	-2.92438264525838	4.10738879476115
bujh1238	2.75287458173415	1.57390263199334	-0.234184115144387	6.03059643137862
bull1247	-0.195493083140506	2.0943464639288	-4.50568075158438	3.75770486746186
bulo1242	-0.198754895699479	2.14979539135838	-4.62537539124679	3.92362962387331
bulu1251	0.536032653297117	2.04694581051536	-3.47318550734742	4.64123084437474
bumt1240	-0.383580759420406	2.1139725271768	-4.77106116951262	3.65886984931539
buna1276	1.60530872769382	1.77872972404941	-1.74482018182745	5.30843972929519
bund1253	-0.248784710584809	2.15991752737807	-4.80665002602071	3.91376773513785
burj1242	-0.110076411341555	2.0498497810566	-4.31000201355433	3.8895560279341
buru1320	-0.571986420312023	2.00014903224033	-4.73367090149309	3.29081787898604
busa1253	-0.296829192534286	2.16865340527481	-4.7455343377448	3.90632856696739
bush1247	-0.138592485799113	2.13664981306442	-4.59551835721706	3.93415774386618
buwa1243	-1.00067224634809	1.86639381329628	-4.88965569155077	2.42450437228812
bwai1242	1.53102659889406	1.57436874038346	-1.48692320364473	4.76356995887119
bwat1240	-0.670676385514141	1.95970225732009	-4.74078167409931	3.07100591484096
byan1241	-0.286929032578398	2.12516482157292	-4.72617561601154	3.80106832135712
caac1237	-0.5489151507963	2.04155820296547	-4.92413022185187	3.23072410289679
cacu1241	1.86626145723733	1.72362496379036	-1.13833594372475	5.81430240495779
cahu1264	1.67428920380962	1.85287879530979	-1.6596405673358	5.81795990957409
cakf1236	-0.240748014622514	1.93946678642938	-4.31464339087765	3.47814254633955
cald1236	1.84451337508758	1.99896777604626	-1.70159505654088	6.21212521304403
caml1239	-0.118798462606369	1.71105289263362	-3.66204185962287	3.15453336902912
camp1261	-0.145508422947664	2.11239772199005	-4.37556344068823	3.98206055025124
cane1242	-0.925884119829303	1.90651352723069	-4.96670334726709	2.71196477785941
caom1238	-0.257514834101997	2.11829183245893	-4.55498570274499	3.88241965498238
capa1241	1.66551784885242	2.05500332779245	-1.98709445884526	6.10027025667297
carn1240	-0.059795779287633	2.24111234540123	-4.69382551161288	4.40747079572665
cash1251	1.65415056946081	1.95184864102033	-1.67969233166962	5.99399334845876
casi1235	-0.469409349967943	2.0763758679948	-4.7774781401457	3.41816123739582
cayu1262	-0.815699728754874	1.96844423008802	-5.06322790393723	2.8444882598101
cemu1238	-0.619702457999322	1.98067261453363	-4.75585340002274	3.08931567205065
cent1990	-0.0661424434662989	2.21742002784069	-4.5874217509967	4.32489568501838
cent1992	-0.203936190786824	2.12355905303503	-4.59613867888561	4.02744894223484
cent2004	-0.8765261473544	2.09724548422749	-5.26586669037271	3.08375450125746
cent2126	-0.170019596999064	2.19319604469005	-4.55173337092824	4.15696611443323
cent2127	1.40870304058178	1.91915045889742	-2.04915915413948	5.73152973666682
cent2131	-0.357732106757585	1.61469185992758	-3.66554946213822	2.76936020011317
cent2322	-0.0546106051364353	2.19984042071897	-4.58806287780915	4.44192271357634
chac1251	0.870276590727309	1.95097347724155	-2.69559759607789	5.1050551033726
chak1270	0.154605002794421	1.98448178296885	-3.83317911675808	4.03640593009548
chak1271	-0.422813816627234	2.15742931019757	-4.91287784741462	3.69410219412276
chal1275	-0.264095656228621	2.12690194206193	-4.61312172636249	3.78688125357916
cham1312	-0.146760453244441	2.13075795752928	-4.57382281495735	3.93723561914899
cham1315	-0.951545821216542	1.97273955902956	-5.05945232522804	2.72983220690667
chan1313	-0.79501961049748	1.94945633955525	-4.90696270456534	2.79318009736964
char1269	2.21571773593367	1.91379643191542	-1.28846813093168	6.21989999904667
chas1234	-0.850225882998955	2.07301041880108	-5.2753338025384	2.94677747164127
chek1238	-0.0941211557443534	1.88180019046855	-3.91002514267397	3.55901156024185
chen1255	-0.135090651637693	2.17673008709058	-4.48100918012961	4.08356162433591
chep1245	3.6051159666964	1.6625240586921	0.545612784810555	7.18683168119578
cher1273	-0.444628555093872	2.01783648300724	-4.7225672830576	3.42708762964962
chic1270	1.19173660678105	1.96355684058461	-2.47692468708293	5.49727218176845
chil1280	-0.798925770475342	2.06985405684225	-5.12186295108073	3.16624702307768
chim1302	1.52692854680135	2.00344212847219	-2.06459939521397	5.87708979313778
chin1286	-0.834932023827988	1.96034862273412	-5.01883580182449	2.6759331536792
chip1261	-0.390588018517202	2.04779866350967	-4.68015458350048	3.4921682307417
chir1283	-1.07933652527204	1.89776255691522	-5.18573702694861	2.46746814153958
choc1276	1.44552000119498	1.98863519799976	-2.12629977365861	5.74673145110333
chon1284	-0.0692643802526717	2.2170302521919	-4.60680525266194	4.38738067948583
chot1239	-0.751387990180527	1.84007316256427	-4.60144460541803	2.63131952260106
chra1242	-0.145486771058668	2.18569763943062	-4.56115642460911	4.21874556680224
chug1252	-0.369420658922962	2.03496813594228	-4.60701383208009	3.55147584201757
chuj1250	0.164476576153722	1.65581439378408	-3.04543983494467	3.45291036508616
chuk1273	-0.703033299482865	2.08759967848864	-5.11163394441588	3.31210247329322
chuu1238	-0.184211167857769	2.10207828716622	-4.41456517548845	3.86207071493119
chuv1255	-0.141685496878096	2.14314554362737	-4.42724046150386	4.11477104349931
chuw1238	-0.186426066684389	2.15684926521505	-4.58016911522529	3.99779483961772
coat1243	-1.45548707391792	1.87173419436893	-5.32734298343428	2.06157571452257
coca1259	1.38542919708823	1.78719789057839	-1.89991106259716	5.19832593962954
coeu1236	-0.424932885753475	1.89152623499464	-4.40561458866322	3.22443700105519
cofa1242	2.33322489988498	2.04210496738507	-1.27511857936825	6.85196376621659
cogu1240	-0.993627111755989	1.96414478404683	-5.17935437528908	2.61187179132342
colu1241	1.7790064248787	1.89454435102737	-1.71487523845943	5.76179849356045
coma1245	1.70911966890212	1.86044161588676	-1.59701785309853	5.68461070809966
como1259	-1.18265164588197	2.05341658135708	-5.61311101255558	2.61695307671621
cori1240	-0.15184366555521	2.0248787628282	-4.24624069538038	3.73660814344574
cors1241	-0.184479955638225	2.17936186923939	-4.78329635367195	3.95697166796405
cosa1234	1.1232435269918	1.79384925722844	-2.33466782490744	4.78809163344481
cree1270	1.38486242734725	1.97508147799226	-2.05648201316928	5.6561092143562
crim1257	-0.0807537999118122	2.18330086833231	-4.41688013299448	4.30095689365633
crow1244	2.17200355619399	1.90179230041935	-1.28143537757299	6.34379534137169
culi1244	0.00390899119576397	1.82844057537424	-3.74554554217828	3.48330660880217
cusc1236	-2.00330786798676	1.80972053024154	-5.88451361843716	1.31632668463214
czec1258	0.0678143915085421	2.16336998751125	-4.33809618498379	4.3180123984689
daai1236	1.5256606135882	1.86721257368691	-2.0094835611056	5.4016231720006
daas1238	0.537422977092279	1.86265438431323	-3.24639587833671	4.21332763477018
dadi1250	0.77790788482023	1.62898922404806	-2.46157757329009	3.98790714683051
dagb1246	-0.386115437610921	2.15013356511095	-4.81144399437425	3.66573414760832
dagi1241	-0.39761247219827	2.13648402038216	-4.86020925130554	3.70876926543276
daka1243	2.59788666322009	1.42154344456804	-0.0287477807809261	5.60672370240731
damp1237	1.6338556508457	1.96473835704915	-2.15626246973747	5.52878758584393
dana1252	0.0456950843632232	2.04748181226847	-4.16929223741163	3.98295416613191
dand1238	-0.155353120842395	2.17209420338652	-4.506697221419	4.23061758125592
dani1285	-0.155766525994113	2.21415407282129	-4.67769624444275	4.20921619045234
dara1250	1.87076414386686	1.66929738513022	-1.32618916730552	5.26968834030044
dawr1236	3.69993095857691	2.06280629719408	0.0636404158047318	8.22121256077097
daww1239	-1.11882889905412	1.89674501726434	-5.13290469581479	2.31744419725753
daza1242	-0.0512600662275559	2.24047960317351	-4.54733690067089	4.34784059432968
dege1246	-0.146215455331632	2.17109092612671	-4.46389246123672	4.1293980103514
dehu1237	0.0829948318129372	2.04177064262416	-4.10954320014321	4.03980509457745
dera1248	-0.550115568298259	1.95455231312483	-4.55030521828516	3.20627400762793
desa1247	1.48517287945868	1.70421123700797	-1.58903931830166	5.14911476648801
dhao1237	-0.339964288694924	2.13252549341459	-4.72272838767942	3.84266060690538
dhim1246	-0.570844908227768	2.01846117110092	-4.85066211596118	3.11607263766402
dier1241	1.54877775584492	1.88376458763922	-1.79307502405861	5.70862727754198
diga1241	0.00389418599531748	2.00049189028238	-4.20451749218203	3.79587432376536
digo1243	-0.236652751273078	2.08821624883944	-4.57689619680816	3.91701259433821
dima1251	-0.465186946429495	1.87175204917551	-4.23563118005584	3.12708402733501
djam1255	-1.26530138404983	2.0317258629839	-5.52525012934565	2.52937068582918
djee1236	-1.11012285705298	2.02428384556108	-5.33120166565109	2.70426298593864
dobu1241	2.29344988685147	1.72892706321637	-0.820757884815324	5.92248998309912
domm1246	2.36958451234124	1.64295807952243	-0.650267655637264	5.80769847554524
doro1266	2.97144873137858	1.6101340860403	0.101369253677294	6.41861446955126
drun1238	-0.555389672062621	2.09446281873371	-4.83942363345765	3.35860367968734
dumb1241	-0.444341960522454	2.12939224559337	-4.89887793928302	3.64399914633624
dumi1241	-0.0169198142563435	1.71007680499741	-3.62511993023457	3.19734297100484
dusn1237	-0.820393193604313	2.10722554101687	-5.22074128846431	3.24337005161997
dutc1256	-0.227307273700711	2.12685625801609	-4.59551776977852	3.86919935044089
dyul1238	-0.454923077293248	2.03714284162679	-4.74238905588428	3.26771982157147
dzao1238	-0.270416633782493	2.18640397457799	-4.84881955180527	3.94470549945806
east1236	-0.173969290986979	2.29914037042573	-4.90739796263979	4.27417064900968
east2328	-0.124331316120183	2.1738274971559	-4.56216038158177	4.07904153235748
east2342	-0.216934398781262	2.0889665523629	-4.50897508538046	3.85017295791455
east2379	1.75404010569391	1.89835816787811	-1.70731472694548	5.88512103853762
east2443	1.42166115754406	1.59329613992217	-1.67975467332872	4.65809232113917
east2447	-0.18749645825851	2.0923389563378	-4.40212915124158	3.83563210850247
east2485	-0.185227994496208	2.11453145134704	-4.62944824535082	3.94141173849823
east2516	1.58060638843092	1.61426053068712	-1.36414288032887	4.8526132784695
east2555	-1.26497813220288	1.8916857636797	-5.29426356578864	2.20750515822177
east2556	-1.89302395408849	1.94291742649182	-6.12965614704323	1.54654989026941
east2773	1.22962096785739	1.61030642642653	-1.94638467701297	4.44970760291706
east2782	-0.134402964328354	2.16268516782469	-4.69324031477148	4.04612489491091
egaa1242	3.26043705510325	2.12973749494811	-0.512023667136058	7.9579986069512
eipo1242	2.00375661952128	1.90932256909521	-1.35049872008316	6.1661650624379
elna1235	-0.406796402371031	1.5239832421336	-3.58230981148496	2.4996361709982
emae1237	1.8294755813643	1.58559201728178	-1.23593518138328	4.99839957546926
emai1241	-0.229719493930649	2.11402119632532	-4.46705211098931	3.96452270491521
enap1235	1.63477542099715	1.89459424276512	-1.7393513753023	5.82641051665591
enuu1235	-0.308532156533066	2.01168643911985	-4.49414369167196	3.47006007707902
ersu1241	-0.237202420687623	1.99242826732669	-4.30792259568498	3.61076990373075
erzy1239	-0.0804164822298204	2.22999137683487	-4.55722388253522	4.29644877193428
esee1248	1.34702126303692	1.86155148055461	-2.0003007986863	5.39364750481054
esto1258	-0.118731726097916	2.23055305693868	-4.74571392142861	4.12387961540856
even1259	-0.609688219245808	2.01600452498831	-4.78550037895558	3.23756150621188
fait1240	2.95979808799427	1.72792704296401	-0.0822787185470333	6.66557877312195
fala1243	2.45476199786331	1.93901943788762	-1.01532204572373	6.60763371060469
fare1241	-0.378205370186886	2.15994277348851	-4.85997572580471	3.80690660464691
faro1244	-0.167737830933106	2.18471651628194	-4.63344318861564	3.96711873821172
fasu1242	2.76717838828133	1.82232806126054	-0.408970444291509	6.67268939924576
fiji1243	-0.246368407078331	2.08320511024097	-4.45602003210631	3.57968410097583
fili1244	0.759865242949864	1.93980958558343	-3.15823713774158	4.54927571004186
filo1235	-1.96842483103182	1.88292883660852	-6.04054726425806	1.24318683831944
fina1242	-0.694546513142799	1.94861223440093	-4.81376955885692	2.9461416879525
finn1318	-0.0448913166636657	2.20313167193733	-4.554289384937	4.27333469545353
fonn1241	-0.341565177670582	2.13279195331345	-4.69901003978247	3.75991177795296
fore1265	-0.0741309427415493	2.21771695450932	-4.62558086163238	4.16768667822777
fran1266	-1.22047502743787	2.00783370161747	-5.53679058322258	2.38282765513904
furr1244	-0.265457026345695	2.14618951013408	-4.57449893322962	3.92405651363032
futu1245	2.77277918802392	1.74558924809765	-0.57074748409798	6.41442928091235
fuyu1242	3.10848943872469	1.8220410185294	-0.0517992051782607	7.11646477586809
gade1242	-0.256403645822878	2.12915353453415	-4.5402885939911	3.99411316319838
gaga1249	-0.113655226525069	2.16016131566434	-4.4273974150115	4.08755296683302
gahr1239	-0.373596597089777	2.09392535573612	-4.77036168499297	3.62624191621629
gale1259	-0.632524464304952	2.06688790526175	-5.09950174773527	3.29799410970749
gali1258	-0.18333705056753	2.15514122175042	-4.56409600119962	4.06895308967408
gali1262	-0.74049972725645	1.98681712667229	-4.91655143113888	2.92583953551148
galo1242	0.628047023513899	1.89205412723336	-3.06361412972171	4.38791261193221
gami1243	-0.947582777550396	1.95007875967912	-5.2154116874706	2.66932065199962
gamo1243	2.71036961961706	1.9337932018591	-0.717942501376492	6.77972996812702
gang1266	-0.782357781004131	1.85508065499961	-4.60810365880543	2.6228378803031
gant1244	3.01239610864818	1.76100033378159	-0.0675176902984738	6.87727805058682
gapa1238	1.1540194328419	1.64926406339572	-2.05822871133505	4.45429161080865
gayo1244	-0.292990199552239	2.10438028253798	-4.73382607641969	3.77811685605072
geba1237	-0.0774992246817855	2.01559953156966	-4.26239547598979	3.73540797404899
geda1237	2.26137315114574	1.5947759752441	-0.78251214614045	5.52621308203954
gela1263	0.284981376629369	1.73173390260732	-3.18442298621907	3.75617249658094
ghan1242	-0.763296226680851	2.06581554842719	-5.04516275698636	3.11958261636213
ghar1239	0.35376063611102	1.74687045302745	-3.16686875527089	3.91536387316389
gheg1238	-0.326445006580128	2.11825429342588	-4.79122306651438	3.79176940241751
gilb1244	-0.251491616238336	2.15467543109116	-4.68695089023493	3.85686930725097
gily1242	-0.861345728356423	2.05615090513376	-5.07429023616978	3.08027833125696
gira1247	2.81416369893933	1.70828423382734	-0.149287605710597	6.42965408193476
gofa1235	3.41426114882785	2.04731447886536	-0.15425680713468	7.69688745353545
guah1255	-0.758006269857503	2.01158726789554	-5.05228037589033	2.90874025788663
guam1248	2.44329292163633	1.90365748241203	-0.850946081292131	6.59191600279865
guan1266	1.36533412974689	1.84234185625112	-2.23217250759445	5.1267353321124
guan1269	1.87886996101303	1.77186932941125	-1.26953922040388	5.86035255513266
gube1234	-0.179320383206073	2.15018726711962	-4.56446538326724	3.98274348704045
guer1241	-1.54210811864672	1.8658714704214	-5.64494936999433	1.83865669461378
guer1243	-0.623867077037321	1.74579411226674	-4.29551025539075	2.67093893065159
guhu1244	2.86974721952318	1.8512796767054	-0.362146134127973	6.8511371657817
guiq1238	0.59522807010098	1.95158671914963	-3.32142166597918	4.45185460184936
guma1254	1.86373467519528	1.67387005465328	-1.30266564013253	5.26308885973327
gunw1252	-1.37656124260653	1.99316904193633	-5.55768338221769	2.31708412220217
guny1241	-1.19737721092588	1.91656338643522	-5.30433261057096	2.2588645594145
guru1261	0.533140800077157	1.61861456042669	-2.79237938123655	3.58151321454627
guru1271	0.393327146440684	1.93467525668321	-3.44216703446637	4.28249607644013
gusi1247	-0.43195884719711	2.17195491923961	-4.99885986164853	3.72642283471925
gyel1242	-0.125225876573601	2.11672738587522	-4.45057537327796	3.89787407396334
haaa1252	-0.196364216460544	2.16655696392892	-4.68139973901403	4.01117098440336
hadi1240	3.79573051972498	1.88571328981408	0.585865693095624	7.84706351488987
hadz1240	-0.554087554144413	2.14805497478187	-4.98268686817538	3.59620906440041
haka1240	0.571818373021665	1.78029731163055	-3.14388871860686	3.96826032915134
hala1252	-0.19122857328282	2.10678099181134	-4.4317990199068	4.05957261214352
halh1238	-0.27745038264037	2.09834158483999	-4.46249514523178	3.73826398167072
hali1244	-0.812482645142534	2.03659237652866	-5.15788487456579	2.87305235380592
halk1245	-1.13300034481257	2.05441868919755	-5.5618588596583	2.68815888166772
hame1242	1.38004701223422	1.79160144692835	-2.02872648972402	5.04428958047102
hang1263	1.3493923435411	1.6398497525349	-1.6704797086213	4.82417065434903
hani1248	-0.301011263982636	2.0525559086218	-4.54214923551012	3.58551906503712
hano1246	2.28253874059901	1.54460022088267	-0.57990422090717	5.54655241730006
haru1245	3.01601389164855	1.7028690675684	-0.00924841574359117	6.66536665694594
hava1248	1.64700051464091	1.97271913956705	-1.85802973810566	5.90164499264991
hawa1245	-0.19817139022749	2.11623160355783	-4.57610174234102	3.74153065090257
heil1246	-1.07104055512037	1.95906661564906	-5.28984529323395	2.58443643444241
hela1238	2.72672157058275	1.55994069503011	-0.152722957550144	5.92652137981842
here1253	-0.162724037812531	2.196338891299	-4.6452238346151	4.0251267763801
hida1246	-0.732469478166366	2.0078478098166	-5.02536157016781	3.10924927440146
high1243	-1.89873415422335	1.89071884919746	-6.01440824335284	1.43809284690732
high1276	-1.86562788164289	1.82904644244697	-5.95730378790374	1.37572327027645
hind1269	-0.241857067938327	2.11820814434803	-4.66382869457164	3.74321379663254
hixk1239	-0.787482474641974	2.01352252534383	-5.01534864310082	2.90457397800691
hoaa1235	-0.371222558853738	2.18247024950325	-4.94241659623681	3.85222192748867
hoav1238	-0.870372795665987	1.96708583276345	-5.08403871543427	2.82629669357894
honi1244	-0.41872838912827	2.04811046192714	-4.64754043635158	3.53064948220215
hopi1249	1.636880876472	1.82363836579846	-1.63665930710676	5.63887033328862
horp1239	0.875858999391952	1.89701441804441	-2.84967843051809	4.76497570765064
hote1245	2.06601813858849	1.57979476844085	-0.829826855084734	5.28263049818708
huaa1248	-0.2521724326249	2.15068809673245	-4.73025358869906	3.97554600380774
hual1241	1.36185314719209	1.88629973322992	-2.0610528253112	5.48842647701971
huam1247	1.88125987108765	1.94733426658586	-1.54969196310193	6.20008536434663
huar1255	1.28221445698578	1.63396190233118	-1.75193302209104	4.66457613092442
huas1242	-1.22002772595524	2.01555257129943	-5.44350607588097	2.45230669415768
huba1236	-0.97701234654172	1.91772300209592	-5.17661017429289	2.57941687726933
huic1243	0.929736351167264	1.62325546001231	-2.25010871926644	4.30612341282502
hula1244	-0.206469894347608	2.10667310705365	-4.39728775203666	3.84844895354528
huli1244	2.77088480376946	1.87008214506063	-0.522844829843581	6.80663960564284
hung1274	-0.0498525342944387	2.23580289228487	-4.65471629377214	4.37565431645024
hunz1247	2.33689676205673	2.16659368142414	-1.53069467202441	7.21218254388798
huuu1240	0.861690925286367	1.83495230527538	-2.66747209084393	4.55161370929374
iaai1238	-0.198684543332383	1.99363528989507	-4.24959880561878	3.52435882404583
iatm1242	2.0865867904301	1.72504844987144	-1.05359663072752	5.78359479809041
ibal1244	-0.629309093154543	1.98048920069634	-4.74028423806629	3.09966336978692
iban1264	-0.181344589392815	2.14762185416313	-4.61495933567808	3.9372039242177
iban1267	-0.534502246372928	2.06026873164445	-4.8116877428702	3.43023163692592
ibat1238	-0.385499257055668	2.13330673758363	-4.6581239905888	3.64069922232155
icel1247	-0.176903662481293	2.18422844024733	-4.58288662680027	4.09102414088563
idii1243	-0.643622776983143	1.85445958265756	-4.53075613340064	2.91432069471675
idum1241	1.36474275160697	1.9313022029861	-2.30688106711477	5.33115475565827
idun1242	1.49056518025323	1.60940744217886	-1.60260700712584	4.78922176247891
imba1240	1.77321758541561	1.98989410480677	-1.68648252374211	6.05424602100847
inga1252	2.39878194469208	2.06256583504285	-1.18955467892275	6.97973775241648
ingr1248	-0.0922351098886949	2.24309379058937	-4.50627993764351	4.35835476475942
irar1238	-0.677094479795549	2.14637417831835	-5.20061801790723	3.4153116924651
iray1237	0.77082193336096	1.96321906279745	-3.19801696699062	4.6527259560828
iris1253	-0.193408185625582	2.12969613644533	-4.75772058266487	3.88546862784272
irul1243	-0.118085138379015	2.22070547481488	-4.55895459066547	4.31924855234002
isco1239	1.78567418524194	2.03103366460483	-1.74252863460582	6.39698971373469
isir1237	-1.274129669348	1.99467024790176	-5.51985461184734	2.44318177369846
isna1241	-0.476736862311951	2.08501882348909	-4.85281417392773	3.61232783062139
isth1241	-1.80111313150654	1.82332507912895	-5.72617306213507	1.34617336842847
isth1242	-1.85030680680081	1.81192020511486	-5.80524176956904	1.32894939704932
ital1282	-0.147278672456474	2.14120668898396	-4.46890473457518	3.97707630021278
iton1250	-0.971235111716026	1.95617866879861	-5.16518595553332	2.60309385919951
itza1241	-0.783562025755938	2.04491129082835	-5.09248162209248	3.00265682076077
iumi1238	1.703802281068	1.82658788638484	-1.69283238114872	5.41858479688235
ivat1242	-0.316565584922166	2.14560255483803	-4.76463046751457	3.75725557551648
iwam1256	1.47024089687325	1.63011678441512	-1.62071413118814	4.86169605443971
iyoo1238	2.55075410044527	1.72458194507358	-0.528813468962528	6.26175559727204
jahh1242	-0.152122042494438	2.17985620618753	-4.70394429034367	4.1238379157211
jamb1236	-0.126810298600007	2.13400842427411	-4.42981321422068	4.0297710495553
japh1234	1.47541321803444	1.84861983431302	-2.07621057360448	5.28287406011018
jara1266	-0.190212178750423	2.12017042640622	-4.52183338198248	3.98277365252011
jeha1242	-0.134372988007016	2.23142052583785	-4.60928377452591	4.27270312999946
jehh1245	-0.210626045056436	2.18364748092489	-4.6772597410982	4.04558931701078
jenn1240	-0.329207492737656	2.14332421334387	-4.76557775768215	3.85082736813118
jeru1240	0.35482251749028	1.63119890594325	-2.90684367029501	3.48642367502392
juku1254	0.916804936526558	1.92490177372196	-2.79920728388912	4.83980053604392
kaba1278	2.40454715554363	2.11065928332923	-1.2790720399905	7.04159444185603
kach1280	-0.681611313744165	2.12733993519876	-5.14552842845026	3.39472694473229
kach1284	1.93569200457032	1.88006203317799	-1.57615815341541	5.77374992817557
kado1242	0.786447832598361	1.79711951446072	-2.76534571328621	4.48939160668826
kaga1256	-0.0195310714689177	2.0099662828156	-4.22189569282453	3.85057888116165
kagu1239	-0.401001336833631	2.11511139363593	-4.67730510601658	3.79061091002522
kaik1246	0.179126245030094	1.95536449667706	-3.81791863514783	3.91570406631722
kaki1249	0.0996205908057921	1.66429033372118	-3.28102702650569	3.33029528456119
kala1384	-0.137843825101136	2.16806331299321	-4.59810682194112	3.90927106177145
kala1399	1.36544913999837	1.85102756501483	-1.97322407994497	5.48538754557319
kalm1243	-0.0982051020991283	2.15062884443384	-4.46143739921228	4.18109748844307
kama1370	2.53576272589369	1.6780015911123	-0.467954890111514	6.22403817303605
kamb1297	-0.309765803891156	2.15557142640514	-4.76268584142566	3.82269882453414
kamb1299	-0.430428257205409	2.11965153760018	-4.87256860316437	3.54702461919535
kamm1249	-0.213052470442137	1.98019936474944	-4.25464633427272	3.72521035125971
kamu1260	2.6352209624476	1.92821165608964	-0.769449425404373	6.8372979792294
kani1286	2.28229863154096	1.64412541978597	-0.65605144059047	5.85484066281495
kaqc1270	-0.763902672223957	1.93656021108812	-4.84957982440247	2.87872270338408
kara1486	-0.0955331044383002	1.83358928424149	-3.82165368308202	3.43547098643038
kara1487	-0.686697883709445	1.98195350686993	-4.90960730834564	3.00854507934023
karb1241	-0.518123747071467	1.89324923600169	-4.45559573833359	3.11544774240629
kare1335	-0.0128665191075074	2.1863095585597	-4.50994887093437	4.21512733041514
kark1258	2.15179733106089	1.71949340235704	-0.976176336677798	5.80722666987427
karn1252	0.369430644921783	1.8457450100845	-3.36202127366567	3.98469756592486
karo1304	-0.565296391647196	1.97654182708324	-4.80785241282001	3.08908672015903
kash1277	-0.242813845696358	2.13138957676509	-4.6253864244202	3.82854477021283
kask1239	-0.395790985466945	2.0240473533624	-4.69020280221856	3.45043401734081
katb1237	1.34887673768031	1.34981535863289	-1.20214322732289	4.08392889798106
kats1235	-0.615855948023577	2.15628315949376	-5.06677638950138	3.45825928834722
kaur1271	0.647393235849224	1.81762966100582	-2.92991343990952	4.35083593024768
kaya1315	-0.245529721887295	2.02766897366544	-4.48888836056403	3.61239426314991
keap1239	1.63532584333025	1.65790084487352	-1.59285426987416	4.99330631524146
keda1252	-0.739762914958244	2.09510207736096	-5.11532949443272	3.18456996302716
kele1258	-0.451095923438908	2.0061955265623	-4.75513043888754	3.29192261607932
kemb1249	-0.320938432360464	2.12573468328394	-4.6543862651367	3.68151024695388
kens1248	-0.128328300187264	2.22082251114333	-4.57418900967156	4.27810982260649
kenu1236	-0.249568208472387	2.13766637891067	-4.52196283393058	3.91950974388207
keoo1238	-0.558688380735559	2.08593980657818	-4.95019326451875	3.44725596006498
kera1255	-0.849557425000738	1.93720277074857	-4.89600431793771	2.83385497859776
kesa1244	2.84640309148872	1.728540996186	-0.205281259582365	6.56253808285335
kett1243	-0.24200521625465	2.13358680202305	-4.64795439878271	4.01375669063001
kgal1244	-0.221688239021828	2.11440458250105	-4.52615146336583	3.87395924576196
khak1248	-0.209929518778831	2.17931082351055	-4.63262050323008	4.00961216942048
khal1275	-0.461460907430909	1.89697158900426	-4.51080246579562	3.02487225796493
kham1282	-0.121845672097997	2.19431565130278	-4.62560774491359	4.0476829183754
khan1274	-0.0768801563991903	2.18061829471614	-4.49946281593793	4.23689480661135
khan1277	-1.07223288324358	1.87088509533797	-5.08005135691196	2.40697574832645
khar1287	-0.141528042400087	2.18225929553759	-4.51893660572426	4.16095968028801
khar1288	-0.968386687087507	1.88421538797877	-4.92751604408592	2.50686054394448
khas1269	0.60005851873873	1.9948078622284	-3.22248214660124	4.62448306632026
khez1235	-1.07949464429624	1.86841091138217	-5.09306647179448	2.34456931373757
khmu1256	0.85301320886561	2.0498780657423	-3.12162250992638	5.12914082664366
khum1248	0.443980159023381	1.7792194842595	-3.2170624447051	3.82529392947066
kich1262	-0.732881003506277	1.89760606363453	-4.68030050349448	2.81413836483245
kile1243	2.44775175935589	2.07870230828429	-1.17521106704097	6.99837559777749
kili1267	1.12919633117038	1.92148708667803	-2.52594534762608	5.06631001491073
kimm1245	-0.355899019920623	2.12872327883835	-4.73035211477408	3.68885191509017
kinn1249	-0.356564630751019	2.13706934099353	-4.83293032790169	3.68861720501713
kiow1266	2.1251059515321	1.95120804527911	-1.3891700371987	6.28348902608693
koda1255	-0.264672736498954	2.17186118842614	-4.6707497428103	4.18369547530101
koho1244	-0.188714749764873	2.23555812999051	-4.82510479391544	4.2416525495489
koit1244	2.39372155592169	1.71034714052711	-0.751742231251484	5.97759902051229
koka1244	-0.909730939318128	1.87785198639656	-4.95625607901154	2.47328170221263
koko1269	-0.305543420014323	1.93728833089876	-4.28821255310941	3.43684074068319
kolb1240	-0.448119533987011	2.13827112656902	-4.82930461002647	3.71013723252862
kolu1245	1.71783732879376	1.60789484593885	-1.33432884533318	4.97930439281721
komb1274	2.19423152567681	2.05820353143029	-1.46321171410936	6.70397856506482
komi1268	-0.0719543093304593	2.19673725920193	-4.52545122097652	4.18723370707342
komi1269	-0.0710205310921608	2.24361317790606	-4.57701760671416	4.30383894596094
komi1270	-0.999185663089047	1.93730302780373	-5.09280390866053	2.61837441703281
komo1260	-0.154432347001554	2.12657786714841	-4.48243281180185	3.94481812996595
kona1242	2.6271761970271	1.66493267545971	-0.325518972378725	6.15972267667584
konk1267	-0.240331513851124	2.147991978031	-4.73061362613723	3.88426665242855
kony1248	-0.665990029621895	1.971697169428	-4.73450695280778	3.03660074088557
koon1245	1.44138370250074	1.95609922889769	-2.30089486873549	5.48528713086619
koor1239	1.10255402081251	1.86854078599162	-2.49415986048136	4.81593602380398
kore1280	-0.281894319352398	2.14751979772239	-4.70746451449108	3.88937796520885
kore1283	2.18725071390501	1.96710121988354	-1.32700087468576	6.42601245328779
koro1298	-0.371038018220987	2.10131924530477	-4.72840396101016	3.57177031099797
kosa1249	1.28874014640792	1.78928803614804	-1.92708830940649	5.02209945854065
kosr1238	-0.177253545266482	2.12183280661858	-4.51956324485305	3.88536298236536
kota1263	-0.321392346011352	2.15255023573617	-4.76332448908639	3.94951719623721
koti1238	-0.183732910437417	2.18448534302845	-4.56383290955944	4.12012195662088
kove1237	-0.46822866502671	1.95842311109039	-4.72475662468632	3.19280464472326
koya1251	-0.132487162865764	2.21741408675094	-4.66785469724882	4.20250055509297
kuan1247	-0.143558364179748	2.15919688943409	-4.55106426524786	3.95379129087553
kuan1248	0.281575954363685	1.70901157036385	-3.19170758596472	3.64313981367557
kuku1273	-1.14729703379164	1.96248206429619	-5.38676734477187	2.42662782792559
kulo1237	-0.584829725719885	2.06172455906549	-4.84173457998685	3.29537425430264
kuma1276	-0.51566296493343	2.05330978232935	-4.85257864681274	3.30952513515421
kuma1280	2.65571160171744	1.668569661079	-0.325534692205104	6.2350550477299
kumb1268	-1.01955656931823	1.84664420812874	-4.90962082893786	2.37633946315219
kunb1251	-1.24629027572255	1.97002363131931	-5.47183370621999	2.42892925818623
kuni1267	2.49803738222194	1.72719438104162	-0.597460843248523	6.2041878676647
kunj1245	-1.12708760993419	1.96649337690086	-5.35296832674086	2.3976984710971
kuot1243	0.389145132087651	1.66559205362929	-2.9317363732872	3.65134115962932
kurr1243	1.15598216297803	1.68642635570252	-1.96694864649929	4.70714128614055
kusa1251	-0.874159536385141	1.97960017641271	-5.16728888054	2.78126271689961
kute1249	-0.707968591335918	1.96043658270907	-4.91905494752261	2.90600240215053
kuyy1240	-0.134743013684693	2.21542322453645	-4.45518693148014	4.27675091340485
kwai1243	-0.282335518660892	1.87486137564447	-4.0562696628542	3.28767732005027
kwam1249	-0.386300127043945	2.10972182458483	-4.66997521829529	3.69416382133142
kwam1252	4.71216919819134	1.60834057162524	1.85207779596821	8.07831333657276
kwar1239	-0.213264350600656	1.8419205429869	-4.01423038280112	3.32414695819658
kweg1241	1.39975408394805	1.92697728854044	-2.14827818351712	5.4841794671267
kwin1241	-0.692740501101822	2.01322858612081	-4.90680861583013	3.16331719283271
kwom1262	1.27259496857035	1.58201991174095	-1.74487642777957	4.53900482073066
kxoe1243	-0.245769093250356	2.12039905606517	-4.58361457696992	3.78663807127371
kyer1238	3.38471408866116	1.60874157696249	0.444743914306306	6.80688904752396
labo1244	1.33180286012888	1.38598012810753	-1.30106062362002	4.13568943193309
lach1248	-0.351163400588509	2.11731153168128	-4.75694106783032	3.67834928830651
lagw1237	0.384286370135117	1.95840971456227	-3.41311642455718	4.23420985637061
lahu1252	2.1476376835744	1.72621729104496	-1.11131981349668	5.64875611050155
lahu1253	1.0350014662937	1.73449335271195	-2.4273536442247	4.52140426408547
laiy1246	-0.343062241049973	2.18150757156344	-4.90613815834984	3.80953496891922
lala1268	1.88248090558652	1.6539203768363	-1.31105779509652	5.12656055318224
lama1277	-0.671258253556364	2.10467802330204	-4.98083903617214	3.24975923867674
lama1288	-0.651631407109765	1.90137374063077	-4.56495885600848	2.9464431460861
lamb1269	-0.225729561761908	2.06823501296038	-4.42073163097387	3.70763555025257
lamb1273	-0.335064840222222	2.13870898834746	-4.84808568063668	3.73365568992715
lamk1238	-0.640096621063771	1.877680374087	-4.60321373194562	2.8876061782134
land1256	-0.175137489246823	2.1697606945933	-4.62330879865815	4.06276509411202
lang1320	-0.626690159152666	1.99016344380207	-4.74163567697	3.12858011639285
lash1243	-0.822931268046737	2.10182913385716	-5.33716087500823	3.06074652856521
latv1249	-0.210787562082322	2.08314681188431	-4.50370946830798	3.81906132100855
lave1249	-0.183379557889443	2.15554759017772	-4.41562289871777	4.14765994834371
lavu1241	-0.0849331437633015	1.80004175987838	-3.63603555262772	3.56498705910399
lega1249	-0.14386084142709	2.15339259620079	-4.56583087228277	4.03602246582396
lele1270	-0.470070960677856	2.0032957976362	-4.8050078833914	3.24047999401218
lele1276	-0.606501455929382	2.07459259376986	-4.96583849882108	3.29983495806902
lemb1266	2.73106670295861	1.69566556036538	-0.24957624457067	6.40318367891448
leme1238	-0.375496509473478	1.98856383456208	-4.59193461690092	3.2986050631899
lena1238	4.82727032978318	1.60700429684751	1.91698143932999	8.11523653290127
leng1259	0.00304367628588326	1.798680397321	-3.76373962998936	3.43878925052408
leti1246	2.7771024958559	1.932998642963	-0.739934302916037	6.85330430377436
lewo1242	1.98065561378663	1.44039549490888	-0.817927442749609	4.90374442484824
lewo1244	-0.660094290538484	2.10375403088141	-4.95893340602668	3.37566541311791
lezg1247	0.213709008916051	2.00632417570425	-3.77194330874454	4.18245803193549
lihi1237	1.26706231928527	1.795778358153	-2.24856425658635	4.95207732011043
liji1238	-0.257251203462605	2.05696646304927	-4.47234984552372	3.71452649002774
lill1248	-1.00621510406802	2.03399194551693	-5.36850054456917	2.77826412232153
limb1266	-0.550621291893175	1.94406435745313	-4.64764473711283	3.10611509756702
ling1265	1.34633951287486	1.35294171610116	-1.25946174058783	4.09069490942205
lipo1242	-0.763586391239558	2.06151736305469	-5.30443087348447	2.93829940165518
lish1245	-0.265847509707262	2.12198015010263	-4.65789888980153	3.75661745083657
lisu1250	-0.886614810251474	1.99617855360071	-5.06956688584376	2.84432072455688
lith1251	-0.197530591833503	2.10569780074093	-4.59771456739281	3.86434884789227
litz1237	1.09043437636851	1.35840518520378	-1.48426655724432	3.78409527866305
livv1243	-0.0874843621860703	2.21164713547557	-4.64320009248947	4.28080308249734
logo1259	-0.278989425120277	2.16877363157023	-4.65133033793739	3.86071309984308
loka1252	0.112079205354955	2.05974818657158	-4.16222132921426	4.16613796630412
lolo1259	-0.759601393221821	2.04211729196095	-5.17749184952948	2.92254276201445
lomb1257	-0.226220851020911	2.13380871080558	-4.66999220504748	3.88694064687448
long1395	-0.173399909806788	1.86229288882958	-4.07088052922243	3.39205839836404
loni1238	-0.465520139487357	1.99186229677365	-4.73230333221943	3.22423706589931
lote1237	-0.410004518012371	2.03865234132662	-4.70565510549302	3.44428045255566
loth1237	-0.964260404791226	1.88827199151952	-4.951144001928	2.64163298027697
louu1245	-0.457449162926518	1.96664828635182	-4.79236145618935	3.16318274101022
lowl1260	-1.60728012638834	1.93507149572212	-5.81707596484086	1.91585668355036
lowl1265	-0.00617421578453117	1.54321573692394	-3.16752841156356	2.97558305125647
luan1263	2.43238132639771	1.87417760755816	-1.08410344435104	6.33870187916935
ludi1246	-0.0410517036373646	2.27082271402374	-4.61019248627085	4.54556350078846
lugb1240	-0.312989782743292	2.22105235515691	-4.92396019186781	4.06702376934744
lugu1238	-0.36190138565139	2.15355568767293	-4.85675083215016	3.73534548909104
lule1254	-0.0695419912087246	2.2041856148987	-4.64172752718001	4.16617457117555
lumu1239	-0.391343084898121	2.17143477171359	-4.86610131360838	3.86343547037686
luok1236	-0.444066083520264	2.16696027289757	-4.92175467409676	3.76439033632185
lush1249	0.443098369943532	1.79261110711012	-3.16748113814649	4.03091367846065
lush1252	-1.08680549366908	1.97463341217929	-5.32471272400816	2.59913684533073
lusi1240	-0.398003011997998	1.91914930147366	-4.32696309191681	3.20264648424289
luya1241	-0.177448906907339	2.13851132313087	-4.57894628962574	4.04298115526361
mace1250	-0.349834451031095	2.08252821537535	-4.70650602061434	3.67016563330528
macu1260	-0.545770658888597	1.61812238310581	-3.86493934939388	2.50492693561667
mada1285	1.39271302652269	1.69280005550858	-1.78406401944751	4.89387439521022
madi1260	-0.301823343955212	2.13954058391346	-4.62618233108035	3.77222061986708
madn1237	-1.79742120152112	1.98386991518132	-6.23623808801087	1.81885888147881
maee1241	0.734212462164787	1.40526372247408	-2.0328218255409	3.55014577299683
maga1260	-0.128997929545149	2.10240342727411	-4.33796476511467	3.92298675605884
maib1239	-1.35173824483392	2.04072306449883	-5.65494987557672	2.44312622902119
mail1248	0.465409812883746	1.75197931122816	-3.03035154909964	3.91216322871456
mais1250	3.30418980174426	1.8056676531544	0.082283310039901	7.1533605355063
mait1250	-0.0646423564943009	1.92816957702498	-4.08156429965001	3.63720840804031
maka1304	3.11527028350039	2.06529180324034	-0.665252001849085	7.45802198737213
makc1235	-0.250052033915403	2.17204133121461	-4.74622577917686	4.00173085505331
makh1264	-0.191191875495419	2.12025074963032	-4.57673582527263	3.83929303322969
makh1266	-0.234308070636192	2.22626185745181	-4.83138151680141	3.95916693809028
mako1251	-0.22099317648881	2.16982314628296	-4.64721647295246	3.94328587182866
mala1463	-0.132172530294279	2.20703290235321	-4.67790322497168	4.20735893504735
mala1464	-0.196685524904835	2.22616750377454	-4.5851878262677	4.15911369202559
male1284	2.63520898891607	1.9341837236451	-0.750394933854947	6.81295315070827
male1289	-0.0821740476942226	1.88707883921976	-4.07763866844649	3.44842869366461
male1297	-0.511419947614842	1.98480524480191	-4.7719385853184	3.21094010460436
mali1285	-1.08690381812985	1.76369646366308	-4.8371586580684	2.15488371710617
malo1243	0.379730559256275	1.54105770541991	-2.6952588497769	3.39828136789869
malu1245	0.576869033608479	1.4314255055882	-2.27546530638375	3.41689163635398
mama1275	-0.331030407413937	2.10371221910401	-4.58906005117668	3.58115436529707
mamb1294	-1.01057080708169	1.98144879675208	-5.28025714445503	2.78226477421804
mamb1306	-0.170484327811855	2.05589642904858	-4.43731714876863	3.86261217642546
mamm1241	-0.503082317358852	1.84399894472659	-4.22711664417407	3.105147648816
mana1288	1.20922640265003	1.74391373991058	-2.1571962470762	4.70822160701804
mana1295	1.00361090466562	1.61849148746523	-2.15650054526362	4.13479483887319
mana1298	1.61853092990746	1.62807375515227	-1.43026708716537	5.00352262348615
mand1415	-0.153330161379584	2.11021895468634	-4.52172285636385	3.92981089314664
mand1440	0.686194942582566	1.76993217667613	-2.79216054558867	4.18268219637655
mang1378	0.712285886144769	1.97885853480498	-3.17509170041541	4.75992806243463
mang1381	-1.06380758153026	2.10496886742165	-5.59076667191089	2.80183738966441
mang1394	-0.250546565040161	2.18686222792808	-4.74941744105615	3.93752651806185
mang1401	-0.184754701688797	2.08671925868999	-4.60996339495565	3.74521568130449
mang1403	-0.433830616210415	2.01617338988662	-4.69867823507518	3.38572071325055
mang1405	-0.48919051925616	2.16554649417328	-4.95839981350914	3.67993776317576
manm1238	0.769320287405308	1.84816914874345	-2.78280932125602	4.47972706274977
maor1246	3.37053471567386	2.13172292936938	-0.490742133605153	7.86006381844103
mapo1242	1.98835533199079	1.52570809530323	-0.87048722845326	5.07258366972084
mapu1245	-0.702744780201715	1.97854260221967	-4.84348294584495	3.08464615269309
mara1378	-0.286329385557389	2.19078137176154	-4.7532974281765	3.94730657231039
mara1379	-1.0562449548273	1.87757194615685	-5.04909627601014	2.40227664800338
mara1386	-1.70993825336316	1.92637263049229	-5.75087781431442	1.82295072086719
mara1399	0.859851409433666	1.38252623763932	-1.85080154314517	3.64675385068818
mara1404	-0.517112928434192	2.12859626193126	-4.81935233931699	3.50822937042348
marg1253	-1.22146779205157	1.92039979482533	-5.46946587109597	2.23884488274245
marg1265	-0.662328236354117	1.96958706725852	-4.80096833479306	2.97994049529601
mari1414	-0.120520819226496	2.19378658807086	-4.65822816837483	4.12963884801254
mari1416	-0.612396446138078	1.83444671916224	-4.48069679872253	2.84163885444415
mari1424	-1.75148475503125	1.95101564204476	-5.85430937303875	1.85733998917
mari1426	0.936678794562251	1.71840533693186	-2.39199580313731	4.42153756949049
mari1440	1.30728594607851	1.88410788747165	-2.1549667165695	5.31697511513444
mars1254	3.36469468310811	2.09508738086073	-0.32213848380023	7.86313603572109
mart1255	1.16289078745604	1.74642905014586	-1.99293472318508	4.89592463623878
maru1249	-0.732797613514643	2.07250905298662	-5.01694723095093	3.19262743693716
maru1252	1.63219378994337	1.97805020438832	-1.77921483771492	5.97458367630286
masa1322	-0.738236795210303	1.96059649713547	-4.93824041453319	2.99352433350144
masb1238	0.569246601969306	1.95701022257194	-3.4638527918645	4.31964326369855
mask1242	2.26868114974429	1.44667010674343	-0.37288828178231	5.38633817295671
mati1250	-0.518739837323129	2.07133906784991	-4.84438257398395	3.33058595745469
mato1252	1.84614735879616	1.5894791826388	-1.1165096938439	5.17431963631232
mats1244	1.61536909889894	2.00145219489059	-1.90798706197224	5.9404962710777
matu1261	1.92558905132033	1.59530507110015	-1.08802404129054	5.23242542703746
maun1240	-1.19882141192324	1.96003313732894	-5.32933494209693	2.4972662851603
maxa1247	1.67109317783635	1.81053344445465	-1.66097752884618	5.5665273038341
mayo1261	-0.242974637137002	2.15767067902007	-4.71857965493253	3.97188844957687
mayo1264	-0.537640818146009	1.76915390711007	-4.34220310906337	2.77661869862225
maza1304	-1.11662148585474	1.85754981275355	-5.08312687688596	2.293034996267
mban1263	-0.322895350776371	2.10461148763682	-4.68925072849526	3.81631942423854
mboc1235	0.422599250785991	1.88986061497441	-3.31180423885792	4.09658477386857
mbul1263	0.222903456304254	1.85970702926507	-3.61272734996337	3.82645406835624
mbya1239	-1.7079028530697	1.8600799613983	-5.77882671938379	1.75583384849059
meen1242	0.942915980762144	2.04378858190063	-3.09113031361644	5.24322294707827
melo1242	3.00148235460014	1.95839505270051	-0.561949824473208	7.23252330149371
melp1238	2.51869783194688	1.64997892705719	-0.48942655628704	6.03661463945294
mere1242	-0.0737443115458054	1.71835689114795	-3.60437982484384	3.25872537502339
meru1245	-0.340054654346587	2.1180201796403	-4.71869792706651	3.59528099211419
meta1238	1.29135128818436	1.76512557807037	-2.02842797709177	5.05971876301219
mezo1235	-1.14506173884055	1.90853621095015	-5.13065931499609	2.41849999069402
mezq1235	-1.79649812614762	1.98382741608031	-6.05737261055102	1.68966033427794
mich1245	-0.918933745240859	1.96717206529765	-5.20992179936215	2.63874163199859
miju1243	-0.100186737441262	2.00576510582289	-4.31629938998849	3.74869499675658
mika1239	1.1507605717487	1.92113189161627	-2.33940196754399	5.2789520550697
mikm1235	-0.51971547571395	2.01276417181499	-4.75676905168815	3.23277167651977
mila1245	1.64068996974923	1.81827165771787	-1.8443766371984	5.32516229086148
mina1276	-1.10410002054051	1.84313848394369	-5.03383726986769	2.19715832636713
mini1251	0.247472748379527	1.73027184397007	-3.24240763199308	3.62020928610202
mini1256	1.26117483262571	1.84897102431164	-2.07980365239244	5.12198954036497
minn1241	-0.249436975987273	2.10676837644999	-4.58619663354581	3.73506296395759
miri1266	-0.66230331029631	1.98843942818097	-4.81117507039624	3.10730756477984
mixt1426	-1.6679370852586	1.91746112376173	-5.78590863981308	1.83365141938685
miya1259	-0.219849472183151	2.15724569858081	-4.65608480395071	3.90335879950836
miya1266	2.21568299919341	1.92071456075007	-1.3671523720687	6.18570087583764
mlab1235	0.00426138907264495	2.16703916819066	-4.26824949098757	4.21183712086363
moba1244	-0.313026731878687	2.14866956534121	-4.72267507130669	3.805814707386
moch1257	-0.275383681671	1.70394211048922	-3.72490780264867	2.98818840579449
moco1246	-0.64809400714203	1.96484686240608	-4.85492043034473	2.9325695209588
mode1248	-0.191399451730076	2.1645008045158	-4.67763266105906	4.01647738729978
moha1258	-0.5961626414711	2.13683284100503	-5.14420030915132	3.42233727271703
moii1235	-1.19439798824392	2.01581741930185	-5.39893483240655	2.60011189504116
moke1242	-0.107078970924546	2.1803958625031	-4.55377588192937	4.18001921587728
moki1238	-0.170726293566083	2.12280566064478	-4.39730279987902	3.88421312988101
mokl1243	-0.162528910766129	2.16457168416277	-4.62581012693901	4.05953347797222
moks1248	-0.0861311626741818	2.23695005924311	-4.68842720640151	4.29439449431856
mono1270	-0.330842613570418	2.12117385567948	-4.67020220729339	3.73094977132839
mono1273	-0.764443301261321	2.01649985755138	-5.00370750623931	3.09039041249607
mono1275	1.87760724788895	1.82930139583558	-1.30826227914542	5.89918734456804
mopa1243	-0.738191962649204	2.07531150948134	-5.11079090084794	3.11821948131617
more1259	-2.03138692572903	1.91178584731083	-6.28058766394844	1.3612286130563
mose1249	-1.460618954363	1.9253897264508	-5.53446296736046	1.97180561937228
motl1237	-0.317765163792559	2.02460874871283	-4.54979328353291	3.46399340223491
motu1246	2.31931979375593	1.64483257425137	-0.718626732556677	5.75677964599065
mouk1239	-0.346513721040892	1.92577947657769	-4.27860535282479	3.23282691568919
moun1252	3.11807879154252	1.78053144695832	0.0225067219850806	6.99710198065997
moyo1238	-0.837234990087079	1.87493802473632	-4.72364367899944	2.66374112244455
mpad1242	2.60430016306184	2.0274181550878	-1.06472482343012	6.92733347688714
mpii1239	-0.186497254402102	2.08996427062538	-4.56811970480661	3.77264827423052
mpot1240	-0.130675711368466	2.24053102216459	-4.8169761735794	4.13399631160194
mpur1239	-1.29762537495784	2.05730224495155	-5.638564014238	2.62397694277096
mual1241	-0.284774659667292	2.15895907120686	-4.75120126772399	3.89123936053178
mudu1239	-0.30571104438636	2.16671756427541	-4.74258263236558	3.91490970048963
mudu1242	-0.462619029531046	2.05005125400909	-4.83110986689641	3.44527317684734
mull1237	-1.79769540078502	1.95606751472304	-5.9977864358515	1.74951768546911
munc1235	2.9132064583994	2.02647715875003	-0.784190064002194	7.25501765748701
mund1325	-0.986311026895421	1.91286722710074	-4.88205680373148	2.69485626959685
muru1274	1.70724388758356	1.93862167815988	-1.66852647849328	5.91601768206319
musa1266	2.95434340372549	1.74925315495878	-0.133202562244095	6.75249057737532
musg1254	-0.476884799734517	1.96476325241857	-4.4954942492834	3.35656225852095
muso1238	1.85354873443633	1.54083148714582	-1.05406913370362	4.9662949803166
mwag1236	-0.112696109312504	1.91044003684109	-4.02064640297607	3.62382466172813
mwan1247	-0.240514480497691	2.14599597295085	-4.72626359005611	3.95452463559966
mwer1248	-0.19480326564292	2.17520522518708	-4.68736815297202	3.99207395130268
naka1262	-0.461252072171076	2.03659626582395	-4.67415079636758	3.37388415741124
nali1244	0.103746351175389	1.73820557361796	-3.38015871782498	3.44106404268196
nama1268	1.86444593571416	1.5795664228522	-1.17054855254446	5.01272354811604
namb1293	-0.668450135376029	1.87330913438082	-4.53193715883469	2.89095921367454
namu1246	-0.52965788380812	2.02474840579781	-4.86651419552041	3.328947840658
nana1257	0.314823428631624	1.9649516676281	-3.6488710918762	4.29340205704487
nang1262	-0.421331834451783	2.07495058321116	-4.71279003539648	3.52230370901564
nati1244	1.4767507724531	1.39760048570221	-1.17820957899644	4.35922879409551
naue1237	1.01080596292711	1.85880415298428	-2.57329959834068	4.72221503252235
nava1243	0.560983838903303	1.87534265790099	-3.18111081187626	4.27269554340282
nawu1242	-0.367534537130185	2.11348109300517	-4.70284799676436	3.76498676071394
ndam1239	-0.230303475781159	2.16441983942377	-4.56421453172462	3.88986619315861
ndog1248	-0.142679341817022	2.13930684799448	-4.52578633995697	4.07016411824272
negi1245	-0.836644661479536	2.00062400452444	-4.84101509542899	3.0458444255577
neha1247	-0.344425769396453	2.06068208311536	-4.63983643159516	3.6127843636724
nend1239	2.83638861354002	1.71172380540411	-0.145318621803656	6.51542542500406
nene1249	-0.0884912368827176	2.24979608335902	-4.67223874332743	4.43317727229718
neng1238	0.140058354734478	2.03976922898211	-4.07157026413027	4.08101626954074
nenn1238	-0.531504438753061	1.8630762486754	-4.38928175825176	3.08070389791672
nepa1254	3.7481370959041	1.55223315812056	0.878544345370574	7.04444240269773
nese1235	0.590539028194014	1.43179214137368	-2.26064332677939	3.43949240032842
newa1246	2.9962948707576	1.58918598974812	0.031377154354638	6.27155105951641
nezp1238	-0.927947434201485	1.88569900205831	-5.01019257293469	2.62257451263305
ngaa1240	1.76382804370102	1.88934497226954	-1.5643738329931	5.84268695204464
ngal1292	-1.09862688453035	2.10399943795549	-5.4779867952389	2.83197229854866
ngan1291	-0.0788878532357121	2.20930961159682	-4.55166983338563	4.27756628717846
ngar1284	1.84328858984572	1.96607671230262	-1.80354068538112	6.06205640622832
ngba1285	-0.282521120033702	2.12224942317639	-4.62701935528234	3.78783589911845
ngeq1245	-0.175870342304004	2.24287588775466	-4.66567169981681	4.27644606853471
ngit1239	-0.259632488510583	2.20299877983739	-4.85735525571376	4.01399328840326
nhan1238	-1.16095528935479	1.95012101042247	-5.53313957520822	2.40053784404764
nila1242	-0.469583124496226	2.13927807775278	-4.86979254716647	3.66401638222742
niua1240	-0.261038758967593	2.15307800887847	-4.6342850068069	3.84296423491422
niva1238	-0.882055734042431	2.0257483932303	-5.20622695428043	2.8625236988591
njan1240	0.318287937830158	1.9225889030168	-3.56531157295575	4.23008705141358
nkon1248	-0.389701857160072	2.06189212722198	-4.76642529940066	3.59061279672763
noct1238	-0.360980442662318	1.93468397898138	-4.40315376627844	3.25253773954933
noku1237	-0.293280160912849	1.8780573767553	-4.20951424073214	3.26993783667739
noon1242	-0.206045745231647	2.15528472829644	-4.65897602852205	3.95782368854687
noon1243	1.2737335179179	1.78951073637041	-2.14547146726588	4.91217426793062
nopa1235	-1.29480069648643	1.79540985817199	-5.1350046413981	2.02705182994902
nort2684	-0.122279617655102	2.23258612313016	-4.58873942087707	4.35616761706422
nort2690	-0.026353390103414	2.17487784741975	-4.34728667819751	4.25159777728634
nort2697	0.805848823385483	2.1317902513504	-3.30223755774943	5.1057888363842
nort2702	-0.162010532020165	2.17746394802819	-4.5865157658884	4.10055119192701
nort2722	1.11277228837231	1.87754989294356	-2.52232688058652	4.8134312766284
nort2723	-0.569452925989915	2.08037817417352	-4.94843577128688	3.4000006366147
nort2724	-0.853102287553592	2.01657152043966	-5.08198434129891	2.92422853180384
nort2732	-0.247752755831221	2.12084442629066	-4.63680693780778	3.82710293193726
nort2745	1.92633185117804	2.05935201705773	-1.7877584637579	6.33586781875732
nort2747	-0.242149160333451	2.20884244056561	-4.69353879733099	4.04583243363622
nort2839	2.86145514933076	1.47298813055922	0.252586068395366	6.0191460337589
nort2845	-0.158874858804913	2.15475804124173	-4.63294698753656	3.84472190842442
nort2877	-0.646076614106491	1.97450331837575	-4.8757149483546	3.13803771537527
nort2885	-0.379026473595369	2.13164333530232	-4.80411728895689	3.60344396603469
nort2930	-0.131085263250545	1.72144121116341	-3.69978836082536	3.13977716554207
nort2938	-1.07895690607475	1.94819509728405	-5.22982920099395	2.52602517105952
nort2942	-0.396962398631774	2.0265839054016	-4.70094425739146	3.32219131123428
nort2951	1.0625339840846	1.83905414622137	-2.32158632432783	5.036653610328
nort2954	-0.969291467537326	1.73343412390699	-4.7264074419524	2.18765717220884
nort2957	-2.11738664146507	1.85425036032301	-6.25882005493236	1.10366920943934
nort2959	1.17982516015152	1.69059472406804	-1.94834377164032	4.70583865487566
nort2961	-0.370946979219837	2.13170887534062	-4.94049969209756	3.54711378335066
nort2980	0.799818153769582	1.823178157244	-2.54418987433646	4.65150181790677
nort3047	-0.869603130452462	1.92903198223173	-4.88029778065461	2.71729103447906
nots1237	0.563676432768921	1.66514691170575	-2.74728218353652	3.87364950422467
nsen1242	-0.133465760751015	2.1194555900607	-4.42335313122457	4.00600085558157
nucl1235	0.113118210923341	2.15558689135073	-4.32060794599555	4.37892068347151
nucl1240	-0.4535354925785	1.99999057288083	-4.6286046393313	3.40557651852892
nucl1301	-0.0573719592616425	2.20111746996688	-4.53884377734759	4.16432434380735
nucl1302	0.679916189355531	2.08655409183753	-3.31858280925494	5.0548618902976
nucl1305	-0.206789653595613	2.15354833602967	-4.71714175749259	4.06949013736833
nucl1327	-1.39030822853764	2.10695846593368	-5.79509005119718	2.49254054803449
nucl1458	1.30481733202733	1.53482310816317	-1.7157010041248	4.34733472718815
nucl1593	1.32203249710728	1.57073815481953	-1.625552767219	4.51642564460358
nucl1622	-0.248085091900919	1.97981023055921	-4.26711037063786	3.59440206620979
nucl1630	3.14038110448466	1.65802350492622	0.18888541904807	6.65056513408186
nucl1633	-0.322998809424917	1.87946477277153	-4.10602026911867	3.37977649811592
nucl1643	-0.142926211803518	2.15208008384528	-4.53366188971183	3.98744321351998
nuer1246	-0.215529076536514	2.24725272085113	-4.88078761875606	4.19667745873927
nukn1238	1.77559457345573	1.55138272142246	-1.16473975742739	5.04196463736527
nung1282	-0.771740211338788	2.0081397292192	-4.91976153341458	3.01784272959116
nusu1239	-0.892229388375665	2.00880938455879	-5.19441664556876	2.84636853555067
nuuc1236	-1.05079108787433	2.04306835103985	-5.44709975017997	2.69152706207232
nyah1250	-0.140778776766439	2.22371899297982	-4.63009622638749	4.19225540991186
nyal1254	-0.347666208152979	2.15854422744966	-4.8395315453504	3.69642223957952
nyat1246	-0.486744830259818	2.06730650932608	-4.86515807107465	3.41352649525413
nyor1246	-0.277153851917927	2.20742444038938	-4.97532581904618	3.90442390667503
obok1239	-1.66058827926686	2.00505545835702	-6.02732043936734	1.9268228704615
occi1239	-0.170247666760579	2.14449080788689	-4.54655753024342	3.89066412241465
okan1243	-0.0159299416708916	1.91066233602048	-3.88760740958343	3.68892980552697
okin1246	-0.188919982516546	2.15971138567787	-4.66238922329182	3.99836777610866
oksa1245	1.32933784571408	1.52709328905888	-1.5840773249182	4.47863417694788
oloo1241	0.267531315498047	1.63454682276755	-3.02287142080912	3.47855488809601
olut1240	-1.89941933819866	1.86223361399913	-5.91821625084057	1.42775223708871
omah1247	-0.923628085434449	1.88505590379707	-4.9109058002898	2.52461944688273
onon1246	-0.696664548597037	2.0548997687421	-5.09571802866255	3.10821821037674
oriy1255	-0.244339863698415	2.06533992412336	-4.52830738363282	3.76085917455811
oroh1237	-0.440911060260745	1.98748814367689	-4.59151121198821	3.35688139660529
orok1267	-0.284044576255618	1.70014266526804	-3.84248199001629	2.96927694275425
orok1269	3.56752494508538	1.96466960844992	0.201332742587426	7.89650852610423
orow1242	-0.661026009072585	1.97867673180789	-4.82973874238101	2.99689703154347
osam1235	-0.119024226992839	2.13315769059783	-4.51441300070529	3.98191328862939
otta1242	-0.389583886684269	2.07575316612568	-4.58702688363269	3.4889967972006
owaa1237	-0.331661850771566	2.16141466508441	-4.85101232734499	3.79553509123476
paaa1242	1.56737245957089	1.82450223913824	-1.92485201213148	5.22822992459687
paam1238	2.4119342648546	1.42889165387246	-0.1941623733675	5.51069633442773
paas1238	-0.434602408836899	2.13619356642511	-4.88390406965341	3.60837574488762
paco1243	-0.124563444003246	2.304280212586	-4.87551070075438	4.44944305855132
paez1247	2.41554871483102	1.903869722791	-0.94551355201171	6.66966559247796
pagi1243	-0.235213976731142	2.15722111049395	-4.57385043540554	3.94640065273805
pagu1249	-0.897006180772709	2.02097112133672	-5.26141791218917	2.90364609246235
pahn1237	-0.317139083958646	2.13201413832579	-4.72392102876993	3.82426112657927
pait1244	-0.00431933603188329	1.8233275773613	-3.64401794484233	3.60676561822427
pala1344	-0.213684478396936	2.0757328980091	-4.56716689140174	3.78028476920272
pamo1252	0.336924381078385	2.03256547583988	-3.8302575656753	4.28242099600978
pang1290	-0.524433254500138	2.03532589951652	-4.87163629910094	3.41283261890499
panj1256	-0.260305688627728	2.11065486021311	-4.63799666779598	3.66316509225303
pano1254	1.15910311239316	1.88696253646445	-2.25912361135813	5.16691079032443
papa1265	-1.13857944000745	1.92354269180923	-5.25653992508609	2.36924723703884
para1301	-0.142270995211006	2.14288612160729	-4.32138005192677	4.09900355827268
pate1247	2.05593099252673	1.52335094549353	-0.81805703723488	5.14303268321069
patp1243	1.28684910136398	1.70795060112661	-1.95144278467588	4.71880510723089
patt1248	-0.311726265838776	2.11384982206879	-4.71954320294247	3.80839411735039
paul1238	-0.30636176247623	2.08451596929153	-4.61462318656939	3.69166670750135
pawa1255	0.643792712459614	1.62118776916268	-2.55631525264865	3.89162415434991
payn1244	2.70122199306963	1.6867561414969	-0.302233618041464	6.31239141113813
pela1242	-0.633604466032767	2.03055841248286	-5.00979409874305	3.1158954485919
pend1242	3.18543986158582	2.09504436358217	-0.644715654263003	7.55574800906988
peng1244	-0.180178634229254	2.21982731401941	-4.72133486817399	4.15581533728076
phai1238	0.173748933460531	2.13259924499723	-4.08982331008751	4.49356013882937
pila1245	-0.73466938750817	2.01503164103262	-5.06432533944241	3.02253854591196
pile1238	-0.405499694861577	2.09801886068962	-4.72165674757749	3.49243961820082
pima1248	1.75800422035568	1.78460204729311	-1.46145124019271	5.68901384940484
pina1252	2.92970040087783	1.68064234450343	-0.0780598724591959	6.44240723101403
pint1250	1.78351958163451	1.86532895589324	-1.52238678739567	5.90272221897401
pite1240	-0.0654948628448903	2.23590357639319	-4.62950931051488	4.39212484622027
plai1258	-0.451790174830217	2.03947865346619	-4.57740685660218	3.38447782985069
pnar1238	0.769894760542607	1.96954770645867	-2.97530615757448	4.80180196278339
pohn1238	-0.217462343765881	2.11032922066867	-4.58408536112401	3.7961411474351
poli1260	3.36306174415619	2.11918903464508	-0.33719879530191	7.93395254683976
popt1235	0.337149958320592	1.6583713848071	-2.9004484336667	3.67973446729313
port1283	-0.142808148219521	2.14196072266543	-4.46831471085676	4.07265768567249
psik1239	-0.965187881100141	1.85509801461473	-4.85483288280746	2.44965709145819
puin1248	-1.25746919724532	1.95554347389684	-5.3801527851133	2.22408454126213
pulu1242	-0.282052389423446	2.13776931156884	-4.65850184886168	3.77886076290372
puma1239	-0.314140827706301	1.77748042515523	-4.022231750436	3.04615818272844
pure1242	-1.33424222876855	1.95958756622549	-5.60119381567978	2.2423149390154
puri1258	-0.255707985586758	2.10283983756156	-4.56935161839905	3.69308634490539
qanj1241	0.0644127236868589	1.7547379146973	-3.47952298648655	3.50226813165565
qawa1238	-0.724038799698449	1.92587144818316	-4.76938401910632	2.81214110904039
qima1242	-0.413198121286187	2.07529350272056	-4.80307435759561	3.53939818774695
quer1236	-1.62039688288458	2.00843278886257	-5.9251242407127	2.01395444056593
quio1240	-1.41209038333236	1.78093248116066	-5.18452175017407	1.94147600465899
rade1240	-0.190619024703201	2.14675630596973	-4.494948673652	3.92814218053068
raji1240	-0.249922663202237	2.10177564358382	-4.63607130638355	3.80400368188692
rapa1244	-0.16054953689852	2.09936112289696	-4.50717947903424	3.8712881889852
rapa1245	-0.153564622845698	2.09242649502173	-4.44033838432711	3.79436974063367
raro1241	-0.146277026892624	2.08372871425653	-4.35132495351819	3.95904320014073
rata1244	-0.271746023409231	2.08655482087697	-4.63100284739579	3.75451384145973
remb1250	-0.55063279036777	2.07087059462764	-4.82033552273529	3.29594043728206
reng1252	-0.176640933870894	2.1416546801375	-4.6431015277232	4.05118222339595
renn1242	-0.188232764461265	2.09705836330988	-4.34602139117783	3.93110895799894
reye1240	-1.75820271765519	1.81870828689416	-5.67054996921273	1.60762765312224
roma1326	-0.21909593354495	2.13143030574413	-4.62070150488712	3.80776298138502
rong1264	-0.369223311483973	2.13527494440463	-4.77209426630309	3.69080145017746
roto1249	-1.15079520213575	1.90766538357957	-5.2347827337836	2.31163425953862
rotu1241	-0.177994285003139	2.16667850935795	-4.6999529938231	3.95146947185732
rovi1238	-0.915215484830973	1.97882292203387	-5.14999720029121	2.80193966428977
ruch1235	-0.060373021133466	2.16306046219616	-4.32028847191182	4.31884208278387
ruka1240	-0.5430368826187	2.0375242262064	-4.89548119030237	3.2028448120708
ruma1248	-0.425151953023263	2.16300885968952	-4.88160317732472	3.70405621966825
rung1258	-0.255138008009947	2.20791416241576	-4.84687748666843	4.06184548512603
russ1263	-0.198064936260694	2.09254714931577	-4.54963549842156	3.81990635949874
russ1264	-0.287953315467842	2.13152074681644	-4.77625184619983	3.81885642492713
saaa1240	-0.44904590233302	1.98846117085362	-4.59106172775128	3.31564772167125
saaa1241	3.20517649940778	1.55306431009785	0.401151226546107	6.44133359678695
saam1283	-0.366460314204151	2.15448721933393	-4.78067742456609	3.76888315801726
saar1237	-0.58465232284274	2.01930314297673	-4.80799981659555	3.26237590831741
saba1268	-0.360881871033366	1.72499466425447	-3.94655907089292	2.91177533151286
sabu1255	-0.407296235808168	2.03131838794936	-4.55232162244857	3.53590215227711
sais1237	-0.423492878003086	2.17654876182728	-4.89590704571226	3.68883701927995
saka1289	-0.031021807448115	1.75979119486805	-3.70543556580599	3.31876757428347
saki1248	-0.86645580108711	1.80635008433476	-4.71824424986667	2.45200110711509
samb1305	-0.336447468448559	1.98598291464649	-4.33720395879212	3.49314946478981
samb1311	-0.298320190285655	1.97832641199856	-4.31706853221937	3.49799372033405
samo1303	3.35931444225225	1.88397341453994	0.0562545803760426	7.41187775376112
samo1305	-0.19816103433197	2.16229777680551	-4.6465907515504	3.91025000310046
sand1278	-1.52990975872631	2.00914860198743	-5.81205041172797	2.07675279856641
sani1269	-0.551110326914047	2.12641843684181	-5.06930690164113	3.46037837836584
sanm1289	1.37760639287965	1.99015933071048	-2.12005540666107	5.61753858581826
sanm1295	0.215281112193098	1.7207487092824	-3.06692747515401	3.64252655709788
sanm1301	-1.57251656366532	1.96603758667475	-5.79459831300464	2.0537279013475
sant1436	-0.465423380808731	1.70522938236592	-3.92760271402276	2.85105538858525
sanu1240	-0.692833145762555	2.00031063650966	-5.03973592289552	3.09201089897395
sapo1253	-0.960184044163233	1.97988556777045	-5.12498530334786	2.68853866933621
sars1236	-0.558782360379175	2.07875758626028	-4.922186480006	3.36786239445647
sata1237	-0.194155454174316	2.1594129303104	-4.6966000191722	4.01432117543319
sauk1252	2.06333314994819	1.52992298503826	-0.778044239095402	5.29724987698482
saur1249	-0.229505413711041	2.12694236808936	-4.58156435245139	3.84646203307984
savo1255	0.569162322386358	1.70627218514975	-2.75695293398073	4.09642379943142
seda1262	-0.172973626923786	2.16901628669204	-4.65104575173787	4.14036414995674
seim1238	-0.107541951453579	2.15424684033563	-4.67864352670575	4.0083402019662
seke1241	3.13420129681909	1.54215208676066	0.360126823612116	6.33413959310576
sela1259	-0.0152004551272364	2.13003450606191	-4.39177395994112	4.0332228993012
selk1253	-0.0785348226836594	2.247822966425	-4.59452587291708	4.31426934647468
sema1265	-0.131381843488712	2.2214398798422	-4.65356895086857	4.25664985867864
sema1266	-0.161251983898498	2.2129879459522	-4.47352697361625	4.19526704948006
seme1247	-0.127021508456344	2.1691097887062	-4.57108779615067	4.17323617012914
sene1264	-0.720228720180795	2.04276533390402	-5.06039117782451	2.9918219060503
seng1281	-0.249983577436107	1.99651786842956	-4.33099837991195	3.57870666624472
seri1257	2.04645891124834	1.91813145994435	-1.36830432823459	6.29435335567836
seve1240	-0.381671290948431	2.06413734647709	-4.75773743275937	3.48705960773261
sgaw1245	-0.229710932855683	2.09381527033554	-4.43603878639436	3.8778344119256
shab1252	0.330801786653349	2.11182173547458	-3.96590765916952	4.52439082186865
sham1280	-0.34155171486998	2.13143062262158	-4.66965279710684	3.71450690282041
shan1283	1.50991865212392	2.08335901600997	-2.18875489955072	6.00192337451185
shaw1249	-0.404977084156231	2.06692935260729	-4.8076088901766	3.43468267428183
shee1238	-0.164119732644454	2.25595740029927	-4.77235316346912	4.13922101653275
ship1254	1.80621785879372	1.98275780756974	-1.70478465064945	6.14823246315751
shix1238	-0.622500385622692	2.07205439424067	-4.98277930789519	3.21951330707741
shol1240	-0.276231635482702	2.17359498014231	-4.72133458681899	3.88263328449154
shon1251	-0.160429282402462	2.12040178238316	-4.4811964223591	4.02455236924321
shor1247	-0.0576228119222955	2.18341509332494	-4.38179872442939	4.2436924360766
shos1248	1.33053711820213	1.83002179611964	-1.99117414918404	5.24293793229135
shua1257	1.90675800677016	2.00310191398515	-1.62936183527475	6.36577600812259
shwe1236	-0.476715645351521	2.11992244816581	-4.99532916590894	3.58124727136897
siaw1243	2.22643273666724	1.67458452650006	-0.809479223977689	5.8759698770578
sich1238	-0.528167689086447	2.0958070553592	-4.91656977786994	3.54749708290323
sici1248	-0.121638979462888	2.20382178279916	-4.63224653137743	4.16276690096273
siee1239	5.21989871182738	1.88782345990909	1.89728171005195	9.29812460118846
sier1250	-1.37700618915263	1.77789898210912	-5.05551552137404	2.00843851816386
sika1261	-0.321534192442174	2.06639994790271	-4.50128194242656	3.66239035059598
siks1238	-0.624748870152097	2.04175058140394	-4.93408279905348	3.18254632840631
sile1255	2.52354718625391	1.6773846236889	-0.447889927208193	6.07090887803835
sina1266	2.35689635602325	1.55370517925837	-0.533019568035388	5.57277314816469
sing1264	-0.248162899045234	1.93816857845953	-4.28683526739297	3.43408732942897
sion1247	2.37079674468717	2.01171062711541	-1.14760429883749	6.71688649174751
sioo1240	1.17575216567084	1.6351833390493	-2.03049513539856	4.54462920190733
siri1273	1.17668747550429	1.90692398068552	-2.23999633841531	5.21792703905211
siri1274	1.15230930812865	1.71233784385442	-2.07921402640711	4.75786705544014
situ1238	2.40085049962053	1.89156268193949	-1.10938734197016	6.28826006653961
skol1241	-0.037646307000809	2.20044285996959	-4.57197885304001	4.2194821887099
slov1268	-0.233898316755934	2.12262951512377	-4.68874970547139	3.88732067451124
soch1239	-1.42166419587902	1.84140965253415	-5.26831003562682	1.95975881986904
soga1242	-0.323804726540475	2.15880969773895	-4.86187764634448	3.91394400362147
sons1242	-0.206671647725561	2.11435510220462	-4.49463080771322	3.90002760395755
sooo1254	-0.0862925446854725	2.1941789069854	-4.48257335755333	4.27732968300078
sout1528	-0.283974087315571	2.15640610018539	-4.69258417262325	3.89804207268301
sout2649	-0.206745887490387	2.14518583251126	-4.63017777226251	3.87484870839746
sout2674	-0.0382261167248339	2.17788181149906	-4.43863866643465	4.24212595757494
sout2679	-0.0970249372291031	2.19403155110955	-4.5874627831731	4.19673722035089
sout2728	1.5159391598961	1.90390098507976	-2.10377266037634	5.44610175971129
sout2729	-0.715065207934063	2.11467702346148	-5.15647442380853	3.27161732269023
sout2730	-0.824376816470301	2.07722655248819	-5.27323952071887	3.01316892258528
sout2782	-0.972918648627717	2.00188442117394	-5.14583339560645	2.83680205784595
sout2807	-0.13824409634081	2.15464057678019	-4.60726956100423	4.16565074353158
sout2857	1.44896066970854	1.41813688368184	-1.24423203481503	4.34283043440309
sout2869	4.77136798129694	1.60260575343836	1.91771167601293	8.0847437760638
sout2895	-0.329014254125752	2.11298835902752	-4.71039712851614	3.76041436406074
sout2918	-0.233776587907476	2.09230800935842	-4.5145689100607	3.68872879721821
sout2954	-0.154975129224558	2.11296612123795	-4.4819986540812	3.94510114825834
sout2956	-1.09437695223795	1.95356057624995	-5.22518634957484	2.51177565027563
sout2959	-0.385490811739431	2.09183506011919	-4.82148421782839	3.52252072366795
sout2976	-0.824727544630246	1.76786722165536	-4.61031004126905	2.48920326623226
sout2994	-1.02888620687811	1.97084368315926	-5.16183024213236	2.6854729129819
sout2996	-1.11339053204824	1.92166840035446	-5.27599733747309	2.44609717544312
stan1289	-0.186256138275639	2.16105487593953	-4.71117020016867	3.94409987257755
stan1290	-0.167125166478518	2.14781383840299	-4.63746514648669	4.10101969498781
stan1293	-0.199273919465768	2.16319731144049	-4.83573607347949	3.95333452179854
stan1306	-0.176649500831665	2.09933691062488	-4.46525601256286	3.89147008238469
suba1238	-0.411927178502575	2.14336486081214	-4.75915648059749	3.81090639668093
sude1239	-0.585900761841992	2.07593846132515	-4.94887204523594	3.37923763951184
sumi1235	-1.01578084037642	1.8803147901166	-4.96970045865215	2.48872585209336
sunw1242	0.73066459418775	1.62449221173772	-2.630460938585	3.81689017439767
supy1237	-0.316628825833696	2.09187668207099	-4.71894247642164	3.67044607624898
surg1248	-0.0292332951482249	2.26081637248903	-4.57150185174017	4.48825434463692
surs1246	0.696197905658907	1.80927985795733	-2.80776148443939	4.27459586460565
swah1253	-0.269521600689077	2.12440731092167	-4.59710896653704	3.81817867663389
swed1254	-0.147414317828936	2.18165245639265	-4.55246308444484	4.00879305890933
taba1263	-0.84796637010271	2.01032925246895	-5.04913919910135	3.05680051966549
taga1272	-0.454570658801948	2.05249380047295	-4.68175314290928	3.46921972903776
taha1241	-0.31200752560794	2.08838148011205	-4.76717340601701	3.67209303061183
tahi1242	-0.172401479725749	2.14866593040255	-4.58644789109654	4.01723041614469
taia1239	1.79578883791428	1.60158581041109	-1.20630457826787	5.07432118845111
taku1257	-0.401763886077443	2.18822677498006	-4.92435737082857	3.7260043322286
tali1259	0.0484608605981007	1.82176614173175	-3.6241625174975	3.52002762576594
tama1365	-0.395883004258657	2.06347989623407	-4.65006238355764	3.35568973195509
tami1289	-0.169321380280903	2.19549615932602	-4.59556809498723	4.05594128611563
tane1237	-0.432425298428388	2.07184359351558	-4.7084865981947	3.50799507111279
tang1336	-1.02656396318127	1.93236232379733	-5.09686927611708	2.52812334185104
tang1377	2.46700637050379	1.92429410847715	-1.05252827703672	6.50359902008434
tani1257	-1.13274111535364	1.70212069281193	-4.76609189944904	2.12442176705248
tara1313	-0.733813848882185	1.84105840235952	-4.58357296779755	2.63884616181495
tari1263	-0.31134739776636	2.07481715187282	-4.70232131240703	3.71629445656333
tata1255	-0.106803509997347	2.18573245337943	-4.45553452588582	4.18708415115139
taul1251	0.0929332075148694	1.7232141139542	-3.38729293206047	3.44852893423566
taus1251	-0.275107842480297	2.07608670568284	-4.64506017639263	3.6777310869045
taus1253	-0.194151114387414	1.8690662819591	-4.10287751582765	3.36832882721652
tean1237	-0.428922897624293	2.06901203501091	-4.69880463370593	3.55615286194787
teda1241	-0.145076638361032	2.21632875706764	-4.55319302747703	4.2729632379095
tedi1235	0.267426289144917	1.86970801523506	-3.49088805358921	3.99699184865822
tehu1242	-0.726350473967467	1.98562109501877	-4.93078116571633	2.88927916181601
teke1275	-0.15560882140732	2.15090041232465	-4.6692626831327	3.90832068817621
tekt1235	-0.226168634579302	1.68977857858727	-3.68339553630687	3.03878139395427
tema1239	-1.92490925428816	1.95309222266817	-6.25124738328718	1.50208348215731
temi1246	-0.149240431496317	2.21204933704971	-4.6202077351539	4.21163587034074
teng1272	-0.159372981062873	2.16993730735635	-4.60512406640332	4.06670403653088
tenn1246	-0.200271085521954	2.17429716937827	-4.59641566804837	4.18373826980181
teop1238	-1.05169365477408	1.94099341574544	-5.23166630906664	2.47184577615433
tern1247	-0.817138617169288	2.08929940821429	-5.15800833561698	3.18553757626662
tete1251	-2.01292806098311	1.90342261252601	-6.24856622019297	1.31739148592664
thad1238	-0.174832109804646	1.82322394268963	-3.99618384968894	3.43456940468826
thak1245	0.63987390237254	1.80927880711464	-3.00559298907907	4.14579517243654
than1259	2.0825149262453	1.73151981754718	-1.25725416304204	5.67519813826868
thao1240	-0.57527112742794	2.06248091177863	-4.75163611912335	3.28898913592431
thul1246	-0.420711821258678	1.94089046524651	-4.52690701534287	3.32240456140495
tibe1272	-0.349667797956359	2.08147438903177	-4.63498019733459	3.62425995737586
ticu1245	-1.36491330723462	1.93621383548237	-5.48198195082145	2.23427566079369
tief1244	-0.482011880591897	2.05457813960541	-4.91612936569702	3.37101251218714
tiga1245	-0.200783346198959	1.92638299262671	-4.1762755618447	3.51905155823037
tika1246	0.360893631707863	1.97431050973611	-3.61127426089893	4.29886882382922
tiko1237	-0.30770988298745	2.12335775265047	-4.63415230811789	3.80661889790885
timn1235	-0.198385403158205	2.14057481825271	-4.59883869802821	3.95520952591391
timu1262	-0.222703435478437	2.18195782471627	-4.6915299246213	4.01017621653249
tina1248	-0.41145382228312	2.01495078498169	-4.64357740084851	3.37847761873351
tiri1258	-0.625370173289503	2.01321689112396	-4.90426720073164	3.10128102130528
tiru1241	-0.440400672604348	2.07105049511333	-4.85240731307111	3.44181627804997
tita1241	-0.412550110373742	2.02052063026427	-4.73401175603203	3.2808843309491
toab1237	-0.161744979724315	1.89044877965102	-4.05316651055389	3.44449599558925
toar1246	0.743620774602442	1.5978320406609	-2.44006857965309	3.89902503092138
toba1268	-0.960192046397316	1.97191226394161	-5.21806806994358	2.66077189422573
tobe1252	-0.855277513087856	2.0470150197958	-5.18091425915829	3.05841860277003
toda1252	-0.319961497799942	2.16762871205766	-4.8251846691311	3.83344338335366
toho1245	-0.599036651509225	1.74491872126328	-4.25052404842028	2.62173897014567
tojo1241	-0.202763305332623	1.76881775300208	-3.74386494131853	3.2276436905948
toke1240	-0.184129114709178	2.10527338639717	-4.61128854185756	3.89392086785797
tong1318	-0.159602432045189	2.21392994178233	-4.92064474682589	4.12105160807001
tong1325	-0.159800096714385	2.15197802901152	-4.61900331077926	3.97272066549985
toor1238	-0.27055059378073	2.16512371609905	-4.65165768168257	3.89034888142357
tora1259	-1.04856352215101	1.99600768415431	-5.17037664364216	2.55435661154878
tosk1239	-0.339478579280794	2.11454825266935	-4.66596129465037	3.70883635698716
tote1238	-0.235910618058697	2.19579642855891	-4.86626325805226	4.0309125129173
toto1302	-0.531887711067903	2.06869204757371	-4.96349498025077	3.24378513342755
touo1238	-0.926576521479529	1.97557026774096	-5.15174226404605	2.75453573639012
trio1238	-0.86172197611864	1.9742035593194	-5.1192364312876	2.73300689479551
trum1247	0.232620022864272	1.70678538614518	-3.16690897502996	3.47606022313478
tsam1247	1.51618385122072	1.75884816434642	-1.70760966182904	5.24188301087683
tsat1238	-0.122529455395458	2.16238142456118	-4.49573855395914	4.04150596548884
tsha1245	-0.397779561142967	2.08331881946854	-4.87063793236547	3.6526109130664
tsis1238	-0.263331002105581	2.13053684270875	-4.74022903311993	3.74950078626254
tsix1234	-0.233722744293594	2.12513661351801	-4.5613456496843	3.89460876861197
tson1249	-0.17243201232574	2.09733884236908	-4.58429960177561	3.88589305677284
tuba1278	1.85646343090964	1.91391669335459	-1.49611272054582	6.09107991301139
tuka1248	-0.278952588026482	2.11382009714942	-4.62165906965254	3.80465274046674
tuki1240	0.625656625910181	1.93409737652858	-3.16046678690053	4.57459358329091
tula1252	-0.337962000085939	1.95045092149081	-4.3791937866856	3.33894551948555
tulu1258	-0.21614810028153	2.20616239646065	-4.8063913117464	4.1447532167277
tuml1238	0.134680315017514	1.72236634238679	-3.35913027401062	3.40691232781353
tung1290	-0.309928771678067	2.0440567679558	-4.68117041089314	3.49763476763331
tunn1238	-0.297565809938747	2.03792899554095	-4.52278328970046	3.63408245484629
turk1303	-0.047304260676679	2.23089122129202	-4.6283082989705	4.38711674586319
turk1304	-0.095678255143803	2.20340738607039	-4.54142402893086	4.30351480821968
tusc1257	-0.62509735310587	2.0152326532357	-4.93592190543988	3.02153894491686
tutu1241	0.501183346095722	1.56381347686946	-2.63891776642653	3.63512632881066
tuvi1240	-0.0855498359564326	2.19567564505249	-4.53833746514336	4.17493755368482
tuwa1243	-0.697960352984943	1.97389616731687	-4.98013335000323	2.99909191838727
tuwu1238	-0.398137582141263	2.06824253410996	-4.74538972449921	3.56143860911938
udih1248	2.49076662547483	2.05459682267661	-1.05161012282449	7.03540207154924
ughe1237	-0.939608597331656	1.99457933139847	-5.2298296041195	2.80650947151856
ugon1239	-0.210821715402193	2.18327369714813	-4.79050223511373	3.91728117000528
ulch1241	-0.891882887028439	1.9902667487682	-5.05048169517869	2.82358420931478
ulit1238	-0.253819435205546	2.11232095656637	-4.51491215305961	3.75367168912306
umbu1258	1.60970828492481	1.54129452898133	-1.3157946968476	4.79728603678202
unua1237	1.66611457681518	1.35515486111738	-0.87060214419098	4.42890434825013
uppe1275	-2.05753687761462	1.84797353316044	-6.14676161247232	1.14243597750007
urak1238	-0.155104716971661	2.2344468850921	-4.79750575570049	4.12357414618814
urar1246	-0.34812514907883	1.81688640355256	-4.11859178324744	3.04825290838802
urav1235	5.04700895820659	1.92284954583286	1.73366472192508	9.30874642146773
urim1252	0.672035376688454	1.64867003295948	-2.51341457944645	3.94191613460479
urip1239	0.868955057400149	1.38823570821715	-1.85696642146208	3.62472274889095
urni1239	-1.44583791035526	2.02982135532804	-5.73967602387554	2.34919291168686
utes1238	-1.26648660330656	1.77672483359031	-5.02412764614134	1.99345429915751
uuuu1243	-0.0968509464990634	1.99932850458873	-4.18780371290007	3.75835536466268
veps1250	-0.0183782061775478	2.26927573446097	-4.63793995172882	4.51245405428679
vera1241	-0.339442379110954	1.98452783010637	-4.57020864356123	3.37894849100042
viem1243	-0.433496027262475	2.11548679708906	-4.89546168870536	3.60744676472755
vunj1238	-0.364606992997687	2.16674429601871	-4.82814266051387	3.74030240533351
vure1239	-0.328762633598755	1.98461647198744	-4.56324211611795	3.37822306646304
vwan1235	-0.154599749925324	2.1452270673712	-4.57878310003473	4.05066698683199
wadj1254	-1.54456892868103	2.05149971311525	-5.9390582302886	2.1886310907551
waga1260	1.77035022450824	1.88619196922986	-1.61191649268128	5.90485654814872
wage1238	-1.56541020640148	2.07874506421301	-6.03509155114227	2.18336619674789
waig1244	-0.740239402317024	2.08488061875694	-5.26871303719937	3.16290148925088
waim1251	1.43632651566051	1.6307080448143	-1.77118727307808	4.61851084561167
waim1252	0.526439632147784	1.92644030847376	-3.32247708319019	4.30132656307929
waiw1244	-0.804679818734175	2.00465944017272	-4.97157152771426	2.96230558778524
wala1266	-0.178183014684742	1.82529593606587	-3.99496416325177	3.33537672604074
wall1257	-0.193425806249437	2.08966224592797	-4.41122992714284	3.91706680227747
wamb1257	0.0444006580588931	1.67232577816425	-3.37113983470466	3.31535978714911
wand1278	-0.187888332591101	1.92965133419139	-4.17252199178621	3.5822935189993
wara1294	-0.519094381823847	1.95079099146051	-4.52051566882732	3.24615732303885
wara1303	-1.08398566896336	1.9659544521466	-5.21010402312172	2.48572902208778
ware1253	-1.08336212038376	2.1335499597748	-5.66281720316172	2.93475297056494
ware1255	-1.26002689085182	1.94419560323286	-5.4293293435809	2.20102480656781
wari1268	-0.746370317809481	1.957748048592	-4.81520040519585	2.88234445144264
warj1242	0.429914621246687	2.04999048928745	-3.63206997731715	4.51749459319324
waru1265	1.87883495680554	1.8536709730207	-1.4611622390453	5.86089637864726
wash1253	-0.392510021813277	1.80911955467918	-4.24929808435757	3.07456288733048
wawa1246	0.146870859772958	1.96619052224566	-3.81753873534617	4.00481320939963
waya1269	-0.860323774518737	2.03304477366047	-5.15550686594672	2.78785679805982
wayu1241	0.691602551971533	1.61112851908793	-2.58014847740047	3.8024686719104
weda1241	0.953389627033322	1.67325628489183	-2.31449620294595	4.2762934277726
wels1247	-0.202925985645278	2.11668998786561	-4.58982336106746	3.87626170184213
weri1253	2.49756328921306	1.73818117060354	-0.585264699218496	6.24198438764744
west2354	-0.25019034523105	2.11928933755011	-4.58084663546999	3.93154222674503
west2392	-0.139511936809803	2.17197889108317	-4.43492970226416	4.00350522735162
west2396	-0.00301537304906815	2.06739838219526	-4.27749624001356	4.04352331001394
west2397	-0.0885265887410814	2.20885124719982	-4.46863440627861	4.30089720614182
west2415	3.73350594987936	1.54704632900542	0.899507748067319	7.01654520553432
west2418	0.671314802809351	1.79869053382553	-2.94834388539269	4.12366228616751
west2430	-0.237046101825587	2.17785079479107	-4.70029683112486	3.99885180333568
west2466	-0.466044409949592	2.02240203259576	-4.81553304597304	3.32998358484377
west2516	-0.0832171568149764	2.00468906844058	-4.22481552232588	3.76111684254535
west2519	-0.242895693822451	2.09395941276286	-4.54813013406086	3.78888715053163
west2548	0.817887173522222	1.99465394607823	-3.12012762921638	4.82386522251607
west2557	-0.305303378898108	2.15548133308915	-4.79762049945461	3.88533695125337
west2594	-1.55559478455935	1.8143556167097	-5.42652209275328	1.7335960247063
west2600	-0.782694215918224	2.09516596067036	-5.22164686437989	3.15803636868846
west2615	0.563513809109878	1.91266610561735	-3.29833129707832	4.23914766785914
west2618	1.38800305013762	1.96079815877504	-2.12522815897955	5.62077830149913
west2632	0.102121662563582	1.85615696368922	-3.70201799736113	3.63500344749782
west2635	0.139520250139066	1.63588971954618	-3.06235326057987	3.34734958037842
west2644	-1.10261240272552	1.74593359462721	-4.78785212756867	2.13109862926456
west2650	-0.144853509977605	2.19638132987254	-4.58522571879819	4.22439155268934
west2763	-0.174360258459898	2.1176686532076	-4.4274843503312	3.87236850472735
west2778	-0.787093457491018	1.68125185183712	-4.32305011255798	2.36866415264607
whit1269	4.88055316837423	1.61467884222994	1.981190323087	8.27910699853063
woii1237	-0.768679787482741	2.14107247153868	-5.27660455319115	3.31986531076764
wola1242	1.99296564378488	1.89238347167173	-1.54710529653305	6.07169896592898
wole1240	-0.207571964709645	2.12049164107702	-4.61724368018736	3.7986069186503
woli1241	-0.332142590851563	2.14167984752084	-4.70576891299637	3.79268643100787
wood1236	-0.357554053456328	2.06769050048583	-4.6314781322217	3.5929193237128
wotu1240	-0.0241139711941496	2.07782745435561	-4.29483020815706	3.87355584339016
wuch1236	-0.142611971671756	2.17617478268546	-4.63558620250379	4.05576116367422
wusa1235	-0.592579093084891	2.12046043586205	-5.05939216780626	3.38767220469381
wutu1241	-0.426964327588954	2.11500336721861	-4.96749702830313	3.5142826768088
xamt1239	-0.413650486754982	2.08051228164979	-4.93146997195216	3.52499423669202
xara1244	-0.605964443994003	2.00717435362302	-4.82768670227738	3.05708007566059
xava1240	-0.774051392148578	1.87141648766326	-4.71093204875158	2.74885395828951
xish1235	-0.735272798965317	2.05179547030421	-5.08810703436294	3.11786113786598
xokl1240	1.15425101050473	1.86258968128736	-2.26129150355688	5.12039679538485
yaak1241	-0.39318673704724	2.10455951259691	-4.82579680615597	3.50558552966995
yaey1239	-0.273639211481501	2.16917389608997	-4.77973952369039	3.9897940714448
yaka1277	-0.258449117832858	2.13441832597394	-4.62454616882053	3.78465034627958
yaki1237	-0.869293655957401	1.98222607306485	-5.17435189880777	2.83635037788528
yako1252	-0.228916775125503	2.16161871133526	-4.58524169369142	3.88651637150659
yaku1245	-0.0373472487837106	2.25117884336713	-4.58746828285028	4.43229180069536
yale1246	1.79649723088786	1.55684356715268	-1.05030156815704	5.09333419109996
yami1254	-0.425919422930472	2.10944184903027	-4.87554902851604	3.66672917521173
yami1256	0.792744189056107	1.99684186541256	-2.8170431135767	5.06274638315933
yape1248	-0.217341940765258	2.1184142249199	-4.55031509048998	3.88158667493883
yapu1240	0.409352058692333	1.64374263827501	-2.75772326989195	3.67714647869609
yaqu1251	1.91404545612957	1.87189838124908	-1.50671710935456	6.05167843587483
yare1248	2.75732326789932	1.67456313651444	-0.23063228784522	6.2842934731803
yatz1235	-1.68234115910999	1.77216765898724	-5.36247788656414	1.60886081448224
yaul1241	2.31711809567652	1.59726129793367	-0.680110703134805	5.66674005733843
yaum1237	1.96232967721617	1.53436386234456	-0.852510846816727	5.18402946629917
yawa1260	1.05142169185112	1.99423384938444	-2.64389278416497	5.22311327889056
yawu1244	-0.797970088516061	2.00789060411488	-5.10218132744917	3.04053656548649
yele1255	-0.862067236992677	2.00714584449074	-5.05965445611802	2.87115983032464
yems1235	2.9593681464434	1.87149812396948	-0.34314474323143	6.94641417176522
yind1247	0.347964822295471	1.6017886675147	-2.77126965246784	3.488814134226
yoga1237	-0.594600723162309	2.01054742934653	-4.8272062435005	3.13230205860755
yoku1256	2.12649494652093	1.87638543717615	-1.28574561410359	6.10599798423067
yona1241	-0.310140873841642	2.1430229928732	-4.80396624497576	3.8260437855462
yong1280	2.81852204887716	2.00337999781823	-0.598121298352749	7.28829592056782
yora1241	0.462359600654408	1.9081208989493	-3.14971812091368	4.57376405036154
youl1235	0.798709055291376	1.81067050850655	-2.70318727376575	4.37416369624701
youn1235	-0.238049006187656	2.10258810066582	-4.56362792883581	3.87077425643785
yuca1254	-0.656159383046281	2.03517528909451	-4.91677628775723	3.12563494888518
yuch1247	-0.401372031537567	2.00309806175721	-4.67118307570692	3.37647956158611
yulp1239	-1.13717133067333	1.87801253800756	-5.27396783877697	2.30209609582101
yuqu1240	2.08050029784336	1.78429762280749	-1.13148626662334	5.9516546060766
yura1255	2.03765839534885	1.77735576350247	-1.10784809810379	5.95446503272914
zaba1237	-0.486372899233596	2.01722320436193	-4.63944153144955	3.37216304509515
zaca1241	-2.11211371642894	1.84900522906616	-6.19816292032812	1.02477753292773
zaca1242	-1.20621007637236	1.79425566913749	-5.00847886426364	2.09144450956344
zagh1240	-0.150782802227873	2.18178078306455	-4.57896448146425	4.18588954925436
zaiw1241	-0.604688628794991	2.03354521777595	-5.00290730406237	3.17535005119031
zamb1245	-0.214902053736331	2.19246484533287	-4.72852975105186	3.97921358591046
zani1235	-0.606015913793766	1.7302243615688	-4.15134787294189	2.71743353187172
zarm1239	-0.293000041108963	2.17765494104675	-4.85954329596288	3.90991295134902
zaye1235	0.0274610952993316	2.04149805884461	-4.1946456160768	3.957236710731
zays1235	1.94047339871263	1.87837913436579	-1.50553520585049	5.8970983516764
zeme1240	-0.778441912241466	1.87809625368142	-4.61479472172727	2.79222860734411
zoog1238	-1.64031441212529	1.76613680485184	-5.33248898262399	1.60157931157675
zuni1245	1.37981032127662	1.78017212972773	-1.9393455526382	5.07244574500703
