Estimate	Est.Error	Q2.5	Q97.5
abad1241	0.57691182935259	1.18290977835685	-1.7005964209292	2.98217850290444
abar1238	-0.798168384581193	1.19805112070551	-3.15709564766146	1.55734091612214
abee1242	-2.38173021150927	1.56886015210573	-5.71518440853604	0.397659638798315
abkh1244	0.193629128678947	1.58405166956878	-2.98345974195862	3.29964562933726
abua1245	0.506536018835692	1.30945195744979	-1.97941487022504	3.16528130801404
abun1252	1.19694929751461	1.51445214963942	-1.58496230872005	4.39991134927126
acha1249	0.78492412262537	1.34148150338831	-1.92731618395712	3.38074986562733
achi1257	-0.834399041721438	1.51209014649495	-4.16388865823665	1.87698830225191
achu1247	-0.211678541603248	1.60863895707444	-3.52196697677631	2.89596785732508
acol1236	0.626245090081329	1.4616892789444	-2.09320622098381	3.72114565589777
adan1251	0.0238147119638235	1.52412436218229	-3.08615956989248	2.90928879310079
adon1237	-1.08617814134507	1.41028279556939	-4.1017101288498	1.47727075060077
afar1241	-0.679318750774177	1.46096052223418	-3.80669952871582	2.07967221941848
agob1244	1.80534318421984	1.43951231576827	-0.806555329585508	4.83048154869499
agua1253	1.46905593156815	1.49182354788942	-1.2582704931691	4.5960144512922
aheu1239	-0.484276445435169	1.57460422091029	-3.70854117324141	2.52190442229747
ainu1240	-0.139724881380852	1.69195572158549	-3.60067262956758	3.16641274880321
ajas1235	-0.980522253893581	1.51531355700926	-4.15434760910084	1.81788021849623
akei1237	2.25567079772108	1.05835000384976	0.316081440838005	4.46994244372535
akha1245	2.41918461794775	1.28206988578051	0.0747955454767355	5.10765077377674
akoo1248	-0.0209083460002434	1.52768557840866	-3.03843869881295	3.09201421885911
alab1237	-0.302893273489176	1.58348664405051	-3.56504634387842	2.64699084792602
alab1254	1.24573578740348	1.22051437712465	-0.969639362779929	3.73769060796766
alag1248	-2.52648960438052	1.47908929433141	-5.72463390276112	0.111713322774101
aleu1260	-0.219294214864329	1.67359046943259	-3.65953941595944	2.98981695043816
aluk1238	-0.30641935565411	1.67819713316461	-3.79386386101704	2.93368676480833
amam1246	-0.251101452840355	1.21233764343065	-2.71726902481373	1.99994831588586
amas1236	-1.11170436183526	1.58255612802222	-4.40814459335867	1.93505336643886
amdo1237	-0.548572257346143	1.55397897331152	-3.92171377205409	2.35753014290688
amha1245	0.772986261926288	1.43600367457126	-1.93581634703162	3.75839170580812
amri1238	-0.728612932151768	1.49615307468211	-3.89484287359471	2.0296061320736
anei1239	-0.572768607282058	1.44877288561986	-3.59844250490142	2.1013795623498
anfi1235	-0.191570522382208	1.49261427039512	-3.25199626178581	2.58987258429851
anuf1239	0.601624418269388	1.59628136843447	-2.34976924722392	3.87581683328235
anuu1241	-0.905713387934287	1.5316533309623	-4.16407190040315	1.87263138960268
aona1235	-1.2535252643121	1.49522067441926	-4.40568802415326	1.48614478915865
aoua1234	1.49716407230283	1.53045272592884	-1.34570972762685	4.71237375233675
apat1240	-1.01560858210335	1.52110652755364	-4.21890080912407	1.73784131634059
apin1244	1.68842369487615	1.55467735407749	-1.21298678360741	5.0069729336392
apma1240	1.53127500705479	0.961787972746953	-0.246475247155862	3.49191884662763
arak1252	2.5660210137678	1.02285892957545	0.717310866062621	4.6823622992671
arao1248	-0.697409828917549	1.58870224083456	-4.1423970504544	2.20065920764019
arap1274	1.79090663271786	1.59179738878491	-1.16801155031773	5.06982632734774
arch1244	-0.369531800923911	1.62335306384795	-3.72660772541492	2.85354565631781
area1240	1.73887763112227	1.15232476439511	-0.3814783799008	4.16870813278356
argo1244	-0.265277377344586	1.4518767337063	-3.30921370690123	2.51299976945655
arhu1242	1.43462498382693	1.28419851346695	-1.01026083548501	4.11223603280903
arom1237	-0.203650485651341	1.62074347706017	-3.56054198450114	2.82134205371022
arta1239	0.109510526378167	1.16290458894528	-2.2257960313902	2.3438912606222
ashe1272	-0.576997688432957	1.49133631862591	-3.74698178109761	2.13274329342513
asoa1238	-0.68661082074907	1.33497051958329	-3.35502509549572	1.8953110660639
assi1247	-0.187452222079401	1.65064446714999	-3.63893846133865	2.93891366817791
asur1254	-0.301654630591096	1.65658206205519	-3.69272461700882	2.8317793526418
athp1241	-0.96245323300069	1.52130817783277	-4.20937213331753	1.80334525745439
aton1241	-0.683401191664988	1.60689051985104	-4.07928096808614	2.27278268117016
awac1239	0.618539530058844	1.42779571556692	-2.3368019431688	3.47987157765523
awad1243	-0.363529996739733	1.69044901753989	-3.91381328508831	2.91181633823558
awtu1239	1.02932353032873	1.37984776593903	-1.58348157255113	3.84635559289888
axam1237	2.44643883490549	0.965380373287879	0.73836598830563	4.45508847164273
axiy1235	0.946332516193363	1.30720066324387	-1.57086661901672	3.57491435385244
ayiw1239	-0.559292998388073	1.50487755901138	-3.71224197152308	2.24198429989592
azha1235	1.99986152061287	1.35556151460788	-0.4968789943045	4.79123522335539
baba1266	-0.5479852089673	1.26857988172335	-3.09707888461008	1.97620987814442
baba1268	2.35318066016205	1.47842262280928	-0.229691017795541	5.5038991815647
bafu1246	-0.471781094070454	1.25224737119098	-2.88718860400559	2.00065784346226
bagi1246	1.60486970757886	1.43642398886403	-0.950438733492169	4.70977093472526
bagv1239	-0.290524772459654	1.59217704587909	-3.55779431206263	2.81348267479414
baim1244	-0.444893789166012	1.61778526842382	-3.83260441620583	2.59945192323709
baka1274	-1.11245850002941	1.43081426221049	-4.08947966134902	1.57952233251082
baki1244	1.43514973913263	0.904112356818468	-0.312045967885566	3.24216167028038
bala1315	-0.417052791197642	1.46714009340321	-3.45008824197095	2.34638206911447
bala1316	-0.852595997869255	1.48313666976948	-4.09898058083635	1.79183115479397
bali1278	-0.448862543739082	1.53193735868391	-3.62871219400464	2.46871705678432
balu1257	-1.30128833392281	1.34876516103683	-4.23509272091525	1.13946016325243
bamb1262	0.0946583045092559	1.43944454196407	-2.833429280513	2.85116262297703
bamu1253	-0.956466439133096	1.30728072305266	-3.58038720534044	1.61473001151099
bang1354	0.399411456101505	1.6884299123316	-2.77570352354206	3.97975875646053
bang1369	-0.625214093781099	1.57551641036688	-3.86722765892599	2.3317300087356
bant1281	-1.0487205389892	1.5307305224489	-4.23382086011624	1.73336048706846
bant1288	-0.911671118452706	1.54623818849485	-4.21201671824984	1.94076007235824
bara1357	-0.899400646877311	1.55986979032404	-4.17711695554495	1.91408658061321
bara1361	0.105037785859699	1.45512705199933	-2.66183385290199	3.14447382606799
bara1370	-0.462290495904993	1.36180643067398	-3.27450721471822	2.0854329668837
bare1279	1.05449380887881	1.57049180422693	-1.79170984381822	4.32213677418682
barg1252	1.06812334843214	1.09248405139766	-1.07109091424522	3.23977427483557
bash1264	-0.0491539098023776	1.69934019793743	-3.53321540489746	3.31480759343543
basq1248	1.81021480613045	1.65371735053393	-1.15653135364592	5.37220715602625
bata1289	-0.631586821889868	1.57617046374223	-3.99550454698355	2.27557022647244
bats1242	-0.159968538628268	1.60746572441348	-3.45659393925837	2.95528709998326
baur1253	1.33277502795632	1.5232886369495	-1.55111987726291	4.54315365961706
bawm1236	-0.920106969873005	1.56394121714759	-4.20331747797135	1.95278170006861
bayb1234	-0.591926114260791	1.59805897312257	-4.02438848167014	2.28551869229523
beem1239	0.327410563412713	1.62774304838095	-2.68382717941336	3.73591376214558
beka1241	0.461915280660846	1.27957926743717	-2.1357019613984	2.98209670732298
bela1254	-0.258029206775832	1.58977317811682	-3.68488744042625	2.7620801091909
belh1239	-0.9889520992144	1.51274914437282	-4.22378750625358	1.72733984702878
bell1243	-0.278715322429638	1.6545766424436	-3.70426380710219	2.89147820924231
bemb1257	0.282339097102672	1.63112931673941	-2.86532040450375	3.69920209422101
bena1262	0.490578099044498	1.63925493073393	-2.5752288860471	4.04614133838306
bent1238	1.38408680348328	1.45185254379717	-1.3330685842941	4.42663753611933
bezh1248	-0.343156924843766	1.59779704716833	-3.61851374413439	2.72802152963653
bhoj1244	-0.568840490886025	1.6825132587671	-4.0323461835143	2.5951240776
biaf1240	0.714104558393382	1.59080574637569	-2.1850813896549	4.08729062521818
bian1252	0.226079940529679	1.1367625364395	-2.11085246639444	2.39199358458594
biao1253	1.55805398602917	1.44623657447597	-1.11777783949217	4.58401357910235
biao1254	0.498201012868673	1.45708681477428	-2.36535454767164	3.29576273854054
biao1256	0.186805410175724	1.44316133617696	-2.73900974218347	2.98160476370099
biat1246	1.45158884955083	1.26380710341193	-0.910500831116641	4.06611025122623
bidy1244	0.571276119555471	1.63231515083557	-2.54974677864926	4.04578219201674
bier1244	1.46699175803897	0.897828499605506	-0.237353796302423	3.28005406268337
bili1260	-1.10999010273795	1.5217072874168	-4.31235968821663	1.65413765398094
bini1246	-1.03651556151298	1.40518092062684	-3.87980634595454	1.57649047219959
bira1253	-1.51121730320323	1.47158651825976	-4.61098088106899	1.10291071881872
bisu1244	0.733724066948376	1.33239738098603	-1.94265417808215	3.3300701265625
bitt1240	0.870796859554911	1.18031360991731	-1.52403465747005	3.18233327575027
biwa1243	0.00857758153552242	1.319860109304	-2.64057041876325	2.56431622921704
blan1242	1.84741264710824	1.39051396812993	-0.717206049072478	4.75115817334984
bodo1267	-0.333814839301903	1.70817278693844	-3.89862096623963	2.88594628112158
bodo1269	-0.812437586875896	1.51433493840198	-3.98186078650355	1.97667919246334
boht1238	-0.256565299868872	1.61436179781037	-3.57257507007351	2.86266463799421
boka1249	-0.706853233801915	1.59104135451142	-4.06342621384554	2.28990009580106
bola1250	1.28549769085042	1.35556910606343	-1.23232164692969	4.15890239962433
boli1256	0.839316468166186	1.37137046343205	-1.7868416598782	3.68242268167796
bolo1262	0.587765900296386	1.58219288845534	-2.41927480800079	3.97274084067019
boly1239	1.98137608721524	1.47307893943392	-0.713352680846564	5.12553848603767
bomk1234	0.609314802931941	1.55479180855543	-2.28454495155561	3.82996432460742
bona1250	-0.486928972390504	1.64817337814222	-3.96271702501346	2.63402135678523
bond1245	-0.40523389729902	1.60242858917416	-3.76540577472801	2.57358000872933
bond1247	-0.276105021592795	1.53258949120334	-3.24397960366016	2.82722481592441
bong1285	-1.24120027043964	1.42409155170606	-4.20330138870287	1.36854575052863
bord1248	-0.857514499738014	1.49115592951606	-3.99374830072768	1.95130739530769
bori1243	-1.00540190692643	1.5379989590002	-4.27579692483767	1.79735159827795
boro1277	0.290301317720828	1.45666311371295	-2.69462658721268	3.16191544657414
boro1282	-0.411354449156291	1.61951902592042	-3.84021666480002	2.61645354394269
boun1243	0.182876180812681	1.58741136451307	-2.82201449260603	3.54580059218417
brah1256	-0.101954006308686	1.73963492085117	-3.66147679734528	3.29794139991547
bret1244	-0.0642079045398865	1.68398298523243	-3.43818699257078	3.21628725786521
brib1243	-0.701418208624478	1.53643451097649	-3.94095579167085	2.11147560748154
bube1242	-1.12746409322242	1.45984923237211	-4.18793936167477	1.56252807112501
budu1248	-0.359319491654099	1.66450474424005	-3.79543099550069	2.77084797137377
budz1238	0.323003804248901	1.62829713261683	-2.72794898115542	3.72827305707137
buga1247	1.13486662821861	1.26531901055743	-1.25150398959386	3.71136836710583
buga1250	1.18922233849396	1.10589885373521	-0.854787409569304	3.54374480284378
bugh1239	3.28171312521539	1.46123827640692	0.762699442468563	6.39858879720351
bugi1244	-0.599760925869011	1.57166681677651	-3.82961580942607	2.31592328246484
bugl1243	-0.495015267054536	1.58246210875425	-3.81030765816549	2.44144177965496
buhu1237	-1.08749703127806	1.46492741496066	-4.25256639856504	1.58597008309123
bull1247	0.633930308153742	1.58011617990051	-2.30890751351688	3.9911704592966
bulo1242	1.27263247409765	1.41551899305019	-1.39256326047679	4.25050686330844
bulu1251	0.264017876426159	1.55554343102307	-2.66143643347835	3.4940008641535
bumt1240	1.35237011748712	1.50489094916557	-1.53151092960657	4.42716530933385
bund1253	-0.166568641595037	1.67814887109495	-3.52618154892253	3.13887426792877
bura1292	1.48813506749151	1.50250699681013	-1.25833487268723	4.72227677002422
buru1296	-0.223762333003529	1.68461666327031	-3.69705053657112	3.050476671256
busa1253	0.517685334107603	1.57890279063372	-2.49041054558399	3.89043945444061
bush1247	0.245150872906186	1.63584583461685	-2.83688597044618	3.62862534105507
buwa1243	1.14990509695376	1.21674286239541	-1.09590283655301	3.70136570178101
bwai1242	-1.19496931048774	1.44876478334169	-4.31284023165362	1.35775055539513
bwat1240	0.175418711743228	1.31382812014978	-2.47432812829979	2.73544101187102
byan1241	-0.423686477804726	1.55024186607283	-3.74856784160117	2.46065866917134
cabe1245	-0.657882539968898	1.5723301484894	-4.00357571262394	2.31124274628616
cacu1241	-0.0343458604977723	1.33483917705933	-2.76531230142608	2.50901743508973
cahu1264	-0.235777404483298	1.62296890050973	-3.60431332061551	2.81961901957739
cakf1236	1.56912322942189	1.38753470431345	-0.9740591064673	4.48494520234129
cald1236	1.8165869105044	1.49205935569806	-0.9444176649711	4.99911715655411
camp1261	-0.263979864266079	1.62225041977263	-3.78883235407961	2.85867210000698
cane1242	-0.203457673473103	1.59341045182589	-3.56893861176355	2.77210303417269
caom1238	1.88296950679083	1.56036483184028	-0.962834618635845	5.26417763424322
capa1241	-0.322168846494674	1.53742725526914	-3.49112787468135	2.60073161241315
carn1240	-0.181434519237392	1.6522958220733	-3.46796605855753	3.00722914634335
caro1242	-0.69457687738896	1.48912604048771	-3.89307395484492	2.03346224387064
cash1251	1.13189583290928	1.49732352730611	-1.73067263720641	4.18299639487137
cemu1238	-0.219459705499153	1.3690747984768	-3.06383422502522	2.38701284268859
cent1989	1.92667946972772	1.55895433376454	-0.972014581645859	5.15779412327908
cent1992	1.97575040784308	1.53182233801977	-0.886505156010007	5.19302126766416
cent2050	1.69890027013337	1.50401482791837	-0.933683092060415	4.97096322017586
cent2084	-0.191907149192597	1.24450495739184	-2.76979816762651	2.24350005968395
cent2087	-0.865694898557739	1.55427976584333	-4.27336043958853	1.98145551901623
cent2126	-0.174907190010456	1.69954811981074	-3.69617513974076	3.10240420766019
cent2127	-0.288917980368443	1.60625822693011	-3.54627817138162	2.79140776424501
cent2131	-0.579978140104063	1.57098062425126	-3.77512722991128	2.42149770234948
cent2150	1.60459774401378	1.50739360629737	-1.16741061418543	4.86548020764177
cent2292	-0.635600052500215	1.114624133813	-2.93487415123606	1.44849994276439
cent2314	1.32217359998583	1.39347342828615	-1.30013973580585	4.14717550686722
cent2322	-0.0300926324736627	1.67809318500144	-3.40239919059184	3.27860827825741
chad1249	1.51628789141277	1.4895029355082	-1.20980924507026	4.70653963217259
chak1270	-0.793206552333534	1.59562585652347	-4.13929346103802	2.12045781024463
chak1271	0.481307987338677	1.60732936954183	-2.45535105442244	3.88775857927982
cham1309	-0.243423985304883	1.58916883478177	-3.51769639068462	2.85313254478016
cham1312	-0.548217973608271	1.58476677707819	-3.87261977047322	2.4083193208811
chan1313	-1.14633019334381	1.47829808774937	-4.23884460839281	1.57311896019622
chec1245	0.303243878672562	1.67311967714871	-3.01235811987912	3.68637921785423
chen1255	-0.137082497969688	1.70511160587053	-3.5907343946281	3.12288030824462
cher1273	-0.291705461731281	1.6258386963639	-3.66356493369541	2.85093333620521
chil1280	-0.351464090480378	1.61066170199332	-3.71090303557821	2.7138492688216
chim1302	0.216794750752725	1.47646893667684	-2.75388411773919	3.08991765232309
chip1241	-0.342008581637749	1.60058855195547	-3.72705022444159	2.62992832310158
chip1261	-0.214540709732218	1.62057885059753	-3.59956133884084	2.85286046986799
chiq1248	-0.523913231863621	1.58376179361385	-3.77424713466742	2.46819826502626
chir1283	-1.22653493598757	1.51135114839738	-4.46411464199985	1.53855936353933
choc1275	0.848841561166412	1.46622253919005	-2.02939767951195	3.72331243373214
choc1276	2.24149056911274	1.59900987530205	-0.671904271071162	5.65401235432641
chon1284	1.16385572578394	1.36720240191554	-1.4537206007278	3.93402185550232
chot1239	-0.989842603332602	1.56360167677969	-4.3274371940197	1.8749773765897
chug1252	-0.263831687733304	1.48174272450153	-3.22500829144368	2.54567872253707
chuk1273	-0.150828968101658	1.65199125061721	-3.46437220856576	3.11551324064309
chuv1255	-0.162920846792866	1.65383720546339	-3.56223101332948	3.08875603972935
chuw1238	0.256960030898559	1.60199558566735	-2.78002344103749	3.55178321952263
coca1259	-0.173398158611238	1.54314336361935	-3.33137212108407	2.81269266036864
cogu1240	1.65267020525192	1.33262320950056	-0.842599127578273	4.43660127861922
coma1245	-0.301083914144262	1.65837843412231	-3.79830901520311	2.82316987327818
copa1237	-0.935767027268621	1.56712607286246	-4.21881225691326	1.94466533664331
cori1240	1.19469264627329	1.61058661224003	-1.75630755208172	4.6333718832046
cors1241	-0.288257659896934	1.63535297731161	-3.59877298270712	2.73703998908969
cosa1234	1.52564862759748	1.20591645178903	-0.75855019920591	3.94645413709659
cree1270	2.25175363085287	1.58708585260181	-0.654286832692673	5.57799652806512
crim1257	-0.0526883911644653	1.77529015405025	-3.61594921882468	3.53098237463022
crow1244	0.103436226477091	1.59736490878231	-3.16816124198505	3.17885715437997
cube1242	-0.46818453133832	1.43129366040571	-3.40098621544713	2.23839418108961
czec1258	-0.135947615326171	1.64618821722929	-3.59806804620433	2.97320787903901
daai1236	-0.780658150672456	1.57560449797045	-4.19459327746658	2.08466896316822
daas1238	-0.821674721230651	1.33574995646053	-3.56459582694796	1.70532448955485
dagb1246	0.65576298245815	1.60348669025995	-2.36740744266226	4.11175136936204
dagi1241	-0.424963980818765	1.34757484306618	-3.05101627574749	2.19623428361668
daka1243	1.70668805661118	0.858756373849703	0.122515317207091	3.4647996770696
dana1252	-0.907222061059232	1.51087890692333	-4.18811466670547	1.8204182706569
dani1285	-0.248941869017736	1.6300356709407	-3.52979688175043	2.84918813634776
dara1250	-0.74410820902359	1.59316537035685	-4.02271066136566	2.18607755489352
darm1243	-0.424154889137711	1.55585765202146	-3.75551190623461	2.43478651813773
daur1238	-0.0721161232972524	1.71184234799621	-3.56836701467558	3.26768086250193
dawr1236	-0.721293779653151	1.49165327194463	-3.93470335849875	2.07292380769895
daza1242	1.03989207597898	1.58807150546827	-1.86068988864536	4.37820134820751
dege1246	0.58834047009903	1.52880097128326	-2.2419412294405	3.71329380494631
dera1248	1.29512880769739	1.5299986437376	-1.51255918004441	4.57300200511283
dhao1237	0.0316397542667135	1.30751496649743	-2.73200782181575	2.5501587331545
dhim1246	-0.607451040906965	1.53992160089666	-3.74190070153417	2.26020770133871
dido1241	-0.27223974583722	1.59711572595397	-3.55066414505607	2.7911244465629
diga1241	-0.648148922841848	1.5606026972264	-3.96543099401068	2.22699623280119
digo1243	-0.222071500571723	1.53176899803014	-3.14081484206223	2.87594070830714
dima1251	-1.17376392642867	1.56509166836047	-4.52774344661741	1.67528310056391
djam1255	-0.283507872168865	1.60470340717112	-3.55573873643706	2.76643237007011
djin1251	-0.216684224224025	1.64413644018666	-3.53408994613728	2.95543257310541
dong1285	-0.450414509922675	1.58323580979034	-3.76374008528164	2.53255040738213
doro1266	0.756328159743929	1.14818700001476	-1.44803965823469	3.10227901846471
drun1238	-0.348256025984933	1.53341930744263	-3.46685490947532	2.57539708543751
dual1243	-0.23226897537495	1.49696443724185	-3.20899484992959	2.76404913586838
dumb1241	0.708660889320179	1.29812302981978	-1.88503678978069	3.25424156136231
dumi1241	-1.07901854431397	1.54325030371846	-4.3600857507615	1.76438813112475
dupa1235	0.460468400468273	1.24056233044724	-1.9459966948809	2.93507292005456
dusn1237	-0.0417907682191569	1.3171900974166	-2.7325507841296	2.47800290513959
dutc1256	-0.26370194560728	1.61293811736185	-3.62351256661068	2.77914344579352
dyul1238	-1.23208374105128	1.32279083613787	-3.913583820556	1.2492667984596
dzao1238	-0.0476429896810002	1.49503354853372	-3.13556395821692	2.81333971910394
east2328	-0.16832453397519	1.69037317653569	-3.6261412356466	3.11255433562565
east2342	-0.824006361899025	1.50761238077214	-4.03735424897744	1.96843492478113
east2447	-0.783282109268216	1.5072131202141	-4.05426838148995	1.9911542697207
east2485	-0.339049801331956	1.35044153656286	-3.04605663088199	2.21973754591862
east2555	-0.303004011366772	1.63080390266383	-3.6969320223196	2.70671062891206
east2773	-1.05310480013281	1.5181277495796	-4.47779640263401	1.68357845113636
egaa1242	-2.03836836098134	1.51693139683133	-5.27044144045701	0.767941213273793
egyp1253	-0.769345274338072	1.50703627062923	-3.96422408405395	1.99321711722355
ekar1243	-0.453188802606159	1.53445020696886	-3.68047935155248	2.37801481866918
elna1235	-0.334621174747283	1.57835523316099	-3.6315253255922	2.65301812751677
emai1241	-0.317863993596325	1.44065285023142	-3.13715974806188	2.5917896104812
embe1260	-0.773976400189515	1.51172139006711	-3.96651945858559	2.06099954986441
enap1235	-0.346405101510215	1.58726159742564	-3.73615783552439	2.64622033954077
enuu1235	1.16088899113414	1.38238005100251	-1.55357110889035	3.88384386095973
epen1239	1.55891522947654	1.54572293068802	-1.31500382920686	4.77367294704748
ersu1241	0.191025355851684	1.49603525091119	-2.94896314209095	3.09383273970437
erzy1239	-0.141352972084959	1.6996262162535	-3.56300125666568	3.20814531064974
esan1238	-0.291816673843485	1.45824351501741	-3.16189811349056	2.5402513166122
esee1248	-0.673680161267372	1.54582887692533	-3.86058806169324	2.21013899512073
esim1238	-0.332982340779785	1.2639062173862	-2.77982957680111	2.2545361545021
esto1258	-0.253367825751293	1.70988208408106	-3.64266044835342	3.08962997474353
eton1253	-0.12289665319861	1.48075893015627	-2.91975410539883	2.83955201941943
even1259	-0.0798065245482634	1.69676095932712	-3.55095598264171	3.16046012200899
even1260	-0.108583272565975	1.76424233016751	-3.7407112386629	3.35049861728172
ewee1241	0.68351093323329	1.60244886466808	-2.31558518336666	4.03542833600598
fala1243	-0.852902176323979	1.63531604908229	-4.35648396001818	2.1717532577255
fare1241	0.57824725975068	1.58643313665488	-2.3650297442142	3.81325564766737
faro1244	-0.216529853297596	1.60037475777917	-3.50260346955511	2.85444445586969
fiji1243	-0.885829600881121	1.48361350196269	-4.04380210332725	1.76120046531783
fili1244	-1.10196980609996	1.51778982252647	-4.39725951363418	1.64606148259405
fina1242	-0.48996773464282	1.08674388707025	-2.72416259525613	1.56765117707066
finn1318	-0.100866407482092	1.66433109529953	-3.44786097989802	3.09471781897055
fipa1238	0.279323907308817	1.67418939196381	-2.88777060154026	3.72371292223189
foii1241	0.707083844073508	1.45095878690011	-2.13317264628545	3.57825123726963
fonn1241	0.579636233823239	1.6134472778947	-2.45087301149658	3.96345456135915
fore1265	-0.0410007996987629	1.76817413008545	-3.61167215371706	3.40308082843927
furu1242	0.720252511563953	1.56290606424499	-2.23557381186911	4.00995164311592
futu1245	-0.445712977813971	1.40104685891927	-3.38140081945845	2.22824328953734
fuyu1242	0.0789647275721949	1.21705924310528	-2.38249845637037	2.51266780939751
gade1242	0.882109162391618	1.61556429957551	-2.13019196756822	4.23525129037602
gaga1249	-0.0284875329022291	1.71609907861716	-3.47037279537848	3.34652641747137
gahr1239	-0.405733813963089	1.6534441906058	-3.87292137643611	2.68122584495269
gali1258	-0.237422455746961	1.65797132096316	-3.62466824515772	2.94637947484023
galo1242	-0.93248010741209	1.57105289505257	-4.24047613012092	1.98151481021018
gamo1243	-0.981026299376732	1.51201045024609	-4.26171120799474	1.81243141415594
gand1255	0.450386213861445	1.62456400797602	-2.66078547000712	3.88852387569679
gang1266	-1.04627295915861	1.54951066825539	-4.34378374831943	1.81232248504653
garo1247	-0.631865947127887	1.62400045433885	-4.09379931542421	2.39356657855111
gayo1244	-0.770149281964665	1.53599133607718	-3.97301852086582	2.08700152822989
gbay1288	-0.461634087582604	1.48234428379316	-3.49486391866011	2.37957740135845
geba1237	-0.954120481057663	1.49469718529883	-4.15825318454359	1.81078978356109
geda1237	1.90344666547509	1.11226120052022	-0.183190842645148	4.25127882060882
gese1240	-0.368826519507416	1.46948503720636	-3.40792532843804	2.41834888208135
ghad1239	-0.905068332354061	1.46561394065445	-4.02388381020848	1.73205399247222
ghan1242	2.4790620226209	1.48646502857829	-0.140644641256733	5.74169765068013
ghar1239	2.97956719668509	1.44665456540977	0.438038405538384	6.12372724430398
gheg1238	-0.427882888061782	1.68312221514164	-3.9043433097793	2.67919443401348
ghod1238	-0.202162000645759	1.62832421149962	-3.57054323846144	2.93390553223481
ghom1257	-1.19764362675378	1.4733529924507	-4.39283880282585	1.48407474052943
gida1247	1.37184244906735	1.38730685553284	-1.22058388192642	4.28563795503001
gilb1244	-0.622706174996453	1.49108006827939	-3.80970892640866	2.18740768912281
gily1242	-0.245373722088619	1.65460778879767	-3.6185803953835	3.03739337507988
gira1247	1.94034175162329	1.17010210472847	-0.211173532154886	4.43350590577644
goem1240	1.26008211960272	1.45884096769197	-1.43861855357731	4.41608774776533
gola1255	0.393897713730823	1.59606787144743	-2.544929770997	3.8076564667899
guah1255	-0.313642633875469	1.59534338785513	-3.727080333045	2.64935800106273
guan1266	-0.687595785899798	1.58997584138876	-4.02326473006811	2.24945427420226
gube1234	0.485476285580884	1.61148914811078	-2.55454619282833	3.84573138704026
gude1246	1.58508690164328	1.30954919959402	-0.766350063099723	4.37979996549673
guer1243	-0.84487769760971	1.55794140938378	-4.19374038696003	2.03589329706912
guhu1244	-0.191275225919591	1.2511542833332	-2.73866753993272	2.16166487251148
guiq1238	-0.454290434091531	1.57287463331849	-3.74194087582798	2.44777324441961
gulf1241	-0.199526146046359	1.64028721018863	-3.61278813162588	2.89753034485703
gumu1244	0.578765054879758	1.5106077431881	-2.32785734540824	3.69000584809632
gunw1252	1.35266840585304	1.56122188307627	-1.4891388493803	4.63344159527667
guro1248	0.110899188290716	1.59613215362798	-2.93893970040297	3.35708965735427
guru1261	-1.0888358743959	1.50672088243774	-4.38121751350653	1.62052347633842
guru1271	0.351737166929144	1.29201299329126	-2.13353500949395	2.93482510443573
gusi1247	0.588161984123349	1.5157297053575	-2.24779714117301	3.77767660736612
gyel1242	0.0123959428502045	1.557556883616	-2.88966121849713	3.14752217368484
haaa1252	0.286266326625384	1.66145858099336	-2.91707078454057	3.68613833409056
hadi1240	0.901128222994774	1.1755591664999	-1.32488541363644	3.28180800889817
hadz1240	-1.56707659661341	1.52851864323327	-4.74285976454806	1.24032770855886
haka1240	-0.906617408347177	1.54592656884453	-4.15458913727124	1.97414708790761
hakk1236	-0.100546186709943	1.51935773572523	-3.32045289681643	2.76568091242612
halh1238	-0.0919997857809504	1.67463714143346	-3.40490663486287	3.1720653217397
halk1245	-0.436503745720624	1.68464194446923	-3.89942714554309	2.68235319790526
hame1242	-1.46901568351933	1.42952547577307	-4.49643365530502	1.09114659395123
hani1248	1.98881882935387	1.47201682097487	-0.648582243258286	5.01777002629368
hano1246	1.8601450865511	1.12156378290196	-0.235661968326004	4.19028670396196
haro1237	0.278817479175063	1.53926100999626	-2.84004950408311	3.32394859331736
haru1245	0.262451717077561	1.30328666737337	-2.32463884942987	2.8097549279757
hass1238	-0.725626315462348	1.46756892351548	-3.72971595389591	2.058197876529
haus1257	1.22939970719247	1.51498027930948	-1.48155171291632	4.45219648060235
hawa1245	1.54751395508471	1.48931444453333	-1.10779297192565	4.63545161239357
hdii1240	1.53397665537409	1.28555426785991	-0.758079918623151	4.22333436363969
hebr1245	-0.467183086044112	1.58174462017318	-3.77531377435633	2.52291693237898
hehe1240	0.198364509106064	1.6008127967834	-2.81919629561736	3.57299254490174
hela1238	-1.00047638264133	1.53300176973049	-4.30662816555239	1.77774777300366
here1253	0.267228620204576	1.65533753100109	-2.8471217487424	3.81694298869883
high1276	-0.542167515038053	1.60855274546897	-3.91951475752771	2.45756612904508
hind1269	-0.10282867107083	1.66309092826921	-3.50549297571658	3.13228944790198
hixk1239	-0.481923631201856	1.56672654079351	-3.74889059290234	2.43275335900077
hoaa1235	0.762584164785824	1.56894822167248	-2.1475588189795	4.06979935320894
holo1240	0.25277266943313	1.61842656349566	-2.84847892853825	3.49947442572737
hone1235	0.649292784819074	1.43687041326863	-2.06284373333244	3.58166326862315
hopi1249	-0.293348987461083	1.6550665262898	-3.64344231992393	2.7755362548941
horp1239	-0.606323958263532	1.60380861361688	-4.0866777184008	2.32726302598984
hote1245	0.541188569300908	1.04083188439345	-1.55604637655017	2.56481155507922
hrus1242	-0.610240812061233	1.48724706289055	-3.69299758951682	2.19642307193297
hual1241	0.128319649014561	1.4422506958999	-2.79382043124798	2.94264234572231
huam1247	0.107263410850744	1.47564108537831	-3.0391903065931	2.96804626930236
huar1255	-0.575820846905266	1.57789015521326	-3.86794368375253	2.33583740244483
huas1242	-0.556811366686609	1.59951706102077	-3.9386557300432	2.49278539806339
huic1243	-0.33464980758288	1.56256549421805	-3.60347195740664	2.58681698757099
hula1239	1.00232568263149	1.15649494125486	-1.2154806653967	3.38750185266062
hula1244	-0.205661101857478	1.66341106593963	-3.66951943597432	2.91306138092274
humb1243	1.28153701463558	1.57796126109522	-1.68845856021974	4.608600381056
hung1274	-0.0287570336823287	1.76526619047379	-3.53715752806539	3.47628029380456
hunz1247	-0.364341586045714	1.606065822598	-3.65108213640324	2.70794517505898
hupd1244	-0.141594956489498	1.376677248447	-2.9428882118349	2.44114241076324
huuu1240	2.08850275960547	1.21450550505019	-0.180772624862392	4.58623934314564
iatm1242	0.688602870614966	1.33290902810363	-1.83120567661339	3.41523627617432
iban1264	-0.590383295881673	1.50232665150753	-3.73054825623841	2.20277908712359
iban1267	0.461653793562946	1.16516310240939	-1.81165957620213	2.81318187860574
ibat1238	-0.614409478115744	1.52435367325072	-3.90157567794011	2.23859713015448
ibib1240	0.598797439923032	1.51215488071177	-2.23675050162808	3.76606780469075
icel1247	-0.234002641434807	1.61430729492493	-3.57700410720332	2.92064312507756
idii1243	1.56285901525011	1.34126829975645	-0.960379442430206	4.43488414561428
idom1241	0.725785444475009	1.51679154079109	-2.08353352722278	3.92845506670008
idum1241	-0.588847415416543	1.63977453390995	-4.07455143026151	2.46930951423777
idun1242	-1.15471418906951	1.45446846535746	-4.25296696242934	1.44780262941649
ilaa1246	0.316755798492604	1.66370729727911	-2.81656855558265	3.7797354948752
ilon1239	-0.0305109980784369	1.15899183925208	-2.38062490465458	2.18039774684662
imba1240	1.82640098510984	1.4336470469191	-0.779142918297451	4.89251199716975
indo1316	-0.404521158138028	1.53960620600891	-3.58899444867536	2.48675045808437
ingr1248	-0.221586238251875	1.69601287993819	-3.64189339159163	3.15464984197649
ingu1240	0.4144175466756	1.63001431711951	-2.78370114244904	3.65167006297917
irar1238	0.937843285664651	1.36575695677487	-1.61129392578275	3.76980561998656
iris1253	-0.0531606784817863	1.70578865552411	-3.54335671631021	3.33122199974292
irul1243	-0.110893768271529	1.73141902507653	-3.62254786192469	3.39589366318633
isco1239	-0.0708098369883982	1.49922428861492	-3.11709310505146	2.75652682582731
isin1239	-0.347289856004677	1.17183939094264	-2.71837040644802	1.86559381868726
ital1282	-0.295065118143064	1.64675279480018	-3.80050632150502	2.83949151358511
itza1241	-0.376417161644972	1.6498201748908	-3.72569795134362	2.77961338716926
ivat1242	-0.632666509902375	1.55180947380029	-3.88320039440272	2.21769662647416
iwal1237	0.533954832995939	1.07224900323692	-1.63525267167678	2.58053194634366
iyoo1238	2.27579188524417	1.3173737268136	-0.105896211271984	5.22319936711672
jalk1242	-0.819650312245417	1.39408661837022	-3.66977897304041	1.83978813619263
jamb1236	-0.612490081095518	1.55988513669774	-3.94539009517125	2.24777124675855
jams1239	1.29567970163882	1.38153150841488	-1.25436634395933	4.20292285714096
japh1234	-0.708082201726318	1.5783459263438	-4.04633370118959	2.21498466944923
jaqa1244	-0.468978993151833	1.59118151700353	-3.74790644946741	2.43720792518988
jenn1240	-0.296513844678779	1.67273620374144	-3.73728521732179	2.96811825872576
juan1238	-0.298491816478366	1.65185430259785	-3.67044944110664	2.87337661956456
juku1254	-0.194199165217756	1.33097946951551	-2.83232776329865	2.49778752959466
jurm1239	0.0373689541624089	1.4555811308343	-2.79470211275852	2.98814910449095
kaba1278	1.77431102809353	1.6642333398118	-1.29602393493574	5.2531386311631
kaba1281	0.36327306519245	1.44444497053262	-2.3756712947855	3.30816297772017
kach1284	-0.0117090538039608	1.38554309324769	-2.81015908293217	2.66500786076476
kado1242	1.59333230794547	1.24440922686518	-0.802537851673352	4.08807425467283
kafa1242	-1.15082598577367	1.54336432600427	-4.3581595406677	1.64998405047019
kaga1256	-0.559236078718294	1.5646244160734	-3.77215698876763	2.37429521083999
kagu1239	-0.214655937840321	1.58991206801026	-3.32792401453659	3.04671892650643
kaki1249	-0.521519029015838	1.41954416278766	-3.49471944612481	2.17110429633183
kala1388	-0.341806679550343	1.35553386200196	-3.20823063686046	2.18220386664328
kala1399	-0.237162623806359	1.69753144710441	-3.74176489589436	3.05564604655204
kali1308	-0.189282773999972	1.67094779707668	-3.69021505695133	3.0370093536738
kalm1243	-0.00393334263930528	1.71501026418738	-3.44222599655957	3.39783002769089
kamb1297	-2.5318529770576	1.58246128221378	-5.81133697132129	0.352584439664572
kamb1299	-0.95987623620682	1.50595046222138	-4.15983994619916	1.78773017290172
kamb1316	0.881445148622605	1.15715852732159	-1.27360964020522	3.21785137966853
kamm1249	0.525610876281208	1.49790458150798	-2.21127684942484	3.64455483793289
kana1286	0.294196460112715	1.17818376686254	-2.03461243718016	2.64002910686109
kank1243	-0.526917018458819	1.16959899437789	-2.97286916278974	1.6992761188662
kaqc1270	-0.336057964302499	1.62633252352775	-3.6644425092792	2.70038424810406
kara1482	0.499333419550886	1.54033733954912	-2.3665034498398	3.67744599330864
kara1486	-1.37268466073058	1.41726430350845	-4.46647684273718	1.16432910506693
kara1500	-0.419517947141852	1.58045512328517	-3.69440964368199	2.53595582245957
karb1241	-1.13323936060404	1.58943880689755	-4.49288309940725	1.79834435264575
kare1335	-0.150754252971429	1.70278023179732	-3.62030885823576	3.14813695715881
kash1277	-0.355908828821201	1.58319002403481	-3.64466363832215	2.59967309888303
katb1237	2.69289326741849	0.973462386301501	0.971187364351966	4.77002956147416
kats1235	-0.0146006930672665	1.48602264897896	-3.07530495168156	2.76976247477714
kaya1315	-0.998438293504839	1.50525756475634	-4.19705940432883	1.70479918728521
keap1239	0.651465901304746	1.15296050773997	-1.61299988855226	3.02922706482442
keig1242	-0.874880498092479	1.46661606594543	-3.8589456714428	1.88392405807181
kele1255	0.201523603387454	1.65613450540251	-2.95180789697829	3.61496533454213
kele1258	-1.46084390647292	1.32865749577966	-4.28997906218135	0.876650887792763
kele1259	-0.481441234048979	1.11210920704839	-2.74972475022967	1.61127013635577
kemb1249	1.39619009869734	1.27274605701066	-0.951959184835781	4.07946815685216
kens1248	-0.556614756830072	1.58539127830592	-3.92861297520241	2.42834847603923
kenu1236	-0.656916561192308	1.62126093015517	-3.94696307939482	2.35239433569786
keoo1238	-1.22541332817507	1.53311391636464	-4.5382630665575	1.51825112507916
kera1248	0.577556756354479	1.62124524094621	-2.46341438949828	4.05005431012488
kera1255	1.60420070849983	1.47647837270382	-1.0365401911908	4.76070108471015
kesa1244	1.94606829492016	1.24179101654931	-0.341561835876018	4.63386841194778
kett1243	-0.202592716914898	1.69252389556768	-3.57743222984104	3.11430183971529
kgal1244	0.340719678254589	1.6377073072734	-2.72710555581216	3.77286957977049
khak1248	-0.129607201164466	1.69915251952393	-3.68244357484964	3.20902813951523
khal1275	-0.932027236565417	1.5045737723389	-4.119027380802	1.82266581904774
kham1282	-0.173646806647109	1.60991681954958	-3.4695880220671	2.90404690822974
khan1274	0.622061892667288	1.4249831163871	-2.18355201767528	3.38991380659446
khan1278	0.795911866658812	1.46625082785922	-1.88215697598701	3.85847956085618
khar1288	-1.2377723484237	1.52409247177372	-4.55713474005175	1.53562129386005
khez1235	-1.26988705662341	1.49467374607995	-4.44401650072103	1.40578693493209
khin1240	-0.392078378356455	1.62988086040768	-3.71197338746	2.72116149193943
khmu1256	0.299720602996365	1.38872928990804	-2.47120786186377	3.06370018158538
khum1248	-0.926000607538008	1.55850671845427	-4.14001632589529	1.97190298490062
khva1239	-0.308938178361354	1.59678619923049	-3.56719593937829	2.78728310932758
kiku1240	-0.930548547619325	1.42768833789204	-3.70314286820942	1.92128931574793
kile1243	-0.0873737516251628	1.66286654155839	-3.48808096842025	3.204976142509
kili1267	-0.839596699589424	1.55485113101506	-4.0355614433127	2.05610367946499
kimm1245	0.774879086768303	1.22150525340937	-1.69678298364176	3.16143912331902
kimm1246	1.58324434030206	1.51948124171867	-1.1437763953431	4.86587847768031
kina1250	-0.766117623354959	1.5562799226585	-4.11297257959756	2.02529813224353
kinn1249	-0.417942362760213	1.64693080604632	-3.90689302480429	2.70802254453295
kips1239	0.616119046093053	1.4763171791443	-2.14839051304922	3.73220189356247
koda1255	-0.264544275527724	1.68287243942677	-3.67756020993498	2.96188495475587
koho1244	1.98540915212252	1.50379662848275	-0.761022670009279	5.18335124817887
koir1240	-1.22617356974108	1.52020487830747	-4.55243226923691	1.5220574557737
koko1269	2.9615821062278	1.53812197796477	0.295217495261026	6.40836413823642
kolb1240	0.531596968958486	1.61862995666794	-2.5080199010674	3.85927031123221
kolc1235	0.285175516228527	1.5875386269053	-2.69105652456336	3.61454234440955
komb1274	-0.511104393472054	1.57823624363508	-3.77348342871643	2.46914445589312
komc1235	-0.733646780665535	1.20790892422899	-3.13162503619965	1.66602806506738
komi1268	-0.148127671441046	1.72614056537986	-3.71475836488423	3.24737475305891
komi1269	-0.116489245378181	1.69123056164607	-3.5967646451905	3.18724354300684
kona1242	-0.169392755647508	1.54708902656945	-3.34925582182446	2.76813957600006
konk1267	-0.149581475459042	1.65516925229274	-3.50138056057168	3.06458991620781
kony1248	-1.09899809093613	1.49737748484975	-4.30322958964338	1.66520163422518
koon1244	0.271777185868946	1.61397360099068	-2.77765061631245	3.57282918020478
kore1280	-0.118140794688845	1.6454426108629	-3.35602904282836	3.08007321500877
koro1298	1.24994836644735	1.53259839180003	-1.61492220638638	4.51377233865371
kosr1238	-0.69382029406649	1.51646645213842	-3.90788988886041	2.0888086714368
koti1238	0.269745166002212	1.5880712523177	-2.76411525192337	3.60444704555727
koya1251	-0.205251295266109	1.68315660046212	-3.67397649511719	3.04796528810513
koyr1240	0.70690311425113	1.65138364802618	-2.39719484283571	4.21043679742468
koyr1242	0.734065693305601	1.57856619009843	-2.21280173005046	4.02635771598868
kron1241	-0.4214715166353	1.36106770403781	-3.10477460455536	2.21227711870446
kryt1240	-0.376694478459978	1.64297742819712	-3.77511714543122	2.72162020349741
kuku1273	-0.237379817103385	1.66828207872002	-3.69283439977155	3.0316870247886
kulo1237	0.0229852367889335	1.27872288726623	-2.56049186785895	2.48318602927802
kuma1276	-0.824354595847741	1.46932501392098	-3.97286719316605	1.77919651764615
kumb1268	-0.132879172723478	1.66620488904503	-3.52592619206746	3.02403262010181
kumz1235	-0.0652965210263349	1.67454280348905	-3.45504059707089	3.18497669289906
kuna1268	-1.07668739898923	1.56596590764816	-4.42208365555969	1.80897067019262
kunb1251	0.679138772232273	1.49795657766601	-2.08841840836422	3.69415965397506
kunj1245	-0.227859513297207	1.72716084127976	-3.83136433651197	3.14822953102718
kuot1243	-1.44242173018073	1.42732637102533	-4.58569931518073	1.07486178779083
kute1248	-0.215774140150818	1.30161356175424	-2.839285788609	2.39966812678301
kuyy1240	-0.149849601130862	1.52041891785839	-3.25966391181477	2.79741072154476
kwai1243	2.21219999827742	1.17899505015947	0.0630034703791751	4.72730623354366
kwam1249	0.310062586357117	1.42965504888822	-2.38170717342081	3.1761851354341
kwar1239	2.53114581687998	1.23485601077058	0.313043339705404	5.20184591856853
kwaz1243	-0.457137060978064	1.55358163425528	-3.71003215798909	2.41442547727825
kxoe1243	0.931419800084642	1.56041266374948	-1.94646037557454	4.18590041999829
kyer1238	-0.9307562165948	1.545984282455	-4.24804507141306	1.84342365761705
laal1242	1.28012412966804	1.57502271234427	-1.61155251068044	4.49819766012058
labu1248	0.909957799319479	1.06187616017117	-1.10700134105217	3.07389181453777
lach1248	1.06502420822231	1.27711855688581	-1.45835244602335	3.63326122141525
lagw1237	1.55241164452848	1.4587655969788	-1.10752810151171	4.71570038723898
lahu1252	2.40004739579116	1.2830147323629	0.0621150654104275	5.08052201085348
lahu1253	1.4731498424316	1.21668354352631	-0.855700503984504	3.89561383604778
laiy1246	-1.06722782871572	1.46110620508146	-4.24731803761394	1.53339634049955
lakk1252	-0.408340346062388	1.62887315670769	-3.73735785785312	2.75561855604722
lala1264	0.27000422004508	1.65111544730912	-2.88856922779831	3.68955376002962
lala1268	0.238402453235905	1.17409521376026	-2.11805326809935	2.5938830981774
lama1277	-1.25641390844589	1.42024638682734	-4.34660366919625	1.23559293731549
lamb1269	-0.17739977524144	1.67130739562138	-3.56265118559079	3.13496064651638
land1256	0.581757656033833	1.60443126956063	-2.37120415711487	3.94015465212361
lang1320	-2.63643594729946	1.49970689186254	-5.89741278180155	0.043151191431346
lash1243	1.61061088186613	1.48379632958402	-1.14458534111815	4.6654722831232
latv1249	-0.321991432382084	1.57872393171552	-3.58849221945247	2.64547835053612
lave1248	0.616284087977428	1.37847776663977	-2.14304538975356	3.33015069370341
lazz1240	0.0434593413664666	1.66435834271077	-3.37974095518276	3.27838419517723
lele1276	1.4861782547037	1.41441117379533	-1.10055958598643	4.50346844632285
lena1238	-0.0589011769538453	1.29357986765025	-2.71916980005425	2.43675309640357
lend1245	-0.377410380255306	1.39519329636361	-3.21613757920281	2.25312418107685
lepc1244	-0.496526497794151	1.53776269656169	-3.64881236971194	2.43198359420631
leti1246	-0.0464820030878794	1.2236372391334	-2.52978685550023	2.27835961949113
lewo1242	1.21809227513411	0.939428356030861	-0.600226525729118	3.08688563121313
lewo1244	-1.23056342277974	1.41734970250427	-4.32631124815674	1.28307159994458
lezg1247	-0.420534622093317	1.63824238216137	-3.83499450575473	2.80171840870912
lian1251	-1.20593453295096	1.53332439426854	-4.52658674181491	1.55184161787955
liby1240	-0.698867529537775	1.53951958256324	-3.99009477576044	2.16972141331743
liji1238	1.15869837210152	1.56757517909635	-1.8089462107063	4.41085054730264
lika1243	-0.0973265089279316	1.4305031508058	-2.88475144213504	2.83830748615069
lill1248	-0.3882572049699	1.65443543056318	-3.86946709534936	2.80116892667923
limb1266	-0.829029059995793	1.4977320761746	-3.97837235647144	1.93398128514374
limo1248	-0.342127981616466	1.15503158288647	-2.7224006563198	1.87267394514035
ling1265	2.6650365157409	0.962258175589483	0.984933471998585	4.7197418080982
lipo1242	-0.420688899389948	1.46640701282173	-3.50134866703048	2.30112345826703
lish1245	-0.209286716973499	1.64354998944324	-3.58307534870351	2.94421084023104
lisu1250	0.269834400071444	1.376796669069	-2.50378529417932	2.92046196287066
lith1251	-0.204481938118886	1.66692350199303	-3.5033261099534	3.0528249753039
litz1237	2.65165031148826	0.969695662415955	0.917442259914787	4.71591407907373
livv1243	-0.13789127052333	1.70609798707567	-3.61689274679674	3.21308857688064
lolo1259	-0.42333979102931	1.47986287179353	-3.47680509093797	2.3428581621811
loma1260	0.521741118701317	1.61614782778993	-2.50564919483692	3.85566716818934
lomb1257	-0.357543253107617	1.63296697701486	-3.66808352736464	2.74192571735479
loni1238	-1.40644950357494	1.33978625757029	-4.288051923539	0.965304432635025
lonw1238	1.67958449403097	0.858388708236056	0.058024596811813	3.44388191444393
loth1237	-1.26761544905459	1.52866530568394	-4.50249588447034	1.52783885289609
louu1245	-1.3862643874931	1.31677871170543	-4.1977211492152	0.919218059629272
lowl1265	-0.646116848262626	1.5378709037429	-3.82344600984043	2.19696060249292
luan1263	-0.375458995352509	1.2809553542726	-3.0318783022895	2.09975648886936
lubu1243	-0.599977997280262	1.15333547668187	-2.99528110350902	1.5955736782616
ludi1246	-0.169210791255932	1.67098557111013	-3.4999932536895	3.03585773930007
lugb1240	0.301875109881492	1.44025959060395	-2.4992188993215	3.25220619866602
lule1254	-0.17884508116946	1.65195528926727	-3.56509815159544	3.08218921985141
lumu1239	-0.567491519011158	1.32480258477613	-3.2363631388561	2.01503423312177
lund1271	1.25269714615674	1.32805998521419	-1.25305065388218	4.05091959405564
luok1236	0.557814311359672	1.56790972308576	-2.33343835359638	3.83685905483457
luse1252	0.672457895910603	1.57680266776565	-2.22209390810508	4.06824818594413
lush1249	-0.878148915951346	1.55181278680747	-4.26420706161816	1.9996411476227
lush1252	-0.376162752401561	1.66531564137647	-3.87872928644557	2.75935806562752
luva1239	0.272465847701987	1.6416343080033	-2.83582516763174	3.67702560864914
maan1238	-0.625621846220058	1.5441460314374	-3.9257398620346	2.18112294908126
maas1239	-0.656958586023544	1.5041064929231	-3.58350843538122	2.31453195810079
maba1277	-1.084606758706	1.56611112687621	-4.39574755939039	1.75276081180722
mace1250	-0.370665124872889	1.54863387830468	-3.59475710128107	2.54306312502824
madi1260	0.861840077373568	1.41554013531284	-1.79236003999721	3.77734937949066
mafe1237	2.83397861201921	1.08110613594935	0.934889382454296	5.13502783430456
maga1260	-0.382946428356305	1.68226073919584	-3.81410861523589	2.91986807185034
magd1235	-1.02505907406163	1.57776274089024	-4.37697736096639	1.80612520222031
magu1243	0.566512192153459	1.19999955991005	-1.79283945453754	2.99319919554643
mail1248	-0.927167117867615	1.44991035210093	-3.96339888468051	1.73003402474957
mait1250	-0.79313518373712	1.59780876746515	-4.11402213626771	2.15631234269881
maka1304	0.172659999361418	1.58851398552344	-2.79842391095215	3.4927208839489
makc1235	0.380117221877656	1.44737914408845	-2.55078713339036	3.25592749640217
makh1264	0.277744985254326	1.58429789583869	-2.74525447869811	3.4851857186166
mala1464	-0.183091965046784	1.73769412113577	-3.79725366304372	3.10176668251531
mala1479	-0.553762683034706	1.59042498099152	-3.90220393781151	2.45425068471819
mala1522	1.68000074201557	1.32329520765721	-0.79063732687244	4.41661688310414
mala1534	-0.457954385695886	1.22856494877257	-2.96958899717304	1.88864939739807
male1297	-0.513052182261503	1.61925180270362	-3.92961406640094	2.48918939505601
malg1251	1.73653271239624	1.47932225597526	-0.878766663290907	4.89932959620679
malo1243	2.7316337497759	1.01510826533602	0.876782579621919	4.88608688107407
malt1254	-0.467322055371523	1.57877979925001	-3.65733366232658	2.50692803862451
mamb1306	1.81846624687148	1.46528369490174	-0.749243572833251	4.98921203056696
mana1288	-0.723577866459013	1.59234309650127	-4.01197532559745	2.29046862881951
mana1295	-0.528338786707113	1.34805276308824	-3.34678550731255	2.00583729166888
mana1298	0.608328614649383	1.31687840710558	-1.90598876517304	3.30626949378026
mand1415	1.61707465549178	1.51479231581763	-1.21309059936561	4.81786157339669
mand1423	0.477912654246217	1.6071432129327	-2.51400267504527	3.81877654943146
mand1436	0.585871333333541	1.61682871120053	-2.55396746683628	3.92102363769845
mand1440	-1.35739603464864	1.43444568947932	-4.39867773762376	1.20459971155135
mang1378	0.703078610478071	1.24218679224963	-1.8300039592174	3.12570622385428
mang1381	-0.106820747691845	1.65668044748419	-3.4673723089657	3.14557398929965
mang1394	-0.162975830106907	1.30489023600949	-2.68763324758928	2.49851876531609
mang1401	-0.497799827829303	1.54952084403266	-3.84613932078692	2.3640230091096
mang1405	-1.07058106828186	1.58262300532748	-4.46651782834855	1.80244821276425
mann1248	0.422312824305962	1.65948787563154	-2.75061360305796	3.73331020256744
manu1258	0.691495037125757	1.23502389672191	-1.71864298737036	3.15707767112192
maor1246	-0.519520395673122	1.54132366673483	-3.78065428852556	2.35685583129275
mapu1245	-0.495972858233948	1.54355681196981	-3.72615457848977	2.4386842861895
mara1378	-0.180095683171585	1.6479947910738	-3.43487135259657	2.93753259405999
mara1379	-1.25445570753727	1.50352039972546	-4.46392966657818	1.46693339042667
mara1382	-0.922129264631926	1.55530596042501	-4.17825463095987	1.92210447980436
mara1404	1.19294016361054	1.35067259193225	-1.36550929399498	4.02395255011527
marg1265	1.72437820546989	1.45387147909891	-0.92167687189445	4.78982879420499
mari1428	2.10334011628531	1.14313321770298	-0.0019471403144054	4.53602747245548
maru1249	0.418302901454917	1.49112815524375	-2.56712103957858	3.34706437388187
masa1322	1.64263069620365	1.49234228335362	-1.01846979421654	4.88010354405491
masb1238	-1.05896350505203	1.52508648123323	-4.28170467593714	1.68501740925947
mask1242	2.23624661076269	0.936846021360873	0.571738657755642	4.21782823513902
mati1250	-0.0386174070008028	1.37169970028051	-2.84702063862021	2.6014577530921
matu1261	1.16622397743726	1.08475851862654	-0.942465486447126	3.31409990741637
maun1240	0.581230397218234	1.52469745481311	-2.34151372048832	3.70642268850364
mayo1264	-0.462250787078183	1.59573122799468	-3.82404259465193	2.49550742601866
maza1304	1.45263650987073	1.27618209338296	-0.865662743606054	4.23112390639828
mbay1241	0.332070861045417	1.319810707386	-2.23556900026871	2.98072209186417
mbul1263	1.88121117391824	1.43366745399525	-0.671824014220566	4.98086454358934
meen1242	-1.62118806273369	1.49135959395827	-4.77242955166621	1.14023926753934
mehe1243	0.815371562500999	1.29243703832493	-1.69896422667761	3.41612948495536
meke1243	-0.47147855547032	1.23085787962924	-3.05906349288119	1.81908981905188
mele1250	1.28340644863515	1.17023312822457	-0.923998268918838	3.6940568246143
melo1242	-1.19991951824675	1.54977032762789	-4.4762915101049	1.60510339726061
mere1242	2.67489703414985	1.11764263691359	0.6868588892376	5.0579132893535
meru1245	-2.16122618596488	1.40031753967807	-5.06752170806673	0.482004323529052
mezq1235	-0.708014391420554	1.5936108619681	-4.13013149476496	2.30690669222796
mich1245	1.93799763843159	1.60268176883017	-1.01905389154145	5.30136142128871
miju1243	-0.630803907878443	1.55420719769724	-3.95623000604663	2.2188833371447
mika1239	-0.123382177605475	1.61500668873869	-3.56014111249912	3.00048646108744
mikm1235	1.81556034903816	1.55618309057805	-1.0493943519569	5.03006622078717
mila1245	-0.827306376992851	1.5885439004372	-4.17460369212368	2.09305874339744
mina1268	-0.65518349966748	1.54833151182002	-4.02346239267339	2.16661820983018
mina1276	1.27528272796515	1.21978146641581	-0.964591573454539	3.92165372748058
mini1256	-0.593434001364629	1.53848203408413	-3.89374875343356	2.3391151917427
minn1241	1.55816395402358	1.55134272103457	-1.29799697845923	4.85154594767614
misi1243	-0.598110308568337	1.55454411451919	-3.89216565720644	2.33075508292376
misk1235	-0.371035379501983	1.60731672171503	-3.71528983386468	2.68392954461385
mixt1426	-0.789467029238696	1.61770216923771	-4.21354554452955	2.20344970376817
miya1259	-0.219600381603003	1.67331270565001	-3.66023101295231	3.10456492005682
miya1266	1.25978313605951	1.40812915135763	-1.33479543691787	4.26764465158391
mlab1235	-0.630923552672994	1.54425149529608	-3.88855180935159	2.23266199447901
moba1244	0.615763661937957	1.56528580688316	-2.29291000088897	3.90728125280789
moco1246	-0.38505906147015	1.6168692422892	-3.82951262889025	2.70583457533142
mode1248	1.97540000090324	1.58935598855782	-0.979138676336934	5.26354568857705
moke1242	-0.406785935978706	1.6182462536595	-3.77399197324638	2.59424691818382
mokl1243	-0.439953951881448	1.61504470470377	-3.81545407198885	2.56206287509875
moks1248	-0.0866264659381008	1.73228045698819	-3.60394754697595	3.3540249736193
mong1338	0.28599868398272	1.61861681129924	-2.78723150626937	3.72673383720401
monz1249	0.465342414902712	1.6506959212912	-2.70009946699009	3.9625245309431
morm1235	-0.270242499932754	1.34822331021626	-3.03121544095438	2.35683251864751
moro1285	-0.576043091882763	1.33635455892873	-3.26131350625645	2.01932645869047
mort1237	-0.625127971869978	1.51462426357474	-3.79097007283475	2.16963801400947
mose1249	-0.536138055835853	1.56043059570922	-3.76271939377953	2.40217818945217
motl1237	1.51130819183755	1.22411658162802	-0.760892084986819	4.11288206370347
moun1252	0.509332930232075	1.16648700642297	-1.78841778700768	2.93426040469342
moyo1238	-0.99087651297884	1.55558404439738	-4.2466671715735	1.89273959376971
mpad1242	1.4166223773304	1.61304289068146	-1.49141801862699	4.98316630881257
mpii1239	-0.55578022292783	1.59029900344642	-3.86452929309305	2.4411745771817
mual1241	0.386784400559751	1.34698062840446	-2.33527431850093	3.01325315703736
mudu1242	1.55664453378778	1.46089005045906	-1.09088469928945	4.61786534566096
mull1237	-0.260882802413068	1.58717604708579	-3.48152096820385	2.82281725469334
munc1235	-0.648154521242723	1.6193907179379	-4.07442504316183	2.37775190705224
mund1320	-0.310813721721882	1.6519626374768	-3.70404841150188	2.75752146964556
mund1325	1.39326915340176	1.45322216812278	-1.31191925580164	4.43059759199929
mund1328	-0.842276967414143	1.19995008833886	-3.20876783015384	1.51530301654613
mund1330	1.69162367992583	1.56139758357389	-1.18866442039847	4.99197413835688
murl1244	0.495147167715141	1.48847836010919	-2.23053388121226	3.61361421216375
muru1274	-0.532018860532453	1.56896952533566	-3.77993732138379	2.35374711999718
musg1254	1.52630035685146	1.45378438130143	-1.13008084854277	4.56426417428225
mwag1236	1.60612236892615	1.40130684104429	-0.901769809271715	4.59078424687403
mwan1250	0.156551478832586	1.60191854148444	-2.8784968163844	3.50892319974139
naka1262	0.0305249219615447	1.32573102867328	-2.62282591789467	2.68035781483065
nali1244	-1.4426821160617	1.41122375259259	-4.52048592431726	1.0427431745557
nama1264	-1.17680614842947	1.49153932294339	-4.33779833647176	1.66389895078273
nama1268	1.19114310658149	1.07376888476846	-0.845031973740004	3.38198166272953
namb1293	0.863982877546502	1.30399937850913	-1.61226495072719	3.53509271950148
namu1246	0.79580620029498	1.39466674368916	-1.9367563068766	3.53107886106885
nana1257	-0.105820555806215	1.70528416390741	-3.555684951917	3.22688254479672
nand1266	0.664957225009433	1.50996644251346	-2.12575796307237	3.78405184264744
nara1262	-1.22966075157669	1.58216411651761	-4.54189694364633	1.73133539608012
naue1237	1.90235152119251	1.33881001066894	-0.528874871731552	4.80003856398296
naur1243	-0.634409786646498	1.50768692951091	-3.82182103940095	2.13031751266455
nawu1242	0.682793940832501	1.59141862611805	-2.28325599981745	3.96209554099762
ndog1248	-0.899438750510699	1.41337165221053	-3.73674247259428	1.82129234721734
negi1245	-0.207963331558392	1.69254730163449	-3.60017171990253	3.10776438010124
nend1239	0.589855561517623	1.2357757490623	-1.84366113313562	3.0360080655907
nene1249	-0.0431194485390602	1.70672977156633	-3.37739203623449	3.37802328374136
nenn1238	0.98793317482086	1.30283322775899	-1.49032858028791	3.70109468076811
nepa1254	-0.921284209300588	1.54021342703276	-4.14396618168578	1.89717112428414
nese1235	2.60134435648999	0.99835999416027	0.773311996509695	4.70587247480312
newa1246	-0.963199673850712	1.57054989772549	-4.30229877821877	1.92141235569116
ngab1239	-0.651740770421267	1.58222066798691	-3.89791288543959	2.35235082137436
ngam1268	0.855866316829404	1.3568673629348	-1.64032263351469	3.71409972201241
ngan1291	-0.0318372307352822	1.76533735182034	-3.54034642169231	3.5830399304726
ngar1284	-0.202895951510075	1.68412210188677	-3.68801655128541	3.07145544748263
ngas1240	1.52062744259735	1.31596384918419	-0.88094311195761	4.29228827243506
ngba1284	0.432083713242711	1.59906006111042	-2.62288736806018	3.79998808190257
nige1253	0.943683882283465	1.60567166015489	-2.06325758147852	4.38979535069004
niha1238	-0.137724057359143	1.65995056780207	-3.52837385537973	3.03153958239586
nila1242	-0.741431454409814	1.5168540761683	-3.69616411352513	2.26647415996889
niua1240	-0.589561964007488	1.59659499716703	-3.92273904390652	2.39131751038762
niue1239	1.56782025727049	1.49516449170768	-1.14336956750544	4.87286681238968
niva1238	1.56395945611241	1.53546216355378	-1.25738736138661	4.80574397560784
njan1240	-1.60744301014878	1.35263613488024	-4.38971272494971	0.959600642075593
nkon1248	0.874699304308119	1.47632911056929	-1.78772955765858	4.02738625887157
nkor1239	0.766426993765431	1.44972943380619	-1.90978841253941	3.73211993140963
noct1238	-0.96351277620659	1.51689737987377	-4.16788367996449	1.78924053160304
noku1237	2.3012737007011	1.27253432037358	0.0374371304762962	5.03222897889468
noma1260	-0.347243666983695	1.40405718907924	-3.03891109916379	2.42647943526653
noon1242	0.340999422288721	1.67240445255463	-2.78416588519634	3.7819273427281
noon1243	-0.963980933265801	1.22820023347677	-3.45368970206425	1.36575327555926
nort2671	-0.130055908999781	1.68358839599079	-3.48390164292252	3.13295555340884
nort2684	-0.204659535798605	1.55613432545269	-3.37918365505046	2.84064002290382
nort2690	-0.0622308358043619	1.73132648718084	-3.55445393495052	3.30029770693187
nort2697	-0.373501814610142	1.68375969329872	-3.8506127150602	2.91778314491007
nort2702	-0.227337889950355	1.70813658734329	-3.70406763649316	3.06591702497127
nort2722	-0.65292618615508	1.59731094208028	-3.93106490845937	2.34529141087864
nort2723	0.252619037876864	1.43296892767645	-2.72368575950644	2.95439065363716
nort2732	-0.232184210566957	1.59701958935234	-3.50968502857006	2.76656414470509
nort2745	-0.138307589277966	1.66923301369705	-3.46911187523829	3.06978642436629
nort2747	1.77018023203392	1.54846307106965	-1.04682357664538	5.08751771446126
nort2774	0.463056993759991	1.6230648080476	-2.59040556210123	3.86402373463649
nort2775	-0.0779127656984636	1.59625997222698	-3.10202929606808	3.20436075424475
nort2839	1.41044522217447	0.886237500839149	-0.295504015928283	3.21730977578752
nort2845	-0.533266409865174	1.55730308890575	-3.82658345332222	2.36876824783202
nort2877	-0.642724995081653	1.1466967262811	-3.00884472422675	1.52981030377318
nort2885	0.129973424202772	1.42490125136481	-2.77281361240939	2.90445970150734
nort2930	0.291289142833596	1.40924653507774	-2.55561118056415	3.04662094197632
nort2938	-0.340521318447712	1.65679257684433	-3.79538347743778	2.84343092133513
nort2942	-0.226195400360901	1.6727339056858	-3.67977998252501	2.97689366327218
nort2951	0.189107950392704	1.59754529631337	-3.10929025030819	3.3506294678038
nort2954	0.140750398021937	1.55334618654424	-3.05970328586133	3.23845008904891
nort2957	-0.944419202051135	1.53087141490258	-4.24988019625252	1.83597435156319
nort2959	-0.493644533850473	1.59720427747292	-3.81806047917299	2.5053424708852
nort2961	-0.341639441918569	1.5802203641393	-3.60665600781769	2.68727222702163
nort2972	-0.709468208256138	1.47127601707592	-3.79115311733813	2.01238358339977
nort3139	-0.225311988166985	1.67797697219649	-3.69153709468611	2.99474151008742
nucl1235	-0.202455797283143	1.68076827048558	-3.63238492720949	3.09754271596187
nucl1301	-0.0646500703650852	1.72753422910338	-3.52422513436254	3.33440585222368
nucl1302	0.153425958350537	1.64239482804798	-3.13185199591896	3.41996811807345
nucl1305	-0.166082683888962	1.72398898856054	-3.60436237948505	3.211071107781
nucl1310	-0.787684159276558	1.56773366719109	-4.11422476787971	2.12277667926454
nucl1347	0.287910646073198	1.64059941005325	-2.81638557735323	3.63035149147498
nucl1417	0.771483326690055	1.46874887267204	-1.97686688645701	3.80802323408247
nucl1458	-0.414095133192309	1.30462166659353	-3.09612371767605	2.01243892205065
nucl1593	0.559751639899349	1.42560877052859	-2.25567822939185	3.40713088635136
nucl1622	-0.415547385530902	1.60482911409558	-3.63245127230865	2.61721839787811
nucl1630	0.716408804689721	1.15766662421121	-1.44889850498706	3.05410875585224
nucl1632	-0.20511160861684	1.5581408057063	-3.44329183074835	2.69746448429559
nucl1643	-0.147541306358738	1.70716844056861	-3.57983471522515	3.16899717534573
nuer1246	-1.24585913293132	1.50880336590891	-4.39386216759489	1.49736093515397
nukn1238	2.08432772656602	1.33742087670218	-0.262589574488781	4.93188824734634
nung1282	-0.0271125676474338	1.43838238436034	-2.99928898783402	2.70328159305782
nupe1254	0.498328447214752	1.64422385807016	-2.60611353735629	4.01736460377336
nusu1239	0.518412426419562	1.37360060166467	-2.20785607600693	3.231853429411
nyah1250	-0.405834347012694	1.59485934066952	-3.69487389767427	2.58549510189102
nyak1260	0.428402320679647	1.60123212684784	-2.53674011872625	3.84511026159869
nyal1254	-0.733626549823736	1.54731954300069	-4.07525169831649	2.04661117211629
nyam1285	0.783043011227986	1.43363148492768	-1.84491463209078	3.71751961501815
nyan1307	0.359053036835759	1.59229415332527	-2.6358024820325	3.69835490542525
nyis1236	-0.986242885921598	1.51208651987519	-4.20978713051841	1.79840816035036
nyor1246	0.283864662800317	1.54691302586855	-2.64615338347864	3.48089696351353
nzak1246	-0.790552450098059	1.47523069086668	-3.78611267968635	1.99233722266236
occi1239	-0.289059765131269	1.67605235423758	-3.83986629374786	2.85712900806691
ofay1240	-0.410136104744278	1.57950540958818	-3.6901814708865	2.56691071689432
okan1243	-0.400038229213641	1.63467253665536	-3.8828080619659	2.75645388674621
okoe1238	0.15727401126344	1.51778206901428	-2.69404550563641	3.31508466919119
onon1246	1.85627285442949	1.56839988016177	-0.967625047298638	5.16832553028452
onto1237	-0.073237373723032	1.48605285979933	-3.12025786670029	2.73330736380732
oriy1255	-0.327431390537873	1.64126533738469	-3.61919842733634	2.75110996872147
oroc1248	-0.0980259617076218	1.71494821331894	-3.56392358178893	3.28077813627626
orok1265	-0.106036658192618	1.66502023406361	-3.44776994090559	3.25539448153419
orok1267	-0.330784619631841	1.45224224014613	-3.31781705309228	2.36183834692588
orok1269	0.0187741376973156	1.33174669177309	-2.64654260358359	2.5850987260814
otta1242	-0.329122504598949	1.57373532399038	-3.6031691122874	2.5900941326894
owaa1237	1.81296773291274	1.44332238563354	-0.880495016557373	4.82672653816826
paaa1242	1.34849403423654	1.4380396192863	-1.3003370790808	4.38730581967907
paas1238	0.48071334635733	1.60606228523091	-2.40306133770582	3.89063850645767
paco1243	0.365353244630616	1.47116815956206	-2.56259924673803	3.24968236253348
pahn1237	0.62200371358011	1.27317547361784	-1.86987528803438	3.10939609711411
pala1344	-0.468922992926288	1.5541205591634	-3.73488363899016	2.40231386828339
pamb1243	0.187298965306077	1.47597558519518	-2.66619884456781	3.13470042891514
pamo1252	1.48600062217841	1.41688718912875	-1.13879666306672	4.48126334097558
pana1307	-0.484758319568509	1.59950216704468	-3.76157107167041	2.54735441066013
pang1287	0.541773154735899	1.60182644398769	-2.36268786133676	3.89285274027664
pang1290	0.12094166646129	1.32814356667434	-2.49862550481646	2.7399770475231
panj1256	-0.205085129376754	1.64640692776119	-3.57120891136664	2.96254879988299
papa1265	0.881156336094619	1.27781592331894	-1.57682455999677	3.4147787831708
para1301	1.14871419251683	1.49299109188759	-1.72777649711106	4.26081178232711
para1302	-1.05199866432434	1.4921084186266	-4.22044642998875	1.63452587338367
patp1243	-1.11113702583558	1.42915586520693	-4.20695510381205	1.48362390086721
patt1248	-0.35144168840123	1.62891191787883	-3.80326820735548	2.74028628160307
paul1238	1.44741818260168	1.28875497370306	-0.907935152163613	4.16482479386882
pech1241	-0.378337228548081	1.61799932161461	-3.7809217365328	2.70282289438531
pela1242	0.99706217810507	1.31660889455228	-1.63544095344159	3.62760260294991
pemo1248	-0.389106087793038	1.57996700879493	-3.67250930970573	2.56202840253434
pend1242	-0.361588216899994	1.36479183928246	-3.19649175874412	2.12655132473548
peng1244	-0.385137000953169	1.63334753726386	-3.83117740001106	2.63418583798125
peri1253	-0.0948356831359253	1.74600380491967	-3.7109422636086	3.29161566809822
phai1238	-0.508292417181385	1.5186983311782	-3.70244589038359	2.29879097552587
phom1236	-1.19919592920373	1.47537580650256	-4.25470621368243	1.51363810542584
pila1245	-0.30052700028203	1.56637074827033	-3.5210383127588	2.6563136029471
ping1243	-0.691253743993471	1.51434720346895	-3.88053996905715	2.09034217609639
pite1240	-0.175445537993933	1.6467865247436	-3.54315174036897	2.97257184369777
poko1263	0.694695392902298	1.57760776491612	-2.2192287245568	4.00602226490774
poli1260	2.01136576027646	1.59567940214396	-0.926714854274646	5.47563778958183
popt1235	-0.505188491374126	1.59566960378972	-3.80893180622368	2.44252594999353
port1283	-0.239056739878552	1.63580077305395	-3.70648525793252	2.87837595273052
port1285	2.31910826462312	0.945048160523309	0.62863698155989	4.32772173421267
psik1239	1.49805625998874	1.23169084479305	-0.687718441322355	4.07062030077186
puka1242	-0.494913617118568	1.57677740096308	-3.79601900979734	2.44851361474036
pula1262	0.412667429386546	1.65191956885824	-2.64288578137834	3.75708737640947
pula1263	0.343558753729914	1.63051523334213	-2.76300888464184	3.71153300832857
puma1239	-1.0657849000051	1.53219410688063	-4.32967828237258	1.73220619401049
pura1257	-0.0813584716866398	1.41980365636088	-2.99839870861969	2.63597814004209
pure1242	0.0641100765954981	1.5733099735178	-3.10298531369216	3.04943311671594
puri1258	-0.354974640947863	1.63227807536785	-3.72585522601255	2.74237778451984
quio1240	-0.966214419019284	1.56291085940696	-4.25255746426136	1.95292772263074
rabh1238	-0.711647879533446	1.53703770693277	-4.01161782497683	2.0591160023712
rama1270	-0.522854090876562	1.5638428165684	-3.78425152306373	2.34398582744953
rapa1244	1.58044307168007	1.50881070452335	-1.17824654444559	4.74400000954467
rapa1245	-0.478455333902184	1.55147225793718	-3.75909635681319	2.47177112793497
raro1241	-0.507173741525133	1.51322906845497	-3.65842367715262	2.29699524009336
roma1326	-0.338497870479647	1.62087869407489	-3.65762476984334	2.75592992481967
romb1245	-1.07044071769324	1.52371560274152	-4.37025079008039	1.67753645326898
rong1264	-0.429224803970238	1.6878563689923	-3.91236651943587	2.71811843519877
rong1266	-1.21142858093763	1.53244433229289	-4.54445765542105	1.52948701953005
ronn1241	1.63366955073098	1.37936360244817	-0.89613583442901	4.57361031641344
ruch1235	-0.135489346947403	1.5081130481042	-3.22593214570921	2.82339885406429
ruka1240	0.061034998777275	1.28414739056736	-2.53577481441467	2.60678847658801
ruma1248	0.182195715354578	1.43016081484391	-2.72097065463599	2.92605125900504
rung1258	1.08739013384488	1.53431833350365	-1.80371506409449	4.22886189573179
rung1259	-0.697200172194241	1.49166459203723	-3.78845791990497	2.12230393772313
russ1263	-0.105197281306896	1.67575631842044	-3.5805742782433	3.10815809049051
russ1264	-0.106303492324307	1.65633525508722	-3.44615767664227	3.06943171902004
rutu1240	-0.44785819939372	1.62317708418201	-3.75499895394272	2.6946271586102
saaa1240	1.72355519755471	1.29262008892097	-0.647451598079311	4.43277165053703
saar1237	0.497854000501439	1.21233561571716	-1.89202363272866	2.93332921947154
saba1268	-0.486117371477528	1.53733927060695	-3.63019647763317	2.43646674427368
sabu1255	-0.612907098145714	1.47037036338482	-3.71400097859171	2.16142175089882
saka1289	2.71666232677304	1.18800755342711	0.637302208004452	5.26837726160974
saki1247	-0.324186158969545	1.41619444633738	-3.27954115277504	2.30898169784412
samb1311	0.321092691525988	1.52801343899777	-2.56832328725614	3.44493353301041
samo1305	-0.517935429010061	1.58758977006979	-3.83845630335907	2.42477412157645
sana1295	-0.215791675522411	1.65060621982994	-3.62649174756799	2.96837729505694
sanb1242	-0.674664758309813	1.59977092101542	-3.99970421957263	2.25140244707816
sand1273	-1.87011466624478	1.56718745133767	-5.24815431790941	0.984279431693387
sand1278	-0.527991582154612	1.63276636000885	-3.83987877189037	2.5308397254862
sang1321	-1.21344128840114	1.47711843143798	-4.346474818563	1.47832620905352
sang1331	0.278931703937911	1.63391230982611	-2.81288469541365	3.68945573018553
sani1269	1.28337514328424	1.3076305839806	-1.20496223666312	3.93554954214875
sanj1284	-1.0094308655777	1.59745587306009	-4.41905372800161	2.01223030485112
sanm1295	-1.02554792468387	1.55635534980974	-4.35212737807337	1.79507800881083
sant1410	-0.477335364897572	1.63978200645808	-3.86664610567685	2.61279274795492
sant1436	-0.907618094420052	1.54248268482322	-4.20579676918206	1.92792615046385
sapu1248	1.17640244333338	1.41410388437311	-1.50265437717537	4.06969150612181
sara1321	1.01659589444346	1.57442205967358	-1.92466403080067	4.33511129784298
sata1237	1.39077410241954	1.46920347033689	-1.25861414301207	4.61597219385936
saur1249	-0.443322654149899	1.67394087872335	-3.94244326135119	2.75282848741452
savo1255	3.28877531639029	1.46248863587722	0.766735717380522	6.45813783191888
saya1246	1.09119756904843	1.28848971713353	-1.36668275143351	3.68652352615459
seda1262	0.29837977385474	1.4646688763348	-2.69326236682138	3.10379937069896
seim1238	-0.700898900898575	1.49172907307197	-3.84130111770129	2.0537756335707
seke1241	1.48896934520181	0.952630393482341	-0.289869485235643	3.44697873777804
sekp1241	0.900372677473122	1.51337799930227	-1.90689491901846	4.14984749814491
sela1259	-0.729350365121605	1.51631694007209	-3.97796687149911	2.05795449460046
sela1260	-1.04341554518101	1.46723291243344	-4.09144038396381	1.62095534451561
sele1249	0.893437448643457	1.48129568424256	-1.77461252475871	4.10201560749196
selk1253	-0.0325110958368054	1.75526083675281	-3.50341814857197	3.45182717994973
sema1265	-0.537298427400552	1.63854966169448	-3.93274922783896	2.49693373803872
sema1266	-0.780619142724918	1.56819777174769	-4.12166371592457	2.07407318842676
seme1247	-0.634298056012209	1.61068741052858	-4.00660656016581	2.34156528938582
seri1257	-0.277237292344764	1.67076847834023	-3.79206946785918	2.84443138508898
shab1252	-1.06554073725549	1.53270889075638	-4.32846212783925	1.75478359433419
shek1245	-1.34631257190791	1.48873039297635	-4.45570297412779	1.43261524997539
sher1257	-0.677708072549297	1.51411130905646	-3.82850642623866	2.10646302145795
shil1265	-0.119753166756704	1.5830896760511	-3.20950250432025	3.0355494381868
shix1238	-0.218926036535054	1.46010619976867	-3.19289703658292	2.5447357724275
shon1251	0.236318810917542	1.60999552295394	-2.88299897197592	3.62548109541979
shor1247	-0.0659701688177907	1.66311266471323	-3.40085362870199	3.22671655242214
shos1248	2.01736237645362	1.59333045045809	-0.96048932976548	5.35063144129072
siam1242	-1.31229677279401	1.33246953013353	-4.07273852377595	1.17847715384258
sich1238	1.38220790937603	1.43988868859776	-1.35782953720085	4.36958707086219
sici1248	-0.313708315272976	1.64705286003722	-3.67243952525152	2.85580287986638
sida1246	0.992588489158874	1.30197167631286	-1.43976578743961	3.64643361505036
siee1239	0.868293939355691	1.31227875951867	-1.60952245737596	3.52072844979082
sika1261	-0.156968965542676	1.43630403879336	-3.10639862136221	2.67091449722198
sina1266	0.868645634058031	1.12085189626462	-1.34279392746672	3.08541910744951
sing1264	-0.899807870353216	1.53413671844575	-4.06211590906221	1.88337233844059
situ1238	-0.731548760602664	1.53597176544536	-3.99491797673735	2.11204044082179
siwi1239	-1.36050692006085	1.50357779050039	-4.52077953202907	1.49717096663607
siwu1238	0.899125912123053	1.48488894357343	-1.77751494964538	4.12235120048436
siyi1240	-0.933448422342929	1.55769445658162	-4.16368976186563	2.03667757177111
skol1241	-0.0971951984889745	1.77264899988702	-3.73242985893482	3.35839915034661
slov1268	-0.289142525800338	1.65097208998144	-3.77556813533938	2.77851531469601
soch1239	-0.911109489873193	1.59035823050651	-4.24407141999505	2.02880326031911
soma1255	-0.747347219760153	1.53289367599965	-4.0760556670671	2.10765870547243
sons1242	-0.692588967382105	1.50662953570728	-3.83535738996595	2.1421933521121
sooo1254	-0.507917287654824	1.54293132091723	-3.72026461812313	2.35455031943414
sora1254	-0.383870521525838	1.60432805716129	-3.8208452387984	2.62143326434371
sout1528	-0.285531413298912	1.60807041419042	-3.59923453183777	2.78747558393237
sout2649	-0.114564389611653	1.69440956731264	-3.45320690512145	3.1239619318742
sout2674	-0.0497919864746189	1.76340384687768	-3.57496019265682	3.39569232357765
sout2679	-0.277451393203496	1.67310621768267	-3.73927589238455	2.97609269846225
sout2728	-0.618588834701945	1.5705437584252	-3.92356746951145	2.32513367982431
sout2729	-0.0856816403436275	1.450483344279	-3.09687748737201	2.59113031139906
sout2782	1.29087973597946	1.44453392682645	-1.37514918392117	4.26678550570858
sout2807	0.243798036880286	1.60977293531076	-2.81081483425719	3.52640013721548
sout2856	1.22179486888575	1.16461538797819	-0.967530873754078	3.57120430446376
sout2857	2.60647943548625	1.06390960838755	0.724136151441576	4.88792679250662
sout2895	1.19093995518152	1.20799800846949	-1.0340672927139	3.7034904980428
sout2912	-0.771829864597679	1.55915958897393	-4.12499881384519	2.10918724051131
sout2918	-0.64265342399551	1.51728824823089	-3.847618939834	2.11807188953017
sout2956	-0.328321863948734	1.63957167301625	-3.73258262537178	2.78100339955838
sout2959	-0.208439866705694	1.66606235485301	-3.65791751981432	2.92065313529112
sout2985	1.7896091852978	1.5466343090108	-1.06149295394155	5.07428532005275
sout2994	-0.49670694455239	1.6099028938181	-3.82569681574164	2.47369422450833
sout2996	-0.382551042274576	1.57570993882679	-3.73300313680861	2.61044760792674
sout3236	0.458441850625007	1.45771826276488	-2.33332811161724	3.45622390051065
sout3261	-0.414554350901792	1.62898380238665	-3.70244991475937	2.75192795579936
stan1289	-0.0461162650501852	1.60398701177266	-3.25560049973424	2.91562154592012
stan1290	-0.212460496452181	1.64379545260491	-3.68393669759588	2.83027402885349
stan1293	2.01224580267166	1.61988828155214	-0.973230007817934	5.39207660072042
stan1306	-0.745565831579896	1.53146865245946	-3.94152345931898	2.04641940750768
stan1318	-0.214674027889747	1.64779552123518	-3.63691665571019	3.04729404892902
sumi1235	-1.26059635734334	1.48138721456341	-4.40277061548673	1.42458526209767
sunw1242	-1.08070108480657	1.51101580899717	-4.40898712486992	1.63983048219466
supy1237	-0.0557778778323815	1.44680065600117	-2.81911641225727	2.91276223712879
surg1248	-0.0338334724165573	1.69387698559263	-3.37908573631561	3.29447003042572
swah1253	0.25001988896597	1.58839701467484	-2.80051183762165	3.5739163779254
swed1254	-0.246416470954977	1.61839492667362	-3.58494623353019	2.76113572009261
tabo1241	1.76140197692818	1.56330783628357	-1.09959826563065	5.01962547909847
tafi1243	0.796928345917139	1.53651456566931	-1.97401881432137	4.04665376207771
taga1272	-0.241895427265986	1.3109673302866	-2.98276237559796	2.23505972631405
taga1273	1.51613006091448	1.41429871262969	-1.09719408057945	4.48472706093562
taha1241	0.998362932144111	1.50271790887813	-1.77357233914502	4.19982079363525
tahi1242	1.56378796853911	1.47822558535842	-1.14841749797389	4.63957228912421
taia1239	-0.527771399711264	1.39051635348803	-3.36298713595556	2.10098471158173
taji1246	-0.186102346546754	1.38433737564377	-3.12390272630265	2.35856164632696
taku1257	1.51174919215066	1.50782555442245	-1.24751463016839	4.69568419617866
tama1331	-0.995281398144928	1.59453785228068	-4.36010865161657	1.93786933791956
tama1365	1.41731936362421	1.39624019579602	-1.12230440636179	4.45277393101348
tamb1254	-0.36483937435631	1.35262708270816	-3.16205740382727	2.09727825235966
tami1289	-0.146241814380004	1.68248907805083	-3.54898679451166	3.11595653102572
tami1290	0.854080076101829	1.18597374362984	-1.44988895964484	3.28361057081458
tang1347	2.61897064026964	1.02446351013876	0.783643014671635	4.76454912423308
tang1373	-0.430153400994081	1.58099144079927	-3.72548323622929	2.59468294514683
tang1377	-0.738339561854997	1.58341032603879	-4.04516247964817	2.18045729231644
tari1256	0.994790686584594	1.45413875490996	-1.74076236832922	3.98143642530681
tari1263	-1.17004588791363	1.47726171235382	-4.24294539055167	1.56356716575962
tata1255	-0.143752337546593	1.69130881645433	-3.57318417299033	3.14466173640304
taul1251	-0.905555089775977	1.50586880249269	-4.12820296445033	1.86322008672083
taus1251	-0.663040211978473	1.48398314012674	-3.7464133347177	2.08524576430776
tawa1286	1.08238304372314	1.51552562305871	-1.74235072604347	4.37201805676987
teda1241	0.919553620234034	1.54877187060491	-2.00854947374326	4.18497840094449
tedi1235	-0.908499948779165	1.54818454280329	-4.15689586951512	1.98955267894721
tehu1242	-0.392851732322084	1.60017514003781	-3.79591211544262	2.66421760408938
teke1275	0.323789436523639	1.66117449525361	-2.7571364854403	3.82028046575381
temi1246	-0.718163498864278	1.57537521150475	-4.10686910722213	2.23170984816719
temo1245	-0.715947770773886	1.6149481789132	-4.07671795928052	2.29323188051143
tene1248	0.0732671990754737	1.44022252017715	-2.89334719492985	2.88165437392996
tenn1246	-0.362952369048503	1.46491065338457	-3.30489318882059	2.37735292829135
teop1238	1.04948065830832	1.30567512364904	-1.37440831940354	3.77075194320568
teri1250	-0.6989035311544	1.55655274254686	-3.88931945899441	2.18360354162756
term1237	0.705193374006903	1.31915555845824	-1.89330286497529	3.39409461706124
tern1247	-0.6008766698688	1.60963041224674	-4.00054341373086	2.39351765957529
tete1251	-0.80057679078843	1.64977376895537	-4.22312200496352	2.28369395444393
tezo1238	-0.916239313047666	1.59637553605193	-4.2027994619241	2.11421271695927
thak1245	-0.651084685200054	1.59761612140759	-4.07299083942507	2.33083149284403
than1259	-0.780933228829373	1.59994297511384	-4.12001318709771	2.19454691578707
thar1283	-1.73031752958118	1.39470041479483	-4.58410431936681	0.945005091222883
thul1246	-0.868630639380118	1.52669292120649	-4.10564864404842	1.96366732914349
tibe1272	0.592937826469865	1.56017054072231	-2.42024577460051	3.73274969623511
tibe1274	-1.31904617114708	1.30845584245817	-3.9790990921706	1.22792372359246
ticu1245	-0.464098353528348	1.58421702293198	-3.80795094483023	2.46844454693905
tief1242	-1.59322655914943	1.33181869492746	-4.35047464333244	0.849035033016589
tigo1236	-0.668801378807118	1.31268454146608	-3.28742498376495	1.88493369003036
tika1246	-1.39277896745358	1.34151797664938	-4.13145870242726	1.17888156755683
tiri1258	1.44236947590306	1.22956829931528	-0.855091859671928	3.93549047901242
tiru1241	1.10836173626266	1.27145954745124	-1.31884536577193	3.7169413259007
tita1241	-1.41103244263839	1.35575215588214	-4.31275169096215	0.963004589960103
tivv1240	0.306273493313824	1.53885893513366	-2.59655220212599	3.49010070286633
toab1237	2.65725922752323	1.34636253596015	0.256475930711929	5.53401993744875
toar1246	-0.547688324036667	1.32904045935088	-3.32539531041006	1.95608426085322
toba1268	-0.371573785063551	1.57779556512492	-3.57616877104574	2.68447755780728
tobe1252	-0.597446640580578	1.58173085603365	-3.94007603296897	2.39657573918942
toho1245	-0.295263706537365	1.62756114112742	-3.69386461666133	2.72085386629264
tojo1241	-0.477966790144465	1.62825173142306	-3.83968795617894	2.56476944387461
toke1240	-0.49872682932403	1.56824562732789	-3.82245047247384	2.41714809006733
toma1245	0.512839434472282	1.63990755368597	-2.56322452570516	3.90125915282426
tomm1242	1.05299519004518	1.45965443102638	-1.72990994974143	4.07688950407481
tond1249	1.41332681341934	1.55829544383777	-1.42423065418076	4.73101491450176
tong1318	0.350246442595609	1.64574882063108	-2.79101490578841	3.75520196043066
tong1325	1.54547013904093	1.47153363411718	-1.10646265787255	4.75163387491919
toor1238	0.258283870733272	1.5700947905546	-2.69565453517814	3.54179294291964
tosk1239	-0.282957782470785	1.62640497488116	-3.52006988448211	2.94512360453849
trio1238	-0.419658626406474	1.5863910336559	-3.60637281430496	2.58265067514273
tsam1247	-1.56607466705328	1.4572959168997	-4.67696106045611	1.0207571433198
tsat1238	1.87230936421077	1.57737231151072	-1.01256210904145	5.15006057222454
tsis1238	0.557688566182181	1.58854378012123	-2.41790604458729	3.83375348355772
tsix1234	0.976553483384595	1.52125581614994	-1.87738863106901	4.19023749761396
tson1249	0.318050854361568	1.60581781001654	-2.68590148332847	3.61326746101842
tswa1253	0.680878843328652	1.59596399431236	-2.28357119301828	4.03916083574524
tswa1255	0.295045593965281	1.5571714150315	-2.66012715123741	3.48033840332105
tugu1245	1.57760222595031	1.40623672318366	-1.01170403214514	4.59321527333918
tuka1248	-0.673943792830159	1.51407212237315	-3.83618953559687	2.15488770671083
tulu1258	-0.200208292865341	1.67703075128719	-3.69149239984279	3.04988090537861
tung1290	-0.965173066993976	1.44345758587602	-4.02902107038775	1.67235841361727
tunn1238	-0.745394124217906	1.55042108427459	-3.95218496156741	2.13006211401004
turk1303	-0.0629735989089254	1.71225418361797	-3.51174648908685	3.1963822806203
turk1304	-0.0646983678460662	1.71974297517228	-3.47838784946929	3.34151491458523
turk1308	-0.322310999040159	1.36041968526804	-3.04484105421581	2.35310612793346
tutu1241	2.79612492681284	1.04469006710062	0.942232904539031	5.00816227489453
tuva1244	1.53884399663752	1.47754973165856	-1.19003320490209	4.54009341806069
tuvi1240	-0.0733831952636834	1.71150023640851	-3.5186881620072	3.35506905695139
tuwa1243	-0.4172578017806	1.10933396225162	-2.71860521724289	1.67806575335992
tuwu1238	0.883413958632221	1.48974365334842	-1.79605942504155	4.07836187667414
ubir1237	-0.826414297225466	1.40555985372996	-3.74736522395212	1.76588572770779
udih1248	-0.126360245252975	1.67523739924338	-3.53863395953265	3.17897578175324
udii1243	-0.377314396586088	1.66108335628727	-3.79084889545541	2.79513736978075
uduk1239	0.323639324350926	1.42708387768515	-2.43801586054508	3.19174991711531
ughe1237	2.64185271032978	1.50104063241966	0.0219326689094145	5.89079580954186
ukra1253	-0.250463811878917	1.63736979936581	-3.58889747478188	2.87057922937136
ulch1241	-0.201766269520319	1.64678791946335	-3.52418190306255	3.0327258086451
ulwa1239	-0.39847918967794	1.68555497090718	-3.95447824280288	2.81960052761716
umaa1242	1.47308720304596	1.43614794512716	-1.1054484742838	4.54720723434791
umbu1257	-2.05451612481768	1.56450746888988	-5.33688581007171	0.874078158595863
umes1235	-0.104681350003425	1.77854369325038	-3.76617626821194	3.33685050572856
unua1237	2.59663504679922	0.954208179649922	0.900297799990851	4.62555419982598
uppe1275	-0.91763511488521	1.53408150500764	-4.21363132974333	1.91009186858053
uppe1427	-0.190031862714684	1.41220926739691	-3.10307415286593	2.50761764349601
urar1246	1.28571145058403	1.5160378696086	-1.50077502015252	4.44257830148115
urim1252	0.797943063498749	1.282241125877	-1.69852821028498	3.4228202682703
urip1239	2.59042156241496	0.971215689008499	0.82844834723432	4.60440390253269
utes1238	-0.142368705079589	1.6070760938028	-3.39952073078491	2.8781360288123
veps1250	-0.153916048869087	1.67548110670229	-3.55318118903353	3.05941637973577
vera1241	1.54029389479373	1.13861719170066	-0.579805133447103	3.94495415906285
viet1252	1.75860422560352	1.51032590881607	-1.01049087879658	4.88453063792404
vinm1237	2.69286838338495	0.977848903686422	0.950920977123676	4.78978410515111
voti1245	-0.222304636124801	1.70326745865355	-3.65772767180718	3.13113681666821
vunj1238	-2.59514171128055	1.59793962631074	-5.96340291264299	0.311506516692237
vure1239	1.55538106210609	1.13818020429186	-0.560253359453493	3.99207392867607
wage1238	-0.138078170080224	1.63789482871352	-3.39369715222114	3.00663913323677
waig1244	-0.300044499497853	1.46446708167378	-3.3894466838907	2.42511949780328
waim1251	-0.224366609946321	1.20601493399229	-2.77759209275078	2.04519543309907
waim1252	2.1750446887057	1.39083631014501	-0.299458263852184	5.20703341695573
waiw1244	-0.480233718044261	1.54277431997757	-3.68880288372149	2.48779004964113
wall1257	-0.644959124416871	1.52333939788927	-4.02170402794116	2.12377576165555
wamb1257	-1.0733070208624	1.5166205640918	-4.32997370761378	1.70512716276745
wand1278	1.62271316139634	1.37290021447201	-0.791363499193161	4.54527337154463
wara1294	0.305804148117708	1.40728376871168	-2.48748798160616	3.0584730888251
wara1303	-0.481507246106303	1.54045597889178	-3.70376735426739	2.44267507731264
wari1268	-0.317328934067983	1.55593642115735	-3.57890014193625	2.57444221352508
warj1242	-0.915344324075863	1.5887408180296	-4.31784783738937	2.00745283616747
waro1242	0.723100364442378	1.36800944400093	-1.93624357763212	3.46089408873583
waru1265	-0.193179438827333	1.68768196907036	-3.63750932886002	3.04685269722542
wawa1246	-1.13251900069785	1.36460914180598	-3.8164655155754	1.53211641627194
wayu1241	-1.06108780988506	1.51606268693954	-4.34447190066512	1.69577895207881
weda1241	-1.19815820652747	1.44751088311243	-4.28434441201312	1.40263711050021
wels1247	0.301306433347964	1.68975352929429	-3.03012559371809	3.6281926041589
west2354	-0.282271099306012	1.57836005083515	-3.56252703608605	2.71896208993586
west2369	-0.101282586411805	1.69045897275675	-3.51793461366241	3.16354187404415
west2386	-0.19144135688829	1.64562254188552	-3.56810165343734	2.98847418966073
west2392	-0.165306939704499	1.67933872747376	-3.62657824531099	3.09637545119891
west2396	-0.495354571295647	1.51195084839685	-3.61118854179917	2.26798809535846
west2397	-0.537496092816791	1.54914061033812	-3.78856979637418	2.34999176135334
west2418	-0.65334940244329	1.5811066738596	-3.93043110330236	2.29347332033575
west2430	-0.062072917247982	1.50267542638367	-3.26130928576027	2.73264028515791
west2441	-0.172327115093465	1.69882609612577	-3.62672151221562	3.14539075396344
west2519	-0.830007232265356	1.54160198687176	-4.13181058055883	1.92854556331373
west2548	-0.535433042898815	1.48410267032842	-3.68324683713855	2.22451529798345
west2557	-0.288879486330485	1.45803452222668	-3.41835270617974	2.4420335853104
west2560	-0.51121450868951	1.36683163731162	-3.3766219924411	2.00764313276891
west2564	-0.456642528445706	1.3108365669008	-3.16017309089461	1.97507885253031
west2594	-0.374896501405071	1.57605395073976	-3.6674314262486	2.61695096383191
west2644	-0.89743295940188	1.58217284358448	-4.26871856437107	1.99733797717405
wiru1244	1.38649473634159	1.45842679968397	-1.35537218030223	4.39945985145572
woii1237	-0.331013341714727	1.40160877780588	-3.26244704753381	2.31302967010521
wola1242	-0.328360894516946	1.42618589938229	-3.24644445591041	2.39818672097017
wola1253	1.39296590514252	1.35051755640841	-1.08727889369371	4.30231666876107
woli1241	-0.790329757487859	1.54252304739532	-4.01533560580944	1.98862739500098
wotu1240	0.302429474389655	1.37750719198074	-2.43648498220659	2.98784447839326
wuch1236	-0.464870545973709	1.55765217874903	-3.71076875224401	2.43518155202097
wudi1238	-0.391492514293493	1.39411329855136	-3.31949567842004	2.27107489739161
wusa1235	-0.354109882516525	1.42828184876279	-3.34112854966798	2.36890159434009
wutu1241	-0.503446829056612	1.63945129028229	-3.91758317806295	2.60896344689735
xara1244	1.41455035253326	1.22915926033279	-0.81685483756127	3.99866201113724
xhos1239	0.20342117054376	1.62594468934899	-2.83150902408802	3.60342033709684
xish1235	-0.125531074816253	1.50648463605645	-3.27812138021769	2.69458678870426
yaak1241	-1.69181795974404	1.3886384772109	-4.56397391814275	0.855426316290336
yagu1244	-0.556314945988443	1.58011657555294	-3.89192862267976	2.38721150332203
yaka1277	-0.345257698507537	1.52947170463543	-3.59605955499277	2.47464492491435
yaki1237	-0.289696242754202	1.6256557461606	-3.71100042100999	2.82042166030675
yakk1236	-0.797469284299384	1.50240434975355	-3.94724037000672	1.9905146448796
yaku1245	-0.0684019961680889	1.74061547509834	-3.65135256608037	3.34867917782347
yama1264	1.52075666331898	1.54068789039808	-1.27796150493378	4.81990770744395
yami1254	-0.506552942993185	1.48535423954997	-3.6242022749194	2.26043065506153
yaou1238	-0.382117303822374	1.49259686275258	-3.33976815330804	2.58409181847455
yape1248	-0.482761708382148	1.49988128363266	-3.63974222575576	2.24396150764264
yatz1235	-0.947887044210528	1.56225717591487	-4.32815966807653	1.94588268072453
yaul1241	-0.117674456266609	1.31078612738188	-2.82847230746275	2.38843089740329
yawu1244	-0.29637292321876	1.65282631330302	-3.7055795979721	2.88119160429332
yecu1235	-0.676231005333538	1.64636561349766	-4.1506729177482	2.39828887885395
yems1235	0.525830718559508	1.31458958670578	-2.0631107025399	3.19353348747655
yeyi1239	0.885121452567898	1.5454894987065	-1.96097134244872	4.13944351834969
yidi1250	-0.244738458495706	1.67944281863156	-3.6727443596534	2.95217510405289
yind1247	-0.171897895387022	1.69522763278792	-3.59627273568121	3.02497150674418
yoga1237	0.452953055280363	1.18213656176802	-1.86737157799571	2.84397569923782
yona1241	-0.311552817465055	1.616685785858	-3.60709597346315	2.80433237119952
yong1270	0.085173653475132	1.44222856327485	-2.88705920285777	2.85020078018621
yong1280	-0.4464129737429	1.55336940890791	-3.6439785695935	2.42520013933301
youl1235	2.10100288256006	1.22720940041431	-0.22005360477803	4.60429729513139
youn1235	1.7287362445854	1.51483123364102	-1.03471217998266	4.99544313545235
yuca1254	-0.26373548432554	1.63652025343627	-3.67045410783725	2.87580171834406
yuec1235	1.90639467698322	1.48650247568139	-0.804161039402908	5.06185360227829
yulu1243	-1.16629335789876	1.50002275154531	-4.31773817569822	1.65958436300644
yuqu1240	-0.600656488686746	1.49211963966941	-3.78433004835182	2.18846988217096
yura1255	-0.594670191085125	1.49577333561333	-3.83623366070148	2.18343953273773
zaca1241	-0.947068418732575	1.53349491663241	-4.21583110485666	1.87174783943908
zaca1242	-0.843304527612458	1.60541423720294	-4.25500563292285	2.09246419891693
zagh1240	-1.22049211416811	1.54196656663434	-4.43233858982632	1.6485400735204
zaiw1241	1.5763944947107	1.4281568647219	-1.10964420919478	4.47830739121655
zakh1243	-0.59025066103911	1.54282357215411	-3.91521036025967	2.29312273454524
zand1248	0.131917802722145	1.56192971003776	-2.83167123634291	3.42230656828036
zani1235	-1.01207934223098	1.57883964014938	-4.3919367137695	1.80373518591035
zapa1253	-0.242648220718825	1.5146492042636	-3.37754392010441	2.65265508180844
zarm1239	0.729578245756612	1.61068070909891	-2.35494026706436	4.03923041316139
zaye1235	-0.98844007293549	1.50535564827544	-4.24382437426291	1.73239741040004
zeme1240	-1.23869153089105	1.53243675197267	-4.58381041967919	1.52468204251805
zinz1238	0.287327578240642	1.62099780516581	-2.78115625555142	3.66499291637133
zoog1238	-0.960519771573615	1.5608900438907	-4.33016616947775	1.93422218464587
