Estimate	Est.Error	Q2.5	Q97.5
abad1241	-0.452219741610486	1.2184089933974	-2.87578213073091	1.91181018035198
abar1238	2.34756291658486	1.13074784286727	0.309067576465391	4.79305504848062
abee1242	2.13328393572821	1.08181116862337	0.144554265722344	4.3831522946149
abkh1244	0.184046900652083	1.69151227150009	-3.07052045502152	3.72138272876043
abua1245	-0.847389962649716	1.61100076366842	-4.12968237995228	2.25437470947139
abun1252	-0.432537573701533	1.6592351353377	-3.72671407428634	2.91482771107553
acha1249	0.279037646849555	1.2774615626996	-2.27020014749918	2.86681155898709
achi1257	-0.663910764827062	1.24156738567512	-3.18970918191203	1.65119933705229
achu1247	-1.0520287208296	1.61938484610846	-4.49428758016619	2.06257823904568
acol1236	2.04753530971232	1.48109555303212	-0.559201992585705	5.32141821909145
adan1251	-1.20263580781694	1.80170755407437	-5.0999440897278	1.98484604783432
adon1237	-0.624453769285008	1.24448645203691	-3.26223470455322	1.7278961092696
afar1241	-0.428672321872898	0.978992182790163	-2.40654844199439	1.46859972051536
agob1244	0.173374854058722	1.60101424762614	-2.90622850203966	3.54970472344257
agua1253	-0.507817211363111	1.59994453235307	-3.74056016742606	2.70146621260472
aheu1239	-0.461115087485166	1.33323975334606	-3.14050467489197	2.17928237537999
ainu1240	-1.37178439198481	2.07447138578957	-5.93043306260018	2.37799553843544
ajas1235	-0.044289433828797	1.64983203409853	-3.26607225070783	3.30286631630397
akei1237	-0.446508971320636	1.22835817252979	-2.90115620451118	1.96782205378208
akha1245	0.359555989066491	1.27372923684433	-2.16360466877349	2.91239193604177
akoo1248	2.32091204518041	1.08034251086316	0.386567862739733	4.66797972838077
alab1237	-0.373683332172246	1.56229029092568	-3.4703998850033	2.81025730870692
alab1254	-0.290423746821329	0.978528215294687	-2.28552074071771	1.66815893986212
alag1248	-0.362514292058071	1.01270697952223	-2.43446004861583	1.6273458253253
aleu1260	-1.16972353100286	1.65300782523156	-4.71666768856488	1.90479601112457
aluk1238	-2.04790171145509	1.92287913605418	-6.32616227576465	1.16974386924456
amam1246	-1.83748052377301	1.89400793016072	-6.03918422491822	1.42739084292256
amas1236	-1.42673399705895	1.94237755003831	-5.71818711042549	2.08543233091193
amdo1237	-0.236757747876154	1.31538110219317	-3.08332550228922	2.23619689035724
amha1245	-0.133337738753968	1.01649695711895	-2.10737214170485	1.964185896761
amri1238	-0.327809681110809	1.3444820383424	-3.22671112873941	2.16635863128346
anei1239	-0.477204018173561	1.22813122911512	-3.01799017478045	1.91229450476774
anfi1235	-2.58725955746729	1.62671453213643	-6.3013021011872	0.149298384411865
anuf1239	2.21027778225582	1.09959085016019	0.159053332754008	4.48328396885555
anuu1241	-0.228416212815662	1.34660559443898	-3.16208241528622	2.33026956620289
aona1235	-0.317985111253382	1.33945759703391	-3.22478538936918	2.22056084090669
aoua1234	1.30811663563013	1.54296948414134	-1.51871795066535	4.63335104632312
apat1240	-0.282216728890059	1.31989588685044	-3.02286852685476	2.19408647290544
apin1244	-0.958617771338971	1.56086509420438	-4.17723110953623	2.0034777990522
apma1240	-0.437366838012668	1.23027710693412	-2.94665494895604	1.908754859926
arak1252	-0.360269378918451	1.22232129871852	-2.86059200355034	2.07096292471916
arao1248	-0.854095313237698	1.56014099649951	-4.03504256946833	2.18407954926676
arap1274	-0.198058336939979	1.56112633828608	-3.21174220817898	3.04489228980712
arch1244	-2.16119926739887	2.04160586716287	-6.91172370343264	1.23269825724063
area1240	-0.414957216478607	1.22442019433703	-2.85067855998132	2.0080281346833
argo1244	-0.170621945234788	1.02141828896967	-2.20139757686377	1.8829360705707
arhu1242	-0.548626205369232	1.50251199892412	-3.5560461614525	2.49044517426459
arom1237	-1.46170930247088	1.41444008271639	-4.43158551441208	1.14762510739976
arta1239	-0.627663607127978	1.25360239301492	-3.16770913141412	1.73460247993424
ashe1272	-0.341405499034552	1.55533496255706	-3.3078281918397	2.91485831686747
asoa1238	0.1783278226971	1.11884836518845	-2.02075331503588	2.44674262987971
assi1247	-1.12732905555119	1.63376461827726	-4.50882120430429	1.92921909325816
asur1254	-0.626339700810082	1.34694586040776	-3.41522018808372	1.8789340702891
athp1241	-0.297564439101581	1.33197313881071	-3.03120870138428	2.20829709813929
aton1241	-0.247423068373983	1.33655135393947	-3.04672086991007	2.29061144229266
awac1239	-1.13964673255036	1.62676569423025	-4.47354728711248	2.00011301447922
awad1243	-1.36651107010386	1.42572349048355	-4.40225663693527	1.24706371977842
awtu1239	-0.283731493751343	1.60045325588127	-3.38401811819498	2.99775947089583
axam1237	-0.355521381557395	1.22468384057342	-2.78972839110629	2.03716223923619
axiy1235	0.262800800469406	1.26984762703816	-2.25684230200854	2.78679204761651
ayiw1239	-0.54267920459253	1.22668241844458	-3.06646193044948	1.82726748136355
azha1235	0.292713711131871	1.27135831948037	-2.27120444558908	2.82536484182854
baba1266	2.41776239286597	1.14403198866522	0.398508273761301	4.89721529454753
baba1268	-0.408281890749144	1.22883491089174	-2.86762024146344	2.0059790623043
bafu1246	2.41116918564303	1.13629015981711	0.414161106809917	4.88183848831586
bagi1246	0.295971043645186	1.1126480827431	-1.78373535644446	2.64825514592208
bagv1239	-2.15521842325801	2.01775911328155	-6.66819012293078	1.24971285392226
baim1244	-0.231659231426045	1.3175844397071	-2.99938624184987	2.23381840184269
baka1274	0.199588040938219	1.10232000784341	-1.91432115365444	2.43752076194759
baki1244	-0.503725719624199	1.22979493203554	-3.00270295152641	1.88934005725219
bala1315	-0.649798566691507	1.2539192920419	-3.21018576422432	1.81682190813469
bala1316	-0.515022297745081	1.23532303095569	-3.06842986068368	1.8832572376781
bali1278	-0.696113621164809	1.2630911569719	-3.29608417238304	1.69501332322743
balu1257	-0.587096100646993	1.23494580609326	-3.09104493778843	1.78594306707846
bamb1262	-1.32829054221958	2.01743214368454	-5.80344444555223	2.19895903368505
bamu1253	2.4187439436363	1.13584533528109	0.406489468870028	4.95948287761772
bang1354	2.35521095627193	1.07708179103875	0.425581774871236	4.68593973759117
bang1369	-0.226298396216302	1.34449298290177	-3.11512146479124	2.31392686329381
bant1281	-0.291788620562434	1.33055595150176	-3.07639406159924	2.19081761415491
bant1288	-0.752470911604161	1.25363694849055	-3.29274836484998	1.5796947846057
bara1357	-0.290387525294153	1.33029441214632	-3.05308607209129	2.19708339731918
bara1361	2.29904883885442	1.09988467129289	0.317849532087745	4.66263664858697
bara1370	-0.619978407685249	1.25078038968347	-3.17703576312554	1.75477886483269
bare1279	0.572322275649098	1.10948083106123	-1.3985913564997	2.93715388949372
barg1252	-0.993403222551782	1.46862679270679	-4.09977576100857	1.85608298123121
bash1264	-2.56197141236461	1.99369270926457	-6.89581795544811	0.706404076651784
basq1248	0.899721460548759	1.61108016106518	-1.97064967157078	4.51805847928934
bata1289	-0.626489893450564	1.24189455056506	-3.22657519348475	1.72121439572407
bats1242	-2.15666522451819	2.03760922698598	-6.67551445488913	1.26099163912522
baur1253	-0.253429744972098	1.57023028341607	-3.2857076104616	2.99758303413678
bawm1236	-0.321368052377016	1.33313539070865	-3.18311574927276	2.19277778302813
bayb1234	-0.755366242445358	1.25809765524951	-3.37320018573899	1.56670884528361
beem1239	2.3242103245257	1.07428495617666	0.410956776381186	4.62365845360025
beka1241	-0.585068853563073	1.23486276918634	-3.08116777877254	1.76002928523655
bela1254	-1.30126956608001	1.38546554998044	-4.25133406862038	1.33636901632009
belh1239	-0.300846728620055	1.33440651088386	-3.08838383292162	2.21307250712244
bell1243	-1.24166922890782	1.60939270188699	-4.64821373781455	1.75997204986949
bemb1257	2.34603443062247	1.07150029521823	0.450448047632457	4.6729519745089
bena1262	2.32994029196423	1.04924131058483	0.425318869440504	4.6058710095738
bent1238	1.14689963567428	1.628746088163	-1.88474306721137	4.63908345803743
bezh1248	-2.15983740815543	2.01506761145484	-6.64729949907596	1.26554881667114
bhoj1244	-1.36838861049121	1.42400635992845	-4.47517500840277	1.29498405008676
biaf1240	2.56978339647552	1.17943518578794	0.51995508406979	5.11109267935085
bian1252	-1.83917662805148	1.8690499636781	-6.05293149627119	1.3280722454526
biao1253	1.23380447937232	1.50180970275186	-1.56217559515042	4.38818721383971
biao1254	-0.181290778069662	1.4715324083839	-3.12954258921271	2.71201085896355
biao1256	-0.187616881415949	1.46337054965687	-3.13075466555154	2.6723023535377
biat1246	-0.490306112192067	1.23167694134211	-2.93728681749512	1.88731487043944
bidy1244	2.56053437428671	1.18329253214245	0.529025780116356	5.13222963420467
bier1244	-0.489110504999092	1.22924142743383	-3.00368284985936	1.9267405088641
bili1260	-0.365817401928847	1.005319822883	-2.38974562859703	1.62142530988885
bini1246	2.25077854466931	1.08183929351009	0.261019620154505	4.52633655513534
bira1253	-0.926431173239052	2.05072969589911	-5.55967821668793	2.87425229557563
bisu1244	0.280836839669252	1.26858886170632	-2.26960242539698	2.80149322512286
bitt1240	-0.715944787569163	1.31504776349691	-3.43936121998893	1.76586717203559
biwa1243	-1.36713264113518	1.82938546355705	-5.47811201682841	1.88920090990664
blan1242	-0.670475331952456	1.31173997516372	-3.35929996977024	1.7982969142185
bodo1267	-0.623774546884368	1.34962554401902	-3.42275774226987	1.91699950330642
bodo1269	-0.245237785499127	1.34097372676509	-3.08522262193635	2.29245069023563
boht1238	-0.357735481591778	1.00424188551669	-2.39397490712156	1.57649102986618
boka1249	-0.27991958704361	1.31828542220206	-3.039988134748	2.17484604303983
bola1250	-0.427003970706808	1.2341918401894	-2.95663354700259	1.97132904132086
boli1256	-0.530659397814953	1.25069817718572	-3.1094767556331	1.83774906754622
bolo1262	2.35647792902766	1.09082251280023	0.43582092131703	4.73914452358323
boly1239	-0.485919949289085	1.31638048635344	-3.21671198813869	2.06245846537784
bomk1234	2.58268086988927	1.18321697544022	0.511953185864774	5.16947715337838
bona1250	-2.0062924385569	1.98258061915599	-6.5425823047048	1.30166959039697
bond1245	-0.622200638652549	1.34999039052309	-3.45225438426562	1.94441759651091
bond1247	2.32015652645056	1.05687158579627	0.429939130648122	4.57304111894111
bong1285	0.190093015937106	1.10292464271811	-1.94381099709924	2.50896941258683
bord1248	-0.702626752859519	1.50200195484321	-3.81149121221274	2.24977626650308
bori1243	-0.280251860389503	1.33322830733701	-3.07565111770196	2.2348346676332
boro1277	-2.58818526820165	1.62709730064896	-6.34091588022686	0.102290253181369
boro1282	-1.14459186029165	1.65104975302043	-4.61343726520152	1.9417820169644
boun1243	2.26040218457997	1.11368305934871	0.240342530238222	4.60151445298959
brah1256	-2.01595337288812	1.92936094382917	-6.38229380851711	1.21489760163797
bret1244	-1.37594308967786	1.405447818277	-4.42951418627657	1.17051065113208
brib1243	-0.686186325178341	1.502862069086	-3.77786569538761	2.22287509094947
bube1242	2.15007951471492	1.04079936938055	0.228075817090002	4.30010397398761
budu1248	-2.16385276365593	2.02935126783722	-6.77182830374662	1.24861785269604
budz1238	2.35860866835608	1.08118176223564	0.464612866800638	4.68835927904457
buga1247	-0.497693561047649	1.31520728054948	-3.21215051048612	2.04133296263717
buga1250	-0.42244268357514	1.2253062632766	-2.91689676902913	1.99435983305149
bugh1239	-0.369486160259089	1.2291684362522	-2.82647563149228	2.05471579113837
bugi1244	-0.628876597318858	1.24036154850469	-3.16594595066766	1.70469612253839
bugl1243	-0.69461684809693	1.49826255696898	-3.72568890049832	2.22650444226931
buhu1237	-0.520483752808794	1.22936174505357	-2.96509243565084	1.85953587980315
bull1247	2.58279830841448	1.18327226820835	0.517842944039084	5.12496476329511
bulo1242	-0.382091184296682	1.31145217421922	-3.04873697936617	2.18746992123689
bulu1251	2.31934225757675	1.07593115991729	0.391271445809942	4.58372609632318
bumt1240	-0.113421166846157	1.30839131837682	-2.83808475402483	2.3993128677775
bund1253	-1.36828225625687	1.42959944178219	-4.37922946192323	1.24622727456132
bura1292	0.610242156352021	1.10926508262507	-1.35318262563276	2.97146968261696
buru1296	-1.35062453022048	2.07690692083284	-5.98496257331561	2.37656796894368
busa1253	3.98136249448973	1.79520526764905	0.982618813887035	8.02212416023086
bush1247	2.35593331920531	1.07548334216362	0.463142788156875	4.68171248790938
buwa1243	0.431725935825063	1.08405548725135	-1.57210339647988	2.68737419969192
bwai1242	-0.527336352694659	1.23487290903105	-3.02439680333946	1.83806963269623
bwat1240	-0.523344837572323	1.23583962242052	-3.02612500651483	1.86609534805665
byan1241	-0.228063270259936	1.3386845661999	-3.08780892545729	2.32553024444992
cabe1245	-0.687617650331184	1.50219557115186	-3.83273144126133	2.2847688372596
cacu1241	-0.972948194386633	1.62344836574673	-4.341834074246	2.12464578911244
cahu1264	-0.88185956478648	1.56468487438935	-4.13343280959408	2.16675196287459
cakf1236	0.618426587481339	1.12108236649299	-1.400957003599	3.0186450574756
cald1236	-0.536492084728954	1.55813114518927	-3.67859180731685	2.56180326902783
camp1261	-1.4717533498329	1.42438412326937	-4.49146133930788	1.165951057219
cane1242	-1.02156035212545	1.57430541863674	-4.28901207406065	2.02771637285377
caom1238	1.21491621027812	1.5029600830356	-1.58477751246979	4.41774273514441
capa1241	-0.825259421289888	1.56059549842148	-4.00780758485218	2.23496052406898
carn1240	-0.564398573931792	1.34430287330972	-3.41396361502222	2.09015616660311
caro1242	-0.5817901370489	1.22676433040133	-3.06151961457137	1.7580678605101
cash1251	-0.731317854223509	1.56270183622647	-3.93338855184451	2.31248805286711
cemu1238	-0.519666597236009	1.23041627159659	-3.02433625812455	1.92831329689825
cent1989	-0.476186337255889	1.32842808924267	-3.19426672792883	2.12353751056654
cent1992	-0.352860548542319	1.31017391355559	-3.03664011492988	2.24041937362243
cent2050	1.14258816679027	1.53291145731829	-1.63076492356669	4.44180008784461
cent2084	-0.560499724126102	1.2431493372275	-3.0762294803425	1.78749343939895
cent2087	-0.751719713860932	1.2569432733981	-3.32805344389298	1.60383947123899
cent2126	-1.21317896850629	1.83785228759301	-5.29096072180549	2.02941408219059
cent2127	-1.17300639494782	1.6623182658603	-4.73254773684054	1.94585905028643
cent2131	-0.911588646459783	1.55169474382395	-4.05268810695285	2.12764759963677
cent2150	-0.534602764544653	1.5179102299289	-3.54760586142294	2.50109097753302
cent2292	-0.677558196882947	1.25667916814645	-3.24922695964273	1.6786124875906
cent2314	-0.438172654097237	1.32426589223044	-3.13372326328413	2.1292826886305
cent2322	-3.027656510202	1.96183288027533	-7.53319930642383	0.153654975553348
chad1249	-0.386134780330306	0.976349331037998	-2.44495943644075	1.47052043392894
chak1270	-0.258739080799051	1.3351954050248	-3.09842713267854	2.25243865025768
chak1271	2.26286471708334	1.09216894011168	0.259429243183508	4.59113228368727
cham1309	-2.15750948576945	2.01786744590031	-6.7361409263775	1.29261044254301
cham1312	-0.635130390325171	1.26118254289207	-3.21521105323173	1.74819962779278
chan1313	-0.236664373551889	1.33836753047603	-3.11283263797944	2.31580357301372
chec1245	-2.15707332950647	2.03075920396635	-6.70435337619116	1.24308606510105
chen1255	-2.03249151289418	1.8985987468269	-6.2852747610672	1.1330344435602
cher1273	-0.493780155783241	1.60742152726924	-3.61944503117576	2.7775517828317
chil1280	-1.18612645234985	1.6131977097831	-4.60932115555458	1.82227134943636
chim1302	-0.546591735910681	1.55869618126068	-3.69581982927829	2.54118628224378
chip1241	-0.323099067885704	1.56347220361814	-3.40683897154922	2.88963077290706
chip1261	-1.17726132460606	1.61076748513946	-4.5637126442736	1.74886479440303
chiq1248	-1.01544776244922	1.63487109992466	-4.52744496545151	2.12063849419685
chir1283	-0.317319726121166	1.33583295104298	-3.20159333050994	2.23698760670164
choc1275	-0.239525080289167	1.3170786522202	-3.02897179169022	2.25635917652749
choc1276	-0.32522861359555	1.55866235748034	-3.36936586839891	2.93732047768832
chon1284	-0.460001554200946	1.32009783803519	-3.11051394812571	2.09417510108153
chot1239	-0.321523245419653	1.33801229269112	-3.20454063694021	2.206365408724
chug1252	-0.15124537982205	1.33289697151511	-2.92222982792364	2.44064811647651
chuk1273	-1.10622946784276	1.80633754929915	-4.90623000665663	2.31736192977517
chuv1255	-2.55558902100378	1.98452867052326	-6.94141281611344	0.726384878708949
chuw1238	2.38172914849977	1.07643584806577	0.483851435726975	4.69223034584244
coca1259	-1.104085387765	1.59099522330147	-4.34858128377253	2.00792602389
cogu1240	-0.532099635632335	1.50538502374113	-3.54451450368351	2.48923464262702
coma1245	-0.847752961550132	1.55797884439888	-3.98721114253578	2.19863478478749
copa1237	-1.26158439600934	1.62500105334521	-4.7162661713283	1.77990285269074
cori1240	2.37338356146095	1.13020048491045	0.335225550072265	4.8048278784689
cors1241	-1.4709663757612	1.41743814312402	-4.49806150739856	1.105313203088
cosa1234	0.275629249433292	1.26165240857374	-2.26918753964432	2.78984762366558
cree1270	-0.321350237337964	1.56630941797617	-3.4177550200123	2.98277515711728
crim1257	-2.56246088128449	1.9966826551558	-6.91632587050005	0.738428834349233
crow1244	-1.13275934565053	1.63030875542724	-4.50022638697305	1.91228595111673
cube1242	-1.14412782168988	1.63539754148433	-4.59510807514499	1.93548664005661
czec1258	-1.28288805000182	1.38184741693002	-4.19327246429819	1.32890079606191
daai1236	-0.32872574895947	1.34258368604063	-3.25696966628132	2.242635022621
daas1238	-0.456756368247607	0.966747356630432	-2.4171222849163	1.40785660365526
dagb1246	2.26165302842721	1.10844213449786	0.266046388973202	4.59232502867446
dagi1241	-0.053735106535723	1.62040169236441	-3.37025624334489	3.17122227309284
daka1243	-0.452406465677557	1.2467662854533	-3.01813643829371	1.98578872041474
dana1252	-0.694903433949997	1.31690305436355	-3.44072840458564	1.80472541681703
dani1285	-1.32141392846511	1.39369210216195	-4.20940886618107	1.32081667449971
dara1250	-1.36865246322899	1.41649989390377	-4.36752260431582	1.3259751237045
darm1243	-0.228483786825841	1.33675975430353	-3.06614899152763	2.30862539570065
daur1238	-2.00766765310991	1.98277485040077	-6.42625913494949	1.32215504884715
dawr1236	-2.58898664431627	1.64444179227566	-6.30076259991372	0.120265940296297
daza1242	1.16897791571192	1.52053961044241	-1.52303224538439	4.5435117521113
dege1246	2.31374122632832	1.11682595674826	0.296271195919308	4.66247837923451
dera1248	0.62303451310391	1.12819453378865	-1.3750069223843	3.01693796353136
dhao1237	-0.639389006444574	1.2492316643105	-3.21821868148045	1.74876818943614
dhim1246	-0.223555154676186	1.35728967786238	-3.02517592261632	2.42456402720303
dido1241	-2.16320840765828	2.02143231430723	-6.64126541605734	1.1998174313078
diga1241	-0.25914860855381	1.34904171013864	-3.07059828597681	2.30945227290392
digo1243	2.30301035937251	1.04729661420237	0.448118418488556	4.55115531296119
dima1251	-0.255045730491096	1.34332041858402	-3.11590783381087	2.26070447622827
djam1255	-1.3212032846678	1.76520724146435	-5.23146210159067	1.86021386412932
djin1251	-1.32478715137393	1.76842523923723	-5.25389032221379	1.82729869969634
dong1285	-2.0065000717718	1.98240982227584	-6.52001703120117	1.28374567080598
doro1266	-0.150551468648455	1.66536540198375	-3.44110517158144	3.26945991578378
drun1238	-0.218095324101328	1.33811215828858	-3.07169306428882	2.32946510939807
dual1243	2.31709359549807	1.09361392753745	0.37759506965094	4.61953634287208
dumb1241	-0.465510345336538	1.23577886395735	-3.00337432698672	1.94466605437097
dumi1241	-0.2953987258474	1.33088134990214	-3.05631484036984	2.21874168263153
dupa1235	-0.620877370749369	1.2479423035304	-3.15889390111239	1.76140432999872
dusn1237	-0.581755961063249	1.24581009034977	-3.11681635006226	1.8685377130394
dutc1256	-1.30558968843347	1.39825947882937	-4.18106319460016	1.3755590476629
dyul1238	4.00640876832696	1.80311276907983	1.02652171976619	8.12126146782062
dzao1238	-0.175033108680252	1.47463950181284	-3.1216657232318	2.73609087558797
east2328	-3.04142946900488	1.9528855468046	-7.45904768110404	0.104536722085268
east2342	-0.296926998192972	1.33142369190555	-3.13307825674402	2.21431968449734
east2447	-0.379093142478799	1.2178871849567	-2.8229674666475	2.03666755748252
east2485	-0.632023560156524	1.25208933512908	-3.21072679876694	1.75128968894495
east2555	-1.10086044153047	1.57920375657568	-4.27309351957534	1.96820164743863
east2773	-0.290528637165736	1.33269500539828	-3.11115966106187	2.21346729620084
egaa1242	2.13125361457422	1.07563291828342	0.0888410807953599	4.34736260638842
egyp1253	-0.413348716147509	0.979240329598017	-2.43296983005005	1.44986469226314
ekar1243	-0.981505428149383	1.47711817045531	-4.0358134882809	1.78902877490262
elna1235	-0.901379338295137	1.54818475279886	-4.05982403018123	2.04674159435147
emai1241	2.27643665505301	1.09101722865909	0.27831783025743	4.57868954007875
embe1260	-0.632322700639009	1.55248631407479	-3.6877363808933	2.55858803715242
enap1235	-1.4618952694794	1.65647973179085	-5.11525779492429	1.60393316990368
enuu1235	0.305204255283718	1.26492692248209	-2.20177235063967	2.83430739343983
epen1239	-0.585315689337797	1.56097262375404	-3.6957863984746	2.58143004554469
ersu1241	0.00185027732229293	1.28246014984359	-2.66795520893221	2.50626055716417
erzy1239	-3.05256420160231	1.96243500566899	-7.44907553349951	0.0942309075502051
esan1238	2.2741761925212	1.08949652478621	0.264032163785818	4.51769420781471
esee1248	-0.854630704662782	1.56802457726332	-4.09606744972207	2.20316926522097
esim1238	2.37052477782249	1.13236574550962	0.339160332306399	4.78201437052995
esto1258	-3.06739884112189	1.94713307179935	-7.4749913509459	0.0502208451911322
eton1253	2.32352112877873	1.08311383733937	0.3858140051514	4.60849834060969
even1259	-2.0386996214025	1.95935778173014	-6.51236534108088	1.26085814008326
even1260	-2.03781365530215	1.96048167870368	-6.51030424095489	1.28425178216545
ewee1241	2.22939583532989	1.09527352561069	0.216343682149183	4.49000759270541
fala1243	-0.32174985433924	1.33488961048381	-3.16617537033585	2.22162666570466
fare1241	2.26800715229729	1.0985939085607	0.291985762802241	4.57663005277637
faro1244	-1.32002974766378	1.39013337551124	-4.14134916618289	1.34083579247777
fiji1243	-0.394312394056148	1.20817207501428	-2.83175533805962	2.00378417120083
fili1244	-0.733998935313211	1.25376297795096	-3.29442480271638	1.59482000426026
fina1242	-0.673812657151514	1.26292808534104	-3.21039691495769	1.67724398815356
finn1318	-3.06114559539287	1.93871599605591	-7.39201865991057	0.0329601553261417
fipa1238	2.32480612799782	1.06047417904455	0.419165190569923	4.59518717885113
foii1241	-1.3014847433846	1.73752889844372	-5.10101410690732	1.86794787317936
fonn1241	2.23012330360849	1.10733257359434	0.205811785300098	4.56561436799018
fore1265	-3.00293003330804	1.94840969747665	-7.44550461649039	0.130298375509714
furu1242	0.306726335006875	1.10102973068487	-1.7854980773399	2.65582739332881
futu1245	-0.35606140467181	1.21304130897993	-2.79301245912789	2.06017995700539
fuyu1242	-1.84407142562117	1.90007089427649	-6.09442400291502	1.35966950064272
gade1242	2.37792693174665	1.12926823688305	0.3573875444946	4.7906701944306
gaga1249	-2.55585571650939	1.97822182627214	-6.85908535445409	0.678455159042967
gahr1239	-0.225572845994911	1.33044878325385	-3.08120771680289	2.27609426869095
gali1258	-1.48200569472992	1.41478859037668	-4.50045016586701	1.1063889633196
galo1242	-0.281494530942114	1.32328763500089	-3.0476415023073	2.20239203341396
gamo1243	-2.58713888111003	1.64571354623522	-6.25276442796441	0.112454164837368
gand1255	2.33438742151823	1.04512455232666	0.473845008919522	4.59304593524207
gang1266	-0.330354459593277	1.33998117191322	-3.20821667386225	2.210543724979
garo1247	-0.246586972179648	1.335987916722	-3.04142320396195	2.30918444552488
gayo1244	-0.631161883174911	1.24461208003386	-3.18589141477501	1.73187874671471
gbay1288	0.102757973456987	1.64953527989863	-3.13307638242662	3.53589897557358
geba1237	-0.296705500073087	1.33485997600032	-3.16358370921747	2.24179262013404
geda1237	-0.402049068100275	1.2254091062338	-2.91183866467895	1.94075484575398
gese1240	-0.554198810423232	1.24742213942705	-3.10473732882937	1.77428127420409
ghad1239	0.149298990352064	1.05277840400994	-1.8758361585245	2.31819267556064
ghan1242	-0.386228481561244	1.23595901890783	-2.86071967198083	2.02334560219571
ghar1239	-0.365008426134587	1.2339057814976	-2.83084741323458	2.13196498714822
gheg1238	-1.27851466231296	1.44327440397428	-4.33395465226991	1.44221798989814
ghod1238	-2.15784300024401	2.00695618867234	-6.66288740917588	1.22020937475344
ghom1257	0.204085394569183	1.04414490627823	-1.79058415654141	2.32692374567212
gida1247	0.606038895795773	1.11739223687725	-1.39582828505493	2.94274748241953
gilb1244	-0.581406891824646	1.23248010720927	-3.07185169421979	1.81354249192309
gily1242	-0.946891811958016	2.05584500275011	-5.31164346899263	2.80679838884552
gira1247	-0.846351548471355	1.44458043785219	-3.79115699391654	2.02751661294372
goem1240	0.616177324854817	1.11883696166526	-1.3642126569259	3.01396890545564
gola1255	2.54895647787571	1.18842495368881	0.449558267359266	5.12409536563173
guah1255	-1.2191921875064	1.64438836021251	-4.59283867060342	1.82043590732028
guan1266	0.00673356030878072	1.28379357485816	-2.65844605316433	2.47163404790917
gube1234	2.56508484992264	1.16791794898982	0.559494138216051	5.09364496930677
gude1246	0.544049072557837	1.09183162661546	-1.42011405612884	2.88270915791128
guer1243	-1.26522866177016	1.61665091921318	-4.68590782094876	1.77587820904077
guhu1244	-1.00544439135542	1.47010877607997	-4.08407250290916	1.78387535230146
guiq1238	0.00493217475113548	1.27913862201965	-2.64978577202483	2.49927059845119
gulf1241	-0.410032966936348	0.986285570438909	-2.47589124950095	1.47781122721314
gumu1244	1.86564757749444	1.89972750216639	-1.3167753519258	6.22565410445223
gunw1252	-0.407726009642477	1.63167260770645	-3.64826495659064	2.8409772184312
guro1248	3.9924828563981	1.80854514543094	1.01906768373478	8.13058041840385
guru1261	-0.217589933084714	1.32239490369216	-3.010015711485	2.32538983559389
guru1271	0.445271110325951	1.06991453632363	-1.52577287936448	2.6613032452424
gusi1247	2.32498493467898	1.04922873455375	0.42140396790184	4.51308516892748
gyel1242	2.32387723040444	1.08971530018129	0.379377537915575	4.65968591413123
haaa1252	2.32976178837136	1.05801965435322	0.426117661074023	4.62174721665668
hadi1240	-0.281035510256211	0.977178707589	-2.27339971609736	1.67157848421609
hadz1240	-0.608334903015073	1.98333340085554	-4.9935865668114	2.88576329167558
haka1240	-0.322871619660593	1.33692135690621	-3.24657226262355	2.1815948607752
hakk1236	0.010311677696579	1.28015482474475	-2.62685767987921	2.49182248199294
halh1238	-2.00873629680138	1.98138609813721	-6.45255958340452	1.29514143191815
halk1245	-1.25080616091479	1.62480332305953	-4.72814622703402	1.76552062254012
hame1242	-0.886411560945428	2.02959652594339	-5.35733504139383	2.74203259614598
hani1248	0.361307285188197	1.28155178284709	-2.17597718631207	2.91938223960456
hano1246	-0.350832085348436	1.23318502746971	-2.81265081995283	2.09920695087875
haro1237	-0.66340949959724	1.24477272378681	-3.17196276263216	1.6687762050077
haru1245	-1.08383872253977	1.67857472106639	-4.56747189740562	2.01207345519126
hass1238	-0.439417933509244	0.980245615484901	-2.42598819874971	1.422091582854
haus1257	0.603333581289804	1.10699544043929	-1.36573855687947	2.92401630120395
hawa1245	-0.314978080895255	1.20663633725202	-2.74634052172606	2.11918742268578
hdii1240	0.622079460283186	1.10933583361282	-1.36432100848782	2.98411359081225
hebr1245	-0.349069953014775	1.01719142307786	-2.42092288975551	1.6083931713897
hehe1240	2.32875918637636	1.05030932308069	0.437287836287171	4.55582179820733
hela1238	-0.232424828861078	1.31710510245542	-3.01971804768881	2.23174917668561
here1253	2.25621524341033	1.06700491370721	0.317294375691638	4.52845634059848
high1276	-0.968586960228485	1.62101914074013	-4.32438143179853	2.07644783600295
hind1269	-1.37185789428979	1.43007237214926	-4.33731412969355	1.24675150575576
hixk1239	-1.4726023981158	1.64495075705062	-5.00989703159001	1.52697393133425
hoaa1235	0.582803250818795	2.00636357281193	-3.06301127202875	4.97667453087868
holo1240	2.3244307914246	1.06493906819179	0.411761372110813	4.57180461266851
hone1235	2.42292347543482	1.14496623614395	0.433577236822343	4.93661133331983
hopi1249	-0.882991506401405	1.55667122216333	-4.04753548901857	2.22993988715317
horp1239	0.0102863430185009	1.29466807184651	-2.72919697668914	2.55543656753712
hote1245	-0.488601539328817	1.22559385111694	-3.00095514396003	1.85633695786005
hrus1242	-0.987597351326067	2.01989220641963	-5.41573110820691	2.70683963068204
hual1241	-0.602975763682366	1.55898160918097	-3.69818938996027	2.48797764899257
huam1247	-0.53972511162625	1.59605926281744	-3.75022037955876	2.64970058827157
huar1255	-0.909632644385603	1.54482427000454	-4.04765568600893	2.1009503790587
huas1242	-1.07657042264759	1.61639118099534	-4.4807491738491	1.98280502006243
huic1243	-0.903337869793218	1.55509995669192	-4.08796564250267	2.06806488427224
hula1239	-0.471387687005151	1.22481429279197	-2.95219494876655	1.89327619776134
hula1244	-0.354110839965012	1.01653218335654	-2.40555072889736	1.59125597054551
humb1243	2.43531226509634	1.83259049461548	-0.581011789276775	6.56698495332743
hung1274	-3.02136569313144	1.95099323889707	-7.49617381223648	0.184885502627301
hunz1247	-2.16041248158174	2.00952771355691	-6.70087920116085	1.25640984853626
hupd1244	-1.16868505175647	1.6435393606036	-4.59710821936824	1.94006409349681
huuu1240	-0.714853125042424	1.31778128101398	-3.43778055042785	1.77972915228568
iatm1242	-0.255290481582419	1.62626291768284	-3.55012179974983	3.15343371069909
iban1264	-0.762043144561878	1.25345734394956	-3.32684455464601	1.61154347089198
iban1267	-0.538292259132664	1.23576252365293	-3.04045346651545	1.79497068676934
ibat1238	-0.649069758468521	1.25618331909801	-3.17739823843043	1.74063571804401
ibib1240	2.37464142286492	1.13097520668006	0.403311394644122	4.86045290152554
icel1247	-1.32395657499847	1.39013781857612	-4.15004724796525	1.35923807640062
idii1243	0.183969196064512	1.59354402084124	-2.92994569908688	3.55060669573501
idom1241	2.39041173926606	1.1342753070763	0.370066458828372	4.81337064612409
idum1241	-0.262771596150368	1.33868049196578	-3.03925392099453	2.24843867018144
idun1242	-0.527769811300773	1.23165410951519	-3.03555696142864	1.84037655819619
ilaa1246	2.33476718000048	1.06601131935435	0.422745959137249	4.6428201896422
ilon1239	-0.649503581589617	1.24093138828381	-3.15105981874464	1.67976426626546
imba1240	-0.533522332983363	1.56468737502228	-3.74134080935446	2.55256561057436
indo1316	-0.772252003216037	1.25308110349464	-3.36252850427078	1.58493656690588
ingr1248	-3.06952246434017	1.9388725792667	-7.4256307071332	0.0363001615643217
ingu1240	-2.16227683455091	2.03265873598455	-6.67328469347397	1.24586453859431
irar1238	-0.433333384401362	1.23142262591425	-2.917537611216	1.98643568729313
iris1253	-1.37605236972522	1.40911893532075	-4.3522910309605	1.22394625509375
irul1243	-2.04981892226428	1.92171029592028	-6.3192961158712	1.11872422874122
isco1239	-0.820577760390104	1.55451518064533	-4.01704572324244	2.1630316098666
isin1239	-0.656661246983559	1.26059266169283	-3.26395569371505	1.71835802055522
ital1282	-1.47645831557705	1.4111742843494	-4.49820479427662	1.06500679895504
itza1241	-1.09895598743555	1.62730984705425	-4.44458294978456	1.95662792824001
ivat1242	-0.648583994605703	1.25522237688021	-3.20179219185654	1.71404362645232
iwal1237	-0.399589471432684	1.21795975215464	-2.83046841371786	1.99923714301716
iyoo1238	-0.71175111809469	1.42468999957316	-3.60654506918413	2.04311110622796
jalk1242	3.99824136051969	1.79908783390692	1.05811004816196	8.105260221379
jamb1236	-0.77056604983775	1.2451157132659	-3.34150466371149	1.55624754799096
jams1239	1.04157425421485	1.59820665291018	-1.98889644796391	4.40990626018138
japh1234	0.0150892248398389	1.27859859377977	-2.59851878147743	2.5064263238321
jaqa1244	-1.25602764742436	1.6213775995034	-4.70714980305416	1.7324845186755
jenn1240	-2.04725163962241	1.91665628251065	-6.25123815905293	1.18012955845136
juan1238	-0.621055779380106	1.3451531902957	-3.41909102108945	1.93052560197827
juku1254	2.42578791969447	1.15299858663139	0.407663873510594	4.91304955612796
jurm1239	0.23655303410623	1.10624901802455	-1.85489908766788	2.54538073086063
kaba1278	0.316849190985817	1.70073088687519	-2.92041190831772	3.86961432955753
kaba1281	0.319059248922395	1.11266987513162	-1.77337391850923	2.69110934515379
kach1284	-2.58025504092242	1.6356104382309	-6.33115172999339	0.0770272468244984
kado1242	-0.265852215588117	1.34109187040707	-3.09209261602275	2.26018571379693
kafa1242	-2.5868176937836	1.62961454575874	-6.38674995231852	0.128303781228253
kaga1256	-0.731536296277119	1.24606947793718	-3.3172549460695	1.58417436101919
kagu1239	2.32149792676658	1.04579170300047	0.470202657104783	4.53539765175784
kaki1249	-1.34251042816718	1.81946187066806	-5.28889561802032	1.84505336401411
kala1388	-0.749567365773417	1.24607533612711	-3.3259181716119	1.57172893504416
kala1399	-1.1669830028474	1.6546583057481	-4.64711173726459	1.95241381189255
kali1308	-1.25557864824716	1.63356185604502	-4.70884352411686	1.77655331681279
kalm1243	-2.00905950414627	1.9826093655948	-6.45566740822114	1.2760451629161
kamb1297	2.14956681188032	1.02377420909997	0.237945354472518	4.26979587259328
kamb1299	-0.617211661842822	1.24839118567723	-3.23348072747975	1.77600364188855
kamb1316	-0.304577779559469	0.977707017218378	-2.26449850165223	1.63342688462867
kamm1249	2.29444343978559	1.1133696373749	0.262108906165884	4.67462885981278
kana1286	-0.536530941051944	1.2773103524886	-3.11430109748394	1.93823734379888
kank1243	-0.675013453320371	1.25134807450931	-3.18180841358189	1.70938268044843
kaqc1270	-1.0989389660468	1.62350952527509	-4.47638699966899	1.96003969757747
kara1482	0.296486900152761	1.10897034437711	-1.80513985467381	2.62785403106694
kara1486	-0.514757473867885	1.23756856717894	-3.02984357922392	1.90026234836425
kara1500	-1.09922182726029	1.60711905330051	-4.41281869862942	1.92947995247533
karb1241	-0.3257761300054	1.34300530457709	-3.24548890871572	2.17832481971618
kare1335	-3.06632272187712	1.93684371490623	-7.45392340704254	0.0573945282801841
kash1277	-1.37983427987563	1.4236259505965	-4.35358828224466	1.26602015994615
katb1237	-0.359284207353037	1.22685508252682	-2.78002898154887	2.09148213160119
kats1235	0.223229180970492	1.28324427315093	-2.37192770000837	2.76319767305643
kaya1315	-0.298234965765837	1.32897946425508	-3.12882776424519	2.27040641318134
keap1239	-0.483962993550622	1.22361175452136	-2.99926701399103	1.88060234677201
keig1242	-1.36771159836761	1.95229963475617	-5.70891352573704	2.03240233665597
kele1255	2.32886343165952	1.07357234798101	0.417839092713185	4.65978077797613
kele1258	-0.584128156607191	1.23479889805309	-3.06279782200557	1.77342528237112
kele1259	-0.646519457322158	1.25178378605306	-3.20668617986117	1.75767781646014
kemb1249	-0.500239638855934	1.21676894295638	-2.94927134199734	1.86237333063904
kens1248	-0.588370952993622	1.32889500107241	-3.263124961032	2.00206374276965
kenu1236	-1.095416874227	1.93052287040318	-5.17089991413342	2.43005388693053
keoo1238	-0.606111113809123	1.24811427967871	-3.18470831299655	1.75260289681391
kera1248	2.55679173636645	1.18087044023991	0.524910393370783	5.18520017369826
kera1255	0.580771140573017	1.11249935157965	-1.4223836488454	2.9481902963806
kesa1244	-1.07327193007154	1.46426360468148	-4.23020447687515	1.67149411292397
kett1243	-1.21328818315033	2.11098493767535	-6.00433504165789	2.60225803526711
kgal1244	2.38518349292286	1.06695759467956	0.499905729303502	4.65077028553106
khak1248	-2.5584759359718	1.99239217889811	-6.90690124904321	0.725472687612015
khal1275	-0.295825573461477	1.3281378558279	-3.03779932581674	2.20748006290575
kham1282	-0.230381952836685	1.3118678615308	-3.02475277498677	2.23934251159581
khan1274	-0.717146904879979	1.31345855023497	-3.44670531524777	1.75540840313245
khan1278	2.37607057925274	1.13805679439659	0.358240379917298	4.77969148500335
khar1288	-0.333306216845442	1.33871009281072	-3.19857752050945	2.20210087106599
khez1235	-0.322565017896072	1.34062981979806	-3.22893140735443	2.19336087318095
khin1240	-2.15321996459693	2.02860825913928	-6.75621451032313	1.25118075251733
khmu1256	-0.670884306275534	1.33564192249295	-3.44686547188567	1.89741375230645
khum1248	-0.321406682795974	1.34683445907727	-3.24370510152584	2.18654894946273
khva1239	-2.16314846772899	2.01268327755361	-6.60834077298481	1.23299804886791
kiku1240	2.18632151293686	1.03252399427205	0.288819895023407	4.31610052824449
kile1243	-2.03906707251733	1.9667488376513	-6.43729571416889	1.28092087147553
kili1267	-0.51110944171737	1.22270603263626	-2.95127154489087	1.86414473627865
kimm1245	-0.187184597729211	1.46458637584083	-3.15616456713286	2.66980034835536
kimm1246	2.28775031341312	1.11199126109925	0.29867407613906	4.68371081006423
kina1250	-0.749829121518615	1.25462797379678	-3.3285348756132	1.61377643055191
kinn1249	-0.229851030562567	1.32065487192332	-3.04945645514454	2.26886067455876
kips1239	2.16007097968742	1.50963724273612	-0.470041243721597	5.57450281772384
koda1255	-2.05446064333871	1.92648838792416	-6.31723213484795	1.20839251360371
koho1244	-0.35362799663653	1.31008754791574	-3.03497028054704	2.25750124143792
koir1240	-0.314185598718272	1.33224902400007	-3.18605114674848	2.25746287969349
koko1269	-0.409002380536495	1.24559593581837	-2.96265539651406	2.03892049461043
kolb1240	2.25697345894747	1.10770254345711	0.237797282108821	4.56728537261247
kolc1235	2.32740893374379	1.0823413968647	0.419940665429567	4.61875060181663
komb1274	-0.940720232765276	1.46281834753128	-3.98332267606732	1.77856238049757
komc1235	2.41616014093658	1.14560970359579	0.424150718741601	4.96118580829747
komi1268	-3.02678172332352	1.95396876665947	-7.39018618913461	0.165387381718441
komi1269	-3.02717520842456	1.95059196389995	-7.44033295822095	0.159349786860226
kona1242	-1.36956969350129	1.80328695788983	-5.31628647932154	1.80022485087818
konk1267	-1.37218196377626	1.43426737623936	-4.34470500474519	1.28718725081362
kony1248	-0.236538997511124	1.33249517042333	-3.00517465132066	2.30259724182094
koon1244	2.33575707237753	1.07832416025002	0.399033889421338	4.67694122455084
kore1280	-1.5025324238435	2.1225673581036	-6.19060781786904	2.28166309209409
koro1298	2.25905572324767	1.10052185411634	0.290887615093722	4.61673626111313
kosr1238	-0.573841135887495	1.23349514553863	-3.07649560475746	1.75811452924873
koti1238	2.37996606814348	1.07555778703418	0.460769801399126	4.69398209000463
koya1251	-2.03327560068099	1.91708248608132	-6.29051654569476	1.17924728113159
koyr1240	2.43009469104729	1.82794260223711	-0.557528285732873	6.58326957134556
koyr1242	2.43546008898676	1.83188502539314	-0.574288067705735	6.53378303195793
kron1241	-1.373142139881	1.92383574561147	-5.71136400734978	1.91764729906985
kryt1240	-2.16049723715849	2.03245651724961	-6.73609612842885	1.28488221073245
kuku1273	-1.60322544873982	1.72728034035398	-5.28960025951703	1.50083077356624
kulo1237	-0.637137106490128	1.29887385411573	-3.32480544598272	1.86871407053385
kuma1276	-0.512639278258048	1.23889141362564	-3.11072242440756	1.89879292404019
kumb1268	-1.59933960709168	1.74458976360382	-5.30423511482002	1.49582966264479
kumz1235	-1.35391429545973	1.42844363885289	-4.37405994513022	1.32515179928792
kuna1268	-1.0715473496873	2.04107122607666	-5.60679957306505	2.51333349487021
kunb1251	-0.463894402926114	1.63153199560023	-3.68827102280879	2.74250732864782
kunj1245	-1.60142196315072	1.7439226974357	-5.31678176595459	1.60415668847641
kuot1243	-1.30519920475247	1.82954363683456	-5.40968496785124	1.96718949625309
kute1248	2.41736975367163	1.14199986452736	0.428275966969723	4.90275326149078
kuyy1240	-0.693694243184978	1.3357616033119	-3.47006621836448	1.79947002585055
kwai1243	-0.352793179582808	1.22875291255425	-2.81564876442949	2.16618300024778
kwam1249	1.42863493680694	1.97174616032586	-1.90438663605008	5.98294547332151
kwar1239	-0.354372294849012	1.22968844121325	-2.83519962990079	2.12636545100536
kwaz1243	-1.15657923621405	1.64429794504715	-4.6447190749248	1.87837829341344
kxoe1243	1.06893996640757	1.52384394604453	-1.79324718766981	4.25914871030237
kyer1238	-0.230834407499477	1.31995585816298	-3.08010741884837	2.26120255502692
laal1242	0.476407664195197	1.9801916017008	-3.13316394274318	4.85152401630962
labu1248	-0.521520997555609	1.22418681329966	-2.97037974717144	1.85039281795618
lach1248	1.31050014399162	1.54082098979847	-1.52949475081556	4.62364646355613
lagw1237	0.615371837739975	1.10717218843084	-1.3637133634619	3.00628515110269
lahu1252	0.292966223355172	1.27194190959568	-2.2183160257557	2.81861750702849
lahu1253	0.274942087347126	1.27806287661261	-2.26964570931965	2.82843524275002
laiy1246	-0.622824685092375	1.24233866766593	-3.19824490872833	1.70550988150387
lakk1252	-2.14357941292548	2.01598653670723	-6.73227926040327	1.24708189046722
lala1264	2.34437660655267	1.06683848517073	0.440756493291142	4.61993750931834
lala1268	-0.493699811945253	1.22577885965451	-2.94657245923569	1.85506504515111
lama1277	-0.629653120676728	1.23720434349782	-3.24312135686753	1.72875528154198
lamb1269	-1.36543719094882	1.43160139681413	-4.4020999597035	1.27879641535622
land1256	2.57162997560979	1.17238313436033	0.542150975332018	5.09906046589864
lang1320	2.2078798273403	1.05125640621859	0.295582968750307	4.39912789671863
lash1243	0.314193445833103	1.27247555993076	-2.19957470077503	2.86427019548618
latv1249	-1.31801918831416	1.40597376646321	-4.24659140774636	1.25772948591283
lave1248	-0.400815630840676	1.31832752386661	-3.0702556389361	2.13456609994718
lazz1240	-1.96282036747662	2.02417605531714	-6.55647376505984	1.53346795509045
lele1276	0.592373340282471	1.10839812722368	-1.40847306870947	2.99155985055805
lena1238	-0.492936382751776	1.23272017635329	-2.97092834002921	1.87703162569986
lend1245	0.173325828756247	1.13942049175336	-2.02479787076477	2.47094410736005
lepc1244	-0.271988355882524	1.32796181197649	-3.04486737159384	2.24193583951693
leti1246	-0.501146814973986	1.21913082979011	-2.96872536359508	1.83010837386996
lewo1242	-0.511206873924999	1.23039000206596	-2.99647172215908	1.88419680658189
lewo1244	-0.625228906755111	1.233654390692	-3.24399058442469	1.68479944380443
lezg1247	-2.16068259997732	2.03360600750172	-6.77764593067437	1.28973606548923
lian1251	-0.310878716960659	1.34490021605963	-3.17258263711736	2.21594550290588
liby1240	-0.435768918566209	0.983254782216225	-2.43746426666004	1.46189488252114
liji1238	2.38338301794725	1.13965820302641	0.343250617192077	4.84825648031611
lika1243	2.29286446532397	1.09847291563576	0.2784345289964	4.59938494742778
lill1248	-1.24880788473875	1.63260709783836	-4.70179668979326	1.75293871851464
limb1266	-0.286307260502494	1.32325363574142	-3.0555585666307	2.16955893538818
limo1248	-0.667036345960712	1.26061869107267	-3.29446092724422	1.72154113423835
ling1265	-0.356242463172654	1.22849198304256	-2.79813635561869	2.10405557419127
lipo1242	0.219993950242184	1.27895335102417	-2.32340699682395	2.7933865649188
lish1245	-0.36394095228419	1.00789508915571	-2.39115428360386	1.6064293464901
lisu1250	0.217111404847788	1.26817291991144	-2.32233562019535	2.70944007283955
lith1251	-1.31611397399077	1.40622136161373	-4.24029400802024	1.27771905886971
litz1237	-0.354718710028554	1.23141683674768	-2.85659828622029	2.09472972165801
livv1243	-3.06849914164771	1.93788806849844	-7.41150900843914	0.0488293309513718
lolo1259	0.221695428862313	1.27439506726939	-2.36793564519928	2.74398154754738
loma1260	3.98243202746194	1.7963461458563	1.03681811239546	8.09680419714415
lomb1257	-1.47703366268304	1.41476152794971	-4.4160367367367	1.13250670575434
loni1238	-0.585283351845732	1.24473470677086	-3.12196653929417	1.79485874088948
lonw1238	-0.511286216965826	1.23387919210236	-3.01205178300637	1.89366519655791
loth1237	-0.321702904247815	1.34095022626783	-3.18628285765331	2.22853904561681
louu1245	-0.585548348045187	1.23814375873695	-3.10117169935778	1.80773429661179
lowl1265	-0.907267600757378	1.54542654868627	-4.04528504151214	2.12198100197843
luan1263	-0.496805565184526	1.22179542849311	-2.98951330252202	1.84775542670679
lubu1243	-0.665215169167065	1.25120594357768	-3.28883209603006	1.68858416683751
ludi1246	-3.06832393825901	1.93735722013034	-7.45237819695334	0.0360302697260784
lugb1240	0.365798412665563	1.16345768604845	-1.8180273977984	2.80031108919725
lule1254	-3.05228707469715	1.93176411708644	-7.46240497571617	0.0233142148969538
lumu1239	-0.3036990315875	1.61204644983294	-3.59916713234034	2.82909075086838
lund1271	-0.566061276152409	1.24453536169793	-3.13218863850181	1.79121811164218
luok1236	2.04563900483287	1.47675261597532	-0.55869424139784	5.26242436428145
luse1252	2.36419259568155	1.08013896364402	0.423363922791584	4.71255881213167
lush1249	-0.314069564760269	1.33470040797409	-3.15611626165032	2.22210396178719
lush1252	-1.25610849255163	1.62975329476075	-4.79054067630257	1.78364668368492
luva1239	2.27560611000543	1.05763065383812	0.343947150039112	4.49844783674047
maan1238	-0.651495917795567	1.23926369090872	-3.23970236257702	1.72601340877874
maas1239	2.57384460346363	1.19246797046813	0.535382216300524	5.16770780767833
maba1277	0.480366536357526	1.63365345948918	-2.75746491636552	3.76909633346758
mace1250	-1.30835889542767	1.39329477831744	-4.25298911704275	1.24549481667134
madi1260	0.372091862134381	1.16460303721076	-1.82325888434041	2.77899968436565
mafe1237	-0.335063893348212	1.23293665043716	-2.81497047479399	2.14295713845405
maga1260	-1.37238237543444	1.43132661200172	-4.41958374738652	1.2989806980647
magd1235	-1.2708190283904	1.63227532665394	-4.76561736774539	1.75904810779229
magu1243	-0.677441762316774	1.25475402645548	-3.20728177221767	1.7029068434999
mail1248	-1.36529094447322	1.70641603920916	-5.07738437620049	1.74266662126104
mait1250	-1.37000141924703	1.43141422304672	-4.41105940915668	1.28476526286976
maka1304	2.32892384639697	1.08492404899135	0.387368258683502	4.65434459057253
makc1235	1.16343154316617	1.4949473222137	-1.63299163419839	4.37023189512733
makh1264	2.37724808643294	1.07133615222096	0.491841760719034	4.65167674678357
mala1464	-2.04819066410049	1.93110370904124	-6.25676243288466	1.16198988744019
mala1479	-0.769773508252981	1.24983388193956	-3.3912816640062	1.58459715837198
mala1522	-0.53405311876214	1.50358562149494	-3.50406445366031	2.48761023858098
mala1534	-0.563295387971131	1.23776701219459	-3.10095574833675	1.77080463249883
male1297	-0.633937901674879	1.53591027970573	-3.76386688517764	2.43737236214415
malg1251	0.605490976076388	1.10832383072957	-1.3708944266777	2.89113184614343
malo1243	-0.342539567331493	1.23238821042102	-2.81180032604052	2.14816750269675
malt1254	-0.433377344611886	0.988900989807256	-2.43822464429136	1.49823514511827
mamb1306	-0.478103881942947	1.22511408174274	-2.92411868027479	1.86736433794874
mana1288	-0.218983996742228	1.32235272991198	-3.01627390876143	2.29887002307404
mana1295	-0.503554305675875	1.22890915774841	-3.03299179558615	1.88190669868033
mana1298	-0.430888206721866	1.62863943789346	-3.77957090233539	2.96197977065932
mand1415	0.0736898539041346	1.28757179282929	-2.54498986267111	2.62900580387927
mand1423	2.31123575197435	1.04301089092127	0.428472384423197	4.55008312168851
mand1436	3.99356625748375	1.8062596387631	1.01993449727194	8.08436140581757
mand1440	-0.508502860543555	1.22904264812066	-3.08144786576782	1.8636225911918
mang1378	-0.504294086404002	1.31630587612574	-3.23969716570147	2.08767697148913
mang1381	-1.28276176662794	1.8559460738911	-5.1483095736878	2.03509167870784
mang1394	0.190805213783823	1.11851949318315	-1.99098425154963	2.4689590737617
mang1401	-0.353927048702233	1.20242022314243	-2.77428049661998	2.0615376761855
mang1405	-0.597528345869372	1.24310393747034	-3.1478292947663	1.81651707213066
mann1248	3.99328321653015	1.81395715223153	1.00057290784263	8.17780515071012
manu1258	-0.520039555999043	1.24258014784505	-3.06932782839827	1.88840970457573
maor1246	-0.33915068754282	1.20813362152633	-2.75425638049496	2.04302101972386
mapu1245	-1.0807944166751	1.64690952285792	-4.61694515173828	1.98607976030504
mara1378	-1.36860778049601	1.43197364176166	-4.3975120591861	1.32335917361343
mara1379	-0.312926721745707	1.33327093297389	-3.1526101701683	2.21198799932948
mara1382	-0.313925153628192	1.33846074920536	-3.16768849089103	2.24646536443203
mara1404	-0.630010040007259	1.24068649547049	-3.13513057118091	1.70835967409534
marg1265	0.613175733417089	1.11264278556334	-1.35201775785006	3.01826027390988
mari1428	-0.414924975421783	1.21780769873124	-2.84088326368473	1.98340777117896
maru1249	0.234795279653332	1.2735374870847	-2.37003629368744	2.76851792025421
masa1322	0.552784567634218	1.11873835612389	-1.4394208414535	2.95143826981266
masb1238	-0.756304409883755	1.25699940967183	-3.33220272832044	1.56388344882372
mask1242	-0.358557155153576	1.22160161044005	-2.83609160089099	2.01134530577119
mati1250	-0.730208384831412	1.25175190343532	-3.34946856269742	1.64785346338882
matu1261	-0.45884551604172	1.22038541913947	-2.9777281355522	1.9409485009513
maun1240	-1.08341899933322	1.73701180760954	-4.76516245250458	2.15523443233581
mayo1264	-0.905818884741662	1.54776717649085	-4.14917721202601	2.061607084529
maza1304	0.487977779566466	1.08672823023292	-1.47230549588349	2.77910206410296
mbay1241	0.30948952093313	1.11217989127367	-1.81286707510418	2.65773210861134
mbul1263	-0.434530623580295	1.22937012915193	-2.89031048181149	1.93674003211245
meen1242	-0.443862501915117	1.49235297192437	-3.43215735562252	2.47648459128032
mehe1243	-0.445125582421724	1.59654399309091	-3.67657155377842	2.78003606798943
meke1243	-0.497306132978811	1.22259547035402	-2.91956645789259	1.86615572859883
mele1250	-0.346163494942946	1.21073524530056	-2.75074535278221	2.08131154785264
melo1242	-2.59017828500723	1.6532029576391	-6.3623755088527	0.121797027454943
mere1242	-0.354646270903204	1.22693860435684	-2.83040130260593	2.06359286118604
meru1245	2.15102227898505	1.02303850433252	0.237642184938246	4.30350998121882
mezq1235	-1.25144325329545	1.62270784839867	-4.66971805259088	1.81045904718977
mich1245	-0.809460093129636	1.53797624706515	-3.94915672724458	2.16329696012983
miju1243	-0.19720073689834	1.33465963032604	-2.97470091018012	2.40325971226148
mika1239	-0.368657256756651	1.56041796609209	-3.45271273187182	2.81307726825609
mikm1235	-0.197551309605238	1.55507019211956	-3.23797868621867	3.02194917702251
mila1245	-0.278208418604022	1.32577398658937	-3.06604191341083	2.20165379460026
mina1268	-0.761990027338707	1.25252968991071	-3.37707128228786	1.63195062129804
mina1276	0.49733746418465	1.08492697477394	-1.4651457439583	2.74511266120135
mini1256	-1.25597573277162	1.6201081357256	-4.60510325642986	1.7558117063551
minn1241	0.0754103969201395	1.2958890415133	-2.55960982225987	2.63060667235966
misi1243	-0.506629625884112	1.22132711904201	-2.95817812039776	1.85259578139563
misk1235	-1.07475086891734	1.64937061630015	-4.61449817408062	1.96559950325415
mixt1426	-1.26266044982434	1.6340171364846	-4.72630311223398	1.83451787253201
miya1259	-1.21455109140869	1.83676337454748	-5.25573962287979	1.9889948420124
miya1266	0.595827265382501	1.11167246780828	-1.38497675867388	2.97500074649171
mlab1235	-0.666857547535584	1.31878490889648	-3.38562559726917	1.80749159657865
moba1244	2.26733574158585	1.09256538198258	0.296268791718912	4.5850940159857
moco1246	-1.29726629300465	1.63862806288087	-4.83018856610418	1.72670740319511
mode1248	-1.06505763792766	1.41655173208474	-3.98063949427223	1.65807326791324
moke1242	-0.618920261962786	1.23295176418396	-3.13982274828113	1.80359510345871
mokl1243	-0.61772529871146	1.23001387688226	-3.11933957446179	1.78117524502794
moks1248	-3.05572032641445	1.96075401637004	-7.52339091504102	0.0904687419434456
mong1338	2.36110524931253	1.08403227665436	0.43367771054153	4.69141878560146
monz1249	2.2919462854971	1.10544908173707	0.284677305375701	4.66174544412428
morm1235	-0.574143402432845	1.23917511641571	-3.0208415539626	1.83477649453063
moro1285	0.599394328872072	1.8858240710603	-2.86632818073808	4.88910203750955
mort1237	-0.581673421126524	1.23074907793407	-3.02793204738439	1.77255403827399
mose1249	-1.22103361297677	1.63159306160957	-4.71495694532441	1.84830785960816
motl1237	-0.352386466186024	1.22739124419965	-2.80298024414859	2.09866634610087
moun1252	-1.21559069057289	1.64448811311596	-4.72755484511711	1.78034815903701
moyo1238	-0.311161780063045	1.32115729301131	-3.11981369553481	2.23545151546224
mpad1242	0.611163806495823	1.11889613444854	-1.3929125713857	2.97067746216329
mpii1239	0.303325842085926	1.27339657019996	-2.25166730119173	2.79033472890761
mual1241	-0.766540674819212	1.25484151464037	-3.36565694769156	1.59150426007588
mudu1242	-0.418212010764837	1.23429530970113	-2.87487481319407	2.0678585231391
mull1237	-0.808501172282023	1.67649278065125	-4.34197730281476	2.47038925422385
munc1235	-0.328735958695991	1.33985137560528	-3.19522564986381	2.23802298036781
mund1320	-0.627702292611066	1.35360885781653	-3.45872394950316	1.89814785645107
mund1325	2.19312387870365	1.09758085638332	0.20461824279094	4.51750407362116
mund1328	2.03002936754898	1.0856445620789	-0.0423394032457161	4.28540861968905
mund1330	-0.896021853377574	1.56884931787236	-4.02323375827874	2.22183475367335
murl1244	-0.382651504812003	1.48758132344954	-3.39341630032859	2.49596476393589
muru1274	-1.25577282877292	1.62329690748523	-4.6296104272878	1.75623659351752
musg1254	0.596869154352683	1.10943678266624	-1.40049524727793	2.94941063590865
mwag1236	0.624516350432214	1.12340718062308	-1.38824974078434	3.05628515324981
mwan1250	3.987488536332	1.79894887246925	1.00921184315315	8.10476641350309
naka1262	-0.470842305460584	1.23018856104895	-2.97208086660553	1.91234527565527
nali1244	-0.514184945203516	1.2368938863811	-3.05306920963482	1.89974391335921
nama1264	1.01343756778749	1.51931827402689	-1.84748438399994	4.15378408637496
nama1268	-0.390121683333205	1.23365797652528	-2.83950837045617	1.98086549294836
namb1293	-1.58178961266004	1.67416028865566	-5.2754494028861	1.33205511325016
namu1246	-0.0125445010629825	1.28718311139736	-2.67274254364419	2.5166981597761
nana1257	-2.03718959454043	1.95750916501112	-6.45657651740141	1.25143511263226
nand1266	2.15999292465775	1.51238739611551	-0.452378210420815	5.59442254479968
nara1262	-0.995406216343848	2.08890752579527	-5.74863996661133	2.68675606484971
naue1237	-0.413917782297686	1.22623554874248	-2.93789992803809	1.9527106440439
naur1243	-0.561373332042961	1.22821821544623	-3.08893450050157	1.80686754390741
nawu1242	2.21058449246264	1.09632255437584	0.159541683180906	4.46914769130505
ndog1248	2.29629087990253	1.09789266386102	0.30871460939929	4.63474620549619
negi1245	-2.03940682086348	1.95942210320013	-6.46962436352255	1.24346760684579
nend1239	-1.03045163638347	1.46772237716312	-4.1125601004077	1.79502943871388
nene1249	-3.0045539201047	1.95518974401313	-7.46371971041179	0.154113211021773
nenn1238	-1.5741235771551	1.6821596372299	-5.35314041212199	1.35652628479834
nepa1254	-1.36070384011195	1.43419119634723	-4.4214165449679	1.3286702966813
nese1235	-0.377623464074308	1.22175483902614	-2.83018338232667	2.04742780612859
newa1246	-0.289940698318888	1.33179200648106	-3.08342424420334	2.2280857234636
ngab1239	-0.689179258151365	1.4995579475787	-3.7599395915426	2.17947552230931
ngam1268	0.314561112905236	1.10787053863472	-1.77511496612508	2.67352131993645
ngan1291	-3.01063950368351	1.9592603375467	-7.37703345504074	0.154947709923833
ngar1284	-1.39986958849069	1.96476890138545	-5.6812884584413	2.10518492791977
ngas1240	0.629377782925142	1.11161388080199	-1.36517102153332	3.02952172340562
ngba1284	2.29227750280471	1.10723105123831	0.326639972496865	4.66152580102397
nige1253	2.56459079176138	1.19144326274382	0.573306159190722	5.21430261059453
niha1238	-1.6140407748084	2.02607923610148	-6.13924442882995	1.96746099928398
nila1242	2.34681423710126	1.06863377993858	0.436618420076064	4.56204055857809
niua1240	-0.390789017286152	1.20719405148199	-2.89143184767275	1.92205128478296
niue1239	-0.292660116255478	1.21459684409321	-2.71642668895325	2.10345327679457
niva1238	-0.753225488294201	1.59319472232951	-4.0260283592518	2.30735263515083
njan1240	2.16493615657575	1.09434437858861	0.110757501195335	4.48579231275585
nkon1248	2.21167355760596	1.09599337119885	0.179831383223906	4.48198108032117
nkor1239	0.99193672477402	1.977647851709	-2.48792572346189	5.36375054964239
noct1238	-0.237303695859426	1.34101366186419	-3.04694570930232	2.2932900615506
noku1237	-0.360768314686103	1.23382959641282	-2.8368136561732	2.06409941565901
noma1260	2.32239333539689	1.07691204817728	0.39876028752669	4.6922751264443
noon1242	2.55697026765955	1.18545857525133	0.534948566112451	5.17162870489648
noon1243	2.34318409016647	1.13688258174298	0.298267440952203	4.711651217812
nort2671	-3.05327507394162	1.93438254631182	-7.46110696860582	0.0505182779486996
nort2684	-0.491222967733637	1.32355903563197	-3.22175596408466	2.10516224538583
nort2690	-2.55769451463126	1.98281406266975	-6.90696462113297	0.663122030888913
nort2697	-2.55980510172993	1.97684208393409	-6.81400273982758	0.681469437165747
nort2702	-2.03624233006048	1.91779597322443	-6.39710283490301	1.14129729795054
nort2722	0.0134490495000678	1.27080160979129	-2.59871925231132	2.56084248552052
nort2723	0.00471771284071737	1.28493618908632	-2.62912075418814	2.51757458550497
nort2732	-0.197313984757159	1.3162307862652	-2.93979359464583	2.33105238672082
nort2745	-1.1286944727072	1.83218439252266	-5.08702336616204	2.30629729994972
nort2747	-0.0575649042633506	1.45486311045692	-2.97346548230574	2.82747115809111
nort2774	2.27877665050195	1.10902701542975	0.222112119135405	4.64487909874847
nort2775	2.29707825157218	1.11144506600913	0.289823922376986	4.71889318902907
nort2839	-0.515231416888205	1.24205804177871	-3.05658203884803	1.88559284053447
nort2845	-0.355376964579727	1.21148996564049	-2.76777999024867	2.02210981075727
nort2877	-0.672556368687826	1.25380441163493	-3.22444457946463	1.67530333891074
nort2885	-0.733285673852692	1.25140955224426	-3.29372309152634	1.67468286189991
nort2930	-1.0537426151643	1.70010780774744	-4.71442860241766	2.13914060547016
nort2938	-1.13760515498901	1.63620113279658	-4.62029974829012	1.94442125982446
nort2942	-1.1944759556304	1.60738208765282	-4.62629345510894	1.74158958489647
nort2951	-1.0461579933773	1.62806224934659	-4.41243031139966	2.01467050920489
nort2954	-0.868047478254533	1.55211064777004	-4.02626821384216	2.2352466035063
nort2957	-0.871670933310579	1.53812985886378	-3.9912409977502	2.13071004744521
nort2959	-0.926497747632689	1.5569180839272	-4.17013511388072	2.07339759572112
nort2961	-0.321615802570407	1.56622244826104	-3.40734467382244	2.88122585841349
nort2972	-0.632590288513325	1.55642030603901	-3.71691590197366	2.52912706582445
nort3139	-0.417037879680423	0.976333718162395	-2.41082514105102	1.44245919940215
nucl1235	-1.23651735149355	1.41980955693135	-4.21753460502224	1.40251661637752
nucl1301	-2.55806773525055	1.97856587378634	-6.84171185864493	0.722800970599028
nucl1302	-1.9561992379839	2.01650621142854	-6.44772645021652	1.58505124354881
nucl1305	-2.04736659819013	1.91163160523481	-6.3324994547351	1.11627257683153
nucl1310	0.224048756561608	1.2789549351606	-2.33343586929979	2.7646373758642
nucl1347	2.56637136270109	1.18211711956908	0.527920593810622	5.14287956015091
nucl1417	2.40107038028187	1.13966613416635	0.4089491268527	4.88662735694219
nucl1458	-1.15733289067551	1.74840399446068	-4.82221119022246	2.15208910092168
nucl1593	-1.2707529795754	1.71260107545208	-4.95225386276743	1.90590859873089
nucl1622	-1.37485406686699	1.75487298175897	-5.21709202228816	1.83598983004387
nucl1630	-1.21387563832587	1.66342799219638	-4.8102229553724	1.90503016116637
nucl1632	-1.16184411782238	1.71950473523793	-4.84481049883261	1.96598510136544
nucl1643	-1.19867399874081	1.820390835001	-5.28554083620848	2.01017106202457
nuer1246	1.95559477333594	1.44978350845019	-0.640117690102953	5.10439628380809
nukn1238	-0.727799858451023	1.44267488108934	-3.65988434164221	2.04529984284373
nung1282	-0.221136073620302	1.33824702329163	-3.02951007101835	2.33481887741929
nupe1254	2.39999280960783	1.1428344069012	0.368142789021088	4.88337270381191
nusu1239	0.259758435349669	1.27725613020198	-2.32637495785909	2.76636879769361
nyah1250	-0.577955276426982	1.33474939544383	-3.31931142452721	2.02884001885057
nyak1260	2.32011550980344	1.05506689336537	0.424244205195146	4.61499260883114
nyal1254	-0.5183454297069	1.23517570081583	-3.06873261548694	1.88071807773165
nyam1285	0.622406558092997	1.12873795804274	-1.38399005866352	3.03815940908857
nyan1307	2.33767196794603	1.04193422120413	0.47562445130841	4.56234562581571
nyis1236	-0.282202520080517	1.32331807167255	-3.03174784548996	2.25025966876211
nyor1246	2.33804692172123	1.04290093139246	0.49526149902143	4.55797529222472
nzak1246	2.09676212259689	1.07612724930653	0.0968982325162483	4.35566228224158
occi1239	-1.47720053238404	1.41701589303879	-4.47300018546816	1.1343352869043
ofay1240	-1.10813208044273	1.61404469598081	-4.46790358759904	1.99121069325555
okan1243	-1.25463327011054	1.63328999428823	-4.70645236500699	1.73789062666726
okoe1238	2.38738902781735	1.1308463116307	0.354475528580872	4.84555254711751
onon1246	-0.343364765938573	1.58725379951281	-3.40905800013626	2.92817065229033
onto1237	-0.357416439377385	1.21204780168122	-2.75100209072091	2.02779831142381
oriy1255	-1.36812061675009	1.42521899645132	-4.40755468669615	1.30297663236636
oroc1248	-2.03661211810726	1.96572756334459	-6.48007967374194	1.26459343862223
orok1265	-2.03999128319429	1.96085672832001	-6.45641725650964	1.20812553292159
orok1267	-1.50234001687869	1.71401657092104	-5.23970691323625	1.56815097695835
orok1269	-1.00887442783226	1.46461558756543	-4.07100607265621	1.75389315776673
otta1242	-0.320281198075537	1.55616221242342	-3.37889336591601	2.87892773180072
owaa1237	-0.336030655104305	1.22699238333279	-2.78422367967292	2.13338878331707
paaa1242	0.583010255288757	1.11180458062314	-1.41276074108705	2.95798770774404
paas1238	2.26254969912352	1.10000642315914	0.285909993941837	4.57320035296002
paco1243	-0.687203382726652	1.34089753863927	-3.48159855218694	1.80728182376063
pahn1237	-0.102392748826978	1.45920573346576	-3.00385452101983	2.83019663182742
pala1344	-0.623410352514357	1.24291160480347	-3.15231696014754	1.71864306084571
pamb1243	2.29725069104426	1.10259262542146	0.324757666970626	4.65847614662133
pamo1252	-0.523658542877534	1.23068086896711	-3.0279415383364	1.86596259959679
pana1307	-1.03703634934794	1.57599022814848	-4.29592631302831	1.94428905607332
pang1287	2.32157192379091	1.04479788477605	0.434652933626258	4.55529106954002
pang1290	-0.657914999279107	1.2522674295306	-3.19665723689544	1.68490569850199
panj1256	-1.37213190478758	1.41219884428303	-4.39859611880812	1.24016341717163
papa1265	-0.496084946333948	1.23504185921872	-3.04295716546785	1.92793731417096
para1301	-0.688720168990671	1.31449422744176	-3.40985357127733	1.77794064522474
para1302	-0.322913374597081	1.33881889682853	-3.22164279721317	2.17626093710876
patp1243	-0.495569289160084	1.22004347484352	-3.01083518414762	1.88601489408576
patt1248	-0.226700435122625	1.32674223679778	-3.10522268311538	2.26323123174015
paul1238	-0.472621797782989	1.23347341717427	-2.9177365690735	1.90592008680551
pech1241	-0.679159459503675	1.5386753736996	-3.80202604187026	2.36359190744409
pela1242	0.234079283869181	1.2782624531851	-2.30431291911301	2.79954097496233
pemo1248	-1.45469183113134	1.65363196138218	-5.11316016989193	1.58340946308627
pend1242	-0.654208905238134	1.24069870715029	-3.25720826230673	1.6702122445988
peng1244	-2.03263250468999	1.90462012487318	-6.29805814531761	1.19343840120563
peri1253	-2.0106730542152	1.97942128275612	-6.5108236505076	1.31072005277255
phai1238	-0.66993933240225	1.32690940161728	-3.39975080753427	1.83990315037804
phom1236	-0.240149783757685	1.33816482089567	-3.09845442338264	2.2918678912433
pila1245	-1.30318033120816	1.6309816488073	-4.82297492149399	1.71486745423017
ping1243	-0.586831249058195	1.22739787295002	-3.06298255821458	1.72269761244756
pite1240	-3.05231440455133	1.93264626257833	-7.52438961896123	0.0506194880365304
poko1263	2.15481082670012	1.50443490610031	-0.433504432730685	5.55476227065011
poli1260	-1.25128911974347	1.3790975239553	-4.15327887224065	1.38449919976763
popt1235	-1.10099125467441	1.61346570487909	-4.4619164855046	1.97136722221579
port1283	-1.48122092941237	1.41238427022364	-4.46743485780961	1.09460854062518
port1285	-0.352106039606365	1.22758301760728	-2.81789106633501	2.04791776805445
psik1239	0.623739507388513	1.11417580886533	-1.35284994072431	3.03262454422238
puka1242	-0.384597668734683	1.20296154766926	-2.83971111975843	1.97965014757066
pula1262	2.5737448326779	1.19497018334645	0.527225451297499	5.20434862973927
pula1263	2.57211665753841	1.19506076499082	0.506024549388738	5.1815915982619
puma1239	-0.286982262197012	1.33615239862163	-3.14326353467146	2.25313730468367
pura1257	-1.71737160144835	1.97160865336827	-6.10929368201895	1.65454453649892
pure1242	-0.980829134799348	1.6257498980734	-4.36264071619811	2.10084665789035
puri1258	-0.221293707216545	1.31402696124627	-2.98496575374008	2.27830036081923
quio1240	-1.25287199578448	1.63128614501785	-4.70566134560986	1.85382142879381
rabh1238	-0.248462393754498	1.33611197758947	-3.04419700739465	2.27464645531365
rama1270	-0.635701991213796	1.52784068717036	-3.75434991759181	2.40163819997317
rapa1244	-0.309537294670234	1.19919942114734	-2.71786297338052	2.05767437475142
rapa1245	-0.347607473150832	1.20716557781719	-2.78044655158245	1.99339266713237
raro1241	-0.350509163336493	1.21216333732216	-2.81451438502147	2.02307927631737
roma1326	-1.48021198898741	1.42130569273181	-4.48092253086442	1.1017523769915
romb1245	-0.756587586590126	1.2630183792674	-3.33531190552434	1.59648036081848
rong1264	-0.226324800282931	1.32971347511639	-3.04809960511521	2.27272738451045
rong1266	-0.311679037859625	1.34515824003963	-3.22042757048236	2.22517211877048
ronn1241	0.594852465077223	1.10689607901294	-1.43185256371919	2.95698701533505
ruch1235	-0.704227631932364	1.31962961497455	-3.51229367592875	1.78732034030148
ruka1240	-0.594698484492183	1.28608633899219	-3.17064651391434	1.88748462303071
ruma1248	-0.70659274302684	1.31824156605054	-3.51976609788063	1.79478514613366
rung1258	0.616743682920174	1.65250269216617	-2.62160801204835	4.04870321880843
rung1259	-0.622082391678787	1.24808921609293	-3.18353537293461	1.68044274701308
russ1263	-1.29689077916263	1.37980369265581	-4.21005797460564	1.28642907561995
russ1264	-2.006622879644	1.98589811051786	-6.52831668597675	1.31087079682738
rutu1240	-2.16518072431694	2.03561439460861	-6.75203764000776	1.32264177604618
saaa1240	-0.347985938846395	1.22463945862041	-2.79973773383108	2.13902274233636
saar1237	-0.436802356924228	1.26932017215162	-2.96298043876636	2.14518183078408
saba1268	-1.21107533674685	1.62140999922911	-4.62495289228176	1.84934948521205
sabu1255	-0.629121892740597	1.24597590018888	-3.17440470088529	1.78002973868329
saka1289	-0.343341594647876	1.23801116492075	-2.79792589633668	2.20343573860178
saki1247	-0.627203588727221	1.28903405540376	-3.27610707991314	1.82679365440202
samb1311	2.24965394522392	1.10298001446995	0.245730719245052	4.57836056968152
samo1305	-0.370112319059854	1.19898664698718	-2.77407862256511	1.99472293391009
sana1295	-0.415771469199914	0.987000553422657	-2.48337491236703	1.44561794617647
sanb1242	-0.701092275413993	1.50488627300748	-3.8518367127364	2.22454527585776
sand1273	-0.783591855390917	2.08373088014865	-5.40929335256932	2.8897192217076
sand1278	-0.92060635684586	1.62576326924671	-4.30003312418825	2.03725861461099
sang1321	-0.319260237874818	1.33422677711352	-3.19121350771216	2.18184081423635
sang1331	2.32866802439158	1.08323315983353	0.393271509439443	4.62724835955747
sani1269	0.260511577302386	1.26361271351053	-2.27992971898956	2.79526338494622
sanj1284	-1.25973907880466	1.64035308497232	-4.77034060587155	1.86464747304185
sanm1295	-1.26807277044654	1.6340111068216	-4.73322089157793	1.79583462178599
sant1410	-0.625106888051618	1.34524095368859	-3.43023725383288	1.90556840575551
sant1436	-1.26614705184868	1.63441415315246	-4.66143634824063	1.81891310878246
sapu1248	-0.368556075672292	1.32064974697877	-3.04864302742286	2.22568281616832
sara1321	0.305597824194482	1.10604200840801	-1.79093169619636	2.67448638021515
sata1237	-0.566588184605735	1.22514994409199	-2.99399993764592	1.76387949985272
saur1249	-2.01972549674915	1.92571520141803	-6.2822472747597	1.20702655212062
savo1255	-0.377536971042932	1.62581282060521	-3.5037147155846	2.98194767705887
saya1246	0.565923427837053	1.09867647025721	-1.41268756048038	2.93703178462795
seda1262	-0.446505663023626	1.32700549488186	-3.20261292698653	2.10634204178004
seim1238	-0.568942898962582	1.25294719955155	-3.06794597960468	1.86443845182902
seke1241	-0.465455999805529	1.22570090114613	-2.99825669228321	1.95068994621934
sekp1241	2.24284360068796	1.10893974516783	0.241051743444499	4.54225494528093
sela1259	-0.561141829666681	1.23664176228072	-3.0959327264952	1.81449089302005
sela1260	-0.619335157843238	1.25126899749264	-3.23411110816406	1.77132166594357
sele1249	2.23841606463087	1.1056227454603	0.245362739325415	4.53369802449971
selk1253	-3.00877077665465	1.94834486689132	-7.40251227312729	0.185456918625064
sema1265	-0.578519254061891	1.32746131459612	-3.32172205875725	1.99261809255073
sema1266	-0.584804677479343	1.32395967310984	-3.30694364920808	1.96444009057591
seme1247	-0.580418092755873	1.32092884401993	-3.32891566821677	1.95106627170148
seri1257	-1.00179092846704	1.62691553390842	-4.42357319793237	2.10083426074748
shab1252	-1.04114865171176	2.01334981956237	-5.50183570720912	2.58502315879096
shek1245	-0.623862273625673	1.97973734253265	-5.01190498093111	2.99611524982987
sher1257	-0.151987214789649	1.33556177641048	-2.92231775906917	2.45550743577012
shil1265	2.0501549596631	1.48124485582666	-0.538694772287764	5.32383796478767
shix1238	-0.00964564057012824	1.28626928185109	-2.63856152682597	2.50938600872146
shon1251	2.34410079030727	1.0727945774249	0.445960165359772	4.58602360140601
shor1247	-2.55913006490562	1.99010904336221	-6.91249272624406	0.750340188505863
shos1248	-0.799671431248314	1.54733346282726	-3.91140152340576	2.22188861902155
siam1242	-0.242624518243584	1.91328625209179	-4.41349703120135	3.35240457502942
sich1238	0.309225315915442	1.2648813380848	-2.17226267280652	2.86752191747393
sici1248	-1.47940873163395	1.41637077614458	-4.51717105476231	1.08781167625715
sida1246	-0.278363154189796	0.97847553974721	-2.22573823597282	1.69582501677965
siee1239	-0.406985202905088	1.22147061183341	-2.8213259105881	2.00675469791146
sika1261	-0.391453125549963	1.21642771769717	-2.86816510966204	1.94561641758977
sina1266	-0.49327340936953	1.23130851070592	-2.97429790395538	1.89192928004679
sing1264	-0.2498519293854	1.34439257738825	-3.07147362709314	2.29748561264836
situ1238	0.0182371854332619	1.28090145535621	-2.59320358783545	2.48196241998714
siwi1239	0.127330064198583	1.03332183262656	-1.84936489383957	2.25418282476941
siwu1238	2.2377692888109	1.10020472679326	0.240974113258885	4.55049853215128
siyi1240	-0.328201665565524	1.33765595042844	-3.19350406627577	2.18488286873136
skol1241	-3.04819282729794	1.94301179304567	-7.47805139948022	0.0493496337572804
slov1268	-1.30924830595964	1.38164544002405	-4.24604701582112	1.25728523237755
soch1239	-1.25851061473801	1.63397315637278	-4.71208237494161	1.89311467366957
soma1255	-0.461684397768835	0.96539120730313	-2.46461547951281	1.42002114112394
sons1242	-0.583787394612222	1.23114825649847	-3.06134058357584	1.72926730559291
sooo1254	-0.694848504641126	1.33963377819098	-3.46951143280993	1.78675496287513
sora1254	-0.62255928076845	1.33694504956711	-3.3773718899941	1.89793886272641
sout1528	-1.30646183961943	1.37860896345348	-4.22246146503346	1.25618257638659
sout2649	-1.34188839374277	1.43986150630376	-4.4283670686009	1.35625724949011
sout2674	-3.05190254401563	1.94073734117205	-7.50590340462164	-0.00298243083203433
sout2679	-3.05788404527365	1.96366543429789	-7.60842735071902	0.0781834413112117
sout2728	0.0133389475383846	1.27261663231893	-2.57643366667801	2.56250157517394
sout2729	-0.000182640050357601	1.28721202570049	-2.60845408330545	2.52701564590587
sout2782	2.23660601482575	1.12639812652078	0.154162239914354	4.63549364249446
sout2807	2.37532641375689	1.06976111521727	0.485718863044792	4.6358971946811
sout2856	-0.499528550387911	1.22860011687376	-2.97311770676363	1.94229806376387
sout2857	-0.356526645381827	1.22654175832524	-2.80037694495714	2.06368384171008
sout2895	-0.483024008521478	1.24065560172874	-2.98489765774607	1.92453915279981
sout2912	-0.753236723435207	1.25886297338321	-3.36941118924772	1.61393259209709
sout2918	-0.659966131123241	1.23245902881636	-3.2147439198613	1.68235018618082
sout2956	-1.14202717749789	1.65281180183716	-4.59326595757148	1.9821968806673
sout2959	-1.19690696323708	1.60665913558912	-4.61042946013924	1.75713921695657
sout2985	-0.410467903890589	1.61609730360523	-3.54662882595058	2.91978911319999
sout2994	-1.20910722896837	1.62032550993873	-4.60965795584994	1.77632257354993
sout2996	-1.25457122615911	1.62740336037717	-4.77541625989012	1.78687300483634
sout3236	1.86901336056759	1.91217263724085	-1.39069630814597	6.1999843984175
sout3261	-2.15413129461267	2.03672086776205	-6.73217736872254	1.25475587981614
stan1289	-1.48021503992049	1.42221364026113	-4.44966297318339	1.10646050137367
stan1290	-1.47964252267976	1.41562011784584	-4.41103892655409	1.11539025191741
stan1293	-1.24792624802816	1.38920033556688	-4.10419984821559	1.3680220390779
stan1306	-0.769184137460051	1.25392871471993	-3.40948791322326	1.55906285258718
stan1318	-0.413251937767692	0.979254433045806	-2.41040709702346	1.46535846305573
sumi1235	-0.322085608142188	1.34396806010464	-3.2835300062827	2.2200405550111
sunw1242	-0.289226870996309	1.33475309861098	-3.03756417346805	2.2037610871442
supy1237	2.32417015663107	1.11828736725251	0.312975132959806	4.70972447891081
surg1248	-3.03202441309042	1.96362045022971	-7.5017003819073	0.163103902095836
swah1253	2.31260297922605	1.05097558862639	0.421473850315418	4.55215367105699
swed1254	-1.31794603748112	1.39885964398982	-4.22519263770886	1.35355688221445
tabo1241	-0.216919426952895	1.64242411511952	-3.42646088007298	3.1840882250943
tafi1243	2.23083979663934	1.10500137985448	0.225708541105608	4.49217179330299
taga1272	-0.733209048254877	1.25096009230519	-3.34879304076566	1.59311101212977
taga1273	-0.539494324138743	1.23559166767208	-3.033638803726	1.82173412712966
taha1241	0.390527308031847	1.07551143027049	-1.61637419060199	2.63884446735192
tahi1242	-0.315094495824322	1.21389820853274	-2.70606856858977	2.07697218588934
taia1239	-1.4262501246728	1.96383916713117	-5.75557086619613	2.06543792800126
taji1246	-0.650066004878351	1.23995569523783	-3.2389801747792	1.66904712572495
taku1257	-0.337285465983455	1.21561606795749	-2.79231377565727	2.12032751728946
tama1331	-0.671688509754559	1.94471775398965	-4.79867488539505	2.89230959480583
tama1365	0.397789201862983	1.08107279587313	-1.57172106598272	2.63866666944046
tamb1254	-0.622021338914473	1.25330623182997	-3.14414271840003	1.73981737992415
tami1289	-2.05512742284952	1.92741853393446	-6.35074720608042	1.13545250034914
tami1290	-0.51621951516355	1.22201742380964	-3.00253610654779	1.85147571877672
tang1347	-0.358260666762058	1.23507221205444	-2.8471850971419	2.08545382361084
tang1373	0.0296773330912725	1.29252871190077	-2.59387568162491	2.54129785871819
tang1377	-0.28585487146974	1.32620748597357	-3.03104783957732	2.25897766049138
tari1256	-0.228612759297306	1.562407918214	-3.2807013871073	2.98649863612572
tari1263	0.154885506133559	1.04487144283025	-1.85815154435808	2.31450433205127
tata1255	-2.56005270248434	1.98606006156911	-6.86293460815623	0.695904358837233
taul1251	-1.36981610421942	1.78064806119066	-5.29502024952799	1.77767966438858
taus1251	-0.752968122607366	1.25496093076207	-3.33127769416397	1.59644512564509
tawa1286	0.399118747606911	1.08185250046012	-1.58388871380535	2.72629462138601
teda1241	1.1697784570044	1.52799190391861	-1.54460203099141	4.54710850519163
tedi1235	-0.33155109725729	1.33734776525652	-3.22630332526203	2.16236488447563
tehu1242	-1.15328868732029	1.65712349711778	-4.68389738219255	1.93895924910215
teke1275	2.32784373045633	1.08476495484845	0.402672752645575	4.65249434592006
temi1246	-0.59027573470885	1.32923683371094	-3.33669209885951	1.95747112910598
temo1245	-1.25170944652246	1.62923140335273	-4.71911856377381	1.84525645982595
tene1248	0.949684543500594	1.57906134976191	-2.07238797197576	4.25082006272033
tenn1246	-0.39847741411242	1.48576961190824	-3.42436283023126	2.50989701590536
teop1238	-0.40153841522773	1.22353390981441	-2.85209686805473	2.02644849969763
teri1250	-0.685865839567301	1.50407988275429	-3.77612343155709	2.27364784552335
term1237	-0.404021207017483	1.2365407776478	-2.92793863060316	1.95075135831227
tern1247	-1.33267184121268	1.69403315288285	-4.91266400108826	1.69367197325553
tete1251	-0.871147543976107	1.54066986417562	-4.03814691761895	2.13590091357901
tezo1238	-1.26184791565035	1.63404124782574	-4.68773605484442	1.73659178796685
thak1245	-0.218264574284255	1.32924090385281	-3.02366809303645	2.32694085717069
than1259	-0.289305487326862	1.33019969900825	-3.09106098466004	2.19082403769518
thar1283	2.18156450249382	1.02930542803097	0.243400182138555	4.351559293645
thul1246	-0.294720613748225	1.33125189662267	-3.05463283386002	2.20297112178033
tibe1272	-0.230822184450779	1.31627135611405	-3.07866104881262	2.26498053263309
tibe1274	2.19816391851653	1.05261603742246	0.288208702065769	4.40715650904999
ticu1245	-0.957748582796085	1.6052961721982	-4.37654612129231	2.16793041670606
tief1242	2.11311510005487	1.07386052076479	0.114056972905275	4.35991407357359
tigo1236	2.42869336719284	1.14327272510787	0.423016277196736	4.9363358345721
tika1246	2.27295346790233	1.11836183322579	0.24298569573855	4.65975961420228
tiri1258	-0.380614328954593	1.23652724362123	-2.87879792981191	2.11098319838421
tiru1241	-0.511840280929949	1.2355890109722	-3.04015642084655	1.85213511265335
tita1241	-0.584237020952834	1.24238190716265	-3.09315468531354	1.78215706248114
tivv1240	2.37571585714492	1.1251956611298	0.362197262577146	4.79571727120615
toab1237	-0.353067524422011	1.22255876144352	-2.83257181417032	2.1230589689568
toar1246	-1.50599588286023	1.7166029580001	-5.32927020571089	1.58212147575287
toba1268	-0.999161457543127	1.62393943329978	-4.39921484594559	2.02601128429873
tobe1252	-1.32336769855252	1.70333042055428	-4.97810631742228	1.80951618254377
toho1245	-0.923788590240774	1.56092094401157	-4.12905224272259	2.06717892300411
tojo1241	-1.09797559016919	1.61010865359268	-4.46971610696867	1.96235718716931
toke1240	-0.371277298119881	1.20091864920121	-2.75268302124665	1.99641505263068
toma1245	3.98487082551299	1.79699379106285	1.02991580022632	8.12793869660265
tomm1242	1.16310751212909	1.62367498526294	-1.84481903027534	4.63414781456592
tond1249	2.43304749537583	1.83114972034829	-0.573972871132019	6.60686153566808
tong1318	2.336427871986	1.06754902952485	0.3972052337074	4.58803209929254
tong1325	-0.291139734485798	1.21202601529711	-2.70399180285166	2.14964174475853
toor1238	2.33704037592001	1.04069110359244	0.503823223672237	4.54840386240818
tosk1239	-1.27874267578309	1.44509985395423	-4.37469256305832	1.45485210870853
trio1238	-1.45249806953298	1.64000500957457	-4.9930989587153	1.59011881072233
tsam1247	-0.449986029209381	0.975541270114181	-2.45530887169661	1.44459215236845
tsat1238	-0.587854854606447	1.22977670044111	-3.10443635614187	1.74128454472662
tsis1238	2.36609914392911	1.12276751340275	0.332089231492271	4.81945173159813
tsix1234	1.07530054062443	1.52386896314241	-1.81799212196408	4.2620182313961
tson1249	2.38281150560621	1.07102144358472	0.516584399215177	4.74350431844651
tswa1253	2.38086033274426	1.06569517745107	0.525333779532506	4.65304800958973
tswa1255	2.37989642436571	1.07494866213652	0.472552255731005	4.69001809220502
tugu1245	-0.422265487638829	1.2313443031994	-2.87559909110495	1.9547726364871
tuka1248	-0.637826503178113	1.25031651671948	-3.18124777126486	1.78109083824365
tulu1258	-2.04813368782641	1.91972642537897	-6.34902419028388	1.16698873712831
tung1290	-0.519356339329539	1.22420917711784	-3.03556468168649	1.81072003253657
tunn1238	-0.456838894413014	0.97273900545088	-2.44093067796984	1.44556639337513
turk1303	-2.55473354076546	1.97026497939591	-6.87157722266029	0.713944521212526
turk1304	-2.55717256454809	1.98886070651105	-6.92066371099392	0.704828427361926
turk1308	2.1395043281792	1.49844464608576	-0.442123738215414	5.46839114471965
tutu1241	-0.334751392624464	1.23079750208738	-2.81541181268188	2.08708505117246
tuva1244	-0.346020929282876	1.19914222868678	-2.68247884009376	2.03969315317154
tuvi1240	-2.55367793280605	1.98699076273276	-6.85834209940454	0.722232738396465
tuwa1243	-0.662692967060502	1.25051710678354	-3.24278865612087	1.70758285990888
tuwu1238	2.22941764062075	1.09889593204441	0.235727332258601	4.54433431637926
ubir1237	-0.525073154890248	1.23096334505896	-3.05110232931941	1.84676903528167
udih1248	-2.03660624264637	1.96732759934274	-6.48183250972906	1.25860477412724
udii1243	-2.16112868450532	2.02762314765712	-6.80684952618379	1.24107244859474
uduk1239	1.46399871340779	1.95513254478389	-1.79769835502316	5.86305011946185
ughe1237	-0.388438738715294	1.22417650026955	-2.84341822389362	2.01996705328189
ukra1253	-1.29783598854384	1.38435090361805	-4.24997254389501	1.33945588087227
ulch1241	-2.03726646253264	1.958713356385	-6.42623179608831	1.2074080602923
ulwa1239	-1.08380694851904	1.6411302692757	-4.52424310606154	1.98639526258018
umaa1242	-0.518262910771916	1.22659191879252	-3.01758709600105	1.81577110914827
umbu1257	2.19141026929088	1.05092864424528	0.276483176203076	4.36942225671191
umes1235	-3.04993744422647	1.938528052043	-7.4565147531119	0.0126801690817917
unua1237	-0.370831896024445	1.22155839406723	-2.84556804426997	2.067112472275
uppe1275	-1.08660000160626	1.64240338419072	-4.57790804861764	2.01718979362436
uppe1427	-0.627079753115342	1.23806723314316	-3.22708472598888	1.70413646394251
urar1246	-0.481271231829448	1.57757317786471	-3.51694445649128	2.65575636654873
urim1252	-0.62528941689859	1.59770559227566	-3.84169644830169	2.49555223559046
urip1239	-0.447998570015094	1.22257958377571	-2.93745336386691	1.87850028393842
utes1238	-0.866423994353633	1.55360914865514	-4.01827133729155	2.15747593642718
veps1250	-3.06880823296918	1.93563705584922	-7.47464373899745	0.0208873862536984
vera1241	-0.421467765612656	1.23144928810137	-2.92868065355732	1.98855269321363
viet1252	-0.426643123156237	1.32028801272024	-3.08702362842422	2.18641594823171
vinm1237	-0.352796369327221	1.21959932292426	-2.80423151764106	2.08457900951983
voti1245	-3.0672570846354	1.94546515887613	-7.47952325669932	0.0604589310388961
vunj1238	2.15116974031507	1.02834038874641	0.247856638022157	4.24025456859537
vure1239	-0.358998752041861	1.22376434779233	-2.81066124499152	2.08853981332306
wage1238	-0.823826713356859	1.67925257968957	-4.36504208093059	2.44331933557023
waig1244	-0.558945446529243	1.23997249329188	-3.06153043289688	1.83828507740269
waim1251	-0.495030427690528	1.21798022640827	-2.93745569833846	1.84308325637849
waim1252	-0.415467529329969	1.22523438680361	-2.9362335712572	1.91606573751788
waiw1244	-1.4713727241051	1.64101373019947	-5.02681609137276	1.53927457283394
wall1257	-0.392471713310079	1.20369380862327	-2.85378323142592	1.9643220422628
wamb1257	-0.286252139064574	1.33581377168448	-3.0743919540898	2.23104198119938
wand1278	0.607948077925281	1.10611498090006	-1.36732860576167	2.92713827093452
wara1294	-1.54999772594566	1.67913034297274	-5.19380611465326	1.4141743598898
wara1303	-1.09452996822933	1.66625727285599	-4.7359614204262	1.96448372748251
wari1268	-1.22249685305244	1.63598529247403	-4.68597074775356	1.81137860440551
warj1242	-0.688001861460997	1.31424678129962	-3.38893385645329	1.75384783707406
waro1242	-0.453305930907738	1.25048817040775	-2.96418932678806	1.99310570745819
waru1265	-1.59969887005673	1.73083988348253	-5.28554294586031	1.44646694837087
wawa1246	2.21577150452273	1.09829580174715	0.171824969240392	4.49334508454861
wayu1241	-0.292749110802152	1.32781964598251	-3.04194086279472	2.18167907027196
weda1241	-0.52304423505089	1.22813479160865	-3.03065443651597	1.86442461267125
wels1247	-1.37876834594777	1.41393580167708	-4.37004066257208	1.2078186526534
west2354	-1.27871308514669	1.38792341380322	-4.15279323394365	1.39225943239358
west2369	-1.35863734222996	1.42447172798965	-4.40658168221328	1.3019902915902
west2386	-1.37141483715934	1.41638427456965	-4.37552794164196	1.26787745449585
west2392	-3.04383822125598	1.95327422652833	-7.55413070489454	0.116334414076067
west2396	-0.691844093342925	1.31258169573226	-3.39829540712385	1.79777598853406
west2397	-0.694326894617374	1.3373003899094	-3.50439623832262	1.77446884375124
west2418	-0.283287377701161	1.31860651003169	-3.00958192921816	2.18882127013963
west2430	-0.108358328851339	1.4681391496818	-3.00690399276344	2.80020877809932
west2441	-1.60155134679909	1.72458328437523	-5.26232789131616	1.49967363313963
west2519	-0.406312582348592	1.20561527608799	-2.86383889064623	1.97069681958214
west2548	-0.545146642708608	1.24400214635815	-3.08969522835226	1.84112969656993
west2557	-0.729122286005145	1.25428727088352	-3.36108002740424	1.63229661604933
west2560	-0.667165089134711	1.23068402966525	-3.16301419513005	1.69739718517917
west2564	-0.6232684381369	1.25495348448357	-3.2107289542613	1.77330191658483
west2594	-0.969789253529644	1.47180278647495	-4.06697935989597	1.87797669455844
west2644	-1.26472780053139	1.63141139385594	-4.78378138393704	1.78805627287481
wiru1244	-0.390176638282443	1.67962781055466	-3.74184432924404	3.0767595765492
woii1237	-0.567365587559596	1.23945341181839	-3.06253856958418	1.80801695985041
wola1242	-2.58931568865826	1.6399866540184	-6.34842135704814	0.121074795419216
wola1253	-0.135852055119743	1.02417236447122	-2.19206158081452	1.92960281408993
woli1241	-0.624528945659629	1.23908467938571	-3.18213683535224	1.68293260925105
wotu1240	-0.633580756182975	1.24501982606284	-3.20340237496411	1.72382915868034
wuch1236	0.0144220064412019	1.28489748332689	-2.65819786409109	2.49812546096392
wudi1238	0.270173137393656	1.25759520333925	-2.25772298122699	2.82479549749767
wusa1235	0.277153276817257	1.25868744448511	-2.18925422282605	2.77557376136303
wutu1241	0.0368075506222681	1.29750133727595	-2.57816078318843	2.6008718500454
xara1244	-0.384689247139874	1.23695912308094	-2.90907135626584	2.07687932360523
xhos1239	2.37094887359028	1.07090818338195	0.477346830074312	4.67284138112642
xish1235	0.217633154852896	1.26112286665276	-2.30042915434139	2.71027332649535
yaak1241	-0.458853643312095	0.973377032619587	-2.38405803795734	1.45314562758499
yagu1244	-1.06278197403261	1.64808931873132	-4.58701577201556	2.02938728455848
yaka1277	-0.658657616083638	1.23442675012752	-3.1394744863271	1.68362882254135
yaki1237	-1.06445198968721	1.62861962320656	-4.47734956677681	1.97040441470912
yakk1236	-0.295362930245656	1.33676603036054	-3.06934489305952	2.21154814426233
yaku1245	-2.55315672980549	1.98522327773538	-6.83623779705856	0.7771091858367
yama1264	-0.665045665817767	1.58395111484643	-3.83017313431453	2.47289736626315
yami1254	-0.650364204134992	1.25562272599266	-3.25111941437333	1.65458466861482
yaou1238	3.99253403597124	1.80535660321829	1.02657611438961	8.17261379984652
yape1248	-0.54804772641335	1.23413761875982	-3.07679290388616	1.83687473927625
yatz1235	-1.26679519464551	1.61794711366347	-4.72524042319617	1.78693903300804
yaul1241	-0.867012638678378	1.64704615329235	-4.33302807360473	2.3095624230448
yawu1244	-1.25848171757911	1.75325915967234	-5.0418901382479	1.9926648028099
yecu1235	-1.09011818072429	1.63637458837397	-4.51198129020874	2.02797030236008
yems1235	-2.58172075453462	1.65527719070912	-6.32447969734657	0.153993065592601
yeyi1239	2.32589106954894	1.0873091738991	0.434015496285959	4.63605041033454
yidi1250	-1.60124473381666	1.71676727362663	-5.34637358736864	1.51279560968864
yind1247	-1.60628542980524	1.74146472821579	-5.28971300677566	1.52667567532425
yoga1237	-0.536198993447768	1.2404692206037	-3.0249940655068	1.82810647112631
yona1241	-1.210178666361	1.83663503410735	-5.26263995909037	1.95618123720473
yong1270	-0.00571852799963741	1.28424011057466	-2.64670472745948	2.53611623855709
yong1280	-0.930580062711579	1.46068616342875	-3.96039277818102	1.85650634672512
youl1235	0.345512126316293	1.27249275709442	-2.2020925708324	2.94221083564612
youn1235	-0.058999988428962	1.45311690781882	-2.96145776379053	2.84518392003704
yuca1254	-1.10564064406053	1.62500831134207	-4.50713684613295	1.95255427959461
yuec1235	0.0572090214300978	1.2777544427621	-2.55764158233907	2.60667521762018
yulu1243	0.222793636467164	1.10497034355457	-1.90429045086599	2.53488615540385
yuqu1240	-1.10063298440507	1.5883639190957	-4.34880141280109	1.95648142812695
yura1255	-1.2454099806719	1.65713642102253	-4.83674529384295	1.81535667932366
zaca1241	-0.890289784016039	1.54638123894642	-4.0039332398913	2.09948390835475
zaca1242	-1.26634344584558	1.62345489231344	-4.71685518536804	1.79846641721644
zagh1240	0.995772819704503	1.50126483718913	-1.74572292564502	4.15340915735201
zaiw1241	0.313616603024315	1.27997365621516	-2.21271904888435	2.89275523906918
zakh1243	-0.197978681539812	1.33360927025198	-3.00780626051722	2.38342408327923
zand1248	2.29242095308973	1.10847430235926	0.31973555817823	4.63621140342171
zani1235	-1.26776511592805	1.62618638269197	-4.7641419707521	1.8089959991033
zapa1253	-1.17226080097915	1.64723750422923	-4.62226273882421	1.87951769916184
zarm1239	2.43856673249242	1.83517148504325	-0.575822324991554	6.62519363659264
zaye1235	-0.295370810869713	1.32957886439581	-3.13847325663516	2.25126537961856
zeme1240	-0.312291033036725	1.33819707452798	-3.20088141151904	2.21619114937883
zinz1238	2.32861612839332	1.04598396113758	0.471850926072262	4.57636557297544
zoog1238	-1.26468058082688	1.62201784711665	-4.73043348396548	1.76253058263007
