Estimate	Est.Error	Q2.5	Q97.5
abar1238	-0.843828544794315	1.92936765627826	-4.91872789578813	2.76845783757167
abee1242	-0.443029550124234	1.87638055479027	-4.42860502080237	3.05711893230237
acha1249	0.971711235279535	1.62225273512564	-1.91294738849808	4.44190453246385
acha1250	-1.16668684298118	1.74198496929144	-4.80717562994286	2.08905716488239
achi1256	-0.978010091030148	2.01270681135608	-5.08377200193719	2.83951363995321
achi1257	-0.125076603071538	2.03451444926485	-4.33699578094575	3.7900907175663
acol1236	0.393720306332417	1.78615316679602	-3.13120756728937	3.95595250443599
adon1237	-0.474915362309317	1.88570507621048	-4.47005166930179	3.12217922129264
adze1240	0.407071104705218	1.42354746387698	-2.38040020497838	3.15805083824259
afar1241	2.9860101669716	1.82572863108295	-0.28724228263318	6.90040681202244
aghe1239	-0.830615770084082	1.93480571631177	-4.90570121569149	2.81142780578706
aghu1255	-1.17291608596459	1.71903978638406	-4.86262131654888	2.0089650942379
agut1237	-0.291234931676636	1.9327451039301	-4.30779557684775	3.3606210961666
aheu1239	-0.593488388785856	1.9573409251995	-4.63523596997766	3.17433995589932
ajab1235	-0.535842705235121	2.01023837543277	-4.74315788017679	3.39733966915332
ajie1238	-0.32458305312443	2.00204152541713	-4.4270708523138	3.48649569980215
akha1245	0.296583273272232	1.46172291477246	-2.41789015802434	3.3826090875344
akoo1248	-0.841655908591239	1.85538859928879	-4.69794528922057	2.56774344838487
alab1254	1.81939838683271	1.50744480587356	-0.916831382509266	5.04119281574509
alag1248	-0.611677583227803	1.87979404155737	-4.60384036373377	2.82822915445598
alor1247	-0.443798918505203	1.93960249885194	-4.59044570474277	3.18940396566099
aluk1238	0.593038595370075	1.90023001618074	-2.98657655952183	4.58256707567449
amah1246	-2.12728508312395	1.7856209073675	-6.19494865432616	0.973432345645135
amdo1237	1.00464525004576	1.88597028747616	-2.30406835859681	5.20456733233087
amis1246	-0.25658282912601	2.02463022647655	-4.45014017549643	3.58118776422362
anei1239	-0.249408487037354	2.01844737022213	-4.46931707099166	3.71672556939065
anfi1235	0.648978066949214	1.7639131006458	-2.7076950170444	4.25336706066864
anga1288	0.309128202275977	1.28613274553958	-2.13964472630135	3.01452386277553
anta1255	-0.0846511426039428	1.99295236438089	-4.18109993101623	3.83948189120595
anut1237	-0.14418429753661	2.03859607339517	-4.26533076961873	3.82306888423152
anuu1241	0.029980464501495	1.39460082415797	-2.60896842514704	2.97524840229952
apat1240	0.792833497350041	1.59749816358594	-2.11746937053113	4.12115620765265
apin1244	-0.907543932341595	1.92045212801873	-5.04113105611235	2.65729826195434
apma1240	-0.72168124966053	1.84574243906335	-4.56200902116118	2.73536378808123
arak1252	-0.597963100901685	1.93170791892782	-4.49275115366156	3.06554576195448
arao1248	0.131353632055581	1.58814996741857	-2.94483467500621	3.33086842065243
arap1274	0.731685762190302	1.80682195853719	-2.62100983452395	4.63965692995706
araw1276	1.75876269175773	1.67255477533839	-1.25334739788967	5.32839003155987
arbo1245	-0.521177818205779	1.69452262270756	-4.06114346359763	2.66009809097526
arch1244	1.08860004095268	2.00998622276464	-2.6603852592344	5.34891655896388
area1240	-0.384588972920302	1.95268543365094	-4.47288295812509	3.35968088590291
aree1239	0.161325042841605	1.77672789772903	-3.53205638671793	3.48215312995889
argo1244	2.39004273268522	1.86026314831636	-0.820387879851442	6.54457722918846
arhu1242	2.02292811091283	1.72386867710832	-1.10493429532787	5.59673275376724
arig1246	-0.270844855863966	2.01900075493213	-4.34640949449292	3.48924536681306
arop1242	0.701449405087806	1.99472534102029	-3.15368078061646	4.73986565503257
arop1243	-0.400438122331291	1.76094912729514	-3.9683231934191	3.08716074645356
aros1241	-0.289828323884033	2.03112433513974	-4.49470088129377	3.64083803301751
arta1239	-0.296005859152752	1.96534575594422	-4.40890568540509	3.50020323695061
ashe1272	-1.0299284626727	1.78603074090035	-4.84465863675073	2.26713437928081
asoa1238	-0.878578649124546	1.9033908873347	-5.03809070606844	2.57361703513699
asut1235	-0.395253255231726	2.05848138266827	-4.68900224672531	3.50239327429392
athp1241	0.303243069145275	1.19621005678274	-1.98573621544763	2.73312384592457
aton1241	0.957052901688741	1.60837349318412	-1.82013884481727	4.47021685736996
auye1238	2.01317357138338	1.67591541155884	-1.01628562172562	5.63715488602024
avok1242	-1.0614521496379	1.89256985259901	-4.98869688755281	2.42046380106079
awad1243	1.58894800949164	1.75230927333714	-1.48356380118064	5.43699840739031
awar1248	0.398433866279113	1.39545784247774	-2.35107345500065	3.17543734036601
awji1241	-0.291785964794003	1.90057423363743	-4.26988179999361	3.33620652468706
axam1237	-0.763197445485834	1.85138663604614	-4.65760944618674	2.66780207563423
axiy1235	-2.09647851072526	1.46322554530956	-5.1081516482851	0.562236295034069
ayac1239	0.451612951580865	1.85189533613963	-3.06671513225846	4.37353581090653
ayiw1239	-0.195520893860809	2.0755069963827	-4.46962045770032	3.93961972182743
baba1264	-0.816328895574932	1.93655279650126	-4.97708329212042	2.77834996612867
baba1266	-0.825220152106014	1.91527497303056	-4.96951100526916	2.68984194546674
bafa1247	-0.778750864973757	1.83466707488859	-4.76182789540414	2.57548809354436
bafi1243	-0.602163165745771	1.9931766724538	-4.70238800232316	3.13843364922614
bafu1246	-0.829237482179706	1.91015979521151	-4.91809360204581	2.68434945714709
baga1272	2.39495199966647	1.78226786524957	-0.92840940421325	6.12297019747953
bagi1246	-1.32920890161008	1.80113999095324	-5.28829339207697	1.79896621982796
bagv1239	1.11667856252607	1.99436327147278	-2.63949492416966	5.37644387612239
baim1244	0.645602811094009	1.72424250533486	-2.50969078062026	4.34581996642795
baka1272	-0.106875512489808	2.04381719412026	-4.31008417640298	3.94704057452347
bala1311	-0.140063731687745	2.02620491181922	-4.24073340447086	3.83896531597872
bala1315	-0.108767329560043	2.0339748763594	-4.17197067837981	3.74103207634038
bala1316	-0.221880338324987	1.98800559570192	-4.38468394972744	3.6028018800276
bali1278	-0.0551103269495011	2.1100179469325	-4.23111042561368	4.08751071969563
balu1257	-0.00831744003427672	1.98634209593283	-4.16136483782409	3.83799910995623
bamb1270	-0.111687556845639	2.08158813353497	-4.38724947684551	3.95916399760654
bamu1253	-0.737907263817223	1.93750224505662	-4.87324218903072	2.88677502679204
band1344	4.00816816078113	2.11968318615387	0.265472851471198	8.48514170027125
bang1354	-0.0851676985028921	2.05528458463008	-4.29079695796021	4.02445476851336
bang1369	0.624262678849933	1.64546336250899	-2.37542972127046	4.13964987589422
bant1281	0.948281008584101	1.22258355509625	-1.29921958970867	3.47482085576389
bara1357	-0.405164615686777	1.22434039687068	-2.83731035482917	2.04900355413907
bari1286	-0.630899235782401	1.89432192540205	-4.63143785667128	2.9864948674365
baro1253	-0.555200535657023	1.93616808873194	-4.5489531538508	3.23228482491587
bash1264	0.265725459498745	2.02510992851629	-3.6007348762158	4.43667465509425
bata1285	-0.260322468782453	2.03188696354136	-4.50854013968897	3.56201170905615
bats1242	0.972278678796673	1.9687520045098	-2.75448208709647	5.02994484370172
baur1253	-0.573932811236808	1.85733258999052	-4.50773707743792	2.90330058381703
bawm1236	-1.50627830686626	1.14601887019976	-3.83725028051913	0.638447060937094
bebe1248	-0.347504633843553	2.03412095864229	-4.42750172622668	3.54946351752129
beka1241	-0.103756405253701	2.0437403011894	-4.17174590854671	3.91363457406864
bela1254	2.39087298948157	1.77769349240606	-0.774768311148956	6.24752764285605
beli1257	-0.795294952605207	1.8410127656068	-4.71411589463679	2.55628592909594
bell1243	-0.238547808228245	2.06275903361019	-4.46672973226968	3.76957371398654
bemb1257	-0.192110282249241	2.06922119358968	-4.42301116181983	3.83880659317563
beng1282	-0.230696825294622	2.07181376554284	-4.51546292599392	3.73224487991544
bezh1248	1.16389336169286	1.97312183451548	-2.6261261623402	5.33348626642151
bhoj1244	1.26969959624797	1.63279255196705	-1.73869137300764	4.79336915502972
biao1254	-1.28709575899131	1.86451061181094	-5.22871383537897	2.11744948850077
biao1256	-0.886251773730306	1.8466864521651	-4.80372476364594	2.53688271889501
bier1244	-0.73196418611023	1.81953318307568	-4.64833226425402	2.670496284036
bign1238	-0.695073899598179	1.88406731356896	-4.6206566756994	2.83214054253862
biha1246	-0.528877865441705	1.94987043290633	-4.69971818380793	3.08851784184544
bilb1241	0.218379944521076	1.55080374494127	-2.84807226586191	3.29515146416797
bimi1240	1.96566295337651	1.66578124877364	-0.992224015063177	5.53188721764389
bini1246	-0.252781428453113	2.07504273621252	-4.4555575112212	3.76034358319114
bisu1244	-1.66415391896312	1.48027757734145	-4.75203168079185	1.12934095380602
blab1237	-0.448275333459338	1.91375458395588	-4.40606082738373	3.22794807481643
bodo1267	2.60105570498934	1.77085606269484	-0.408842047251746	6.52143241562945
bodo1269	1.24203070510494	1.69119089792404	-1.81450306147764	4.75680982323774
boka1249	-1.02665402701702	1.4321418655239	-3.913710523168	1.74777018882985
bola1250	-0.616689729429951	1.93509553296892	-4.68852293507613	3.02042579482113
boly1239	-1.04867481088836	1.86966427398971	-4.97171442425739	2.40820017245604
bona1250	0.995291595808029	1.81972836848428	-2.28950127898299	4.92400654634199
bong1289	-0.0958260611400728	2.1029006492473	-4.34911524257516	3.96877091774235
bord1248	-0.569656805843894	1.92570555187929	-4.6113332004903	3.08624542774164
boro1277	1.18795868430812	1.92094026074089	-2.26293746964144	5.3605673845533
boto1242	-0.168342901797331	2.01726480116407	-4.22867889794403	3.73520384396592
boun1243	0.057014244278549	1.85068462926836	-3.73412339497329	3.50486690930802
boun1245	1.62804746413198	1.47444489069508	-1.04241644057289	4.74779634033786
brah1256	0.652837126487936	1.94509713549938	-2.91779836906078	4.73968001774174
bret1244	-0.553533458724356	1.83811494268368	-4.52730933575513	2.82643214715375
brib1243	-0.757512690406198	1.81712373781075	-4.598732894	2.60073235404574
budu1248	0.9033162889307	1.94571100484456	-2.83308002388749	4.97077515952699
budu1265	-0.836487816935437	1.88543415632496	-4.79911358678272	2.66164183847604
budz1238	-0.183093426047814	1.9943298134563	-4.40804729566496	3.57889293466778
buga1247	-0.130165232568102	1.68590845532769	-3.51214222681102	3.14217036940135
buga1250	-0.398816723764904	1.60526428681646	-3.78391560003893	2.58497017088585
bugh1239	-0.484821300746895	1.91157866330691	-4.46166361919022	3.08922157519504
bugi1244	-0.0671053411078596	2.05202476464883	-4.32168738922574	3.94531329530887
bugl1243	-0.834501318916655	1.91775649786921	-4.96210801337952	2.81780337435985
bujh1238	-0.0529097920814814	1.24537371049056	-2.57557216120943	2.40864413895574
bull1247	0.332996146735937	1.9461341766385	-3.5138974084209	4.20216424597848
bulo1242	-0.582439234345488	1.94034882101893	-4.66578689449436	3.05124459668219
bumt1240	1.23524813592001	1.71667660814728	-1.92341338345848	4.9284223659933
bura1292	-1.67542767910714	1.85012450633656	-5.71298422222364	1.64575374984265
bure1242	-1.21970737247939	1.90542939565508	-5.26569380009743	2.29291574270307
burj1242	1.41811382320123	1.64138605098249	-1.63592089153835	4.95729438952389
buru1320	-0.605396718553949	1.89890507293755	-4.62900609880017	2.9102220196099
bush1247	-0.0315575775570847	2.05226222613542	-4.19385768391146	3.92678663987215
buwa1243	-1.62078348286276	1.82201903466473	-5.48011820972373	1.64357451629051
bwat1240	-0.288341071352004	1.99816787608118	-4.42112167413756	3.6121462883333
byan1241	1.55670830086061	1.7828594491312	-1.56444701756399	5.47574367079209
caac1237	-0.273120678304838	2.00153077607567	-4.31653068263282	3.545300358927
cahu1264	-1.69815489259261	1.70237496285916	-5.43601376979439	1.36348846281257
cakf1236	-1.02393209152011	1.87231843864244	-4.97244388840963	2.35914854428778
cane1242	-0.891984980354453	1.91307583441417	-4.90591095505498	2.68504403717209
capa1241	1.65100515157124	1.72541790593376	-1.51422858432628	5.36332653997893
carn1240	-0.268393614443073	1.93476791476546	-4.22027041131977	3.37605286466511
caro1242	-0.0289515427812442	2.08255433490427	-4.25220900691385	3.99681512784909
cash1251	1.21959141956697	1.67729836425745	-1.82433380787583	4.84077950737354
cavi1250	0.543177163239687	1.70088233760085	-2.69391609574715	4.19818985179344
cemu1238	-0.304709262370774	1.99598223261281	-4.44168579783677	3.55113093212285
cent1989	-0.462719930281608	1.98098464710582	-4.56611999170275	3.32828922811318
cent1990	-0.266822053508304	1.9536127181897	-4.24177430971877	3.44077652340813
cent1992	-0.597272419350579	1.93821421967005	-4.71168848930615	2.99881941353427
cent2004	-1.24673859375268	1.46165176640267	-4.3333690460578	1.47644133836535
cent2090	-0.236708108164153	1.97302855050089	-4.29651156500598	3.55989958045502
cent2131	1.18739276613366	1.73751346467911	-1.98735137604319	4.93603551829436
cent2150	-0.725087776252109	1.88293525617749	-4.62123436774631	2.77754255841452
cent2292	-0.33629746090403	1.99196153215602	-4.43592022502731	3.46483556530393
cent2314	-0.414991719763005	1.95094545170069	-4.54745369031638	3.2501363605237
cent2322	0.114859979596637	1.9869281826226	-3.69474294382068	4.20945086811939
chac1251	-1.11210576323174	1.65414467536492	-4.64958364442428	1.93750479961854
chad1249	-0.495786415635294	1.97238919016166	-4.79869507780939	3.170955491296
chak1270	0.108311078202954	1.47069183587098	-2.63428012597778	3.19225011023624
chal1275	-0.676595160198961	1.86037374732191	-4.62292229962272	2.72223359806403
cham1309	1.08417351951915	1.99330623417489	-2.71048752254915	5.30385034289385
cham1312	-0.041051571962208	2.1017910282257	-4.25092084074459	4.09157844924869
chan1313	-0.30710436041134	1.22961812477849	-2.67236615109059	2.18361066084264
chas1234	0.63826713179903	1.43960732296106	-2.01133284075771	3.71505963244446
chec1245	0.736689453522959	2.0050522738207	-3.05418315925838	4.92556453928931
chek1238	-0.462243186901171	1.91531247500745	-4.49197552019503	3.13463211700465
chen1255	0.68380927384182	1.92994843365688	-2.86800753318485	4.7716620313269
chep1245	-0.233611333912014	1.22063221143062	-2.63282764243015	2.13244837675583
chhi1245	0.641880602713714	1.18060151976212	-1.54433843295718	3.08947597343048
chil1280	-0.689777944073923	1.87515922283161	-4.57610158600438	2.87471777032394
chim1302	0.784574590856608	1.93613636635229	-2.84814577721673	4.85090575241558
chip1241	-1.88875074958469	1.77385723997577	-5.69304860196558	1.28654812860074
chip1261	-0.61317795846185	1.88736333487308	-4.62959929370712	2.80380598613103
chon1284	-0.425179894462805	1.95779943456809	-4.54235952998203	3.36048159061099
chot1239	-1.57670294468224	1.21388834862447	-4.14736832664072	0.662467389370249
chra1242	-0.467719312918152	1.96075606238824	-4.60892733205385	3.1638974005538
chuj1250	-0.837231212437662	2.01119008802346	-5.07608579089613	3.00041309998052
chuv1255	0.620588829999022	1.91013027406418	-3.11197018097319	4.5574310395363
chuw1238	-0.0892881511374881	2.12593597006358	-4.4117073520134	4.03122758957515
cici1237	0.0577442490042261	2.01198934101472	-4.03299934193995	4.02123465740281
coat1243	-0.900963262705471	1.94356149090922	-4.93478596660775	2.7691642360968
coca1259	1.45243089862477	1.82641159464756	-1.90804337408178	5.30408436937958
colu1241	-0.361221590799057	2.02862794983898	-4.5967703694175	3.58874865921575
coma1245	0.887104152697041	1.75183163627547	-2.30170134589277	4.61843551065337
como1259	-0.295296878542594	2.00864064040147	-4.42639219165126	3.52935093817993
cong1236	-0.133405367047593	2.03554191004889	-4.13186319139583	3.83018211434051
copa1237	-1.13512183464257	2.00016961905671	-5.37017928526413	2.65902232628607
cori1240	-0.638791647161798	2.02282570544225	-4.854925848991	3.26056336999639
cors1241	-0.606801776118108	1.86532038249545	-4.64567961491229	2.81035489470212
cosa1234	0.778215352661317	1.48818752971052	-1.9560427270721	3.95590638506219
crim1257	0.293924812798179	2.01210025427145	-3.46849617390383	4.49438787269149
cube1242	-1.57703946882908	1.88777374624159	-5.62281956145011	1.89434641629353
czec1258	-1.67519652344671	1.77749605110556	-5.44410940118088	1.54342163617978
daai1236	0.910046532572026	1.55816274675983	-1.87150087499283	4.25743641473554
daas1238	-0.541214791837105	1.8032444448447	-4.31545219743409	2.89126703999873
dagb1246	0.107472481424332	1.8315885392327	-3.7248694949166	3.62864982583858
daka1243	-0.76596215746012	1.80952671726488	-4.53079840632937	2.57798844325166
damp1237	-0.0790920925992152	2.11577211809614	-4.51644996712892	4.13608796201644
dana1252	-2.73729014132301	1.73884055505942	-6.54256522661596	0.304476723981243
dani1285	0.944545322948054	1.78714255202733	-2.25417596411644	4.80157387454416
dara1250	0.428386995618058	1.29675005431874	-2.03116618854234	3.09184569512475
darg1241	0.956031231148925	1.99246331664301	-2.92105335702627	4.98917769520659
darm1243	1.56554245189237	1.76627547529803	-1.52126583411798	5.52795397502995
daur1238	0.2110401187989	2.04263853807124	-3.63922020527432	4.46762093364477
dawr1236	1.15683887802491	1.69047601598577	-2.10019098838452	4.67902204238081
dege1246	-0.321734765872778	2.04283225219187	-4.45390989503581	3.58148030041527
dehu1237	-0.303428043494184	2.02503153662823	-4.41216410540578	3.74414269688963
dera1248	-1.72458420265107	1.76276969295701	-5.59936312288735	1.4092665294442
desa1247	-0.363909402132741	1.69360680022298	-3.77179326783823	2.88868918965623
dhao1237	-0.195361670712336	2.10577709815216	-4.47475662669371	3.86624574979906
dhim1246	-1.82456786901521	1.45290435429704	-4.8866431903325	0.826224262242775
dibo1245	0.113255277733642	2.09987746398834	-4.24458589368061	4.15383113404688
dido1241	1.11340616041914	1.97012853825229	-2.5989279709071	5.27866961464468
diga1241	-0.90667862520378	1.38302833655116	-3.66631380635326	1.84843060887216
digo1243	-0.22959725878147	2.05089545419602	-4.45532602988035	3.71172818602463
dima1251	0.601546026147982	1.48108942741208	-2.14344025616061	3.74816965559748
domm1246	1.49949028561635	1.54747340429979	-1.34430366523708	4.78393328870766
dong1285	0.564579126117028	2.00476049170339	-3.23811984773231	4.7961775192764
drun1238	0.441483571940462	1.66041271266972	-2.60087181865894	4.04941351517561
dumb1241	-0.262042047231382	2.0355737804613	-4.42038133741313	3.66024428261661
dupa1235	-0.261888181489174	2.03862633813255	-4.50098058231539	3.74222424634748
dusn1237	0.399507756943559	1.8917379404897	-3.40175139604976	4.13919209733129
dutc1256	2.05541636022702	1.71554714907128	-1.14020738661355	5.70000092312821
dzao1238	-1.15738870682641	1.84874831989072	-5.07306353608907	2.27263340333892
dzon1239	0.128989411810298	1.56668869983184	-2.83168817969397	3.43371923425735
east2328	0.438837650031186	1.94612394719667	-3.23612571048564	4.41098323700793
east2332	-0.619474194130883	2.0007659730985	-4.85192206840854	3.17389963041944
east2342	-3.32963965139718	1.78864028043363	-7.30983716718574	-0.2452182747379
east2443	-0.690530290279523	1.88542615005593	-4.54895463044728	2.87605111115238
east2516	2.2114882726295	1.64479464456755	-0.720221373138162	5.79173987421269
east2555	1.10544648229884	1.80403524545185	-2.21007463292599	4.95399843477832
east2690	-0.510040164534861	1.96975198588421	-4.59997346765274	3.17234571064568
east2773	1.20664143498535	1.32747434701514	-1.20632543826094	4.03898298163444
east2782	-0.100503417198487	2.03925744741551	-4.28351182430451	3.89086647102424
egyp1253	-0.311250696288212	1.94719795273949	-4.32464441777166	3.35499346977499
eipo1242	1.74378047219219	1.6501322121277	-1.20919513407673	5.30715925862019
elem1253	-0.369026426169532	2.00914565264905	-4.50883110109193	3.36122810262419
elna1235	1.06778346077726	1.64940456443016	-2.0561956533063	4.54125409079386
emae1237	-0.629784037328569	1.87357601368374	-4.48143427220624	2.95431732742209
emai1241	-0.290393637448358	2.01897423135061	-4.3477801202927	3.52991506712429
enap1235	0.691268878225098	1.8851822311556	-2.79268995621915	4.63556330934849
enuu1235	0.91987387367509	1.63865601306212	-2.0718219440238	4.3624260166618
ersu1241	1.03468235404746	1.70769485907627	-2.04893186721823	4.76277677587358
erzy1239	0.20556513311688	1.95907612504778	-3.67479319133624	4.24530870510387
esee1248	-1.07251185567499	1.61518001939917	-4.44603503116068	1.9767734355826
esim1238	-0.812291745619148	1.95075945983363	-4.83129726666775	2.89472855584975
esto1258	0.376922666115763	2.00966927875915	-3.49232675918681	4.4790245015987
even1259	0.384800632756451	1.96903937787511	-3.41831828592677	4.38076373927556
ewee1241	-0.723283682075472	1.88024465997977	-4.54639683789014	2.73071843601305
fare1241	0.378737903431451	1.75554104710239	-3.16144829452257	3.75971780777965
faro1244	-0.50406647300578	1.84032687970996	-4.31518239939359	2.81454262999479
fiji1243	-0.143138305561076	2.06888352884015	-4.26274808021262	3.91591123351418
fina1242	-0.343093152434416	1.98712465376369	-4.46580534994432	3.39951737772909
finn1318	0.102849371992572	1.9917277664211	-3.71157422633654	4.21377889164181
fonn1241	-0.529840646348049	2.01170033733955	-4.77339708706882	3.45826525633812
fore1265	0.156386665866912	2.01908512294211	-3.76246522801832	4.17874904028454
furu1242	3.09387666550635	1.80392161907874	-0.134209973498003	7.03976690524793
futu1245	-0.246409990348232	1.99822091467747	-4.39309669222405	3.58321009193952
gaaa1244	-0.590084863268847	1.92399181056475	-4.61376615388369	3.05337162443602
gaan1243	-1.69139361521514	1.85859420612824	-5.76128246162028	1.67487037276743
gaga1249	0.279770548148775	1.9769410942799	-3.66645866026164	4.30778810810325
gahr1239	1.17133786169396	1.85277295148051	-2.13618512609289	5.26264471209088
gali1258	-0.570913048670077	1.85293670794793	-4.44446032817814	2.86385565457178
gali1262	1.69541027914995	1.70471406281047	-1.37755405828189	5.29740637714436
galo1242	0.159543593966083	1.36883905451383	-2.46220766939149	2.90330697200359
gami1243	-0.0836472921126604	2.04964872380779	-4.227337939695	3.96352169542142
gamo1243	0.409060845346909	1.63674191028512	-2.79919941689577	3.75315938660889
gang1266	-1.38428943958615	1.18057199208185	-3.8053163707969	0.802823233461255
gant1244	-0.208914729789794	1.40187345314811	-2.90909083928417	2.54884611510117
gapa1238	0.343475337110421	1.80607922648198	-3.35832401161948	3.82181352752876
garo1247	0.857260131494141	1.64007740153849	-2.00263554535477	4.47351302872225
gata1239	2.77168971518821	1.75652071870768	-0.258392210828957	6.72642674207428
gayo1244	-0.167801985825789	2.02400745748885	-4.38293504706224	3.85974515337323
geba1237	-3.43363589756707	1.63339249108139	-7.10849175741411	-0.67122326237966
geda1237	0.184122351350261	1.56811650531986	-2.98264546735337	3.25028452280728
gela1263	-0.480139592531131	1.93015588834124	-4.56425887288969	3.2526963217334
ghad1239	-0.307209355019058	1.92388838883333	-4.29763790427693	3.28608388826288
ghan1242	-0.284633895713409	1.99479446110959	-4.50986274029174	3.60926741201145
ghar1239	-0.439612208571675	1.95501206637886	-4.42114432200909	3.28346402548525
gheg1238	-0.865203917776084	1.86382477314943	-4.79227985384383	2.49771713544089
ghod1238	1.01773997663605	2.04851349623856	-2.94001906606634	5.28423065135438
ghom1257	-0.391347712010343	1.91418869561281	-4.35504728070358	3.15271952105415
gilb1244	-0.248655781097538	1.96893263243899	-4.30423743730439	3.45560250250818
glav1244	-1.58214444013799	1.84493429152536	-5.65334258349042	1.64780253212721
gofa1235	0.768505702738927	1.66834251940937	-2.44376232837482	4.19518501827077
gola1255	-0.106461354599167	2.09333857658541	-4.34189488454173	4.14677137338463
guan1266	1.25242986645151	1.58405118962479	-1.63886590495027	4.71107088222029
guan1269	-1.44604375315276	1.78705007525786	-5.21787081846527	1.9054902060036
gube1234	-0.204725592412589	1.88289355623956	-4.2520147977307	3.31152255188631
gude1246	-1.62316109695574	1.85537170789337	-5.76239091189032	1.70247223214289
guer1243	-0.999500888844102	2.00029740146225	-5.22585180613882	2.78338616647463
guiq1238	1.049940219769	1.65891476970565	-1.93311642165047	4.58714096810574
gulf1241	-0.526510789240263	1.91371835596408	-4.60603181194818	3.12988496087869
guma1254	-0.300390732040684	1.82260671265431	-4.03738775366266	3.22593461338694
guny1241	-0.271058960113617	2.00446223226716	-4.3220735523263	3.59977904437245
gura1251	-0.810336195373614	1.77857880159332	-4.55228607941194	2.40756695169971
guru1261	1.47003302757338	1.34626281564926	-0.911751286624544	4.32700113582321
guru1271	-1.25185116354127	1.88739963873543	-5.21299573117742	2.13719820923476
gyel1242	-0.374961983197627	2.0283917718144	-4.58708104718156	3.55997368648425
haaa1252	-0.137485477106237	2.0773558824597	-4.38438518082861	3.86990365142597
hadi1240	1.47269425735577	1.43529005969704	-1.2225808551373	4.41973308616535
haka1240	-1.85669592478601	1.1577791909524	-4.26845569370796	0.328966433117055
halh1238	0.588693025050245	1.96709192189304	-3.11919034558113	4.70821279851499
hali1244	-0.352273365464123	2.01490426089915	-4.63821062560795	3.50595409364573
halk1245	-0.394689631441764	2.01477357508878	-4.47448501033444	3.57757985836056
hani1248	0.61709107397179	1.66626386936916	-2.39378256593264	4.10188099765348
hano1246	-0.685445908390014	1.8877569950138	-4.5722883306088	2.90068575223898
hass1238	-0.319348637788883	1.94936841703785	-4.39364090827099	3.30106004081132
hawa1245	-0.0856532412687606	2.04580429371544	-4.21643257120193	4.03327941107348
hebr1245	-0.508882544709548	1.92209210242748	-4.5286176982572	3.07413211348129
hehe1240	-0.349383904552374	2.05099171867498	-4.51696666019789	3.69590351017832
hela1238	0.318289484350348	1.24093852444362	-2.06364542625172	2.82407973903308
here1253	-0.119962009564534	2.08530531423565	-4.33511643551897	3.88877458078416
hind1269	0.919903279098198	1.75447952005366	-2.23276825643329	4.80643037105032
hoav1238	-0.336248781290817	1.97524598629638	-4.46864411830491	3.41705797778328
holo1240	-0.109387415823684	2.02911716084194	-4.29739199366918	3.83068206865119
hone1235	-1.40774760439664	1.91412999586631	-5.41843132415225	2.10757717402621
hooo1248	1.96357672701974	1.76396141370497	-1.28140458158171	5.75594993208191
hopi1249	2.22338652320766	1.77857075207999	-0.893313875641475	6.0817420499186
horp1239	1.22836524530949	1.64189698038546	-1.72266446777396	4.78888688161427
hual1241	0.519541570057358	1.69311945487853	-2.70057941583452	3.92329113577391
huar1255	0.981607881310326	1.76390618995332	-2.23713305899316	4.75778458043376
huba1236	-1.66096404434695	1.83883534796068	-5.75491167908635	1.62803821295488
hula1244	-0.472723244518885	1.91520363970132	-4.52891712431963	3.05411513243375
humb1243	-0.82860143651233	1.931204306401	-4.83381300191929	2.81181254472463
hung1274	0.0238219311332714	2.04578297946452	-3.97335291982641	4.26482395591981
hunz1247	1.17514867686185	1.98338236808672	-2.57531628848876	5.39553982158555
hyam1245	-0.603190589420633	2.03408544117212	-4.82300902556636	3.26075786975091
iaai1238	-0.329988998603545	1.99692589456473	-4.48077299634929	3.52725279409264
ibal1244	-0.301739208602503	1.94952311330463	-4.37892483889051	3.48413379455298
iban1264	-0.0841607763779081	2.06198967101515	-4.32796443496332	3.98310361143581
ibat1238	-0.169465072717055	2.0634185825117	-4.3567238421547	3.88278923203403
ibib1240	-0.47018523445489	1.96015577719159	-4.4466333191432	3.21531375303704
idum1241	-0.113430544939515	1.52623138506267	-2.98854828374994	3.00771954980718
idun1242	-0.103680071557232	1.75394650866368	-3.74513642954481	3.16339161137818
ilaa1246	-0.11290237376813	2.04031231966432	-4.20013965832893	3.95348746709392
iliu1237	-0.500629210130879	1.9671202728231	-4.65076636897753	3.20098999215335
ilon1239	-0.299262552139307	1.9584799422875	-4.48597019431232	3.47093153370715
imba1240	0.815745447362118	1.88497603588037	-2.66362342336388	4.8458196625907
indo1316	3.47279128399007	2.09157911279795	-0.354609017660232	7.82068739504182
ingr1248	-0.400668235553783	1.94977343231082	-4.34385412683027	3.54589090298525
ingu1240	0.741115697751002	2.03469264245306	-3.1682642951548	5.05679751619946
iris1253	-0.557123893336456	1.87309119069107	-4.62198746386341	2.90819314264338
irul1243	0.49266343704284	1.97466390060751	-3.19245552288571	4.64481486779717
isco1239	1.35934309613522	1.70116870328108	-1.7003269669758	5.00250346028391
isin1239	-0.314391635569487	1.95764220467177	-4.33448724573434	3.38261912106951
isna1241	-0.231649626392414	2.07002775600475	-4.42249059593148	3.87667528667789
isth1240	-1.19448731205099	1.81954376940542	-5.10134533287571	2.0650075277383
ital1282	-0.576263094069289	1.89835801500451	-4.51155074247008	2.97407103073488
itza1241	-0.447091244164269	2.01452726604625	-4.48458284198943	3.37486848370987
iwal1237	0.394259342913617	1.6226782452366	-2.84524738804477	3.56312416019733
iyoo1238	0.391227986694875	1.45408557740461	-2.45572840081886	3.3161082965965
jahh1242	-0.519659224552372	1.88623319258597	-4.39522495897924	2.95749315947466
jamb1236	-0.0657677901247942	2.08879232164475	-4.33214590936104	3.98005530528164
japh1234	1.03598172207726	1.54770115282635	-1.84053106352837	4.36558493269046
java1254	2.67332452592001	1.93616128147944	-0.981193767685398	6.66349658937551
jede1239	-0.501239664087531	1.88851943223076	-4.39293390155818	3.14863423714807
jeha1242	-0.51384318975463	1.8715324630446	-4.4741050192431	3.00756738597525
jina1244	-1.30096378970595	1.80493316844244	-5.27309593196408	1.90599445658343
juan1238	2.7138675013034	1.85495698813038	-0.435125903624728	6.8915735635381
juku1254	-0.866353293387456	1.93369299414026	-4.97153286064813	2.75198758522159
jurm1239	-0.839687449476833	1.84125345464062	-4.64807046805464	2.53080158666369
kaba1281	-0.548043983027112	1.87891247422213	-4.40767375576578	3.02880614536478
kach1280	1.06604141742532	1.75357898377765	-2.12485639038048	4.92581184511727
kado1242	-0.240096849437933	1.44849340808709	-2.97553882036831	2.74694714504896
kafa1242	1.51299637960554	1.83417794235293	-1.87565761606987	5.44400227664471
kaga1256	-0.315638476440388	1.91780884535224	-4.36730486758004	3.40355266038134
kagu1239	-0.370759038748729	2.0777908188925	-4.73178136925714	3.66182722728321
kaik1246	0.916285344114693	1.52969803979549	-1.9165262940283	4.2387353326947
kala1384	-0.0545423433733578	2.06382438664358	-4.30296324827729	3.89701675713664
kalm1243	0.57947604408743	1.94179115352115	-3.04528616749585	4.68064339964214
kamb1297	-0.333486654729065	1.99052872482853	-4.40041570276837	3.54452220195672
kamb1299	-0.124122885060746	2.06949283207557	-4.43882922304404	3.87042065901486
kamm1249	-1.16126093687044	1.91003608639306	-5.19920092373672	2.40006029420464
kana1286	-0.34395235835119	2.01024980989528	-4.52076361148298	3.52132197185869
kani1286	0.734308906287755	1.45919941944692	-2.00555557165591	3.76688495008575
kaqc1270	-1.06589448616314	1.93798280946559	-5.1264486890079	2.55854579734298
kara1486	-0.496943057265976	1.95643831851976	-4.72611044957441	3.25546908698018
kara1487	-0.316641830455244	1.95524231167866	-4.37105980947921	3.35951687838227
kara1500	-0.0609610729741557	1.92404375340439	-3.96153608053985	3.61397945868169
kare1335	0.0173945348625692	2.02721887009213	-3.92779020945203	4.12601051843185
kare1338	-0.526307490886144	2.02195064043364	-4.61413807509006	3.36572837659977
kari1311	-1.59514880470831	1.81139147655773	-5.35458288807007	1.69120835479909
karn1252	-0.67831041972717	1.85016241249904	-4.44095606320317	2.98630300908471
kash1277	1.15430932851967	1.7840618561807	-2.01174484493341	5.10734155940982
katb1237	-0.748919067415485	1.86669407802906	-4.69901260529055	2.70366572525376
kats1235	0.452001483600063	1.59027741292026	-2.42835737527145	3.84008552445925
kaya1315	-3.70176279909876	1.67260972927524	-7.45762120259184	-0.877343020447734
keap1239	4.43554040755291	1.76720767338816	1.28763851142192	8.17915353553206
kele1255	-0.353236500165377	2.01071761189111	-4.55965396770074	3.54975476564051
kele1258	0.0125048756759449	1.99826321704884	-4.13176027041109	3.94839489841603
kemb1249	-0.149473721414631	2.06297275530149	-4.35069658199802	3.88163712979234
keng1240	-0.614442048982562	1.93571580670108	-4.72581765092417	2.99109650813232
kens1248	-0.492373178642502	1.91166516607109	-4.43396344056419	3.135456618122
keoo1238	-0.220221112757997	2.04309868003132	-4.3443200464611	3.81076075038073
kera1255	-1.2577532900744	1.82744952104892	-5.25083576431964	2.07591210091868
keri1250	-0.111578142605339	2.00033652421144	-4.21555479785408	3.79430858242495
kesa1244	0.785308336844392	1.44895632933105	-1.90420149940036	3.72895106138848
kgal1244	-0.0934593086911224	2.05434288329598	-4.31492366661315	3.89427199410063
khak1248	0.350997598583787	2.00146214193708	-3.44085559114142	4.38524884272073
khal1275	0.187116787809434	1.17505108371552	-2.00308448435862	2.65034995062104
kham1282	0.682324734610479	1.7932511670947	-2.61725190231071	4.5982504619715
khan1278	-0.389831670957765	1.98629974405642	-4.6122777517135	3.38074864793283
khar1287	3.60735862039528	1.99898086171033	0.00199076970464778	7.87620878344121
khas1269	0.203713287105128	1.63259992185617	-3.05885539611484	3.51311696800013
khez1235	-0.225448059299479	1.18833164137101	-2.5751166202915	2.20329439564013
khin1240	1.03457883862679	1.92606098879839	-2.61866518703744	5.06109002834878
khmu1256	-0.514610921175603	1.88051034468803	-4.33337903221546	3.07478676731884
khum1248	-1.7117360506988	1.15052232623439	-4.05883222643638	0.473054871686345
khva1239	1.14127176189339	1.97384141968013	-2.64950734504136	5.32961162570694
kich1262	-1.0320253473755	1.93913477988468	-5.11425112192799	2.62410657173417
kiku1240	-0.472185369555929	2.00200104117846	-4.55615429859576	3.41391701294448
kile1243	0.228132981986758	2.0404395618956	-3.75415324582372	4.43039007733274
kimm1245	0.614298273985042	1.61437746049523	-2.44319384532515	3.94004589459833
kina1250	-0.12884736744035	2.03370430926502	-4.18558918792466	3.96458742828357
kinn1249	1.22046901268951	1.83981795040608	-2.0669662661987	5.31220666028582
kips1239	-0.505566825523317	1.96956083139107	-4.50316464019356	3.26224274388424
koho1244	-0.48396870712406	1.99459093046704	-4.57854330335804	3.31976490491423
koko1269	-0.430875597339874	1.91867888845037	-4.35354220656896	3.30424537183936
kola1285	0.0244340829486141	1.88448502962716	-3.94626379745908	3.62738931985319
kolb1240	-0.957380161618566	2.05101870608521	-5.31698210639845	2.93503264975806
kolc1235	-0.25049661350438	1.99977389469031	-4.47881153629029	3.60588594048851
kolu1245	-0.207214416613961	1.78618999936298	-3.96812845131037	3.21043932168756
komb1274	-0.53704789399656	1.59860017836692	-3.81132176964161	2.48994243129284
komc1235	-0.831689609291946	1.92486739977901	-5.01033646814417	2.75779646339279
komi1268	0.177349017320826	2.0204515113822	-3.68515723269431	4.18929760731569
komi1269	0.11796498003385	2.03336942816102	-3.79136786062126	4.31435587114689
komi1270	-0.21099729403328	1.22604665777932	-2.60210595684461	2.24183427143825
konk1267	1.06589283803422	1.73655811227342	-2.13174369885648	4.86885368815375
koon1244	-0.102573044759946	2.03883628539554	-4.35302413025638	3.79428605229966
kork1243	-0.855957467580382	1.79521829221832	-4.56501512797414	2.47445464245051
koro1298	-0.683344550899781	1.89204316455461	-4.6823098103897	2.80981319804099
korr1238	0.751374652107491	1.9428654477966	-2.92215141229985	4.80536628920252
kosa1249	1.70288017532713	1.61251063276852	-1.15838842482877	5.12260021640514
kosr1238	-0.0383826337834483	2.06634923683024	-4.20213228826075	3.95335042151092
kota1263	0.655180013355308	1.91307759784174	-2.92938225086631	4.74276288344982
koti1238	-0.113491411863829	2.07569508261833	-4.42141326972742	3.99587221124931
kove1237	-0.614801018514404	1.93100125846103	-4.57055248843961	2.99278073782033
koyr1240	-0.643581044810571	1.911184708171	-4.60876688672807	2.98566122426935
koyr1242	-0.553410715506587	1.95521330057524	-4.4994804814621	3.22542754816203
koys1242	-0.806237323384361	1.83383688929226	-4.67460080703089	2.5887990815445
kryt1240	0.97990844450211	1.93018492439746	-2.742889329248	5.00113347419212
kuan1248	-0.581784823053272	1.95232271689213	-4.61755441125115	3.18391224003548
kuii1252	2.66094918323074	1.87479888237019	-0.566766559254875	6.83904795729477
kuik1246	1.17715168897426	1.90183298314997	-2.2681610588653	5.35917265071542
kuku1280	-0.0796901171787666	2.07524961972551	-4.31203728297015	4.04485769209371
kulu1253	-0.223792867941063	1.16809017979587	-2.48438787355925	2.09671625982253
kuma1276	-0.231076834471431	1.98362908265004	-4.48006146202517	3.60914512582036
kumb1268	-0.23197921443006	1.99567539289391	-4.35395699144318	3.68781826489277
kumz1235	-0.592106441525217	1.85333570841499	-4.59454496490379	2.74044004091796
kunj1245	-0.0767420280588531	2.04155324145649	-4.24489427681398	3.98894121407335
kusa1251	-0.339078087034719	1.96092639012686	-4.40354083686616	3.4350781540174
kute1248	-0.8468405545337	1.91668253842668	-4.92592760295279	2.76243419017168
kuvi1243	2.65380791510837	1.81856634277519	-0.43869945525905	6.6893844949959
kuyy1240	-0.578469940706341	2.00972968779674	-4.78693523584704	3.30318302342802
kwai1243	-0.419590550306299	1.9541334812839	-4.48728608228028	3.30165396696946
kwam1252	-0.350524015366919	1.96123388552888	-4.43951905941581	3.41538036438897
kwar1239	-0.429017843743005	1.97530149551919	-4.47914967726372	3.29339246645197
kweg1241	-0.490852083678289	1.71078739974867	-4.11080419399208	2.68451844196113
kyer1238	-0.402531923956579	1.22997927819243	-2.85316480882514	2.00574603317543
labo1244	-0.729449778428538	1.88247427359058	-4.62425376194162	2.75785815129499
labu1248	-0.165099916788434	1.4891287754443	-3.19092091240972	2.6902194888526
laiy1246	-0.141438996362805	2.05115221394203	-4.35485879136655	3.9562838000976
lakk1252	1.10150800925999	1.97274849446251	-2.63692682613124	5.21261332695858
lala1268	4.51308198580724	1.76916754127642	1.387169902725	8.33272493352811
lama1277	-0.457023125344128	1.90530652116797	-4.52157188745571	3.12754184982831
lamb1272	-0.340567103512671	2.02825297689865	-4.57926392482622	3.4774148098986
lame1260	-0.734690789217012	1.81590420039249	-4.65155549548478	2.66613873516422
land1256	1.82172719357611	1.82924546672304	-1.63711817446667	5.5924048238454
lash1243	0.865136844130881	1.47469093501907	-1.82674461047477	3.98627863125625
latv1249	1.21345598980557	1.8143215744474	-2.0443177549968	5.07879508397857
lauu1247	-0.408178259769475	1.9767632234272	-4.47146771068506	3.35138063976066
lave1248	-0.569845110127504	1.94957957706004	-4.65616822810278	3.0813271240612
lega1250	-0.115746050388393	2.09002485152951	-4.2725229596717	4.06114311651117
lele1267	-0.528562270074541	1.95041985036681	-4.55012762460695	3.19811853075714
lele1270	-0.0291157705026141	1.98538639072436	-4.12600445393722	3.82386103132868
lele1276	-1.09970886534349	1.86548339388806	-5.10464664411664	2.32702214590786
lemb1266	0.129083806456184	1.54056416797755	-2.89871525880772	3.15168982269154
leme1238	-0.402967513033095	1.93428069243836	-4.52730070913844	3.20660250540052
lena1238	-0.363356358428607	1.93639864223972	-4.43782917938778	3.2774674633767
leng1259	-0.438850783360778	1.93459656931822	-4.47038240619409	3.27539630005867
leti1246	-0.502238164886088	1.92431670024717	-4.46636601678335	3.14693652022635
lewo1242	-0.692151417504696	1.83730977767677	-4.61272997104371	2.73829024192735
lewo1244	-0.440463703123189	1.93775681921762	-4.51049619593602	3.26415115121978
lezg1247	1.0638290895997	1.9536154730972	-2.53176532521166	5.21009492028146
libi1244	0.495968310014709	1.90970384074098	-3.22672816381319	4.23646792596234
liby1240	-0.326491085622734	1.97783003403225	-4.47369788898672	3.36907944341131
liji1238	-0.662099098612541	1.99696007798982	-4.80151208618837	3.13552159002347
lika1243	-0.910665225595113	1.94469195056635	-4.87500078472452	2.71685885893598
lill1248	-0.462776513835948	1.97582693714632	-4.61788801045167	3.3738276919537
ling1265	-0.748054700779687	1.85337881322415	-4.70357039973062	2.68882086599138
lipo1242	0.770368937213369	1.49753325080722	-1.93965121217432	3.98547637780629
lish1245	-0.879514763795524	1.80306166633617	-4.68839462492719	2.41487528851363
lisu1250	0.554923400515114	1.43442847661529	-2.09901417802048	3.56628933657277
lith1251	1.43326412394367	1.88023666093414	-1.96460709415806	5.52558020711223
litz1237	-0.729612029538949	1.85193540858005	-4.59598565850098	2.70677136848702
livv1243	-3.15031146027867	2.04977419117371	-7.44899607677353	0.502780032547408
loba1239	0.627874746079542	1.89206348986378	-3.16186043591272	4.43148068868976
logo1259	-1.33777667121522	1.73863158564628	-5.0341294216138	1.8321774816759
loka1252	-0.518663123946422	1.97919274604194	-4.57055460029968	3.31035534373492
lolo1259	0.638618789173262	1.4838567183725	-2.08712207728865	3.81989609148873
lomb1257	-0.584186587323875	1.87541567763674	-4.57107709829411	2.84068580919939
long1395	-0.418259310049392	1.92483150817221	-4.38511614336653	3.241217176589
loni1238	-0.0570247447109602	1.97840430217683	-4.09870999882775	3.73838045540263
lote1237	-0.625100629560667	1.95289465212473	-4.7443798565773	2.96841023295635
louu1245	-0.0436420046185688	1.98949402808769	-4.26557886440798	3.80139330373486
lowl1265	1.07845527219497	1.68255852969704	-1.98522945080933	4.68017868724767
lozi1239	-0.119607267042492	2.07818533797883	-4.25493108789469	4.01837854742812
luan1263	-0.490421829694218	1.89432078905936	-4.45980616548751	3.07916190883396
luch1239	-0.153224072127996	2.04125119139847	-4.30084834213871	3.78523038127347
ludi1246	0.214569877621456	2.03435897334272	-3.69637806783602	4.26137729358919
lugb1240	-0.245955110708388	1.80209925035428	-3.9842490599881	3.24482631511505
lugu1238	-0.278450192163638	2.05518389165957	-4.51910327897552	3.72033963147692
lule1254	0.253955945536632	2.02494226901215	-3.58989395418821	4.57288457220936
lumb1249	-0.109411314424279	2.07600604524532	-4.20949202471972	4.00463117261671
lund1266	-0.0803510269174984	2.05510351822284	-4.19779490461252	4.01509297550609
luok1236	-0.412012202984123	1.96537891586515	-4.4459564059918	3.32571118477037
lush1249	-1.830271774646	1.21809573635088	-4.45978700610227	0.415356520832391
lush1252	-0.348280985851469	1.98362547418763	-4.4171746972796	3.46230145841778
luva1239	-0.156181163446149	2.02376360273937	-4.28978184493196	3.8760680765085
luya1241	-0.116114753089349	2.11956321280655	-4.46075684280169	3.94948683553746
maan1238	0.00140758327089821	2.0282628585002	-4.04731864805954	4.04870703885329
mace1250	-0.852708549973115	1.8635633146546	-4.84027067390483	2.49205258326169
macu1260	1.14258674772588	1.84728133302305	-2.37554014612914	5.06014614161899
mada1285	-0.566567333058143	1.9288204639557	-4.55740838906754	3.12008870176674
madi1260	0.751649421763515	1.64030487221154	-2.36665267747898	4.30216843705749
maee1241	-0.705682521078345	1.87544863341283	-4.65241411418041	2.84929789000132
mais1250	1.91928154547084	1.67375523042193	-1.32969640434855	5.27348556590702
mait1250	1.591586730426	1.58007057615003	-1.24509084739119	4.99593161349396
maja1242	0.509373222190677	1.79240600801198	-3.08412518644702	4.14006322050818
maka1304	-0.293016773834821	2.03826814192189	-4.53054566478595	3.56000279918653
makh1264	-0.158280964671141	2.00916857127472	-4.28628968076342	3.67103800633826
makh1266	-0.139360013281071	2.02928681270659	-4.41941829715117	3.76900555031804
mako1251	-0.110577335193831	2.07494775386267	-4.29867944013591	3.94860024180213
mala1463	-2.2860219163492	1.9000490490538	-6.3343285731991	1.27307262461729
mala1464	-0.937338382445067	1.87798769883086	-4.58659364737741	2.78954255178327
mala1522	1.77009514003794	1.63789556790818	-1.25711268513059	5.23384215895928
male1284	-0.438199201506784	1.64248944438065	-3.79352615174379	2.68184875372762
male1289	-0.654825935545459	1.88963143269388	-4.60456455211731	2.87008101298137
male1297	0.201906393229848	1.773804896718	-3.40972597615438	3.63858056049516
malg1251	-1.32308516396031	1.94804874947648	-5.52546855995519	2.18428751957417
mali1285	-0.981821038902869	2.03030792320853	-5.37614883899107	2.8442282512048
malo1243	-0.657162564989881	1.90644007875377	-4.63947046539898	2.97988803577173
malt1254	-0.383682854772193	1.91862494361577	-4.40840333915229	3.31881921927765
malu1245	-0.687318806561828	1.88737579535804	-4.63545851778708	2.91516518300514
mamb1294	-1.34802758662763	1.94575385626235	-5.5062208092082	2.32199076419966
mamb1296	-0.125628555963276	2.06920353108784	-4.295356219842	3.90734923207
mamm1241	-0.896331225143023	1.99556265955536	-5.07555949164858	3.00313799107028
mamv1243	-1.36751344587478	1.76336476999047	-5.2169080150499	1.84522250485464
mana1288	-0.509565973578734	1.34390671269428	-3.17487367994418	2.15874363334331
mana1295	1.92221991275748	1.96450292288584	-1.56895148788035	6.10014184301302
mand1415	-2.00805945478285	1.70039486724102	-5.71260676229475	1.07382648817821
mand1440	-0.471435830157145	1.91856618007834	-4.35635302320942	3.18248436434031
mang1378	0.449371717417554	1.68613573583233	-2.91876132978356	3.74075465721575
mang1394	-0.952037457783425	1.88153804510232	-4.97535178763605	2.4636670453028
mang1401	-0.0668418055300861	2.04728513417006	-4.38256191078869	3.94972462598069
mang1403	-0.641674227815019	1.92913877645179	-4.63077873559822	2.9766114102772
mang1405	-0.141200099840243	2.03449665285371	-4.27482905118221	3.83409516513374
maor1246	-0.0729746503670014	2.08063415160175	-4.28452741078222	3.99076147765129
mapo1242	0.0445593391279785	1.51238974114225	-2.99043412032125	2.93810285125349
mara1378	1.11896963487319	1.80072900987498	-2.08349898161441	5.11552681330787
mara1379	-0.0322661803139605	1.16835030837224	-2.32733417735422	2.37850898188779
mara1382	-1.24399199299593	1.23992058383727	-3.76240121767699	1.16963553155844
mara1399	-0.711613426959686	1.86262212293834	-4.5784840808546	2.73366889066815
marg1265	-1.57232857466851	1.88783363951962	-5.74273768047535	1.80377043424712
mari1426	-0.628225659354683	1.91169467117641	-4.7299689275443	2.98918096535079
mart1255	-0.170974554772723	2.06432296464151	-4.35189262830091	3.91856108989856
maru1249	-0.025589876431885	1.4933209044777	-2.9053117058876	3.11481183744388
masa1322	-1.20925258932118	1.85006488070103	-5.20715230441685	2.15375404057504
masb1238	-0.10112432790176	2.1057744849927	-4.41793422613607	3.89858413108042
mask1242	-0.763239527350533	1.83220905166607	-4.57656728413468	2.62900800714195
mati1250	-0.115426915613394	2.03452496617527	-4.29778946425829	3.83150067007118
mato1252	-0.43246774494292	1.45135988162852	-3.41274300413182	2.40633184955326
mats1244	1.39320993959945	1.80381889392822	-1.8024138807638	5.28035821347151
matu1261	0.220298618822419	1.65012113359166	-3.07186776163292	3.56228141593815
maxa1247	-0.81101065907238	1.81406479667425	-4.67332564998119	2.52608242628293
mayo1261	-1.07997831543041	1.91519610765466	-5.05506439012971	2.53642339969972
mayo1264	-1.23622775249676	1.67543591568965	-4.79487943181711	1.85940339545402
maza1304	-1.58500581528248	1.86511504961474	-5.57178278715915	1.70827508147449
mbaa1245	-0.56008194438299	1.92548835033569	-4.54750005393037	3.03522988421432
mban1263	2.25146008780237	1.8484775056833	-1.18070801854059	6.02659863075337
mbar1260	-1.17244292630913	1.86567355781862	-5.14700523781378	2.21187968417367
mbay1241	-1.00271869769323	1.84349559354605	-4.93661739159963	2.34297435263074
mboc1235	-0.870600376213861	1.84663120645131	-4.83320991115757	2.54271671049675
mbol1247	-0.215317105577188	2.07422989362592	-4.44245865309435	3.86609919385751
mbul1263	-0.674034560519467	1.87035665843582	-4.50747615321747	2.98761188393415
mbya1239	1.1308926909475	1.81775314503607	-2.1071250228283	5.02688297647876
meen1242	1.62968519825935	1.8348738953196	-1.72744481509489	5.43838926364515
meke1243	2.67163884249927	1.53639866772258	-0.233392446725461	5.84889008575531
melp1238	0.693415448743613	1.43382739922419	-1.95606959915729	3.62592657181219
mere1242	-0.572167094873256	1.93952780694129	-4.47700145450724	3.1586747598726
mezq1235	-0.853649930678212	2.00388077645328	-5.10177742699345	2.95882381842225
miju1243	-0.726377711517581	1.36304733329985	-3.40211001724166	2.02339519052062
mila1245	-0.902150308230246	1.32762068509401	-3.58176607860828	1.62009767835582
mina1268	-0.0978803607186483	2.12526299185943	-4.25447780364546	4.12997345156014
mina1276	-1.60046599864831	1.83882922747384	-5.55485580780802	1.65158460968286
mini1251	-0.594868913254963	1.9615625969377	-4.6865988132337	3.09193312039221
minn1241	-1.22831799231535	1.83333536085462	-5.21196664582374	2.07893946247119
miya1259	0.374726835499708	2.0234798601265	-3.53462877794251	4.42352758710632
miya1266	-0.952584989372081	1.89267536447862	-4.98449382643954	2.55888361358775
mlab1235	-1.67049673881373	1.79159590258174	-5.549501976544	1.55951446195193
moba1244	-0.0953324183547497	1.92368720578591	-3.98394864889654	3.59446554455247
moch1257	-0.804385462803457	1.99849275949527	-4.94148393004186	3.05219296635521
mode1248	-0.535650889811614	1.89776093148243	-4.5642996585265	2.93829150456212
moke1242	-0.3012130327303	2.00327675692863	-4.30036692410727	3.54819186976319
moki1238	-0.110110354499359	2.09224335181881	-4.30672578899561	3.94808032418335
mokl1243	-0.64855900303256	1.88844803698377	-4.71195528949979	2.84756030158736
mokp1239	-0.648973318446325	1.8948829439227	-4.68553210721806	2.8754969154153
moks1248	0.18490629684286	1.99042514595438	-3.72102067829324	4.22609438068869
mono1270	2.60219897368662	1.76383009068741	-0.641543349764566	6.26822293484692
mono1273	-0.384398547822024	1.93300087165685	-4.42461098734873	3.27502084802254
mono1275	0.943207866352466	1.82276985160975	-2.40055253497136	4.94240864076261
morm1235	2.11120341369152	1.76489086548449	-1.10563119699633	5.85448920453262
mort1237	-0.0548902976467609	2.03099155123033	-4.19856800691473	3.92449318145467
motl1237	-0.384625616931772	1.95678481947055	-4.52654574383591	3.35009622455397
motu1246	5.00370964551053	1.82790723531916	1.82393640095803	8.97734059410402
mpad1242	-1.0188216159603	1.87499935628173	-5.08200742382205	2.3866147137168
mpii1239	-2.01767354844801	1.79779832623341	-5.83144064459395	1.22211231749253
mpot1240	-0.249213294887444	2.07988864835121	-4.49343252310531	3.74178417190145
mual1241	-0.127172322410609	2.04028230940724	-4.24249226306573	3.97182051731292
mudu1242	-0.540918179707531	2.02353821331409	-4.60038415695388	3.50647306497144
munc1235	0.668742621375524	1.64072536482706	-2.31044663975648	4.1930797992222
mund1325	-1.33891495540201	1.88795393309532	-5.3594115921031	2.15846221051267
mund1326	-1.07700396983573	1.87680806701604	-5.00472468849363	2.39950913996909
mund1328	-0.846973803264933	1.92543000517487	-4.92912256762845	2.75678379848553
murl1244	-0.223856117515625	1.84612068139496	-4.08049340070694	3.33406714093777
muso1238	-0.369147380201702	1.43767984150994	-3.31610571815682	2.37415533680417
mwag1236	-1.01224733285777	1.86940113303263	-5.11822308160807	2.33856203877816
mwan1247	-0.126666111000806	2.02015722113162	-4.19947776791343	3.88544839692473
naka1262	-0.64922236392118	1.93820461378271	-4.83567135904848	2.93950465617986
nali1244	-0.528272811172302	1.94115407981301	-4.49626647413209	3.16658192675178
nama1268	-0.61777738526929	1.88954087681356	-4.67614506833093	2.9766253074254
nana1257	0.433690408243585	1.96043156901072	-3.26244692153537	4.53708297202642
nand1266	-0.519906829443517	1.96181215579926	-4.759763774854	3.27760416785309
nang1262	-0.194800558046396	2.05556821982734	-4.51448689662563	3.83648925294787
nant1250	-1.33773881119285	1.85284033799718	-5.39407617823662	2.0128934409526
naue1237	-0.44854088312357	1.94776802539479	-4.44596665832655	3.28607223540046
naur1243	-0.0344635787460546	2.09012587732156	-4.14278307050771	4.04393041260638
nava1243	2.531577637683	1.85380539369573	-0.707025159485761	6.58702267202771
nawu1242	-0.52738978321097	1.8466234693217	-4.44291740582728	2.94219330323342
ndam1239	-0.326548423025279	2.02057486726916	-4.47596832218816	3.69926509147143
ndog1248	-0.176189760913977	2.06396142241616	-4.38712886281239	3.9363972057022
ndun1249	-0.0258628562555879	1.8522358019111	-3.87144743850388	3.39296718614725
neha1247	-0.345391911233089	1.99950030162424	-4.48200254058508	3.59460017816682
nend1239	-0.339276667817247	1.38297412629594	-3.17323017062496	2.35145614688431
nene1249	0.159839627802646	2.03529926876407	-3.7484110480242	4.31127148311734
neng1238	-0.229838683388086	2.01445226793806	-4.31238105274508	3.76438266288103
nese1235	-0.691834332907698	1.88706794397891	-4.67995697915457	2.91427390712319
newa1246	0.25949994928	1.24469268986788	-2.16463578227745	2.72791825592996
ngaa1240	-0.218134789858699	1.99283176898696	-4.3200324685046	3.64192478033722
ngab1239	-0.900062669315394	1.89843492850441	-4.80133504070574	2.60960453981992
ngam1268	-1.11071413966786	1.83471600100029	-5.07278658333925	2.23828426357822
ngan1291	0.206579908490614	2.00548760639889	-3.57794675068314	4.36372513183888
ngar1235	-0.0736120201861721	2.06015485042282	-4.19289994865104	3.96734700481853
ngas1240	-1.12447195855577	1.87827936344499	-5.14131277909159	2.24800493695158
ngba1284	3.53010476508555	2.03953634049523	-0.167480031863613	7.79382894242032
ngba1285	1.48951041450878	1.92770069041466	-2.16935540245927	5.35039216619156
ngit1239	0.946664651577122	1.7558233126873	-2.38356665430065	4.59125118908345
ngom1268	0.0633264444779671	2.00681789904398	-4.0507355864551	3.95843801903465
nhen1239	-1.70624853421216	1.84205070916307	-5.56336415328437	1.59407352621705
nila1242	-0.366256941496084	2.05960995172029	-4.55955828111783	3.53086738930926
niua1240	-0.275690131353575	1.96967007777463	-4.37111778787782	3.46763511046202
niue1239	-0.0781853991580533	2.05824304289005	-4.11808471770365	3.92654123373566
njan1240	-0.750607335137662	1.99040791968468	-4.93790497966179	3.06001497115105
noct1238	0.362904587726968	1.42966671985278	-2.2780854401582	3.41390513182995
noon1242	-0.139817336911843	2.07178169947896	-4.41475562379206	3.87237392140096
noon1243	-0.832597833296253	1.95045369072043	-5.00294198236367	2.80469682183469
nopa1235	-0.895243769028576	1.94750859842606	-4.98825823630462	2.85065665748093
nort2671	0.51939826476952	1.91036428888499	-3.04524968042827	4.58535056883755
nort2684	-0.543405216621476	1.97429975036511	-4.69557546841003	3.1619017064612
nort2690	0.109922612648859	2.0500789455206	-3.93611982388426	4.13693699444406
nort2697	1.11698932426786	1.96029877900306	-2.52666625734155	5.30972285800944
nort2702	1.27599720179948	1.94928309957973	-2.22452213867505	5.48397383447528
nort2722	0.38558923475392	1.52440076211815	-2.50124785436634	3.54421724507433
nort2723	0.587268097271661	1.58658283195963	-2.39508178422338	3.9864167934461
nort2732	0.609653408334755	1.73934220553839	-2.57921516768319	4.27786019088104
nort2747	-0.851645668030269	1.86085735367136	-4.81994633110387	2.72186161998537
nort2774	0.836742743653372	1.90410894076577	-2.85828271998844	4.60222434189975
nort2839	-0.753280435692815	1.82123139081697	-4.51048972205579	2.60998782223981
nort2845	-0.066843872056654	2.0607797162807	-4.21828507639475	3.88787928294802
nort2847	-0.368691460274619	1.93013009639462	-4.39807388803159	3.25338452508761
nort2885	-0.139793950307651	2.061943377177	-4.32466593357683	3.90641745016959
nort2942	-0.56105508792686	1.85005764372468	-4.48796493865539	2.93136553985229
nort2954	1.00116106382328	1.79925649047978	-2.27546473137237	4.85050668697046
nort2961	-1.83460924999035	1.80170291447824	-5.7143314481003	1.44409262093364
nort3047	-1.57456359333491	1.81909538652355	-5.57396788057852	1.72465737490645
nort3139	-0.607775213439013	1.81648772760461	-4.43711295544899	2.74722378992185
nots1237	-0.554857628327585	1.89856796148568	-4.50273078968316	3.02681725842083
nucl1235	1.08500497699852	1.74085424464339	-2.06850507212045	4.78863411611664
nucl1240	-1.36389474142547	1.90183817100972	-5.38577121650618	2.17315547081677
nucl1301	0.110287696489936	2.0318531330473	-3.81732552991901	4.18287058861146
nucl1305	0.728248431082333	2.00647536823316	-3.09632239421665	4.93565641466119
nucl1310	0.862448908900735	1.55702694455007	-1.87698169976267	4.19410035574186
nucl1417	-0.357029895327647	2.01682303587451	-4.54889560162799	3.44162095891713
nucl1643	0.315988082643928	1.98231509882031	-3.55272535067839	4.33012265566282
nucl1706	-0.487186982123927	1.9095490509484	-4.51472653377156	3.0172767379887
nuer1246	-0.280993749897986	1.99516844262376	-4.2670825001665	3.68770007432021
nukn1238	-0.566921235433033	1.4261940887084	-3.43127472408285	2.16458908808034
nupe1254	-0.197320836721425	2.05763734828105	-4.37506331253372	3.85536963707003
nusu1239	0.603243065446663	1.41647138887432	-1.97531943243541	3.58707577040952
nyah1250	-0.607423920943154	2.04360309988256	-4.90760212578949	3.32205545138087
nyak1260	-0.407298160354084	1.95254592308105	-4.41109494169377	3.40864046202117
nyam1285	-1.32684485643474	1.92085917325565	-5.35813940712021	2.18368671559852
nyan1307	0.211156322721333	2.01275605072837	-3.70547512440249	4.09029005769906
nyat1246	-0.431647372866624	2.02800801977849	-4.75096565465061	3.42182022113009
nyor1246	0.465093105186126	1.9172737527527	-3.38095609483608	4.28039688819919
occi1239	-0.61753124207565	1.84416618810064	-4.58146576479051	2.77832361557791
ocot1244	-1.10354556571244	1.99305570788679	-5.19485429003139	2.69541390254241
okan1243	-0.54444704315423	1.95674639952993	-4.57948611508516	3.28696059639598
okin1246	0.385470071195487	1.97856866762188	-3.44597951341313	4.44508183637552
oksa1245	2.06665252346114	1.69324105008535	-0.857880858889366	5.78746255942007
onto1237	-0.190268895949063	2.04025950348428	-4.33717604432765	3.75980983042313
oriy1255	2.76305954151368	1.91974340087636	-0.430321038213087	7.06170097699411
orma1241	-0.389161236326355	1.9421652893346	-4.41066915027953	3.19899389142487
oroc1248	0.461540291087478	1.97785015986494	-3.39600329396484	4.60327921239455
oroh1237	-0.312502375277658	1.99525315670807	-4.39389780142723	3.50162507972477
orok1265	0.426654181829186	1.96681732270414	-3.2999904679664	4.53155282100909
orok1266	-0.75729124991146	1.9028648822772	-4.80333940583753	2.85731988088666
orow1242	-0.302079633259814	1.98399805182486	-4.42647205982375	3.49469011756554
otta1242	0.779336576071206	1.81706850741158	-2.568358454712	4.70689215672818
paaa1242	-0.838122120041704	1.89809590846913	-4.90022861857753	2.79632040294511
paas1238	2.20537294913291	1.77455530479684	-1.05034748733918	5.9372466956211
paco1243	-0.570981808110679	1.97628022587479	-4.64167215564049	3.23250672340316
pagi1243	0.341925604896723	1.91895088442231	-3.47245541305641	4.05422726544162
pagu1249	-1.10130337898355	1.9437763717073	-5.27314448267952	2.46049500004938
pahn1237	0.492807560188672	1.63879538637738	-2.66953704502754	3.82289844514293
pala1344	-0.0529562299929406	2.0726577850417	-4.34003390156994	4.00124320974209
pali1279	-1.15644491510182	1.79484021234644	-5.05709223515932	2.02763306381102
pana1307	2.00651604706771	1.85324493026003	-1.36354592630158	5.98703959798193
pang1287	-0.332939527255622	1.96625107296152	-4.35911667597593	3.44603182810267
panj1256	1.10879263589442	1.76166666168201	-1.98098998948313	5.07513416512921
pany1241	-0.309987265368229	1.96927934856265	-4.24191242002328	3.48085873682217
papa1265	-0.341601679928041	1.9637686012752	-4.38620829932842	3.41654536768651
para1301	0.0767403833905063	1.85011069377568	-3.70018251706327	3.61212264891753
para1302	-0.154592939609255	1.30825309445713	-2.68217395261122	2.48248214297166
pare1266	2.61280580276716	1.80322363853103	-0.482025868727843	6.65724233836663
pare1272	1.60760762985847	1.75405533454811	-1.55131117433832	5.37333501827985
pate1247	0.196647919356705	1.52042420155082	-2.82444425909723	3.12072741827711
patp1243	-0.537087652530251	1.96116372186033	-4.5688968743778	3.35035179976133
paul1238	-0.15629338591243	2.06826538942543	-4.32323255647816	3.92293313980118
payn1244	-0.266861993372934	1.40332425484891	-3.20482344486565	2.46735894631714
pech1241	-0.584899966644345	1.88822163293569	-4.53366688037023	2.9301712120704
peer1241	-1.0122462007936	1.99592038531552	-5.23775296461072	2.71044888018593
pela1242	0.926125645135988	1.63799554347771	-1.93803556787496	4.48697322474595
pemo1248	0.745297958150735	1.91998755073071	-2.77886959689986	4.84307019842067
pend1242	-0.210511526024634	2.07062050248816	-4.48225701180117	3.79604507246296
peng1244	2.60117665441137	1.8970260044451	-0.598513441919143	6.85192426368394
phai1238	-1.48673171089475	1.8763786214458	-5.48591935894805	1.89410744178791
phom1236	-0.169778489489839	1.24500470292496	-2.60574416725296	2.37278943469329
pile1238	-0.187630400529797	2.06232582687485	-4.48384522051868	3.8800269339521
ping1243	-0.0784087400954966	2.07470905036297	-4.28458984440315	3.93304360714619
pipi1250	-1.17700695750091	1.81854401795408	-5.08155694984848	2.06886948023109
pite1240	0.266586276679465	1.983144287026	-3.53829429257897	4.35095134045035
plai1258	0.772858992159361	1.81773423303272	-2.54232699842208	4.66065548074744
pnar1238	-0.0236434124636136	1.65673438015432	-3.38939616056897	3.18519962204344
pohn1238	-0.0657858653044965	2.10027919547462	-4.3955698244604	3.98879391314584
poko1263	-0.431788785633604	2.01953145243834	-4.65254819936958	3.45964783966008
poli1260	-1.66240838188982	1.71789058708335	-5.37061478763752	1.45923303152871
popt1235	-0.882998800297714	1.98631893370525	-5.09945406189475	2.86056096283805
port1283	-0.631513858994034	1.87151521720415	-4.69887820778923	2.78806142111887
port1285	-0.764841572397046	1.83931800163112	-4.62027751630817	2.65221207147206
psik1239	-1.63041782440477	1.85868732977267	-5.63363801266432	1.6318975891197
puka1242	-0.239134109261243	1.99890012194985	-4.50517653457635	3.55913277730533
pulu1242	-0.149036805384348	2.08946223436871	-4.37595880870027	3.86628072418543
puma1239	1.25108218197797	1.28376489326795	-1.02853356939742	3.9586384075857
puoc1238	-0.268798520960041	1.90986647266361	-4.28238368636094	3.33493579157319
puri1258	1.02037280461003	1.88121010464558	-2.30533494601822	5.10236354326666
qima1242	3.11402154325845	1.90595397296982	-0.345185608936566	7.23543873289979
quer1236	-0.667950954417773	1.95935336022109	-4.74003388169677	3.10887652349357
quio1240	-1.17219004035688	2.00040282713053	-5.36846353833139	2.6376221874523
rabh1238	1.16744317348463	1.64319112291014	-1.7928326375068	4.63797871059135
raji1240	1.89797343934399	1.74548636942056	-1.24605029989836	5.67051084765485
rama1270	1.80257551079251	1.82197306385872	-1.50326523200964	5.81149604969227
rapa1244	-0.047208599915781	2.05024794715957	-4.22775613796998	4.05937596405539
rapa1245	-0.104593753182896	2.09821573281929	-4.44171967920678	4.07544876953709
raro1241	-0.05881731044403	2.08018992953402	-4.33085657123144	4.07008094714348
rata1244	-0.215141693592684	2.06423563049427	-4.44603074313651	3.89854634283175
remo1247	-0.172075090886321	2.06071897306054	-4.28379916031986	3.86115840720923
reng1252	-0.54199270444995	1.96286264091477	-4.63585890267346	3.09405894096178
renn1242	-0.188454060528093	2.06475270326852	-4.42296125381968	3.87405170097185
reye1240	-0.401427813542432	1.77246495536579	-4.21006659208207	2.98535853278167
rong1264	1.31414264688103	1.81927911309371	-1.92217162599061	5.283929771181
ronn1241	-1.02560246593706	1.86290026853783	-5.06643913055998	2.33669544952066
rotu1241	-0.0665132243137585	2.09968271560113	-4.29376152316335	4.03921948492578
rovi1238	-0.333427593000503	1.96794305648079	-4.39992474874362	3.4326843197215
ruch1235	-1.36124292800231	1.92175101328702	-5.45400541668814	2.30171792717139
ruka1240	-0.304931932698262	2.01342103938185	-4.44053591574302	3.6097355847008
ruma1248	0.290452737340262	1.77232265994309	-3.1480306936107	3.7795077387791
russ1263	-1.61469184637464	1.67478104224093	-5.16665548993457	1.46040466262627
russ1264	0.590970800523118	1.9158121756606	-3.03599814100807	4.54395727880644
saaa1240	-0.327905839798643	1.99463746135335	-4.48889210878471	3.49529083095421
saaa1241	-0.725148599769746	1.85207012286255	-4.50475540694175	2.66292831809716
saar1237	-0.364899518289884	2.00540251448854	-4.49364175141511	3.46899135274366
saga1262	-0.326204604455269	2.02493216399028	-4.38046015593169	3.67644304001169
sais1237	-0.337376596846809	1.91181780056713	-4.32495903582635	3.35168316133332
saka1289	-0.589526798955991	1.92520443447121	-4.53852632269042	3.12349074131594
saka1291	-0.108948465614616	2.05540003078089	-4.22960125348434	3.91491697065784
samb1305	-1.23286973310556	1.84873025407526	-5.20604818642149	2.17460522588372
samb1311	-1.19559501536905	1.84917587699705	-5.14803855165152	2.16425975236592
samo1305	-0.0851716905672237	2.09089302262718	-4.30640764576357	4.07908385442613
sana1295	-0.326415688809225	1.92093457094688	-4.34136193204379	3.15559527634476
sanb1242	-0.828111757035034	1.86675563402678	-4.6934353463851	2.56218789416409
sang1331	-0.3866462489606	1.84795928642591	-4.29214274943769	3.11706918765504
sani1269	-2.04720208145603	1.46007931773766	-5.12773147651983	0.61808026725673
sanj1284	-1.13069669564837	2.00622499636633	-5.28551840732279	2.6347420842733
sanm1289	-0.73696934736418	1.83995809752134	-4.53849113244459	2.80089991487315
sanm1295	-1.197329625231	1.9609835284629	-5.42920905233295	2.4524535545234
sant1436	-1.03860161528515	1.98215834526631	-5.25520776608782	2.773464804303
sant1451	-0.77217964651593	1.98522264909779	-4.80095314224649	3.0118164895951
sapo1253	-0.347959882279292	1.9916920331974	-4.56929949998772	3.35888959814389
sara1321	-0.363272723506284	1.87416240455041	-4.3518096001569	3.18941458614179
sars1236	-0.593981328589283	1.88311535901095	-4.6410694563985	2.80292078962364
sasa1249	-0.111604865723099	2.09751200627733	-4.40344620744719	4.02316843401601
sata1237	-0.21876006105726	1.95067591203215	-4.38832077564073	3.48437542723457
sauk1252	-0.29437480055372	1.35941596480843	-3.09896803953624	2.34260387820398
saur1249	0.948890167485509	1.83885146223037	-2.44001863817387	4.75111933721292
seda1262	-0.545518718395036	1.92827306602322	-4.62848794395656	3.06461030965479
seim1238	0.232005364456664	2.04677343097183	-3.8384378688066	4.27310686826572
seke1241	-0.72385180791731	1.84573023338323	-4.57751140239535	2.71604092043821
sela1259	-0.304363283516243	1.93838276227325	-4.35430055486388	3.42753736189593
selk1253	0.147842014804901	1.99084956326391	-3.64002553144502	4.271846093982
sema1265	-0.472749614115542	1.92612771882579	-4.43158482564601	3.23552154822016
seme1247	-0.393783066347118	1.97465504559014	-4.54750719400645	3.25587856530756
seve1240	0.636669980711806	1.81368043055662	-2.69808791600599	4.52083794000182
sgaw1245	-2.80724010651447	1.7415293345866	-6.65542781935391	0.299095334704759
sham1280	-0.337305983499022	2.07016859461378	-4.72521200793811	3.67539102609677
shan1283	-0.782755204291621	1.75335718648238	-4.4983922582276	2.43337540288994
shaw1249	0.79190050954442	1.81002957440686	-2.47850916855514	4.548868885242
shil1265	-0.158397466812929	1.9851147256121	-4.28719323258285	3.58147504097916
ship1254	1.63687716763069	1.69750379726523	-1.45415489676885	5.25456996174343
shix1238	-0.807625817866492	1.48116556493495	-3.84540154194323	2.01469862464594
shol1240	0.713392199799509	1.93634326524327	-2.81697593681448	4.75014710176267
shon1251	-0.0869750328619328	2.06284334924323	-4.22057539566968	3.84316792705772
shos1248	0.915028412687456	1.79231053688659	-2.35930791546531	4.7291215297309
sich1238	1.01207769719315	1.68787062010141	-1.99479261061113	4.64658500159531
siee1239	-0.367648141011172	1.94100233894576	-4.34025733459017	3.41235441972142
sier1250	-1.18007457749172	1.99542841556838	-5.31768798217953	2.64122531897989
sika1261	-0.179437172248647	2.06751398437882	-4.44150704320649	3.93149179390195
sile1255	-0.142456796337126	1.42915961045169	-3.03466543408099	2.65803768257585
sina1266	4.73242464845371	1.74147851892662	1.61177432279458	8.55225109572514
sing1264	0.349128003886213	1.46670134583129	-2.31399539842621	3.39876507830531
sioo1240	-0.705902367214787	1.60235013183193	-4.08207054342955	2.4129613868003
siri1274	0.376484249368243	1.84218410636355	-3.19174564926503	4.16762797179667
situ1238	0.571572631340732	1.45317156657177	-2.14570735485637	3.59207854615447
siwi1239	-0.312809981339302	1.94544359711093	-4.35742249027084	3.35940699384992
skol1241	0.157158230857093	2.01625953581684	-3.72957689221752	4.40372526045332
slov1268	-0.657808969726895	1.89074375397446	-4.69543209746957	2.79073128333143
sobe1238	0.486017831935824	1.99844871280404	-3.45767193647272	4.48265909676198
soch1239	-1.14648523773737	2.00660036113111	-5.3651826155302	2.69568933167508
soga1242	-0.166804182816159	2.05180909089736	-4.35825577744715	3.79209376564856
sons1242	-0.08209062397677	2.09369789325344	-4.30329625474863	3.96621884478379
sooo1254	-0.640663603061395	1.91024291745709	-4.59649528743493	2.89315638968658
sout1528	-0.599839928853506	1.90978335642035	-4.64897311318215	2.93518423476735
sout2649	2.32488633578053	1.77437111584947	-0.848000022028261	6.05983909121067
sout2674	0.140312539116248	1.97394764488567	-3.64577197922798	4.19281981219231
sout2679	0.338225331273543	2.03299227970234	-3.4992961763806	4.60812400177814
sout2728	-0.760826560886786	1.51677443079133	-3.83639485682553	2.20891837860006
sout2729	-0.0193829340164943	1.41652281440222	-2.71134666285973	2.88335858128767
sout2730	-1.10262022715204	1.43837072384568	-4.03186005389257	1.69022503054453
sout2797	1.30323006467502	1.46924259407574	-1.55578293608062	4.24158112583231
sout2807	-0.0814782709073554	2.04215312492425	-4.37191327198622	3.89775962388441
sout2856	-0.503785973209889	1.96376915672506	-4.57220980146467	3.2087464144624
sout2857	-0.727587341392876	1.88265188841278	-4.67006872897652	2.7499586581539
sout2859	-0.747119050067866	1.81498690331405	-4.62799503787824	2.58419584584793
sout2869	-0.357419140830656	1.96145688485996	-4.42587192858627	3.33309614755219
sout2954	0.370398044758917	1.9605021385833	-3.41706400249206	4.29216874904875
sout2959	-0.590674809995103	1.93724890108486	-4.6947864040356	3.09725233229021
sout2976	-0.139842552397529	1.64068686466103	-3.4675742332234	3.0017891059317
sout3261	1.0593734531859	1.98426126610006	-2.76586700303766	5.11003936051524
stan1289	-0.538703031420765	1.83397628695378	-4.40298960101819	2.91454694325317
stan1290	-0.521406206571008	1.93609880681405	-4.5893481746151	3.13135209683368
stan1293	-1.6547525997193	1.71367559193748	-5.31611325619926	1.44978815990486
stan1306	-0.399782156703346	1.9886009712339	-4.51459330555827	3.33802631913984
stan1318	-0.442444772869287	1.90976531351244	-4.47905872173405	3.10413659854842
sude1239	-0.0859678339524379	2.06082909040916	-4.28252351826529	3.94096112374892
suku1259	-0.0995327468213357	2.01107682457023	-4.14396781899204	3.83588601997966
sumi1235	-0.131084072813109	1.24526122558548	-2.49496218652595	2.33683319514155
sund1252	0.431275920546792	2.03734588216969	-3.54480769179472	4.41845298874027
sunw1242	1.38471300678692	1.3424647082145	-1.00843415767938	4.24292205177349
supy1237	0.157407049729301	1.81889457412482	-3.54323633664386	3.69106704931251
surg1248	0.157238963519036	1.97333633334615	-3.59507500681085	4.16675117382596
surs1246	-0.498387329171089	1.97850053649732	-4.59904266960151	3.34125924122067
swah1253	-0.208718250510563	2.02204775318981	-4.34268372735558	3.79653417481888
taba1263	-1.03734791484325	1.96789448599665	-5.19276441536614	2.5601788012176
tagw1240	-0.207304208800908	1.89808411476217	-4.19229085474047	3.3431029290246
taha1241	-0.282388148900785	1.91631204392464	-4.3557462446541	3.36150523454912
tahi1242	-0.200238108016133	1.99395014994314	-4.33252185439424	3.54439552436333
taji1246	-0.206315156577043	2.03431749412891	-4.39496830526851	3.66715875546466
taku1257	-0.320690786361747	1.96822502933081	-4.40237230271515	3.37698099614535
tali1259	-0.435627388869068	1.94238437846538	-4.41883131417868	3.20624713828175
tama1365	-0.705632737422873	1.905886867769	-4.68942174103169	2.7580534963951
tami1289	0.129724781002687	1.88609043650253	-3.46809912898608	4.10900210782298
tane1237	-0.277851204134194	1.97362781902367	-4.39123664100865	3.41888293211135
tang1336	-0.104485234998765	1.15801577817153	-2.31342337353266	2.26837666288694
tang1347	-0.596662596920928	1.93518013841095	-4.53437257882826	3.1101863859598
tang1348	-0.394146265013011	2.00625939469906	-4.57223511345058	3.43530501494911
tang1377	-0.608632071331828	1.31146097007575	-3.21255872738599	1.99358164015362
tari1256	-0.884633148946051	1.6444528706359	-4.27397882582875	2.17959540449623
tari1263	-0.370887286944941	1.90014765248646	-4.31930566778891	3.18290058909919
tata1255	0.344489637969215	1.95929169545658	-3.35377976860932	4.37684677180228
tata1257	-0.0637320628724871	2.03737378080967	-4.27469072511508	3.91648525139793
tata1258	-0.965260572239257	1.95942577664304	-5.00401429481284	2.71916173259187
taus1251	-0.0966883802627541	2.01173408155271	-4.08345967122107	3.91277079975229
tawa1286	2.65710773574374	1.83846986476621	-0.658445207348728	6.44276347427466
taya1257	-0.240845974840608	1.95146126168269	-4.30298246233316	3.40188386566138
tbol1240	-0.120409994996163	2.00639059473155	-4.11715195540403	3.87115310653486
tean1237	-0.27321265091602	1.98014972329157	-4.39432468010485	3.49417721236931
tedi1235	-1.93558780794948	1.35960840308468	-4.84550459089508	0.63276970866247
teke1275	-0.127855912947671	2.074254061803	-4.33604343509753	3.86387524843253
tekt1235	-0.82303350774665	1.98415841840517	-4.9263648467375	2.99267225358605
telu1262	0.729280115288894	1.87928405435916	-2.75024906500005	4.72769647399458
tenn1246	-0.394298156301273	1.85560893288873	-4.31976563149292	3.10237169034387
teop1238	-0.352886200363291	1.98358702418889	-4.46501859403117	3.41673063983464
tera1251	-1.35527551383762	1.89230773628344	-5.3544314720793	2.1607705972465
teri1250	-0.896892591109301	1.82382121517469	-4.84536653864837	2.42940961520758
tern1247	-1.03251669684806	1.94232473954368	-5.13051763784192	2.62170964096429
tete1251	-1.38433718454932	1.78469151050253	-5.28331110340708	1.82846038642887
thad1238	-1.43855347030462	1.24744105762767	-3.96271670908288	0.910181275835011
thak1245	0.20591307953564	1.35143542366352	-2.39628023570855	2.94502025975495
than1259	0.02850450662541	1.41779694881674	-2.67241377101178	2.94162469284085
thao1240	-0.36237447278744	1.97722088815984	-4.41918430736795	3.33740031701799
thul1246	0.206068298217156	1.24189522530814	-2.12872636032396	2.75165062635738
tibe1272	1.0184322207785	1.737694091958	-2.1011848556289	4.81199933728756
tief1242	1.14261949929623	1.44480138375657	-1.73171921458919	3.98248088300617
tief1244	1.19581958427226	1.47546344844684	-1.72345294623885	4.09566468861743
tien1242	-0.130058433235864	1.9790279924196	-4.06175089740816	3.82265922148766
tiga1245	-0.465929346059296	1.966700743009	-4.56379797519543	3.32554199773994
tigo1236	-0.881273089550648	1.96625440205501	-4.99597043887587	2.87698654080811
tika1246	-0.688646332488522	2.01120671535278	-4.8759936654814	3.15984953222722
tiko1237	-0.231042226319874	2.04142624106886	-4.36792809471917	3.75301055006931
timn1235	-0.100280637495116	1.9062679332313	-4.0212938730436	3.57926899901648
tiri1258	-0.282159846295591	1.97592257316059	-4.32108453315407	3.49666838912816
toab1237	-0.412798434291052	1.98453600798856	-4.53336527993271	3.4183022762128
tobe1252	-1.01086537557453	1.9546784451321	-5.20027792073235	2.56538249675232
toho1245	1.75345789423934	1.76730734273658	-1.47205759566304	5.55657267281045
tojo1241	-0.722249504293296	2.0469720235866	-5.01037684516089	3.2035358716886
toke1240	-0.0248153286053054	2.08965360162193	-4.35631192776357	4.04222766979572
tond1249	-0.823501365379557	1.94088299403984	-4.86017386764889	2.72907275574979
tong1308	-0.455046236833213	1.96917385285254	-4.45814922470502	3.30432411990548
tong1318	-0.101474385699241	2.07025395256762	-4.35913643793714	4.01608098474191
tong1325	-0.0623758948044167	2.06239883066318	-4.18849759803603	4.0375666028536
toor1238	0.619556441202541	1.84564481757842	-3.03413542635959	4.32897182118552
tosk1239	-0.783720775136522	1.93505571376331	-4.86534168852096	2.74728722216639
toto1302	-1.77082874447816	1.51139552039403	-4.98444752272361	0.982232951399555
trio1238	0.0189177963087739	1.79729349962228	-3.53705347984128	3.55567250841451
tsam1247	-0.581128405272691	1.67219545957078	-4.18131448676494	2.52427585602965
tsat1238	-0.628687955521115	1.90090056375215	-4.69000327341507	3.00168354434811
tsha1245	1.38160033609118	1.78834010014193	-1.77685418577592	5.28796513848946
tsis1238	-0.0797770222121348	2.08272530871404	-4.34604669542812	3.94722896539404
tsog1243	-0.12881721205402	2.03722136112885	-4.4277509980654	3.83911750346782
tson1249	-0.0908421078479931	2.03734828159957	-4.29323031283469	3.92489638393783
tswa1253	-0.0799295832745179	2.05359071961522	-4.23071820865729	3.93421574606473
tswa1255	-0.115556931066102	2.03970686561017	-4.33411521481473	3.83970486299546
tuge1241	-0.542345110809988	1.94144080794851	-4.48094644422611	3.17473651706478
tugu1245	-0.533939905219138	1.85897709312556	-4.4288335755816	3.01712189556815
tuka1248	-0.143290175194958	2.10701112008871	-4.34262005540001	4.00093741300852
tuki1240	-0.526072086841384	2.01539683640984	-4.83717942670893	3.28034067361208
tula1252	-1.56592146855358	1.85410752460722	-5.44025819653077	1.75357913039545
tulu1258	0.760511213086818	1.93849704986671	-2.88170605639753	4.79575709148761
tung1290	-0.356169333321157	2.00767687330743	-4.46454296190666	3.50038082684128
tunn1238	-0.304105633471295	1.95018131235295	-4.44574222599214	3.33497587154993
turk1303	0.252039440138643	1.93834689723068	-3.55222597852401	4.23036433628409
turk1304	0.0958825579950083	2.08626651712886	-4.0086392611588	4.40730010437747
tutu1241	-0.675736003389499	1.90421664968652	-4.7401665999046	2.85222411310891
tuva1244	-0.0361624990351019	2.02513874779118	-4.18813839084062	3.8532346547145
tuwa1243	-0.325223588500357	1.96184081420342	-4.44997024556623	3.48161268036237
tuwu1238	-0.736945495000041	1.87950506888529	-4.69226970181528	2.77135685205531
udih1248	0.251588382643377	2.06933973811352	-3.90787853727888	4.53551774434215
udii1243	1.1123973509154	1.91533031578072	-2.50218796006737	5.17771342898628
ughe1237	-0.305101082221658	1.97517329920196	-4.38947446245199	3.41745844628786
ukra1253	-0.480333722399152	1.83359882767515	-4.44093675624145	2.87757043010648
ulch1241	0.489776436604754	1.96334214100178	-3.32227956588581	4.66562230784566
ulit1238	-0.0481697579030773	2.07275270702517	-4.1406248942182	4.04055186988891
umbu1257	-0.0711458040998388	2.0601718550554	-4.25575476971927	3.91996268417545
umbu1258	1.8765540644536	1.52701747399783	-0.918932470623518	5.11926610006031
umes1235	0.212024798944266	1.95850790500037	-3.57887386653303	4.18009777258183
unua1237	-0.762807013045276	1.84396740461528	-4.67413112223476	2.63157210292679
urav1235	-0.379334707639477	1.97256477283407	-4.4390607297686	3.53207233653946
urip1239	-0.714927948398272	1.86041652745106	-4.582759997528	2.77093387515066
utes1238	-1.62343922475239	1.75296127042417	-5.31457962458896	1.55894781028991
uuuu1243	0.930923826202967	1.60611100893393	-2.09137982895583	4.27289421741131
vano1237	-0.268783898749763	1.99457025145239	-4.46371754087967	3.53000162563729
veps1250	0.525141179266402	1.84500894049147	-2.89808837009077	4.46748708046987
vera1241	-0.430048634727919	1.9272620747149	-4.57398544901646	3.19251476457253
viem1243	1.04672377577089	1.72263944053978	-2.31336798859774	4.57559402303802
viet1252	-0.9302321925656	1.76925956909051	-4.62000564929802	2.3438016645878
voti1245	-0.331184248921532	1.89733574701861	-4.09209322595994	3.47031019369536
vunj1238	-0.383295330446957	2.03040510422151	-4.62250474354893	3.44748702861985
vure1239	-0.432031838562476	1.92558566858528	-4.58830001401722	3.18369456878198
vwan1235	-0.459056424460933	1.88165741109144	-4.47263235495168	2.89918082696304
waga1260	-0.116077447992951	2.05632260832813	-4.26886279947317	3.91094637040368
waig1244	-0.311978280922041	1.98848859908799	-4.51273715191923	3.43443854725009
waim1251	3.95490954079695	1.64716937269474	1.00273104971219	7.46452642369326
wala1266	-0.439352611022143	1.9802696105765	-4.48915060573324	3.35669561167556
wall1257	-0.260230541327537	1.96444491365807	-4.37301829841538	3.506026792976
wamb1257	1.55209768923653	1.38224427971946	-0.957883061337529	4.50774283084492
wand1267	0.106059081757116	1.84083009321854	-3.72584039160705	3.67957113447025
wand1278	-1.53268806085967	1.84595870637153	-5.62742022727652	1.75614310168461
ware1253	1.04354206273007	1.77508274744972	-2.46160123008729	4.49489052650965
warj1242	0.48887465998807	1.64354122815326	-2.69000735036167	3.84059361208813
waro1242	2.76069441190188	1.82298736643919	-0.567150661569882	6.59574179505638
waru1265	-0.0451580557170922	2.10042233590511	-4.29050499820209	4.04474198272612
wawa1246	-0.767488408853461	2.0400858727556	-5.13111061698421	3.1120748032501
waya1269	-1.82578664494425	1.87375728224664	-5.92528479828659	1.54493722760088
wayu1241	1.48438288447049	1.37681684351095	-0.973275354798992	4.30790006273207
wayu1243	2.40119755003378	1.7973702879392	-0.805227214133811	6.32892057269275
wels1247	-0.697520523295403	1.90826929448975	-4.75976054833296	2.79813493706164
west2354	0.290482973947532	1.69844608501135	-3.20087391343957	3.58218945946997
west2369	-0.529238349590476	1.86293527117287	-4.49628414069694	2.84803711254793
west2392	0.6466792781872	1.8905486363106	-2.87005263135011	4.560422257791
west2396	-2.56888087236445	1.93033067836798	-6.69694705675054	0.810390280636012
west2397	-0.614489009383719	1.97188958799677	-4.74402893569367	3.0775664355066
west2415	-0.274313558974564	1.16462944638762	-2.53786495498723	2.00687536391275
west2418	0.737578224258771	1.41888312177683	-1.84534139781049	3.72449795338388
west2441	-0.0480431468994887	2.05374431886292	-4.2334380839899	3.94818006502755
west2466	1.05291798034323	1.46855443629204	-1.82532830823639	3.93931716737478
west2516	-0.312789583704222	1.99928106313899	-4.47308219742843	3.4817337137416
west2519	-0.117226843503798	2.04959126938397	-4.31707124946386	3.89376036079569
west2548	-0.416413526971459	1.99583771387988	-4.64765242563312	3.43281183919127
west2557	-0.156726436147064	2.06395247738614	-4.34205093127878	3.94305539267974
west2560	-0.101760790669589	2.06487649234231	-4.36377493246829	3.8821264149806
west2594	0.0146139156840094	1.64578364306661	-3.31129590702938	3.19952929702982
west2600	-0.995831036587234	1.93212668058694	-5.05123299382351	2.61378963610896
west2635	-0.866745694965295	1.96864703600005	-4.98093983973493	2.85921310941204
west2644	-0.952061472956726	1.95288412737166	-5.08012673059497	2.68653884903042
west2650	-0.442621105474375	1.9587960260948	-4.48373152223368	3.30347712528735
west2763	-0.605522296167732	1.87478620246901	-4.57888551222347	2.87099364891383
whit1269	-0.361340048519403	1.9527005542972	-4.41603447977647	3.35773307230497
woii1237	0.886870324745183	1.77841185374739	-2.61118922203559	4.45047037032613
wola1242	0.893340277510275	1.66200120578639	-2.36473727043553	4.26523583415643
wola1253	2.71188358107903	1.66545468145173	-0.470951013439855	6.14742927432835
wood1236	0.751055237087501	1.81605487201996	-2.64641308653126	4.61490483876505
wotu1240	-0.128182191337278	2.00520393061326	-4.20006135906076	3.76532856235962
wuch1236	0.671393609203396	1.77669666395489	-2.49334542551734	4.54878087519216
wudi1238	0.72187733743808	1.5689919750597	-2.14499183497	4.13247786560865
wusa1235	0.848871759366341	1.5932291173947	-2.01003523083874	4.19796215787758
wutu1241	1.06823485497737	1.81224811288613	-2.09918685728756	4.95264810131636
wuvu1239	0.232963441605454	2.09773805612091	-3.93832736774433	4.35771876763543
xamt1239	2.5295973035898	1.88413702018451	-0.760868616310037	6.62989551731798
xara1244	-0.290739836645582	1.99918740159162	-4.45497896705492	3.48017627536515
xhos1239	-0.118528995599958	2.03787787868143	-4.37342668972731	3.94872813355815
xish1235	0.385800859669938	1.51060385395793	-2.48526876371606	3.58172665557163
yaak1241	-0.472196040842651	1.90981837695033	-4.42349468809837	3.03949295755138
yaey1239	0.409232097504183	1.93979720972415	-3.32859295734513	4.37075180237151
yaka1272	1.97555937028828	1.89662167690356	-1.61231365491522	5.88555411857072
yaka1277	-0.156436602250954	2.03627592580311	-4.325016676842	3.86723910455891
yakk1236	-0.368246938975937	1.29190369048919	-2.91111055083213	2.18859549537904
yaku1245	0.281472029672829	1.99189876599602	-3.53101732961112	4.41931164802903
yami1254	-0.150520622197327	2.01955477648304	-4.21337762442439	3.70128058213167
yami1256	-2.04872383720811	1.83281099860837	-6.05822654370281	1.27104772924339
yane1238	-0.853653837196427	1.68295691321779	-4.49267263335288	2.27695929663856
yaoo1241	-0.141005855564057	2.12408036781787	-4.56588143759639	4.03633196928318
yaqu1251	1.16446541002763	1.79110996429576	-2.06452026743466	5.01293107430266
yasa1242	-0.30943330716522	2.02480021665597	-4.58954332725107	3.60458721632722
yatz1235	-1.11341507756285	2.03887888205614	-5.46510403264341	2.66774823598727
yaum1237	-0.429118162927756	1.38881355208191	-3.26907372289079	2.21640658929674
yems1235	1.60843621635536	1.58553357612995	-1.25360142765369	4.95914460252294
yind1247	-0.230496872812116	2.02128108185105	-4.27492226321322	3.73217643591034
yoga1237	-0.299827913062741	1.99892336205155	-4.43180743607824	3.52696693256565
yona1241	0.309831939021119	1.93923701143834	-3.47678816136869	4.3307464412421
yong1270	0.304835432453872	1.43169240572831	-2.3416125149899	3.25143621807267
yong1280	-0.50167395425426	1.66316336820929	-3.89818294203178	2.70940398680983
youl1235	0.919296415837754	1.57364680647732	-1.94474433170171	4.3085156407104
youn1235	-1.15873802458359	1.88868047732059	-5.11452828037697	2.30252645337634
yuca1254	-0.236373125442098	1.98817225908383	-4.24946235646286	3.66208411659668
yuec1235	0.343736132857027	1.73208015292441	-2.86628399390999	3.92771370230116
zaba1237	-0.357077882423599	1.9802959405736	-4.41726874445805	3.51154362283431
zaca1241	-1.32123183820741	1.78434150049141	-5.23893378111117	1.86825315662934
zaca1242	-0.881758715316526	1.96213916944332	-4.96238719318076	2.84563180118729
zamb1245	0.17382054085726	2.00363949493505	-4.00511868868826	3.98222330524849
zani1235	-1.10649348322227	1.96695969124893	-5.156188000658	2.53991625274365
zarm1239	0.0118064812441376	1.91952417210137	-3.8698218428814	3.76975763736705
zaye1235	-3.1313621763128	1.65388082383436	-6.78501102521257	-0.341254000854309
zays1235	0.0138957442914091	1.6165490492541	-3.23690964686006	3.14252812536679
zeme1240	0.332468515118476	1.32224861690861	-2.13360915067256	3.17657713572434
zinz1238	-0.170971678358464	2.06845930867865	-4.40982242940476	3.89272691071434
zoog1238	-1.12583874987269	2.03097165252368	-5.43880305476944	2.65810401797914
