Estimate	Est.Error	Q2.5	Q97.5
abad1241	2.10609500312158	1.58954244952867	-0.946296043529741	5.34733061168447
abee1242	-0.230950045604348	2.05977444825955	-4.53471246828634	3.64137128301621
abua1245	-0.300231628857023	1.9745371203289	-4.27823427062391	3.54649690607933
abun1252	-0.933357518145701	1.90707239989403	-4.93913450262328	2.5700526032748
acha1249	-1.06400752271118	1.89981576160403	-5.12066178331749	2.39790518322293
acha1250	-0.135034161554182	2.11039647502781	-4.46042278162652	4.07165850843355
achi1256	-0.341943643770323	2.10440678181066	-4.55222761799288	3.70328118774032
achi1257	-0.136167704153163	2.16723372844244	-4.59518229253326	3.96141959973707
adny1235	-1.5935920548387	1.80411987198276	-5.42173000884928	1.65135301744559
adon1237	0.514886671061082	1.97417653747975	-3.49409897684637	4.35323271744561
adze1240	0.157282215521808	1.55675418890779	-2.92933232068308	3.16063604026951
afar1241	-0.582640306332923	1.83987081903629	-4.63362820804902	2.76291668493195
aghe1239	0.284803519527976	1.56779982939968	-2.88981072603399	3.30150635641773
aghu1255	-0.526599560844627	1.87545186739503	-4.37032276182247	3.04190520677756
agus1235	-0.147563569799989	2.17287780374908	-4.58981000784742	4.02350341916951
agut1237	-0.225560902157013	2.08051162821925	-4.49517478732122	3.71764255055777
aheu1239	-0.286927530357594	2.13738753867277	-4.71831188347342	3.84467381297305
ajab1235	-0.613009570369756	1.90112264059192	-4.6669616299867	2.92539667322879
ajie1238	-0.369705928492062	2.0488990527381	-4.69922872635362	3.50110362085763
akha1245	1.38784041542946	1.55144932880926	-1.66240802014519	4.44328493169563
akka1240	-0.796402210765174	1.93078117507395	-4.83647583195668	2.78593905762019
akoo1248	-0.523361042221927	1.84140644582817	-4.32313748841407	2.95447830433925
akun1241	-0.203031513818859	2.09538875967888	-4.44454084250313	3.81804850228409
alab1254	1.91406806044863	1.55499048017769	-1.05561108493245	5.1750570123873
alag1248	-1.32921262928739	1.8699240450346	-5.4710840796968	2.10329301219253
alor1247	-0.00426229681461083	2.09186766521012	-4.20600867209181	4.04942732727205
alse1251	0.297886558166712	1.99596306145959	-3.75116924480021	4.19831230149654
aluk1238	-1.11379493262464	1.72730889171964	-4.72534487141234	2.1509814514696
amah1246	0.377059643527244	1.71152974109591	-3.04551796016797	3.72477328248165
amar1272	-0.196228503412572	1.97372890130932	-4.17387038678644	3.50612180465324
ambo1250	-0.180551093198564	2.14810007028613	-4.59712500458317	4.0221959870633
amdo1237	-0.571300916883489	1.98368525282322	-4.75252219757658	3.11703284808845
amri1238	0.708422791075741	1.5237510582432	-2.33877451053418	3.56921196360236
anci1242	-0.876960018637436	1.78994179313773	-4.63945109795129	2.38966147750059
anci1244	-0.716107082193701	1.9412227118648	-4.80855267689514	2.82599656958993
anei1239	-0.194279944922843	2.07614146949889	-4.34736317448509	3.72120793210028
anfi1235	-0.597740336978166	1.69086563200527	-3.98894955295753	2.67157890396609
anga1288	-0.556445013001659	1.55081186738982	-3.75497504863532	2.30226821791123
anut1237	-0.0884745401386332	2.13511301006799	-4.48992179900772	3.96994896837358
anuu1241	-1.07721225966231	1.89689783275863	-5.09152776780006	2.33174249667363
aona1235	1.08189361894002	1.41453036873927	-1.62542946164254	3.94838563317777
apat1240	2.41114428799884	1.47798870930888	-0.416047640322953	5.55985152934773
apin1244	-0.12288989540452	2.13989606027543	-4.37996885674398	4.09178277426778
apma1240	1.97673953060088	1.5855764142203	-1.02244271266749	5.18876470580247
apur1254	-0.0107246558092362	2.16017782306005	-4.35966891059973	4.25825115384745
arak1252	2.56569306435685	1.3995333008916	-0.0597509262576727	5.46010018166977
arao1248	-0.0135752993957864	1.69426590278105	-3.38861868470887	3.3531477767343
arap1274	-0.0915319075351496	2.18345251857278	-4.44353642227674	4.07490295243225
araw1273	-0.0922514513345023	2.1746552025262	-4.42416553748259	4.10716233617379
arbo1245	0.389222065997137	1.42829590894247	-2.47565975915092	3.28701130096648
area1240	-0.696681910859393	2.07318916873947	-5.14034935675389	3.16030502638925
aree1239	0.232564121384687	1.98547585401408	-3.87516250238603	3.96324406830676
argo1244	-0.175140807222638	1.7471258206585	-3.75672257794169	3.01045731046983
arop1242	-0.527965576643715	1.95608295879343	-4.45099267463799	3.22277528778772
arop1243	-0.164580908460369	1.86318637259815	-3.96636562610272	3.42885819105422
arta1239	-0.436624864560263	2.02269329516614	-4.58257864461906	3.40422658845217
ashe1272	-1.28556827771423	2.00702092794691	-5.33238954442164	2.57197907066201
assi1247	-0.172974412563154	2.15073470467223	-4.55827917236233	4.03303284045899
asur1254	3.15682724725118	2.01457170074681	-0.442024155941409	7.45473292078124
asut1235	-0.88365607442301	1.95207680662714	-4.87971693708353	2.71346896901977
atak1252	-0.445489105400706	2.09247476166225	-4.75520728104219	3.42278355722228
athp1241	0.853795022375221	1.37358979578742	-1.94275667458929	3.46552228369374
atii1237	-0.216847932614732	2.11086071756249	-4.45045611831873	3.89201471048444
aton1241	3.47733721629305	1.5394737484433	0.680544161477637	6.70406642814578
aulu1238	1.9260672989419	1.46752976331945	-0.91934848549697	4.89145555504385
auuu1241	-0.541382336939503	1.91622935793643	-4.42061530684627	3.07258974595388
auye1238	-0.786388509576271	1.88250299001804	-4.79656839517831	2.73729157905652
avac1239	-0.11473624880092	2.11290296347395	-4.34875033991533	4.06268020703872
avok1242	-0.634022129943078	2.02037993414962	-4.91168599609502	3.16953885456262
awad1243	-0.664522983607324	1.66920088575211	-4.17203917356564	2.39444693460414
awad1244	0.292994167610829	1.61912182807494	-2.860277555316	3.47293366343287
awap1236	0.883174156457754	1.50775560458436	-2.0678249527661	3.87779155967046
awar1248	0.0400388460265849	1.54942893734453	-3.06024050170416	2.95106411872867
awet1244	-0.520938751269349	2.00609539088993	-4.63863775142128	3.29007408318538
awji1241	-0.705794329203772	1.87285482675042	-4.57796152119118	2.69129619659619
axam1237	1.80568352297637	1.48307959650839	-1.10835481106632	4.77056418732731
axiy1235	-1.09812798821203	1.9015246444461	-5.11866594467161	2.2989473597982
ayac1239	0.46509045404684	1.97545747444639	-3.27313153456312	4.72053138766968
ayiw1239	-0.168487715557675	2.11570306693785	-4.4351184007584	3.92622738467829
azha1235	-1.04410908889007	1.91272168650282	-5.03987513268042	2.42419031484493
baba1264	1.20516203315139	1.53847370842874	-1.86573112701152	4.24244531043153
baba1266	0.518428084042993	1.5642827325922	-2.6745596984354	3.51919433678716
baba1267	-0.323265011381633	2.08302087163038	-4.5962002460539	3.57893513627447
babi1235	-0.09232751154677	2.12145833622971	-4.36012823295736	3.97219567574196
bada1257	-0.875136635340889	1.75230983557626	-4.47371894231221	2.54898985126142
bafi1243	0.530603806325211	1.70873927404282	-3.01788172700111	3.82985702356786
bafu1246	0.253626985995541	1.57961062345421	-3.06617244072753	3.23333255508224
baga1272	-0.528630536232916	1.93929323065293	-4.60937889883645	3.01693314681313
baga1273	-0.599605650372292	1.94705489294007	-4.72405406998278	2.98303639472521
baim1244	-0.735533272667791	1.96935223177506	-4.9677590103755	2.82835941045272
baki1244	1.60411314204295	1.6285344337056	-1.49376198357277	4.8620283300959
bala1311	-0.243821246111256	2.11621240616264	-4.58583899317391	3.79869948259585
bala1315	-0.0991950295644207	2.14296256842434	-4.44688146865261	4.04778320154417
bala1316	-0.268085960927192	2.07210236356617	-4.66048776689639	3.64462256306118
bali1278	-0.0148420122524478	2.13143092800309	-4.29110774345515	4.08411326117834
balo1261	-0.484881978630787	1.94638135972684	-4.52300505095283	3.15560471451913
balu1257	2.69640589083621	1.82415902844784	-0.751278231881821	6.32973000516338
bamb1270	-0.142215155795179	2.11256151950579	-4.45581927333752	3.98424891303428
bamu1253	1.3857321063848	1.62023697750906	-1.80200688541595	4.5563102151159
band1344	-0.356420251515108	2.05156014875854	-4.60235545735996	3.56636125505108
bant1281	1.02978118596808	1.21203169181746	-1.42986156463788	3.36290497959649
bant1288	-0.200919784919088	2.17832889055863	-4.60664022057807	4.01989327137321
bara1357	1.00959453758986	1.2580783405975	-1.44383155317786	3.53829598920254
bara1370	-0.238891517355306	2.08005606180852	-4.46099296379988	3.78669019867912
bare1276	-0.202307508769839	2.18172182479067	-4.63161317692897	4.09065839265717
barg1252	0.652224233178904	1.55289328351135	-2.33165123348451	3.71116231475657
bari1286	-0.194924152132257	1.97838027147445	-4.23989695601516	3.541386763133
baro1253	-0.650323227604007	2.00814988471646	-4.86193320546083	3.10312990731471
basa1282	-0.696483391536407	1.98867039950025	-4.84196662393801	3.02319037990595
basa1287	-0.152408725858384	2.02409962687312	-4.14421784115246	3.79776888801582
bash1264	0.20726149958365	2.04739875378141	-3.75777498594781	4.39784479924455
basq1248	-0.811493949622851	1.90176581228926	-4.982392156518	2.77830148893178
bata1289	-0.148841388886875	2.11496541431546	-4.4173572477592	4.0297658516804
baur1253	-0.694662728669648	2.06995944603919	-4.95916733861581	3.20385986130804
bayb1234	-0.165496175905132	2.09893651943693	-4.43196720730477	3.85955295959915
bebe1248	0.918717117319965	1.91461662160962	-2.97197519269245	4.61307071492007
beka1241	-0.129560117931872	2.11704259256689	-4.48262822856759	3.94559868349255
bekw1241	-0.628761244871168	1.93845230613272	-4.625147839353	3.09493865188689
bela1254	-0.892342743996702	1.87281937205787	-4.86573176962993	2.46992515976175
bell1243	-0.118291198711276	2.12634663487396	-4.5421431831843	4.04843795833813
bemb1257	-0.298252812844891	2.09129662093023	-4.66202081571511	3.55499064499368
bert1248	2.25693749573542	1.76358427523751	-0.95203570363386	6.00369049655795
beto1236	-0.245406628855579	1.96500701273744	-4.4073397962662	3.43560895008381
bhoj1244	2.56770646979627	1.69136723709951	-0.421544125753023	6.179727589324
biao1254	-0.406025686362835	2.15445031469576	-4.72514552864486	3.82149075035404
biao1256	-0.403420144143203	2.07824604967718	-4.56158730867813	3.7370463465198
bier1244	1.67138558853525	1.61662393929981	-1.36241583337627	4.9166864565062
bign1238	1.82081438103775	1.45464416701437	-0.948689283702074	4.75803587164373
biha1246	-0.389667165721076	2.04011311478454	-4.56996110039237	3.54704913588164
bila1255	-0.649943163551566	2.03430686559831	-4.98631492967643	3.15358850491416
bilb1241	1.23300875231955	1.53382522923124	-1.6811692569999	4.29171750463703
bili1260	2.30457238642259	1.77753860743761	-1.0044794581385	5.97935691117008
bimi1240	-0.0873538524178097	1.71755043698986	-3.6468335076442	3.1644750542351
bina1277	3.30917144762688	1.66660151303668	0.298087190606324	6.85121925358236
bini1246	-0.549750163796004	2.02764669187254	-4.77080207824916	3.21865928045117
bira1253	1.22419140432883	1.32477342899314	-1.33896845224146	3.94105192004971
biri1256	0.971326438068936	1.78142612535334	-2.28402778153097	4.72609117169258
bisl1239	3.13150031133988	1.44123046277064	0.478745652234227	6.09908257058219
bisu1244	0.028732707886704	1.69733694955837	-3.45804753101156	3.28377258079416
blab1237	-0.742097346270476	2.01961445886996	-4.93468375832252	3.1570911630564
blan1242	-0.355669187352007	1.8871114389158	-4.24375646506552	3.23729667570451
bodo1269	0.0829345166324583	1.68547075663838	-3.41695527102257	3.25990793816078
boht1238	-0.15680043818709	1.74885110478161	-3.76210055089828	3.14026791185127
boka1249	2.4950060571832	1.52303033000924	-0.411667220065642	5.55278770089468
bola1250	-0.27252875778075	2.02255950657033	-4.35425355571117	3.65485239195254
boly1239	-0.697650904095706	2.03738085216623	-4.91890597114381	3.15913833392639
bomb1262	-0.563516503430326	1.98864681125955	-4.60720528233622	3.23103981073029
bomk1234	-0.573280800786933	1.98443758944718	-4.70818222510888	3.16031696199505
bond1247	-0.712232462955888	1.99235944502419	-4.8782317388278	3.04067002291987
bong1289	-0.245337328839453	2.06197731998434	-4.52413509822884	3.66070554107658
boro1277	2.10540976621691	1.82357934071154	-1.1683993709788	6.01149080028974
boto1242	-0.361641979870475	2.07548202060586	-4.7409412281386	3.59306994558332
boun1243	0.424055538309827	1.88442834592918	-3.33008808979227	4.07164210879055
boun1245	3.19124758222388	1.44595383921397	0.641180636196477	6.24490110369937
bowa1234	2.2591113981359	1.71519142577258	-1.10553507802349	5.63567399084618
bret1244	-0.629648241365489	1.93154363756334	-4.79699348696221	2.82055747424622
bube1242	-0.600089190629298	2.04136415888329	-4.8968835197708	3.26337724060651
bubi1250	-0.389657967806663	2.07427149460247	-4.69532766665683	3.48561754250522
budu1265	-0.675292625400224	1.71788066273552	-4.31235537464985	2.47168300952901
buga1247	-0.810514372484303	2.01153480148258	-4.97547319204019	2.93474164460551
buga1250	0.0621468150919109	1.75681965369969	-3.45797795645745	3.456436033612
bugh1239	-0.869018573791126	1.96796059597951	-4.92237162930649	2.80231260155141
bugi1244	-0.0137407076376094	2.15200830105508	-4.33239084670717	4.23645000616193
bujh1238	1.19418787402356	1.19519324260312	-1.15236942321039	3.58686764160511
bull1247	-0.650238428272461	1.966648221605	-4.6984321307638	3.01120065288249
bulo1242	-0.359062477211408	2.06105718912185	-4.45725560308469	3.57426980893763
bulu1251	-0.361323407227223	1.96591758039171	-4.4606111485711	3.34284163716428
bumt1240	0.689517433397661	1.64102737280567	-2.68103270310684	3.8277819681081
buna1276	-0.10502367420271	2.07920415007101	-4.31027322127019	3.94116009197121
bura1292	2.03476968397128	1.34407346647012	-0.513632767490906	4.84236372324926
bure1242	1.56412385458109	1.43297870746596	-1.17977341914407	4.51012317651621
burj1242	2.18509479468096	1.74179566630091	-0.954055085105805	5.86143526708153
buru1320	-1.26833809098746	1.8804021990632	-5.40287461564921	2.18611627065863
buwa1243	2.72396520894471	1.17830183790423	0.530633993460356	5.13361921664097
bwai1242	0.114316593857247	1.95871352801188	-3.90078609151275	3.84632234858843
bwat1240	-0.356036059109718	2.0658565785504	-4.57300161297988	3.58340078720958
byan1241	-0.818071547867575	1.89513788879177	-4.82996569864469	2.72946900561922
caac1237	-0.280262527620542	2.06499885987552	-4.49706873998611	3.63811842142158
cakf1236	-0.497820413208735	1.53508904486352	-3.69930651636828	2.3380844733348
cald1236	1.01925465326279	1.96525640287374	-2.70192036700151	5.16074324562351
caml1239	1.48912049495027	1.16647494191326	-0.761684366632171	3.79462380646282
cane1242	-0.124165559723368	2.16702768301384	-4.43801121569027	4.13791956639664
carn1240	-0.166720699002753	2.14366401066986	-4.46554553974948	3.97494957023345
caro1242	-0.0533948195831051	2.11867068667945	-4.40742839722166	4.10459546089311
cash1251	-0.581181125805475	1.7557762271391	-4.12318754033171	2.68851987484184
casi1235	-0.388969373500317	2.06863625763946	-4.68488583815163	3.59484741164318
cata1286	-0.115973359186778	2.12418504361031	-4.37334077244056	3.9803846178555
cayu1262	-1.1821150495717	1.85608586748702	-5.10986375720641	2.19585953137139
cemu1238	-0.345605213305305	2.0459515050445	-4.56827226717993	3.56092472973309
cent1989	-0.336885683847231	2.08464122828569	-4.59115256610605	3.57087481267936
cent1990	-0.18737899278834	2.16916342794243	-4.51221583182963	3.86243564562075
cent2004	-1.31693921047192	1.94007956804051	-5.47348484262745	2.29220357379886
cent2084	-0.30654127061294	2.10734126667038	-4.6855697381194	3.82375163057573
cent2090	-0.212453815276903	2.11308096141147	-4.57258434148018	3.82661482167831
cent2100	-0.360290789290162	2.01781463201607	-4.54596464335251	3.48428507949842
cent2131	-0.327688633622254	2.05947738434332	-4.49420086073963	3.62880820153348
cent2292	-0.434647531363817	2.02309592275548	-4.55861087721312	3.31131135427334
cent2314	-0.342524175880384	2.11302467952492	-4.75396388786548	3.72421528073962
cent2322	0.335327277934972	2.05336988435785	-3.60599544302878	4.46311854968868
chac1251	-0.396141928715143	1.72068813829635	-3.83735319600602	2.93511244435441
chak1270	-0.929785133738066	1.92728503062484	-4.8468579534494	2.56525372600897
chak1271	2.70845582297593	1.70249960838923	-0.547420665773654	6.1409779081752
chal1275	-0.590049058227069	1.92274686127481	-4.67466278938101	2.93118890590091
cham1312	-0.058263827953446	2.14338362449938	-4.40781535064627	4.06504388699379
chan1313	1.32413118803899	1.4003547335702	-1.41371686601781	4.1136619973823
char1269	0.791195117623475	1.6501884025251	-2.37991212427108	4.15252062431623
chas1234	-1.30598163508743	1.87763949333528	-5.35844849177079	2.07531705975831
chek1238	-0.794586982435529	1.99484265601921	-4.90370143926972	2.96985793154627
chen1255	0.815377786300815	2.03130679871523	-2.97745330708621	4.99434613706936
chep1245	2.18431723094836	1.27652963598325	-0.178534441458782	4.8363994097197
chey1247	-0.210753551825278	2.13374646234026	-4.69926131422943	4.00227748653548
chil1280	-0.138456256023144	2.08714620810242	-4.29145757807955	3.87575004433542
chim1302	0.867853768476445	1.92303883272209	-2.71966489162932	4.8423473304964
chip1241	-0.0795010258463512	2.09769716911588	-4.19794666966641	4.06627895008539
chip1261	-0.0743619617112697	2.16442340935702	-4.32440930113843	4.16684694053347
chit1248	-0.387721764692183	2.10742498267318	-4.7561360249003	3.63822560443311
choc1275	0.263386305285983	1.66473783488007	-3.22775521555311	3.42483105927366
chon1284	-0.341802577567506	2.1306631188169	-4.68720915813073	3.81822804465376
chot1239	-1.42499604245069	1.76408990068075	-5.27027745983469	1.71378068088074
chra1242	-0.278963733033421	2.07105337684457	-4.53096867341902	3.66408427686486
chug1252	0.211759069379364	1.71174892120187	-3.32116249310705	3.45844810491719
chuj1250	-0.437155555322334	2.06957368793524	-4.72092148477433	3.47903629555438
chuu1238	-0.0871586214672474	2.14998494820962	-4.50839070544263	4.05562949942049
chuv1255	0.502904375926461	2.06185218396252	-3.44995585076153	4.70396332004668
chuw1238	-0.269009115343639	2.09362341535968	-4.5416727594973	3.66909238121966
cici1237	-0.367726101419768	1.99070685163376	-4.4489894151133	3.32392536372943
clas1249	-0.759927100069654	1.85092245059667	-4.69200309583564	2.63206127007486
clas1250	-0.856838944254844	2.07788113953336	-5.23009537395841	3.03938728956597
coah1252	-0.249694027969873	2.06494569790435	-4.48629370536734	3.74897527680093
coat1243	-0.577275499164416	2.12412583352693	-4.9131432470976	3.50367670750851
coca1259	-0.522346531924102	2.04193906764862	-4.68013508157725	3.32551393176012
coeu1236	-0.139776515222206	2.11913679083664	-4.39562719151082	3.9932362319905
colu1241	-0.186136301997445	2.10034944676136	-4.51389398850113	3.94759527099661
coma1245	-0.112377686541903	2.11469148685218	-4.32739626286346	3.83135796174684
como1259	-0.140256252132977	2.13528547637982	-4.33480293447997	3.96273893298242
copt1239	-0.675733858306908	1.91451272431845	-4.68921083527451	2.79767793331862
cors1241	2.21639447032712	1.76082031402118	-0.990905890026148	5.93736203280069
cota1241	-0.274860622549793	2.09755398659785	-4.66894622519882	3.6959089606412
cowl1242	-0.212357536198333	2.16780519406994	-4.75359760485437	4.02831357747489
crim1257	0.226742031983504	2.06069838240208	-3.85491303768536	4.44722057477419
crow1244	-0.194953008473815	2.12081120989518	-4.52647627416358	3.87726033731123
cusc1236	0.495253787724413	1.99552194821735	-3.23142734563203	4.60373633427441
czec1258	-0.653229035264022	1.91700612240483	-4.64445231612732	2.83818801463071
daai1236	-1.01198811656821	1.88506550120099	-5.01866326772502	2.45942200058215
daak1235	-0.144243878798149	2.09200799737713	-4.3747682856506	3.94518513987334
daas1238	-0.714656489601752	1.69335960008573	-4.3778401093028	2.45790127825059
dagb1246	1.67097906410629	1.74370654789939	-1.73800434488934	5.0997919157735
daka1243	2.28326105532481	1.56030317724354	-0.640206099428862	5.5210896175379
damp1237	-0.142248995587321	2.12815353460228	-4.57689258273197	3.91326937283125
dana1252	-0.93945100439717	1.98458274217693	-5.12010844867295	2.74551532430479
dand1238	0.855197266852607	2.04569566611864	-3.05041821728231	5.10756854829779
dara1250	0.789897547964501	1.2795582696987	-1.76596359663985	3.30162714764517
darm1243	-0.835798783033313	1.90511640739208	-4.90444862574504	2.68474041912035
dawr1236	0.531099196753684	1.63734689860969	-2.72183218449029	3.79291979525857
dege1246	-0.627409685606808	1.97068877700803	-4.68850423842272	3.05494685621151
dera1248	1.58634104758588	1.35689385774342	-1.12163409405181	4.34797534518143
dhao1237	0.30747049971119	2.06396819238545	-3.98628692175272	4.30697704444783
dhim1246	2.63985616299157	1.45462311878356	-0.111700827081579	5.58282901032768
dhuw1249	-1.56912799318287	1.8080254459569	-5.51117789505706	1.71352371053579
dibo1245	-0.433816814426043	2.03917495858888	-4.6756582048139	3.46060205557147
diga1241	0.615434891042408	1.71652772686925	-2.9000110450773	3.82668920086015
digo1243	-0.595044068250393	2.04422438366936	-4.81062519044138	3.36678123381919
dima1251	-0.718216305931147	1.75208917777115	-4.36767976779587	2.54717337308501
djeo1235	-0.75049027521784	1.99034462979907	-4.87702999155076	2.99674799670922
dobe1238	-0.196246844042834	2.08979477659474	-4.43785470561932	3.92487841017307
dobu1241	-0.0528198390990833	2.00475059603045	-4.14134386341418	3.863222010224
doma1260	2.53474798321298	1.81118495383516	-0.667161442214523	6.43741286881266
domm1246	3.14099051119605	1.61650978603149	0.265032896761095	6.53555758003545
drun1238	-0.87658089273971	1.94918982084672	-5.05848689174854	2.67884571872889
dumb1241	-0.264367224140168	2.11019240409353	-4.52312997501512	3.89404806664729
dumi1241	1.66264612214034	1.19399172281854	-0.642350697104361	4.04093346434212
dura1244	0.991631610087359	1.24026758763956	-1.4355977379393	3.47332828802222
duru1236	0.909350677702906	2.07119678437723	-3.01040222200183	5.21973233614888
dusn1237	-0.541886776747897	2.06870208114893	-4.77532762238494	3.35024990471412
dutc1256	0.00254940410466756	1.71996661145164	-3.52965144982199	3.26948061951902
dyan1250	0.297209070188633	1.66841804821635	-2.83114139763321	3.7562017976203
dzao1238	-0.450693386300434	2.14533391570708	-4.89618638408417	3.75993311477317
dzon1239	3.57902901900782	1.65017826193468	0.504868093160007	7.06877807859518
east1236	-0.365199521806833	2.0626138434302	-4.59246422098432	3.62118129002237
east2328	0.511964654547348	1.99846178979331	-3.21613749380974	4.63199229190039
east2330	-0.537445704478872	1.99933064984546	-4.69076905813614	3.33302856714549
east2342	-0.749839913750326	1.93383228455525	-4.78119449200108	2.86019044171364
east2443	1.98850293568083	1.65209648694925	-1.13932798658453	5.31544045799947
east2447	-0.09509701845745	2.10116792523919	-4.35040919016151	3.97241458795459
east2485	-0.273104931537293	2.05603751090523	-4.51822033358229	3.64167373179744
east2516	2.79515703972308	1.39527394938882	0.23571694960495	5.70289925845453
east2555	-0.0704376786798369	2.17210227191604	-4.49868649984779	4.30340548175888
east2556	-0.879282543042299	2.03879752073427	-5.02796626042023	3.04963542378806
east2690	-0.634788613576845	1.9681417259992	-4.73789970783573	2.98519476510667
east2773	2.0488596792703	1.22289248603373	-0.260133886381449	4.57792090555724
east2782	-0.296833440484234	2.05442958144803	-4.49769397584243	3.58147658572834
eipo1242	0.892367587240802	1.69069223691301	-2.47102035641837	4.22312368200057
ekar1243	-0.773863367742091	1.88624584859622	-4.78710936081803	2.73561686219571
elmo1238	-0.703919817407875	1.83550165508793	-4.55839657688771	2.78636543634071
emae1237	1.07044361379317	1.76545482420437	-2.36046798604742	4.52847532477898
emai1241	-0.573814323185534	2.04290319943144	-4.81069501011521	3.19675426653444
enuu1235	-0.700444019905305	1.83603940610679	-4.55370391866022	2.67744207166544
ersu1241	-1.00019693840534	2.00322948196393	-5.41971950442098	2.65255231438665
erzy1239	0.380082613746847	1.99324233893695	-3.33786498639786	4.57104175425582
esee1248	1.13915460482015	1.73035223034513	-2.06594307588808	4.7463018517807
esim1238	-0.00623635794583361	1.6562650802079	-3.49478600132178	3.17102702674479
esto1258	0.164820966620762	1.98615791669852	-3.50887421758518	4.30815139295019
etru1241	-1.20722981980132	1.7302801349785	-4.97512682396294	1.86856304539484
eude1234	-0.33748973693109	2.1364442132123	-4.62065588194136	3.80330101336536
even1259	0.289468330596202	2.05006971299823	-3.5683187200936	4.47676162467414
even1260	0.239827662675775	2.10646805578832	-3.74999740556809	4.50095941962015
eyak1241	-0.133226618359167	2.12298577522355	-4.4887393224764	3.99782769323957
fare1241	3.84394318958206	1.85118920104011	0.480431824027197	7.6763874278904
faro1244	-0.60881540846804	1.90838155367981	-4.70120410098478	2.7996836591553
fasu1242	2.5684547841485	1.5933656910154	-0.317217530198597	5.97651657478392
fiji1243	-0.085656678957635	2.12839028299316	-4.43780122248032	4.09040731757762
fili1244	-0.206956121492705	2.12369310363297	-4.63545746853183	3.92098304563475
filo1235	-0.99312198510336	2.04465990273283	-5.23970480304274	2.84716128030819
fina1242	-0.443536584190473	2.029264183355	-4.59695175146706	3.35872319393041
finn1318	0.325778937566557	2.04773050048583	-3.51915556257677	4.59759537934935
fonn1241	-0.600445197077591	1.90174961099557	-4.67274969739668	2.94007916659501
fore1265	0.329703387429641	2.06775772435579	-3.51546361203224	4.63425677501945
fuln1247	-0.438129025959671	1.97692565932285	-4.62435070899709	3.20417467285801
futu1245	-0.173236766754466	2.08942721782446	-4.53028888136748	3.82654024571275
fuyu1242	3.00040882643005	1.55825523061936	0.135692379740066	6.26024368181014
gaaa1244	-0.439283807162907	1.96266599562651	-4.53605069433526	3.25997640325467
gaan1243	1.68164289990731	1.28682224571894	-0.73646832764974	4.31193734333935
gaga1249	0.20500454652891	2.08169804687649	-3.85105162378383	4.45700384411613
gaga1251	-1.04386376570089	2.01761788965415	-5.25025443601228	2.62133645219364
gahr1239	-0.442143059006791	1.92319209963359	-4.41405205432684	3.12498763916229
gale1259	-0.432994397761486	2.12166170073692	-4.70343500624368	3.65115344359682
gali1258	-0.656361343206112	1.90419886151678	-4.70328419160093	2.86839839263159
gali1262	-0.183716401200582	2.18174725324836	-4.50059634735679	4.13634004065391
galo1242	3.81489301614918	1.61748553712337	0.86188360608197	7.27414627959399
gami1243	-1.75274617119628	1.73233653536325	-5.40590095824618	1.38191782169374
gamo1243	1.73024282644769	1.66256149791072	-1.37104047407247	5.21817738952707
gang1266	-1.42198976728524	1.7498202944418	-5.22093701222442	1.62685979080944
gant1244	1.8762067121787	1.45735628915144	-0.818619994933684	4.85124959835667
gapa1238	0.308357868514332	1.99236435844028	-3.81145355732368	4.09203454741469
garo1247	3.72741843976297	1.59564178304283	0.829685940225793	7.14665563889129
gayo1244	-0.158822081663583	2.15213116765553	-4.54878964178771	3.94142553885208
geba1237	-0.886788169703949	1.9526844116187	-5.0601476798647	2.70666700113225
gebe1237	-0.352575712719114	2.13565861111512	-4.65326362388073	3.82680832227978
geda1237	1.07992297364489	1.52941282615766	-1.9038969118795	4.13299462765106
ghan1242	-0.358689891766891	2.107811986478	-4.61662748836862	3.77382007647863
ghar1239	-0.993380709821585	1.86494031771754	-5.03399836876118	2.38732392788744
gheg1238	1.73048826082039	1.66487948363075	-1.4442009664255	5.09506838765759
gilb1244	-0.0403731083468177	2.15840541218923	-4.45075354666289	4.33941084164661
gira1247	1.8448311145737	1.4552871793402	-0.913694096419956	4.81495791455198
glav1244	2.60273361495602	1.28830236808081	0.238391140397334	5.28188145593627
gofa1235	1.16835255171584	1.62472534111594	-1.97358341564579	4.52627364535714
gros1243	-0.287694399258104	2.10795342188781	-4.62175938513062	3.84294932428044
guan1266	-1.15813101540121	1.87533204409348	-5.03792477329884	2.25100903035964
guat1253	-0.52141507992852	1.95808532434722	-4.68840424327103	3.13161193511861
gube1234	0.411903325546739	1.97996141086882	-3.57768744949327	4.16955241276918
gude1246	2.59074727020131	1.1858454268688	0.386653262548741	5.08283392671828
guer1241	-0.606695700839114	2.08078467973384	-4.8952942142718	3.43605769203255
guer1243	-0.583153803420472	2.08534235057689	-4.82632755093693	3.53260429789397
guhu1244	1.99722562058851	1.55025991675256	-0.929994451449082	5.13096165246222
guiq1238	-1.13373892849912	1.95230913929566	-5.19544003403014	2.481727646879
guma1254	-0.0023011079048855	2.00032218887953	-4.04934299281834	3.8525131139345
guny1241	1.35552902337822	1.83277135310956	-1.96514240560534	5.34988768347888
gure1255	0.955230120180781	1.83211168659639	-2.35348518811534	4.95819692874774
guru1261	2.15906014731547	1.19291098715123	-0.0930416578578197	4.54494118499886
guru1271	1.79297395760597	1.47548212562664	-1.03016633641161	4.75022635583459
gusi1247	-0.668691301052483	2.05993702136871	-4.93008545461804	3.28267822932217
gyel1242	-0.507077931289755	2.04687932151461	-4.72251342193411	3.33546020474918
haaa1252	-0.330390333229463	2.01285445721493	-4.5997947266763	3.51512675266755
hadi1240	1.29820672684216	1.45714759603266	-1.58441939799048	4.16425780174329
hadz1240	-1.21526482360062	1.84433336423012	-5.17906917637435	2.1670825772167
hait1244	-0.340365045979427	2.01381481309895	-4.47740272230422	3.45737818926139
haka1240	-1.0608652970201	1.85577007818287	-5.0456573716303	2.31353834869556
hakk1236	-0.407617838290114	2.01141340973002	-4.53184486425683	3.37522127609866
hali1244	-0.305568988183149	2.06148824913432	-4.46349834383333	3.69168534250338
halk1245	-0.246042340615328	2.132489234929	-4.49117685907129	3.95581361241419
hani1248	-0.697551054818536	1.91877745447352	-4.70340939024846	2.92005670700455
hano1246	1.81486342851366	1.65035073935754	-1.37769171770652	5.06854031163401
hawa1245	-0.0419205764524241	2.17380533794868	-4.40268740504701	4.1237032539532
hehe1240	-0.660664395321139	2.06669455745924	-4.99881559771582	3.23482091570157
hela1238	1.5099220118324	1.24645897154566	-0.848017395506442	4.04427956627486
here1253	-0.232248946528245	2.07071954619855	-4.48858904947422	3.71540821707404
hida1246	-0.105426677958995	2.10723905570718	-4.33286672906309	4.05375679331591
hier1240	2.06761979863674	1.75336049822307	-1.09551055243298	5.79456982213687
high1243	-0.962222262617002	2.0322111749628	-5.1501156824828	2.7736524054348
high1278	-0.991993239082565	2.03981073910747	-5.22338544267971	2.87122533430021
hixk1239	-0.187302457253319	2.0952452666681	-4.37234653895002	3.92688805981398
hoav1238	-0.500512438509102	2.08596785548328	-4.82857053379086	3.43117889762214
hone1235	1.38404752906563	1.52325977243037	-1.62101746668417	4.33375813161127
honi1244	-0.835274895620323	1.86873465754065	-4.77819479502418	2.66670703028722
hopi1249	-0.257058375307557	2.08546149451912	-4.56102468172428	3.71997444602351
horp1239	-1.1543516575864	1.88062888646309	-5.15213659823186	2.26427381577633
hote1245	0.516187147285245	1.71027697464025	-2.80784314015826	3.89765661894002
hual1241	-0.370501270748813	1.80655614206472	-3.92133680097959	3.21419436207485
huar1255	-0.440403785979968	2.07570658746093	-4.72671280233535	3.55701383227054
huas1242	-0.542103226720215	2.09251169843906	-4.93472072928251	3.40126499535966
huba1236	1.83367236760323	1.21020249673339	-0.520042874277629	4.25214209692832
huic1243	-0.295982652574903	2.07818378350033	-4.53574323572618	3.76973055042814
hula1239	0.979682758121277	1.76268493788242	-2.53433290551569	4.51119448872248
hula1244	-0.779201302878626	1.8983095585653	-4.61204409569994	2.74769785982595
hung1274	-2.98529254812549	1.86387183459413	-6.86302349071058	0.378998778992013
iaai1238	-0.273169391998776	2.12458082893563	-4.6566607593994	3.8279009833023
ibal1244	-0.44708202648555	2.01171349350014	-4.59714796294643	3.3486440510435
iban1264	-0.11786506879296	2.14532989208792	-4.34851970099449	4.00389311841662
iban1267	-0.32950627982566	2.03046603732499	-4.48921308505718	3.57579296402287
ibat1238	-0.255658948037615	2.11826116224655	-4.57234477344344	3.88937450740502
ibib1240	-0.77884346124137	1.94407723948195	-4.76150821606818	2.95345631979128
icel1247	-0.605348843012396	1.9505298584907	-4.85428224211306	2.93291712117624
idom1241	-0.722331566292851	1.98284574018779	-4.7924878739985	3.10621364199462
idum1241	3.7856454540314	1.73269556322285	0.699315713969533	7.52682100766445
idun1242	0.198379521871193	1.94909589050582	-3.73044535790609	3.9895392252412
iliu1237	-0.225180436635365	2.08299385745633	-4.4118230320718	3.68100553532584
ilon1239	-0.449221182265982	2.01325838470476	-4.52530864206756	3.38284950075098
imba1240	0.967325646768548	1.9497319051247	-2.75988323844559	5.09811564606079
ingr1248	0.42361448511191	2.01431228530034	-3.41447258744078	4.61436738165602
iran1262	-0.236537500761593	2.12129836208069	-4.60187125664175	3.8297078108708
irar1238	-0.464387243462973	2.06948682458515	-4.6327487682924	3.57092283273115
iris1253	-0.595985436374707	1.91291549059397	-4.79763764934845	2.92748820253058
iron1242	-0.820954707648673	1.82522164128694	-4.67935283983548	2.56344550726059
irul1243	0.354760153103718	2.04075927183091	-3.52949345617728	4.54868769071569
isco1239	-0.434095750442021	1.78113589593107	-4.0530317316002	2.97266241777047
isin1239	-0.464464013921412	2.00030388670774	-4.5395722230222	3.28910167461769
isna1241	-0.313896772263127	2.09906964130101	-4.55840107963885	3.70510393147429
isth1240	-0.489561899366813	2.01475404086186	-4.81317996941786	3.21214019975812
isth1242	-0.487212960861603	2.0470035204045	-4.8285861007502	3.41449515782646
ital1282	-1.07232693284592	1.84884882193027	-4.99450888035057	2.29698532367896
iton1250	-0.941794967593899	1.87987252121647	-4.87656755439235	2.56605968166006
itza1241	-0.282463761513922	2.18130670529061	-4.83653336555443	3.97448454940537
iwal1237	0.704951347409189	1.70912721045055	-2.65178625034919	4.13410278410172
iyoo1238	0.706328220365541	1.51820441870574	-2.14830581476311	3.72083107952928
jahh1242	-0.414633094740587	2.03194164678166	-4.61644147824692	3.45747017093517
jamb1236	-0.128412232166582	2.16727988711191	-4.49658454424246	4.08630470309918
japh1234	-1.11507780700785	1.93368613532431	-5.2292731868563	2.42897740033007
jara1266	-0.441125770466644	2.06590295734655	-4.68895209947305	3.53947602450489
jede1239	-0.413185269122035	2.02983258135372	-4.67880779138163	3.38124430005757
jeha1242	-0.392225394453859	2.02750009753563	-4.61497478553072	3.41518586850607
jehh1245	-0.416886122236422	2.04437241043149	-4.59027836427191	3.46437216305393
jenn1240	-0.951073775263912	1.75511675546138	-4.52721576391716	2.44809449301083
jeru1240	1.94224104229413	1.17462214404058	-0.294014574964379	4.28731663730885
jina1244	1.3441114250803	1.35217865278902	-1.32613129695433	4.01132700416642
juku1254	0.936468450621151	1.72043674341781	-2.46684778865139	4.28738547679873
kach1280	-0.891994073762882	1.91105146798306	-4.91660720485279	2.63908745650803
kado1242	0.0111035185468	1.63843271315412	-3.30986773306348	3.11252162463498
kafa1242	0.71931924824952	1.68159907241186	-2.53723208713296	4.19180331218772
kaga1256	-0.22534556822971	2.08970879274824	-4.43551222440931	3.76832802425356
kagu1239	-0.805583704883511	2.02838492390583	-5.06339656792292	3.00958886217494
kaik1246	0.563603566038497	1.58261520228789	-2.59266009823517	3.60614961977433
kaki1249	2.34171497186613	1.6301732587231	-0.705756046080007	5.72340399198751
kala1384	-0.241189371678044	2.06560647258214	-4.58172142622681	3.66164036296116
kali1308	-0.18189412106514	2.14607244939933	-4.53905054530671	4.06193103152657
kama1351	0.299047365756807	2.0326152352346	-3.54044860536213	4.5054656854032
kamb1297	-0.586813573446988	2.0365161058078	-4.87563562306331	3.31281453957769
kamb1299	2.0772711684187	1.93736312140515	-1.65767061422109	5.98909442237381
kamm1249	2.19042513413243	1.59037845525105	-0.997722888446735	5.27916422335986
kani1286	1.362902319967	1.48377807263773	-1.49489804605851	4.37203877227256
kank1243	-0.434811399327246	2.02320330769017	-4.59223265236951	3.31374964957167
kaqc1270	-0.35522406851575	2.07183027552479	-4.57466037246791	3.72273847996219
kara1486	-0.505163866080007	1.97981172210417	-4.57007717070553	3.22705581546596
kara1487	-0.467806279309536	2.02139683460549	-4.69688606384239	3.31242202239965
kara1500	-0.188129513680289	2.11638654036144	-4.42874555549166	4.02956788594451
kare1335	0.361302658119489	2.0061552833161	-3.42338846507701	4.47569594013272
kare1338	0.85798616583626	1.94157071449477	-3.1533716453209	4.62360232294871
kari1254	-0.537473507238506	1.9172763059032	-4.634461239709	2.94079473170762
kari1311	-0.122249849518699	2.09698936515366	-4.31927635307867	3.97752051670556
karn1252	-0.269616998140585	1.90431475700196	-4.13897217041438	3.39563726603981
karo1304	0.714288699876871	1.88914582502772	-2.98141355966854	4.53297074156801
kash1277	2.69600024946228	1.82454820134452	-0.471896985577269	6.66886595228233
kask1239	-0.0828382562664001	2.13569632217353	-4.39634222064196	4.18100160451854
katb1237	1.78034989620522	1.44228229019376	-1.01125678952706	4.76903387304611
kats1235	-1.20872775565532	1.96598085775087	-5.31219721528254	2.36953881088386
kaya1315	-0.909546250727052	1.95388625780661	-5.09539124704923	2.61903422007172
keap1239	0.878462468721246	1.84351303626267	-2.83178348890773	4.55484553408072
kele1258	2.24900443238913	1.71114100854953	-1.10429967881479	5.62655510497773
kemb1249	-0.129880843512296	2.07661825690524	-4.18025764879956	3.89143581004189
kens1248	-0.356401593617793	2.04148798083746	-4.46443595252354	3.53926092425362
keoo1238	3.72338374646694	1.79844990545639	0.249411170714006	7.33331755999297
kera1255	4.14732439122003	1.5455805002325	1.40908517286521	7.51312941160687
kesa1244	2.14270350587862	1.54889836991316	-0.70182046264256	5.33742146780565
kgal1244	-0.24570505815195	2.08635693464536	-4.51024668093589	3.71370560604535
khak1248	0.150579429690075	2.01855107397949	-3.83271249351573	4.15890472373005
khal1275	1.35414379030465	1.27281635047898	-1.22308023425372	3.89969613814874
kham1282	-0.22917165909718	1.95071455885621	-4.22270663312343	3.42731750566319
khan1278	-0.725847785187122	1.91005128154229	-4.68005415382179	2.79668437289033
khas1269	0.214377594863715	1.79654687753119	-3.44456374033705	3.65471213278538
khez1235	-0.39657728695916	1.48331405563226	-3.44982102027632	2.38811671132862
khmu1256	0.534287868730954	1.93930671104222	-3.30498597405908	4.29309385926124
khum1248	-1.12666621127878	1.85509993010131	-5.14965351349693	2.27338300708516
kich1262	-0.360024925500049	2.08109957107986	-4.58589800085002	3.7576510887121
kiku1240	-0.86068438111344	2.00149278494274	-5.00736497679646	2.94136139311264
kile1243	0.29971579110299	2.07255752403662	-3.77464484706392	4.46807314736244
kili1267	-0.0324328309574319	2.07697846325394	-4.2102733709618	3.91533569280625
kimm1245	-0.730852338160651	2.07915372376558	-5.06851407597947	3.20171666423688
kina1250	-0.220700568421351	2.12232753363411	-4.43774168500791	3.77188187880647
kinn1249	-0.691034682498853	1.96701736669925	-4.78975963755827	2.95097554421292
koho1244	-0.371113845878405	2.01045061148922	-4.55554423155297	3.53703591727009
koir1240	-1.00520953437022	1.57258085103912	-4.31435190196104	1.8396035550678
koko1269	-0.753011863857541	2.02434798663769	-4.91049776009944	3.04966227880037
kola1285	-0.284255936587636	2.07171801554087	-4.57180814670605	3.73938321332548
kolb1240	4.60876856208868	1.86289384950392	1.33259182478907	8.62180504298085
kolc1235	-0.0125708400480181	1.91272693853709	-3.88039217150033	3.59196639488708
kolu1245	0.0770897285572477	1.95163806747274	-3.88631043381041	3.81017330587321
komb1274	-0.254357196254653	1.83889959827885	-3.96273121917022	3.37304756836717
komc1235	0.780499349820557	1.53878458515352	-2.37142519435632	3.73262188555461
komi1268	0.310164297366482	2.02049746309024	-3.53824644067532	4.52335013780486
komi1269	0.296776068756517	2.05479274787236	-3.59541425042068	4.57990446524671
komi1270	-1.19925941845226	1.71943828751374	-4.90672648684503	1.9254183978903
konk1267	2.24143656084997	1.80441989558582	-1.00313463569788	6.18176142006967
koro1298	-0.338338535009466	1.88552184608349	-4.30416007306477	3.05753736001968
korr1238	0.435860987248723	1.98037669595454	-3.38559156637456	4.45851995013345
kosa1249	1.65423397842696	1.76946635388582	-1.67930331251798	5.28451521599892
kosr1238	-0.102791165026917	2.11579176645956	-4.35271841782444	4.07354861620326
kota1263	-1.35767638369675	1.74951985358291	-5.05544931056098	2.00799464997084
kove1237	-0.247965271838772	2.02287557537257	-4.32169619792829	3.65145243752402
koys1242	-0.660234501602531	1.99634033253562	-4.76606485555387	2.99066887890915
kuan1248	-0.564474403834709	2.06069147650058	-4.83989302252155	3.39499084096666
kuik1246	-0.516362038964425	2.00755962832458	-4.69806414065752	3.32302037374797
kuku1273	1.15888512991765	1.85258680368669	-2.2036199049935	5.10892582142984
kulo1237	-0.273712587453171	2.09740004879539	-4.60679265612959	3.67213035597713
kulu1253	1.20616698245779	1.31923424248032	-1.40279721207069	3.80558612563353
kuma1276	-0.270065609534577	2.07349352568058	-4.51641649497062	3.54133792134341
kumb1268	-0.688031805961451	1.47047743794775	-3.63145419536696	2.16266811166927
kunj1245	1.38678033279726	1.84442318145161	-1.97749733853905	5.32392685124874
kuot1243	-0.692592384292158	1.89074062502023	-4.7099634668348	2.76504479282816
kupa1239	0.102901399013977	2.10592032389303	-4.15389464594112	4.127012003117
kurr1243	-2.44031950024557	1.71991405524841	-6.07323054908903	0.622440632693443
kusa1251	-0.475089985952762	2.09725401638244	-4.76455513969979	3.51837950889692
kusu1250	-0.493108059718738	1.59112316986634	-3.81813014159735	2.47523894075546
kuyy1240	-0.432032390735437	2.08448684192317	-4.68302259445785	3.53820060870152
kwai1243	-0.741229296276464	2.06512388866618	-5.06214321900847	3.15540883870623
kwar1239	-0.7597799709202	2.05659035933662	-5.09292037963227	3.07003050836172
kweg1241	-0.101545883944973	1.60636216243031	-3.43951485037717	3.042349049832
kyer1238	1.02778136039872	1.27700072628113	-1.44058502167912	3.56835458369677
laal1242	2.2875932319904	1.7748891365187	-0.926208328260064	6.08468715248749
labe1239	-0.496441339205187	2.07426860808314	-4.89765924791718	3.6089823354567
labo1244	1.62420001694952	1.48357053271871	-1.22592523495169	4.62637808605686
labu1248	0.0715953500689169	1.70022619429175	-3.37787631845435	3.33726925467815
lagw1237	0.837061557860356	1.38263744977281	-1.95249430303872	3.51629206740174
lahu1252	1.40467359812044	1.55740599292803	-1.63501176080091	4.48003294141334
lahu1253	0.244224694347114	1.60049981958811	-2.96304351578554	3.31658428615279
laiy1246	1.10738010408201	2.08320049808154	-3.06958803398399	5.09329761087852
lala1268	2.01894543816035	1.67002600437612	-1.12616172650595	5.36422877831535
lama1277	0.851870775136196	1.94198783740555	-3.14576046244631	4.54495870560149
lamb1269	2.58040881869729	1.76672169170369	-0.540389716237147	6.43594368984585
lamb1272	-0.506573885702165	1.96627798069968	-4.60906263055185	3.12423857653168
lamb1273	1.62851288596849	1.97656352257929	-2.16577600501536	5.58143827140187
lame1260	1.75114106102467	1.60853854747066	-1.21950017223494	4.9963200927041
lamk1238	-1.39952346692786	1.80776279119943	-5.22101205190701	1.92454541276191
lamo1244	-0.1661811426255	2.00087577379257	-4.19207707869702	3.67532973804133
land1256	-0.516831026281007	1.89727875027806	-4.53654437464922	3.00338712527231
lara1258	-1.15538258660862	1.8996072031712	-5.11822664919434	2.27595806662637
lara1260	0.904823693938493	1.92964306027345	-3.05595814741293	4.59446205751925
lash1243	-1.26242539609051	1.89154373134746	-5.30179166641811	2.17899665892991
lati1261	-1.19812675167674	1.73168704148233	-4.96274869327701	1.92527942450987
latv1249	-1.310922504312	1.86327197254624	-5.29244755765809	2.04891089417855
lauu1247	-0.692152167572292	2.03526989007663	-4.98861887524932	3.11383386385176
lave1248	-0.494651385575106	2.07428457645831	-4.72085819745967	3.46153631453025
lave1249	-0.481824789583142	2.02220982947947	-4.68314174144538	3.40813051711833
lavu1241	-0.932448844008142	1.86842269365587	-4.87965396900127	2.48561601179372
leco1242	-1.07448939943934	1.89483289558255	-5.17085921612335	2.32314973215247
lega1249	-0.28153379729133	2.04064600640674	-4.52070598864024	3.58721956603805
lega1250	-0.335544627986047	2.04318075903466	-4.56852177183568	3.50450361716357
lele1267	0.590325574714558	1.89386391628006	-3.17184730638151	4.41812529553398
lele1270	2.33770850166949	1.72324404378621	-1.02935642568015	5.72868499214001
lele1276	1.63774729190161	1.53471543666339	-1.32426597264252	4.7394327694825
lemb1266	2.39047053091648	1.64328666248713	-0.555768793043826	5.84348443491323
leme1238	1.31589966024236	1.82365714809435	-2.39986565755644	4.91536263750168
lena1238	-0.232311504614311	2.00608060341122	-4.3385270497427	3.61675972531081
lend1245	-0.751569427150925	2.03353455723265	-4.8637030088187	3.19225747414668
leng1259	-0.891811294713751	1.91559916947889	-4.96817154216516	2.7273214955219
lepc1244	3.47574511918538	1.51364892383025	0.680796335684087	6.65384363424896
lese1243	-0.728474497781278	2.05105925617196	-5.01944263909974	3.10388922031278
leti1246	-0.302073310863108	2.12770456027897	-4.74122918903791	3.69790340981686
lewo1242	1.44427875637245	1.68909911309497	-1.82566640189994	4.81855812105561
lewo1244	0.927516270240668	1.92952324748905	-3.02096674382664	4.65195915965988
lian1251	-1.06288711979506	1.6992271821576	-4.79330527234009	2.01096337107161
lihi1237	-0.561302775566293	2.02642454195033	-4.77589172420856	3.28675570868185
lill1248	-0.185646239026426	2.10744656249117	-4.43265558522546	3.95766781860317
ling1265	1.84740829468987	1.44158853494271	-0.956055994379605	4.79428304457306
lipo1242	-1.32162130081973	1.88632456613713	-5.44720642856339	2.17781729746305
lisu1250	-1.2847745093037	1.88178342422825	-5.25831095496136	2.14748841391456
lith1251	-1.22943865411267	1.92057961872509	-5.33521692916833	2.18582625741792
litz1237	1.84014243118611	1.44538444991879	-0.944255605873541	4.78885291271997
livv1243	0.387062867554221	2.03580048246728	-3.483806820257	4.69182384356895
livv1244	-3.10305102474237	1.90698831542241	-7.18357918439353	0.383704093666763
logo1259	-0.704411141609591	2.07418265886126	-4.91621168106245	3.23916139566776
loka1252	-0.783170078328068	1.93264992326275	-4.69443656641817	2.89639612910511
lolo1259	-1.31614970459995	1.91878589311038	-5.52784324015243	2.23375661908631
lomb1257	-0.768194013197561	1.89097864701949	-4.79315734656026	2.6493404236405
long1395	-0.781939052712838	2.01922945499991	-5.00127619742967	3.03358747487436
loni1238	2.45116812641392	1.76626989456961	-0.955524157034554	5.96978958894161
lote1237	-0.271509135081357	2.07869125353642	-4.52455947372729	3.84679174271296
loth1237	0.105970415640919	1.4976377939585	-2.93402548147404	2.98192899593442
lotu1250	-0.369379490288675	2.00337149196692	-4.55055808092864	3.44074487240414
louu1245	2.84259284591932	1.82049472612784	-0.600660452377101	6.49284503720262
lowl1265	-0.42073229158189	2.04982719073108	-4.58677390285176	3.4899659593967
lozi1239	-0.221960242954324	2.05962831527097	-4.46986369568213	3.66550175083597
luan1263	-0.304133219864528	2.12021935058597	-4.55586391865862	3.78640000909136
ludi1246	0.403402871599317	1.99000723001628	-3.47010171000176	4.54095491583337
lugu1238	-0.674268032516009	2.0393290967712	-4.92356157449021	3.15430126528791
luis1253	0.610140415538898	2.02933707820698	-3.33281604835762	4.59473650755002
lule1238	2.77551235738742	1.86214810085931	-0.667761117934173	6.671284946463
lule1254	0.465710727997867	1.99978286038709	-3.19184701807557	4.70021770866104
lumb1249	-0.31430948133731	2.07932869418744	-4.54207309604966	3.72972016101514
lund1271	-0.322560882826004	2.09931533789795	-4.54651317049442	3.74193295290547
lush1249	-0.994300365602958	1.88484368376247	-4.9759028225798	2.40006036415228
lush1252	-0.214789747626484	2.16091486854691	-4.64303245888787	4.01824473442737
lusi1240	-0.229345454296308	1.98525309760576	-4.29846326031367	3.60192384105178
luva1239	-0.17746948491111	2.06286672085405	-4.36366844492136	3.7451182391356
maan1238	-0.0763841396067668	2.09795104276664	-4.44577912391049	3.97584764300071
mace1250	0.415843021432304	1.65727642820168	-2.93748925048789	3.67598481810978
mada1285	-0.683829493270945	1.98185772807833	-4.84849350754145	2.98141365659048
maee1241	1.92257579310424	1.43811652397816	-0.815978137474021	4.80380116654153
maga1260	2.36373143283802	1.68377709299924	-0.706696171095653	6.04823305243149
magd1235	-0.708156310629179	2.12479994896597	-5.09204355776025	3.44700424465865
maib1239	-0.968369473445503	1.90542818168151	-5.02604172373382	2.45503303273555
mais1250	1.79648947637596	1.86286013585858	-1.72328288956118	5.57522445814886
mait1250	0.972321490674603	1.41239277729173	-1.84259569291723	3.71066053536254
maja1242	0.545840355026899	1.6145880026403	-2.58628946491871	3.801836198438
makh1264	-0.370590325381075	2.06257214662211	-4.64530603000878	3.57734508496678
makh1266	-0.372159029322347	2.05827527954612	-4.60593198238799	3.50789196983192
mako1251	-0.351763956877804	2.03262028697843	-4.52518178357582	3.50078067325145
mala1463	0.468946485752896	1.95261170725634	-3.38157799688662	4.50061587857325
mala1464	0.332459951237648	1.91098633164397	-3.40392891337588	4.18886973063242
mala1479	-0.334610267920349	2.07829076575006	-4.54594333830488	3.62342106753242
mala1481	-0.216311507754827	2.18846068944627	-4.64531831956077	3.99433361830059
male1284	1.64398160436257	1.55770435713046	-1.24860616179388	4.88861284686105
male1289	-0.204788276197888	1.95774556893406	-4.2214947186604	3.50944777015901
malg1251	1.06295920047948	1.46124666802824	-1.79552265565759	3.96137146205624
mali1285	-0.561439185032039	2.10350274454621	-4.79842473038306	3.53982964848043
malo1243	2.3476253696758	1.3904348361265	-0.273788387102917	5.25866096535001
malu1245	1.93237911277441	1.43750166490072	-0.845233321177375	4.83818164080113
mamb1294	5.00370997649818	1.54755046336039	2.23715365653129	8.33486214893811
mamb1296	-0.319208553154554	2.0888238335307	-4.56902057227269	3.65936847969036
mamb1306	-0.203521677863961	2.13300599735722	-4.63387984750527	3.93258733279473
mamm1241	-0.385994257021428	2.10997324258163	-4.59659102010134	3.82700230637505
mana1288	1.09843511881498	1.4762534389004	-1.75441469826839	4.05136598115771
mana1295	0.220820390392468	1.75581422524167	-3.34065701404776	3.62650919514573
mand1415	-0.282826848685671	1.99195206065754	-4.45390703893003	3.42338415160012
mand1440	-0.592649018164204	1.98086655866688	-4.70082478661925	3.16764848944842
mang1378	0.321244283917692	1.89886214726509	-3.4480412708778	3.976369981661
mang1394	-0.543317371014951	2.04128535011109	-4.70903941761844	3.41377858405932
mang1401	-0.0951562724868082	2.19408000192468	-4.55294500575586	4.19662373730166
mang1403	-0.260001035376987	2.05499600614958	-4.44500028132362	3.70666458188133
mang1404	0.447861220489482	1.71927771473858	-2.83976707172487	3.83929146335397
mang1405	4.95872697746417	1.9601868660933	1.3876915975646	9.05653503241693
maor1246	-0.0371870750933116	2.14651401822039	-4.45422195443101	4.14942643784948
mara1378	2.64323758347484	1.79798538904378	-0.551907323571235	6.47911015028098
mara1379	-0.837664898392559	1.53650361819069	-4.07086363373278	2.00265876386478
mara1382	-1.14347751678478	1.88853354915786	-5.0835593698369	2.1943118614642
mara1399	1.85563919611173	1.44543168280249	-0.927463089568053	4.80330657073262
mara1404	-0.267185696231891	2.11868646776605	-4.58015835532119	3.89004642196199
marg1253	1.3047723544119	1.86544562146082	-2.09228699733063	5.37933874150917
marg1265	1.30375844374732	1.3657056201375	-1.44721014883763	4.01216501948876
mari1414	0.737822468323047	2.09672922374368	-3.23399494530681	5.09094447366456
mari1416	-1.43760786424075	1.77545922896549	-5.24079741438477	1.71982920973854
mari1426	1.67629709598439	1.77983462859993	-1.77954693522124	5.21797006257375
mari1428	1.65703169865861	1.49834576414516	-1.19743980730181	4.69373040692971
mars1254	-0.0871000610588714	2.19915877941454	-4.61714952459926	4.26152816965386
mart1255	-0.220681912351869	1.60737656893102	-3.33803096993732	2.96022493686978
maru1249	-1.2531763221581	1.97727424674876	-5.37944862301301	2.37061671437188
masa1322	3.69591008250537	1.56932146991256	0.899269993416927	7.15048034721426
masb1238	-0.193687862432648	2.12107095870682	-4.54671073848179	3.90985350433714
mask1242	1.87857423185394	1.50554923755843	-0.994753836368723	4.8759515549
matb1237	-0.326721739057116	2.13802545933477	-4.64452335789229	3.78833684629591
mati1250	-0.216570474866247	2.12691884742223	-4.49768893677072	3.85673613764851
mato1252	-0.356395065067472	1.63754944722005	-3.74075909751967	2.72427521402725
mats1244	-0.452813378597128	1.85508084151995	-4.38168503380375	3.07540042761762
matu1261	0.682858003361844	1.55228490690105	-2.27223861599824	3.75374758140212
maxa1247	-0.107686187801681	2.13697540187488	-4.47452122999682	4.04871344621968
mayo1261	-0.569233232517842	2.06424171243159	-4.83337453711139	3.34495282190436
mayo1264	-0.37047105864785	2.06344501208433	-4.46894566597003	3.69181440514771
maza1304	3.11639621956148	1.1879695230078	0.938127479309644	5.63619633508883
mbaa1245	-0.452865267806543	1.98732398236302	-4.6350045174447	3.26651026752512
mban1263	-0.574793940459216	1.99975346525058	-4.74967927914117	3.25898317831309
mbar1260	2.7301634781288	1.55106915744921	-0.0788093639853613	6.00909398657187
mboc1235	-0.302287633014499	1.78425770034699	-3.90916018505187	3.13532366363875
mbol1247	-0.289414193054174	2.06082803206816	-4.58250241944318	3.53484072555017
mbul1263	-0.248528842795194	1.90887821101279	-4.17156746716511	3.44438712087356
mbya1239	-0.110664581700355	2.11600509639257	-4.33210182877931	3.981454291886
meen1242	-0.00245399021125575	1.72118945470417	-3.48027028837132	3.47392584590749
meke1243	2.09116405247291	1.65936091893384	-1.0201971362094	5.49696033676966
melp1238	3.20941165129002	1.52808718740727	0.479308322835992	6.43673800036087
mere1242	3.41034026669193	1.49874615033338	0.689298361020682	6.48918693356526
meru1245	-0.767474878279357	1.94646732285676	-4.79578293191954	2.82482708042357
mesc1238	-0.0925277264241639	2.17267065105443	-4.45699400761832	4.04476376663499
meta1238	-0.168038169203277	1.70193415175825	-3.72519148458223	2.96459240411861
mezo1235	-0.73862607382426	2.13366408034804	-5.10856658919001	3.38812045712576
mezq1235	-0.642715613813004	2.09300496129538	-4.88858498991595	3.36904252766261
mich1245	-0.223337056813981	2.14029415284039	-4.66267144958073	3.95164196364086
miju1243	0.3426479870409	1.71011160894659	-3.21110351009366	3.42725888735138
mikm1235	-0.10545854051513	2.13436474438264	-4.50829169489624	4.10222405675747
mila1245	4.36846511824737	1.60668142461481	1.47794216617187	7.84663357516227
mina1276	3.02807710485228	1.17504062489343	0.883421710413402	5.49518722203935
mini1251	-0.566552820289743	2.07056591614208	-4.92898317067768	3.48438590989499
minn1241	-0.432102125949548	2.00442871317889	-4.50898490575268	3.33745000756701
misi1243	-0.224710031782857	2.18451412246448	-4.6372602261997	4.03832710990809
miya1259	0.109107529316501	1.89066464391339	-3.54286519048269	3.88298557486978
miya1266	2.24925101261851	1.65612585322475	-0.838732679072978	5.74419352691301
mlab1235	-0.139613871543648	2.01117540615762	-4.22211465220876	3.82142446015648
moba1244	3.70995570546056	1.8776393753676	0.313907270696806	7.76361736630366
moch1257	-0.405665415359205	2.07803591610042	-4.59578247024523	3.66551490230065
moch1259	-0.345087442630203	1.93376223310482	-4.38925689920015	3.18059059670952
mode1248	-0.735578924739482	1.92493041733583	-4.7211239581776	2.7152716170973
moke1242	-0.146795471104358	2.12523807878915	-4.52967166099472	3.9957025488846
moki1238	-0.0938766925499595	2.08827469012105	-4.48017355934696	3.93591588586759
mokl1243	-0.175139828780365	2.08757045678405	-4.47229650554481	3.78440052353445
mokp1239	-0.663880643427899	1.90886719899956	-4.69629430508882	2.9353282454409
moks1248	0.372734268754992	2.01270059581373	-3.34476065217577	4.42470147512052
mola1238	-0.0128235694573715	2.02294282398971	-4.26480516923458	3.84324696339578
mono1270	-0.487305327147861	2.0527331148658	-4.78234308208064	3.34024083600198
mono1273	-0.274193380254027	2.13056382433228	-4.53831680519522	3.88873630905128
mono1275	0.165581182914799	2.12671560876342	-4.11602829207292	4.28954491022789
mopa1243	-0.251813419759397	2.15642760373651	-4.55736952467041	4.04763462260826
more1259	-0.747588475528021	2.04380879744578	-4.87992377350983	3.15586114453729
morm1235	-0.665738326279234	1.99354740536809	-4.81630461506517	3.0803167778843
mose1249	-1.1267979974506	1.86126673190779	-5.14787539327996	2.15283807574238
motl1237	1.00841387495874	1.86272608963438	-2.68525852928479	4.81465067834181
motu1246	1.26225535387462	1.59983716182456	-1.86132797772002	4.43974977777203
mouk1239	-0.210433025075967	2.00016142072027	-4.2470764366454	3.58616565703796
movi1243	-1.21063376691676	1.90447140187621	-5.27192685405442	2.27598696949807
mpad1242	-0.38971220214035	1.64023495782921	-3.89593096279506	2.64461536493007
mpot1240	-0.538025399754431	2.05607487060855	-4.79849440572642	3.40150029706036
mpur1239	-0.953582244654119	1.86477881417462	-4.91530977802126	2.423123145653
mual1241	-0.149134173159818	2.10044654196134	-4.31985526897698	3.91398589069077
mudu1242	-0.171191384563528	2.06368514237388	-4.29276676019098	3.81073351161628
munc1235	-0.859742939795171	1.94229379984527	-4.95330176293987	2.85636496231793
mund1325	4.82327214860844	1.58352790287647	2.0855497592978	8.16702924373296
mund1326	-0.660661096674469	2.00085310282227	-4.89869256101517	3.13930850759903
mund1328	0.783540312966565	1.54916258849027	-2.39179288055161	3.86152203881338
mund1330	-0.130948222299866	2.11378901864872	-4.28261025569107	4.06957725055433
murl1244	-0.637254230847489	2.00175675007372	-4.77691420382375	3.06744351536779
muru1266	1.18263049760048	1.80721052369329	-2.08824801944422	5.1254067455832
musa1266	1.88094896582346	1.43743259921386	-0.83468752483562	4.86399741858947
muso1238	-0.166147984487836	1.65943336392551	-3.58439878552052	2.95945656114751
muth1236	-0.0912792477283669	1.88677292802442	-3.89092883273722	3.71945461946732
mwag1236	-0.315324475513491	1.52917266965634	-3.56411785548315	2.52159475358363
mwan1247	-0.284740776634879	2.01353683003647	-4.44234732736748	3.60584701921029
mwer1248	-0.377458180978365	2.06985668353487	-4.70758353349799	3.52169159690585
naka1262	-0.326872145460284	2.10067008331799	-4.6780336458432	3.63627727518093
nali1244	-0.609134918628479	1.92432477888344	-4.64524612125786	2.96236444030042
nana1257	0.347512440627721	2.05753750787146	-3.54174698763633	4.5716283017056
nang1262	-0.136590385267008	2.08973301851872	-4.39004886417447	3.9099716722735
naro1251	-0.235892825557087	2.10270911724661	-4.54210504567872	3.855105730622
naru1238	-1.90049665708844	1.75570234192121	-5.76214533580843	1.34910678836982
natc1249	-0.41692255057213	2.09353517930054	-4.73366740501124	3.63175218341726
nati1244	1.63172919741052	1.48903585468225	-1.21508106534463	4.61362923804125
naue1237	-0.275850154558674	2.1219673835326	-4.60612716408101	3.71662316234043
naur1243	-0.0874841978310255	2.1738220221894	-4.4044006994204	3.98294279483155
nava1243	-0.234144285063491	2.13551626395031	-4.61853784046612	3.98220003532865
nawu1242	0.131333660955204	1.9352862385486	-3.90747490832567	3.78478353427265
ndam1239	-0.614620091554668	2.02457475159442	-4.84097247846877	3.16187610361046
ndog1248	-0.281440134068949	1.99472714118365	-4.516483112444	3.46033231943191
negi1245	0.349573493689848	2.03833748881446	-3.64658600390034	4.53343630867503
nend1239	1.16859723683049	1.41041889766634	-1.50753612204849	3.9690527399577
nene1249	0.303484251048423	2.00738130187783	-3.46473896436855	4.36435953654716
neng1238	-0.157280823246744	2.18153544885358	-4.52467379557382	4.1229782738046
nepa1254	1.72504524730312	1.12244990862641	-0.43631629461363	4.03132759598512
nese1235	1.96533825328807	1.42999431183429	-0.780764383693776	4.85436983136846
newa1246	1.97195202365013	1.26347150129115	-0.443655425858436	4.56761525070769
ngaa1240	-1.85582822217955	1.77526476533547	-5.65260697281242	1.31629409588545
ngan1291	0.304779277814927	1.99518444944962	-3.53154690427923	4.4840857925698
ngas1240	0.100005070242731	1.48330151659869	-2.98218891766761	2.87241593180877
ngba1284	-0.514170535128974	1.95693914802148	-4.58584947442522	3.24088686727803
ngba1285	-0.605080699185743	1.99705030071639	-4.73478513079017	3.13900179598371
ngit1239	-0.785519317522932	2.01097648646583	-4.86879227391233	2.97519710092495
nhen1239	-0.193479331053384	2.13347325935701	-4.54849387891466	3.92395365820851
nila1242	-0.934609071641876	1.99473525350893	-5.11897367785499	2.7050298305765
niua1240	-0.073518661503511	2.11760938301281	-4.32405235233144	4.09623000282051
niue1239	-0.0741111112647036	2.20834115832035	-4.58542865165854	4.19126230438914
njan1240	4.77804854448567	1.64645263503502	1.81553042149803	8.34494461491263
nkon1248	-0.524900619695657	1.88922348616813	-4.42932380709556	2.99269334367999
noct1238	1.48865391825693	1.47181925778686	-1.44418756078832	4.36753307572249
noku1237	4.00767470036872	1.8015284773253	0.755208676832331	7.73740473618058
noma1260	0.212539993963817	1.75149476956165	-3.34966938562126	3.60628105651721
noon1242	3.19788136618932	1.9780558888675	-0.449677043650637	7.29591549324588
nopa1235	-0.558742633624042	2.13211464541918	-4.88892330646187	3.62180353940644
nort2684	-0.362176852766375	2.04957740895578	-4.53918288486602	3.59636402692548
nort2690	0.203846835032961	2.10826330965753	-3.84964158804438	4.54766944910556
nort2697	0.450390954454058	1.97416025029851	-3.33774357253477	4.63249990105708
nort2702	0.77844922624094	2.0419901648623	-3.0028735894941	5.08231954343202
nort2722	-1.01110672830439	1.94406255430143	-5.19067458798302	2.45566221652379
nort2723	-1.0891562636873	1.9445191268209	-5.32096922917311	2.4758924924907
nort2732	-0.489318066188678	2.01148951342525	-4.75992609494248	3.23608710976886
nort2747	-0.325434601109699	2.13839111921423	-4.63250317329766	3.80080566509014
nort2828	-0.342638816959963	2.12804212351783	-4.68130662075582	3.7311210477684
nort2839	2.20552395795838	1.572713841177	-0.768173251344011	5.43757229721514
nort2845	-0.075891978435831	2.16577808993181	-4.38792176697479	4.20440372093686
nort2847	-0.221525901720534	2.00047808366101	-4.32146195466791	3.55922359858637
nort2877	-0.419178903426078	2.04167386599213	-4.68001955613211	3.41373521138254
nort2885	-0.222248748896813	2.08136282699047	-4.45585933080121	3.8258206099361
nort2942	-0.0729905508852791	2.15411227630148	-4.32861634953881	4.24282474321991
nort2954	-0.220894308718341	2.06047566139569	-4.53402511401715	3.68298754830663
nort2959	-0.320976734943351	2.11072084209615	-4.62672384299177	3.72304964029794
nort2980	-2.20031266604528	1.9290807179292	-6.31002938534023	1.27729819627947
nsen1242	-0.246016196827422	2.07411448009214	-4.49431427638667	3.68876935906277
nucl1235	1.7584878553896	1.72270882993723	-1.35370009043391	5.32532471622897
nucl1240	2.19678688386712	1.51682085024416	-0.75266280659763	5.28924850523189
nucl1301	0.809117481639285	2.09929141739919	-3.21675193025164	5.09087924129563
nucl1305	0.449463744514181	1.95219764507239	-3.40460973942878	4.40521748938519
nucl1310	-1.01992847478743	1.87457424606393	-4.93536293945918	2.43297102957297
nucl1417	-0.698008601741912	1.93046049740065	-4.69635223192744	2.83359481311157
nucl1643	0.679276120569948	1.91774427484925	-3.03197585701481	4.59723506186843
nukn1238	-0.415897675762815	1.63294063270401	-3.7745478123418	2.67218532207933
nuku1260	-0.0947697522774498	2.09518529163839	-4.28178851078609	3.99876188372956
nung1282	-1.16878689480923	1.90437360151659	-5.18507642930409	2.24915998543415
nupe1254	-0.54503812556498	2.01496092123647	-4.71498266878006	3.24806983406828
nusu1239	-1.30400556132691	1.85854935104506	-5.23215711427703	1.99997930293525
nyah1250	-0.337233437630674	2.15177737706968	-4.79546333168229	3.76558939690964
nyak1260	-0.601558860552517	2.00380519559532	-4.87293056604591	3.10493294888233
nyal1254	-0.183463326100945	2.10522801264982	-4.56888667501946	3.87867605000771
nyan1307	-0.531183038183477	2.0542895491014	-4.82926724182092	3.40594078743533
nyat1246	-0.999114841219831	1.99843401413334	-5.14359038643409	2.7759517606803
nyis1236	2.48174549695144	1.49051429883912	-0.368445923814709	5.65220706239061
nyor1246	-0.65123104538426	2.08827740940082	-4.93235027220829	3.28419853914219
occi1239	-0.532552301371672	1.92796285468344	-4.59927591620398	3.00486972770975
ocot1244	-0.665756178455577	2.08723402888051	-5.05578740891474	3.37835547488663
ofay1240	-0.0817569331927138	2.20568810185989	-4.49084486768112	4.28170082862534
okan1243	-0.172419210901839	2.10363722863185	-4.41389784274559	3.8928777634637
okin1246	0.948397933606247	1.9376778207505	-2.69362482585205	4.9941942064967
oksa1245	-0.0171373162851392	1.72342124622631	-3.5381798086727	3.284017015442
olde1238	-0.330619409706179	1.79067543245548	-4.09727136909717	2.9269479421339
oldk1249	-0.408163848251641	2.06276674467251	-4.59635076343665	3.49928506171563
oldm1242	-0.455877155947003	2.02091835776806	-4.70194000924777	3.35210674477745
oldm1243	-0.162867249350054	2.14022436455776	-4.51086455150581	3.97365491848374
oloo1241	-0.559883438673856	1.93944344830556	-4.5119367786687	3.09628387105564
omah1247	-0.118575792290263	2.14291510434884	-4.40748109579097	4.11930431008558
onto1237	-0.135954702598277	2.11927452723982	-4.53666894532709	3.99161872529794
oriy1255	0.137176934398723	1.78524459874821	-3.51055700824517	3.54577150417047
oroc1248	0.342559921320044	2.09570299536253	-3.76530320831563	4.5858245062531
orok1265	0.28712438827939	2.08286760673424	-3.72478211681174	4.57084365923317
orok1269	3.2659249578554	1.67594590654865	0.196356780919788	6.86488517602253
orow1242	-0.354379342294325	2.06195853504104	-4.67843768094429	3.53219308162986
osam1235	-0.368128689737347	2.10531776212915	-4.67024061756375	3.65079498288251
otta1242	-0.0463517685566059	2.13552292259186	-4.1670289899421	4.26372762804273
owaa1237	-0.268118075359272	2.16314683962737	-4.64932569105378	3.944192026132
paas1238	2.5712556079041	1.62373742629908	-0.566392083039396	5.78994113690771
paco1243	-0.333990234915077	2.04830271689132	-4.57363503073984	3.6368403718392
pagi1243	-0.307565317191866	2.03686436420113	-4.55578105757622	3.65903250780028
pagu1249	-0.612169757717755	2.07714604510419	-4.95070302849762	3.37775404256346
pahn1237	-0.651886911694635	2.08505282133879	-4.97644299694535	3.24885604127117
pala1344	-0.0593022995564906	2.16071362789689	-4.49912707019985	4.02955036915577
pali1279	-0.0960210377314938	2.13267947125558	-4.46814271522322	4.08232391516102
pamo1252	-0.157699663687988	2.14902735070414	-4.46064727694996	4.04973137697971
pamp1243	-0.334482113835581	2.11481932057982	-4.76719260867233	3.69651317850466
pana1307	-0.349272911735892	2.0850988965334	-4.56950512612185	3.81351277195925
pang1287	-0.608018483238361	2.04145081183604	-4.84069767886176	3.29117359569891
pang1290	-0.418446832110215	2.02613007401179	-4.57076629172534	3.4224845214938
pang1291	-0.201267129556249	2.15605778793687	-4.55179677539958	3.90008441887536
panj1256	-0.762614611642031	1.77299516935731	-4.59530636599092	2.56643765028845
pano1254	2.25918884922001	1.88895043369731	-1.19601812701301	6.33267701109865
pany1241	-2.28570378999784	1.84459463411927	-6.30351507961634	1.06008493047703
papa1238	-0.86543398155716	2.0607993403459	-5.16409413413834	3.01786886740351
papa1265	-0.298765630767316	2.06459223191246	-4.54681248732017	3.67162193825203
papu1250	0.419843768258761	2.0278973575396	-3.65064479058638	4.54262979216922
para1301	-0.63917171029666	2.05018684552218	-4.82232096204917	3.49284859965531
para1302	0.63624560076105	1.47750238831744	-2.25712361020977	3.45718922200195
patp1243	-0.585384733232937	2.01549494351616	-4.7855798622176	3.2804338837346
patt1248	0.345484349276103	1.85543621872086	-3.39184610740769	3.87586958262396
paul1238	-0.219991446735551	2.13093098910438	-4.63713301937061	3.89415534416013
payn1244	0.991081722916222	1.41963821564646	-1.7640637989613	3.78832338908699
pela1242	-1.08181452446669	1.87308509620013	-5.10829834414374	2.38050265922778
pemo1248	-0.169951641975721	2.13322322140508	-4.50883736566705	3.9768139684206
pend1242	-0.172878679235731	2.10225295674876	-4.54297983871422	3.83146652479772
phai1238	-0.0296021479724132	1.98119199805156	-4.10778551365329	3.78854554103924
phoe1239	-1.03216969095295	1.91116035089902	-5.06623976528094	2.53308817956947
phom1236	1.64397038571515	1.41023096084439	-1.0294000266364	4.47351517807932
piji1239	-0.961896755867973	1.86303850909346	-4.93875306789096	2.48184809794946
pile1238	-0.173268123278031	2.10387757279177	-4.47763275339589	3.92084859038873
pima1248	-0.364003887439794	2.10297910667795	-4.5962036721992	3.60718354821942
ping1243	-0.0927320282900523	2.116900391847	-4.36358443561349	4.09185201061235
pite1240	0.508832560034528	2.02016923041584	-3.22854529450474	4.73043535965766
pitt1247	0.921202445473524	1.79248708371163	-2.32358390649202	4.75700801412984
plai1258	-0.205489388162325	2.13536544928331	-4.57423756911532	3.9616516295695
plau1238	-0.392683126190101	1.97710679313452	-4.43502658774934	3.36158889631354
pnar1238	-0.158078939888996	1.83265125830175	-3.95122044752347	3.45395369601849
pohn1238	-0.0763789572832582	2.11675326653976	-4.35518048732895	3.97626138054814
poli1260	-0.684575338854011	1.90185085322567	-4.59824907357428	2.84823716655527
popt1235	-0.441003634989687	2.08783723735736	-4.71230994966541	3.50784079013078
port1283	-0.627941002313444	1.85984356981992	-4.52780349508437	2.76347117038052
port1285	1.86058051836072	1.49603462052699	-1.02375999621455	4.84230335616174
psik1239	2.01301229915187	1.19211649781998	-0.271905593254555	4.41640703091622
pulu1242	-0.0739599917271832	2.11878906189065	-4.41658660356873	4.16533144927854
puma1239	1.06447928474088	1.20148971519048	-1.42786097679585	3.43832991733328
pume1238	2.74246571859574	1.86428830107501	-0.636214947553622	6.72741568123413
puni1241	-0.683723241255304	1.8305983152198	-4.53315560265588	2.676890331309
puoc1238	-0.229731443519001	2.09933230499714	-4.58118817836566	3.87116308321954
pura1257	1.52641877545114	1.62154947618435	-1.67474613295188	4.68815608560007
puri1258	3.18752279941312	1.84649931498329	-0.133553839549849	7.25505759094514
qanj1241	-0.420876260454937	2.11357276102809	-4.7910608002714	3.68286456369309
qima1242	2.72618539694472	1.79506692832072	-0.536537864131603	6.64914482526748
quap1242	-0.164579071676611	2.12140090747158	-4.51366009380634	3.89012189232742
quer1236	-0.524742638242604	2.09219377784465	-4.81614746601289	3.39833268157431
quio1240	-0.660465153751132	2.13947143302361	-5.17530544442077	3.41589353205952
rabh1238	1.54850017506888	1.4876824486001	-1.44608719773091	4.46938684112703
rade1240	-0.375187062013293	2.06662959458271	-4.65041635502123	3.62660979927174
raji1240	-0.767643057182374	1.90891050649131	-4.71557439056576	2.83428341850578
rapa1244	-0.0680650137225721	2.11385793573929	-4.45205882260373	4.0828209607398
rapa1245	-0.0808742208917901	2.1418838276667	-4.39302542484107	4.06585901968397
raro1241	-0.0542739261383276	2.15505591302657	-4.54623992755734	4.03644379008055
rata1244	-0.208871684369861	2.17278756256856	-4.60709392412345	3.94818846445138
remb1250	4.82572074735505	1.88693999158869	1.34687323743474	8.73412836678649
renn1242	-0.274503820228786	2.16108101825592	-4.68421849711931	3.9162205156986
rere1240	1.92663326621004	1.45815104484232	-0.911739931764624	4.89544834655102
reye1240	-1.27862077303129	1.83954372800612	-5.17620026316144	2.08285421494296
rikb1245	-0.114340502727323	2.13880866241463	-4.46222210982414	3.96730313335238
rong1264	-0.757019967053137	1.98587844742902	-4.81755080101382	2.90302931700986
rong1266	-1.1746159897545	1.62951034937379	-4.72677010313248	1.81611125994835
ronn1241	-0.464566532583966	1.48282189420744	-3.68256778220594	2.27083525014559
rotu1241	-0.070949710861558	2.17024033630679	-4.42242689676225	4.13077694384709
rovi1238	-0.46854856111012	2.08520295919709	-4.72932305143048	3.4730550920613
ruch1235	-0.682530292389995	2.06508893809293	-4.86261857346204	3.28925113131637
ruka1240	-0.299016777859772	2.08434044043176	-4.4754933656996	3.74772905721576
ruma1248	-0.890237404812497	2.02239572893101	-5.09029621203112	2.96184492822521
rung1259	-0.304797065157485	2.00599020054506	-4.33182024968448	3.43432614002152
russ1263	-0.558364530676761	1.88467431735013	-4.56803841618521	2.91532996203049
saaa1240	-0.597848889213517	2.04318088136571	-4.82867806568281	3.29067414711288
saaa1241	2.00474710712189	1.58332046778948	-0.997103406169549	5.26661105073216
saar1237	-0.300071427371372	2.05714431070881	-4.47434508001031	3.65059383686303
saba1263	-0.304428434827415	2.12457101094205	-4.66919529744546	3.74426038010752
saba1267	-0.359025738401409	2.06926881254841	-4.58414626569599	3.5615408660602
saga1262	-0.694818727472044	2.06081783292719	-5.09920896885535	3.25734378987226
sais1237	-0.211011612938046	2.10524456592882	-4.59760896349569	3.73450485080416
saka1289	3.38084383855538	1.56053718078466	0.533507194603099	6.56027260827016
saka1291	-0.142930628282862	2.13401670574947	-4.44141549487927	4.07129174294299
sali1253	-0.375963063397275	1.97623454598107	-4.57335507564048	3.3058944995254
samb1311	4.04765528476838	1.69768360648749	0.896942871639482	7.6239628478538
samo1305	-0.083792571433177	2.14723580811347	-4.46541761491942	4.06792214797626
sanb1241	-0.554948644874922	2.12197033563356	-4.90788322977863	3.45659990446252
sang1321	0.0537421859513068	1.45167364591558	-2.834151052033	2.88376740144607
sang1331	-0.266429787549867	2.04908949243231	-4.56116505338501	3.63080008421887
sani1269	-1.12283671259963	1.88577776433881	-5.18342029248354	2.17177981801768
sanj1284	-0.659195800192874	2.11886985134005	-5.07713182540913	3.47233429095389
sanm1289	0.136968500533868	1.95508233472601	-3.59243830552394	4.1673104381798
sanm1295	-0.687626397984924	2.09951037738857	-4.98873033936036	3.38693593139653
sanm1301	-0.815465121736988	2.10845209068449	-5.22620476950261	3.12752550747764
sant1436	-0.604023108872705	2.08913713862403	-4.80390124061931	3.45378761728469
sant1451	-0.459062341218194	2.13165514238131	-4.70566579324227	3.64516980418656
sapo1253	-0.30158743105573	2.03891612102781	-4.53214605577118	3.58172662258669
sapu1248	-0.486163545810632	2.00623409992549	-4.70541402058142	3.37119873484738
sara1327	-0.21951447309684	2.10919117764415	-4.45422819070464	3.87811232664264
sars1236	-0.0936045759403846	2.10606479886379	-4.24008941834874	4.04767032875575
sata1237	-0.0554607027037184	2.1871103778765	-4.46236056201619	4.21947245121795
sauk1252	-0.2910865374908	1.59231687370697	-3.63070353924123	2.67351275626037
saur1249	1.1842144235158	2.00427629929432	-2.62645601842583	5.38080557247399
savo1255	-1.03375525793263	1.86378733678901	-4.95723315671845	2.35715121334973
seda1262	-0.40977143590327	2.05476775456782	-4.65596487748268	3.60613370672363
seim1238	-0.0109246412311088	2.13201396592186	-4.32476935952227	4.19540225076276
seke1241	1.98795178109156	1.5836781267242	-0.998694147990189	5.21853534387247
sela1259	-0.156378926830986	2.12928795981072	-4.50674512847079	3.89443670075524
sela1260	0.734678216597052	2.10200394130447	-3.62925021773959	4.81203586393254
selk1253	0.299430132717225	2.03314808798328	-3.51862556710234	4.58057637622819
sema1265	-0.384256936599427	2.08813030186022	-4.66384169261902	3.57015080132506
sema1266	-0.391733512174736	2.11080543785911	-4.67847301867883	3.58535009680646
seme1247	-0.384596104492291	2.04147703308973	-4.56371427966273	3.47951949343325
seng1281	-0.0974020874828648	2.04937305547558	-4.13957800101782	3.87519749572293
seri1257	-0.308675164334552	2.0431374419071	-4.60717763757065	3.5014239969386
seve1240	-0.0667033709837117	2.13774831428621	-4.32134902022727	4.1770163958971
sgaw1245	-0.593306449459558	2.00002248247395	-4.6410330708575	3.06372854739025
shab1252	0.467879494410385	1.59232663919755	-2.63424808649412	3.63167388997367
sham1280	-0.79973849882279	1.95229563629265	-4.85167490869053	2.84699602766761
shan1283	1.63808472255339	1.88041346117612	-1.90055350321288	5.55101276649016
shaw1249	-0.00450969120460505	2.19096936621195	-4.37316291200918	4.33469776195829
sher1258	-0.513090357204521	1.97802045919772	-4.6802292597461	3.09373189470702
ship1254	-0.689055332157818	1.82455662529123	-4.41743206525829	2.66828324427253
shix1238	-1.11108887813965	2.00668538258203	-5.3608803506298	2.60082819155907
shon1251	-0.258528023019567	2.13566401823228	-4.59515930075856	3.8278790461234
shor1247	0.1443671167121	2.0753293416035	-4.02294442648468	4.40178412740706
shos1248	-0.144025464576881	2.12139532287276	-4.45317332630407	3.93039870543016
sich1238	-0.986824528986493	1.9630536035802	-5.09861413187977	2.69474948474273
sici1249	-0.621970422678593	1.92676016972954	-4.55721549208845	2.99365823758861
siee1239	-0.117331816424129	2.05508470804987	-4.3011330381932	3.74874703336229
sier1250	-0.664142893990994	2.13642288082968	-5.24877968848311	3.44580591817048
sika1261	-0.258844235024731	2.0934240956643	-4.53110575712723	3.78235393675674
siks1238	-0.188011279452311	2.17429012128626	-4.66582279263012	4.01490806306858
siku1242	-0.0793632754990168	2.14618501875868	-4.45289007366575	4.04617767567408
sile1255	0.958451833802491	1.41316356276385	-1.78032710749769	3.804551737479
sina1266	1.27581669212638	1.72012004714303	-2.08771581886849	4.73300470263261
sing1264	1.35006477922359	1.49646555982567	-1.71789562062759	4.2492646273672
sioo1240	-0.377281683090467	1.79811022868499	-3.9941979959198	3.04367093126646
sira1267	-0.284156529791988	2.06579355416768	-4.43496933700767	3.66662485785614
siri1273	-0.521393154433068	2.10011575372255	-4.87461764022908	3.48800922326624
situ1238	-1.17422416035087	1.91318710242875	-5.35137843657649	2.31633354199247
sius1254	2.52693071632757	1.85509471804631	-0.868815689073027	6.49028744127716
skol1241	0.267192923534471	1.98632574087865	-3.3696700422497	4.32820578292087
slov1268	-0.706749012585475	1.90656606057578	-4.72752203094697	2.79853065256267
sobe1238	0.0463375809580932	2.05813344450507	-4.06648509781546	4.18515080145181
soch1239	-0.658564048846892	2.1391945959804	-5.14427964457227	3.42071875136509
soga1242	-0.524268201474676	2.0863592670415	-4.87008783476967	3.46778492828963
sons1242	-0.0921533436417913	2.14340324248251	-4.48947859641329	3.96675958919984
sooo1254	-0.36237982821306	2.09292957352148	-4.63198253948524	3.69862234306161
sout1528	-0.758909469287772	1.9347263682755	-4.92092991195434	2.83778901383386
sout2649	-0.799085233590255	1.86444180557448	-4.8686752870986	2.49038529277798
sout2674	0.324341895215739	2.03103261345882	-3.52464734503824	4.45852716302736
sout2679	0.31060911435867	2.00598256689318	-3.48688871888725	4.48373000993689
sout2715	1.44423611383525	1.15700947585921	-0.787334309759202	3.86444515212994
sout2728	-0.978588246861168	1.96655733107101	-4.98981036088451	2.61242622319187
sout2729	-1.14646233277469	1.99962559367606	-5.35884899199357	2.51726482183737
sout2730	-1.33059125908558	1.97369635824542	-5.56118148147207	2.23658671864607
sout2782	4.70098040162154	1.57161036811319	1.91484717044979	8.09727855139932
sout2807	-0.232558896697314	2.10067953294679	-4.55028696976063	3.76233471348201
sout2856	0.485682543286259	1.91247914069412	-3.30687575055048	4.20492478149078
sout2857	1.57991043801139	1.5022804099985	-1.27116315635261	4.60583702278593
sout2859	2.10029283970879	1.58921013235885	-0.920139287722072	5.3623396052748
sout2869	-0.242232686097102	2.00404282852084	-4.36426342366929	3.55313471645251
sout2918	-0.22089884464224	2.09026439486957	-4.48570510182742	3.68942195006748
sout2954	0.946617516884141	1.92488286786947	-2.57270648627889	5.00145850831267
sout2959	-0.106189518037213	2.16359344548429	-4.55970953742793	4.15721767925662
sout2976	-0.321060881687907	2.031141985737	-4.47147922489018	3.51259754401276
sril1245	-0.0954383375603926	2.14063514176137	-4.41390595394216	3.96105855264936
stan1289	-0.658898757756282	1.94872363426771	-4.81650132647988	2.90798827795375
stan1290	-0.610731832901067	1.89505694678569	-4.58864799219541	2.85903645315806
stan1293	2.2070873669712	1.76547884540978	-1.01164640069173	6.04601565662816
stan1306	-0.364022443437154	2.07506980221875	-4.64758059865697	3.57720061363849
suba1238	-0.608997960470281	2.05276186373765	-4.8669659730608	3.27410257302028
sude1239	-0.367359787902907	2.05785328306197	-4.71146842347544	3.64843876458718
suku1259	-0.301556991512656	2.11837573846688	-4.8568777578598	3.76747484435527
sume1241	-0.898254035846837	1.91204734535306	-4.93976966202577	2.63511725824051
sumi1235	0.275778423260257	1.41581765280754	-2.61408556064819	2.98902912156466
sunw1242	2.12255875847328	1.20924413372934	-0.224148356455369	4.53888076519847
supy1237	-0.532630589255215	1.96296590135479	-4.61912193086675	3.14013899886635
surg1248	0.293595717687678	2.05736731808643	-3.49117872368336	4.56275810042087
surs1246	-0.53788090947521	2.03295209825786	-4.62339638106002	3.32923127305527
swah1253	-0.529229393436356	2.07217661203054	-4.79418390517145	3.4115189637335
taba1263	-0.58699571880021	2.05557332139961	-4.74343989494081	3.38319693055705
taha1241	-0.592165321070355	1.97343496983583	-4.66781536745075	2.96080546156777
tahi1242	-0.100785467139132	2.09442321782282	-4.30094910651335	3.91073676478199
taia1239	0.337926111437453	1.67951983037839	-3.10307903342773	3.55117682577705
taji1246	-0.186251170426414	2.10361502996367	-4.551964715671	3.8798502778391
take1257	1.09988383231206	1.82104496191181	-2.37749728252823	4.78480021337729
taku1257	-0.195815398802443	2.1229540004702	-4.5478954627837	3.87574935026886
tali1259	-0.883248532857072	1.90895493471418	-4.93966610657218	2.67179871382699
tama1365	-0.490363272685163	1.80176550960889	-4.31602685833384	2.88475605233718
tamb1254	-0.364577270349207	2.05095514677241	-4.59105670929775	3.54115313187651
tami1289	0.14821755351705	2.02264842300686	-3.71398187026983	4.23120421249893
tane1237	0.0386695655588618	2.05577234460454	-4.19473869461021	3.97234258109664
tang1336	-1.16333725758626	1.65274940331251	-4.66010865000951	1.79769171189323
tang1347	2.70040980569209	1.39120537949199	0.0896742935936607	5.52223529231482
tang1348	-0.368321452745094	2.12225728314199	-4.773564720985	3.68763288709853
tang1373	-0.541435355424479	2.00149457713269	-4.7021234332452	3.17247463359282
tang1377	4.33439678601955	1.62399125967016	1.46265487229521	7.79045636062244
tanz1241	-0.441547524325021	2.0818703592899	-4.76499357459217	3.48417516958086
tara1313	-1.43273547397148	1.75883311767427	-5.31650615279483	1.59916659420537
tata1255	0.385273489067077	2.02505358328011	-3.4049174531493	4.60104253433033
tata1257	-0.356892791779324	2.06970519235379	-4.65212590709117	3.58282491042031
tata1258	-0.593008555448698	2.12045181460284	-4.90483177066921	3.52857695670568
taus1251	-0.250438535586318	2.10182779192667	-4.62585648859353	3.64516515570259
taus1253	-0.50130354140915	1.97811161256496	-4.6842264320204	3.08681836603694
tbol1240	-0.258256702423188	2.06181785238619	-4.48718677873379	3.76834651006002
tean1237	0.035988286097969	2.06144924735701	-4.24442019057037	3.94024857521734
tedi1235	-1.25264178668938	1.87924290034821	-5.19314869613009	2.1733997349192
teke1275	-0.392878503867737	2.07313547141193	-4.6606348694864	3.48244594126491
tekt1235	-0.413437010608549	2.0794102294594	-4.65610283346466	3.66111177039567
tema1239	-0.664428961741225	2.07713864118996	-4.82763687857801	3.30236272448062
temi1246	-0.421897652938586	2.02005163476075	-4.55930110557906	3.41258492504852
temo1245	-0.691313306392449	2.07464353913699	-4.94755495372336	3.26224978712677
temp1235	-0.356569849832186	1.97207915503323	-4.47247425673562	3.38191919890647
teng1272	-0.097420163692992	2.0791866716047	-4.39155233275091	3.95736440711325
tenn1246	-1.03675244321516	1.93823194848528	-5.09654056037072	2.56657980048847
teop1238	-0.291124708302136	2.03232018181757	-4.43087576265401	3.62162507036885
tepe1278	-0.334446064175023	2.06454168336419	-4.50081575960396	3.70906555649982
tera1251	2.45064699973692	1.56351450707304	-0.37170300521006	5.76212036086379
term1237	0.139725993256662	2.04459183948377	-4.09018766147592	4.02428247561181
tern1247	-0.583844334323841	2.09458786308201	-4.90905572850031	3.46520425012636
tete1251	-0.77912387815768	2.04251838561458	-4.92622636499994	3.16755621744804
tetu1246	-0.225932915099406	2.05094844878521	-4.54843572193465	3.67664136072701
thad1238	-1.36867961402026	1.83070936948075	-5.27244029194067	1.9650240804126
thak1245	1.33554143066683	1.52862892570954	-1.64192487239888	4.439162520712
than1259	0.60248661899681	1.56282306098237	-2.53987855211962	3.61117015821674
thao1240	-0.273244702965081	2.09201066532512	-4.5218941637611	3.65015221650121
thul1246	1.51622900056418	1.35088053432759	-1.13390883962392	4.20990939828345
tibe1272	0.920677106197003	1.73591841098042	-2.66341033320689	4.23259090053919
tief1242	-0.538676515081527	1.87164182316323	-4.49763857801591	2.90292865974151
tief1244	-0.52645656922042	1.87229082492539	-4.51906933998648	2.91330059678454
tien1242	-0.306245528794058	2.09694430280912	-4.69554242165826	3.69833784080272
tiga1245	-0.392825384357421	2.02251723013754	-4.4872939276632	3.47699742258846
tika1246	4.03144505842603	1.6523734286458	1.05245361299872	7.48848635971899
tiko1237	0.064636132298966	2.10835235510182	-4.13989688307247	4.08317335316598
timn1235	-0.645149462943159	1.95296706925926	-4.76410224525056	2.96257261906127
tina1248	-0.385336902481834	2.04846043602598	-4.57937791813541	3.4310554007738
tiri1258	-0.341373576095964	2.05557195500674	-4.65213469206142	3.58985209356682
tiru1241	-0.270104189608091	2.1143346451142	-4.60088224806999	3.82136381866606
tita1241	2.10234584960886	1.74576235411745	-1.24037410327246	5.59029147730273
toab1237	-0.712018834740038	2.03604276652616	-4.86264185741454	3.0748360960924
tobe1252	-0.579938291673944	2.11698994038345	-5.03088366527076	3.47827485243394
toda1252	-1.29809249102958	1.7606209942118	-5.04766644490943	2.0236368134432
toho1245	-0.19589341881321	2.05177890131654	-4.46096025331428	3.7752504953265
tojo1241	-0.384233884155187	2.06589706239653	-4.55552590810766	3.60581547377858
toke1240	-0.034882027211043	2.15243494811062	-4.32251174712011	4.17686442156182
tokp1240	1.58228665237436	1.51328590261847	-1.3402043755207	4.57386875122273
tomb1244	-0.299902212508376	2.01956434718464	-4.4867324615705	3.58885937834851
tong1308	-0.265675625766638	2.08050016687173	-4.51342374953742	3.85684813935683
tong1318	-0.279820496642006	2.07420047223038	-4.55976698886921	3.64613361991582
tong1325	-0.0428398789322422	2.11650608251001	-4.34447577028441	4.10572770224704
tong1329	1.07516813684495	1.93330845357953	-2.66897239015765	4.98331040207062
tonk1249	-0.268588634805476	2.08899851135864	-4.49707142657858	3.75143268952033
toor1238	-0.69012917967322	2.02904671116323	-4.90126648774254	3.05372102127898
tora1259	-0.300085605309198	2.09349253932835	-4.46487464084846	3.77169722169955
torr1261	2.41281068302809	1.86124398438795	-1.06969180951736	6.32530302354931
tosk1239	-0.377091607539175	1.8432548755179	-4.24959221038434	2.96407586476362
toto1302	4.02614965208554	1.61109983705496	1.06781191532299	7.46716484273283
trin1274	-0.862493317140757	2.00988364650984	-5.04166557727496	2.92447983962479
trio1238	-0.218101310749021	2.20674693877902	-4.74418005801059	3.99845193683605
trum1247	-0.556037289742363	1.93760776231281	-4.59065871320461	3.05244862895778
tsam1247	1.13528575719826	1.3098594134067	-1.39822272301939	3.74427706271384
tsat1238	-0.120916032024739	2.132074521211	-4.47292878945021	3.98697564494775
tsha1245	0.0316151211370059	1.6778169803345	-3.55014153276905	3.15614953083174
tsis1238	-0.430255368993633	2.00105423541206	-4.51536053138852	3.3421461140918
tsog1243	-0.38840471912033	2.09252949338912	-4.6621889328061	3.52240221570448
tson1249	-0.284045769734383	2.01578798897019	-4.51627274192147	3.5307895372492
tswa1253	-0.228830725925138	2.06730933337438	-4.4946520418571	3.68990048567965
tswa1255	-0.262744183854948	2.01615304649139	-4.4475459585038	3.47291562974302
tuba1278	3.47434846013903	2.15529016448723	-0.344667271148686	8.03213137803853
tugu1245	-0.25498088778749	2.11712518394104	-4.54779911020002	3.87316834723631
tuka1248	0.000164107101469465	2.11679507668183	-4.24807558499547	4.06844783934365
tuki1240	0.765014429148414	1.73951138809144	-2.79267098670492	4.13609218124747
tula1252	1.36757580753748	1.49612400670309	-1.61513470971343	4.28617196316187
tulu1258	0.40335508276607	1.95706851388988	-3.33761061806554	4.34639296628568
tuml1238	-0.544471001299917	1.97834105772467	-4.69600530032048	3.35754825618696
tung1290	-0.0116255233785041	2.05930924350901	-4.16108846955865	4.02947078508367
tuni1252	-0.47891418017528	2.11099155412463	-4.92332196807035	3.39146224681668
tunn1238	2.16886881013453	1.75851889444554	-1.02172836002233	5.97038857514204
turk1303	0.156609531262488	2.09265488570136	-3.91906803222012	4.48101942869384
turk1304	0.187915588510126	2.10209335849232	-3.80310683599655	4.33461727359696
tutu1241	2.43456025577715	1.42373537152431	-0.270209259961455	5.36296749901211
tuva1244	-0.0633627051690224	2.17566731391874	-4.50551967707705	4.16052709270984
tuwa1243	-0.478760478898746	2.02629458226385	-4.65668488414181	3.27915883209472
tuwu1238	-0.521626579640423	1.88645185043656	-4.48136915279956	2.98968107532003
ubir1237	0.737636160788893	1.96612589672208	-3.17605907345285	4.58416944906784
udih1248	0.345758293605121	2.08705814187424	-3.58862343103655	4.66572091701842
ugar1238	-0.73156952802963	1.96872372925433	-4.90624462428766	2.89132104364769
ughe1237	-0.456191764894634	2.07895975527859	-4.7907223274836	3.51206062650149
ugon1239	-0.495293234799732	1.99134801899264	-4.58203148586724	3.19944399584641
ulch1241	0.362082826477315	2.0796420281181	-3.64837479411067	4.61548636747605
ulit1238	-0.0733547264227621	2.15548373774775	-4.46946610126099	4.19480650789621
umbu1235	-1.27082987670044	1.96971372980579	-5.46653297999468	2.33622900013786
umbu1257	-0.210678536892746	2.05122614285509	-4.39530978806881	3.80134077192474
umbu1258	2.9844380520938	1.40582077203068	0.445810195609412	5.94431396387709
umes1235	0.409212163164965	2.01388033932556	-3.36498071028736	4.67592386503739
unua1237	1.89369981681634	1.44749416519414	-0.89205678095034	4.79012379869608
uppe1275	-0.990897201669931	2.03407469338222	-5.21875771255494	2.7328606669738
uppe1439	-0.20905436088879	2.13826412551531	-4.45048616240239	3.8584666934081
urar1246	-0.594504094408382	1.91960638789802	-4.63324154975102	2.98060415520211
urav1235	-0.0698022095390969	2.0754372285904	-4.29861654124576	3.92287644977069
urim1252	-0.39131223856586	1.95623723950958	-4.38943128089385	3.39183828059767
urip1239	1.91732375709738	1.43936628327854	-0.827904377534528	4.81616117742132
utes1238	-0.170511306542707	2.1451035215815	-4.53181364823306	3.90529712388574
uuuu1243	-0.47456725902521	1.82580070498548	-4.22281558027148	2.96921862294734
vano1237	0.018330885499424	2.06704469484732	-4.26125425070958	3.96047976676048
veps1250	0.406255532007422	2.04218676199541	-3.39930647672689	4.75687610998275
vera1241	1.5012885744316	1.81518618945651	-2.10390013308977	5.0632751016163
viem1243	-0.13703948384229	1.91842057710193	-4.18479510038486	3.39219961949118
vunj1238	-0.810346431021134	2.0084859151577	-4.96871794583345	3.01246331858856
vure1239	1.4966410421954	1.81714583112274	-2.16235720471743	5.09136154626971
vwan1235	-0.606312577064196	2.01013162356976	-4.8221294344812	3.1939182049922
wadj1254	-1.1659842228827	1.89404389435435	-5.18777320193358	2.24227055740171
wage1238	-1.1328202903842	1.9572612028773	-5.3661397738211	2.549721411202
waig1244	-0.451224186061275	2.08913057320348	-4.70013687374304	3.59339850524161
waim1251	2.08792880448314	1.72776235748876	-1.16783925272958	5.66682673208165
waim1252	-0.254356891075085	2.08695638740243	-4.6293405475169	3.8413902150131
waiw1244	-0.196447229907071	2.11540621984509	-4.56331148080235	3.96324608898791
wala1266	-0.788035550106079	2.05015980234079	-5.08000743574786	2.97023388126457
wall1257	-0.103464491963477	2.12927820806659	-4.4985984369558	3.97277374448724
wamb1257	1.5589057015902	1.17131423068969	-0.718195565978841	3.94002032382683
wand1267	-0.566809164083727	2.08104561663869	-4.70443164186504	3.5999844241116
wand1278	2.38539876474868	1.34122202826692	-0.0554502076747348	5.17377881875158
wang1291	1.02540690584533	1.82422076690327	-2.21546483575929	4.89771586997031
wanm1242	0.853632906951976	1.77949715249382	-2.37515588593004	4.66948008982609
wara1303	-0.393334673659008	1.99099328578922	-4.52658952544872	3.41631929552853
ware1253	-0.201350172331295	2.09541431173753	-4.43977516612959	3.7752902155787
ware1255	-0.156142068340619	2.15062897204572	-4.44544770445933	3.95210047369781
warj1242	0.87386141315318	1.70878951074968	-2.57492759525715	4.22299804201889
waro1242	-0.429234913430447	2.015050466636	-4.5647220937123	3.43461074280058
waru1265	0.965426927762954	1.82990918505103	-2.32304826420029	4.78199803563025
wash1253	-0.26231401171944	2.06212623342209	-4.4575187512366	3.59317666019599
wawa1246	5.12630771447996	1.73282543313619	2.06227092515014	8.89686748069806
waya1269	-0.224384634877631	2.07487602812204	-4.43337620568593	3.83332289503901
wayu1241	2.25151182072375	1.2177783244004	-0.0480601435991449	4.78357840247171
wayu1243	-0.0959102745329053	2.16811339886611	-4.44934335836929	4.25394205211853
west2354	2.05385517927442	1.72921941460768	-1.22377218068007	5.59000962470279
west2369	-0.563516549988864	1.96476634669757	-4.73168893086354	3.02406824606587
west2392	0.490560011400964	2.02133973849203	-3.29234825150031	4.65225638539518
west2396	-0.426529570459616	1.97935753605612	-4.39890088273939	3.38744768357447
west2397	-0.384976492720462	2.06581667062699	-4.63300874548616	3.49934492455207
west2415	1.65575002464505	1.11698676039775	-0.485260249323426	3.93236091320938
west2418	0.641965200861929	1.45300056034046	-2.27661906958185	3.44070345636904
west2430	-0.446294973136499	2.07376699694354	-4.6565150462928	3.53640890757106
west2441	1.22883025365747	1.84338480928137	-2.06467389044068	5.18316626608822
west2466	-0.580148113396944	1.87270412598605	-4.66415056286635	2.87544364972889
west2516	-0.252047913188312	2.15568681515821	-4.64393014453214	3.94285335970282
west2519	-0.0767909444263426	2.0918406575995	-4.29888897101408	3.91282450099406
west2548	-0.259076666903845	2.13363402347276	-4.64650996845831	3.89535332179502
west2557	-0.218053603647611	2.12557482413364	-4.57813887584156	3.80641130735304
west2560	-0.377392250170018	2.02277483934599	-4.60094413660069	3.46228129552659
west2594	0.0899853935405555	1.85660290719088	-3.58786033319548	3.7496862461668
west2600	-0.56321123951871	2.11776083593377	-5.00892799473443	3.45623340272097
west2615	-0.186162227629597	2.18813754857115	-4.66820945683705	4.08273001965752
west2624	-0.593866693738072	2.08914682455049	-5.00176214883886	3.3948944454781
west2635	-0.445347006955339	2.08227440307774	-4.77635415641067	3.51665179771944
west2644	-0.5948459228982	2.12331525568659	-4.8911547078805	3.63698683067771
west2650	-0.370822730517286	2.06431619658381	-4.61717160629485	3.64336687961864
west2763	-0.931952142169084	1.97514873066244	-5.11346738542944	2.70338700317372
west2778	-0.29390169005374	2.05191203140194	-4.43315168719093	3.6751081739894
whit1269	-0.238477684263607	1.99471120117728	-4.34362223562494	3.54377126746998
wiru1244	3.14364169982896	1.46368327556056	0.499557914464493	6.24870334610242
woii1237	-0.440329135236888	2.09345765605738	-4.70541521391799	3.59270582996059
woiw1237	0.910062034640357	1.87398125173921	-2.53516919325933	4.8812071623518
wola1242	2.00740177754369	1.74127001386148	-1.18547334152676	5.64720605325096
woli1241	0.0946258370817645	2.12591973525981	-4.27277227775406	4.22263785461082
wood1236	-0.0852215210054763	2.13867765972092	-4.41373509955538	4.04831196883188
wotu1240	-0.157784702665775	2.15684041852974	-4.52928448144785	3.98909881514241
wuch1236	-0.382261027379895	2.00799889429679	-4.5814414221033	3.34768774258492
wudi1238	-1.19508015276722	1.90582938727209	-5.29406070884734	2.26192295935808
wusa1235	-1.16466869166691	1.94233497161694	-5.33472829310935	2.3725782146255
wutu1241	-0.625743488482895	2.01836728540094	-4.86731444095437	3.08005604799101
wuvu1239	-0.243087148420675	2.13961630009838	-4.61700657692595	3.95817494224046
xamt1239	2.43048098525561	1.77080450697369	-0.756650169164202	6.34909278032263
xara1244	-0.333405653056077	2.06166949543005	-4.57979201100287	3.59643909134318
xhos1239	-0.24207372084528	2.03046417923886	-4.41595911605017	3.68220700685797
xish1235	-1.26268877045298	1.96685046277041	-5.41735073980448	2.31760770143336
xokl1240	-0.125054203068177	2.12043873829613	-4.37004540191098	3.98700961704043
yaak1241	-0.995108698286256	1.84892739345899	-4.88763463736169	2.4383999770337
yaey1239	-1.60103832355408	1.86495170704073	-5.52080270178901	1.85669173516572
yaka1277	-0.249873175937604	2.11203194040539	-4.50835605704086	3.90612699150443
yaku1245	0.183432295038629	2.06546613971426	-3.7979744373589	4.39778301505017
yale1246	-0.418361599945227	1.8408676358338	-4.233361285015	3.00326075853286
yami1254	-0.280050464898866	2.14096965730478	-4.78163331241634	3.82172375196487
yami1256	1.80716414351928	1.7889298493415	-1.52064232450677	5.56858327652403
yamp1242	1.87742601342933	1.33466496032263	-0.591471792009077	4.63108453176728
yane1238	-1.28196664255432	1.98142854975825	-5.3839413203767	2.47617129931677
yaoo1241	-0.320853102001406	2.03703057892567	-4.55144088571955	3.63227855734402
yape1248	-0.111745195265554	2.17249106141287	-4.46493619297343	4.01797523535855
yapu1240	-0.514597011126316	1.94255377022513	-4.50712600267351	3.1726505649903
yaqu1251	-0.273801967919357	2.1033511690962	-4.39726667405868	3.80677355457097
yatz1235	-0.607740478287386	2.12499903170777	-5.10394992761004	3.53227106331968
yaum1237	-0.380635880368943	1.59786554677125	-3.70449162532675	2.58297247703975
yavi1244	-0.134959972479838	2.12357819409408	-4.39569100868352	3.94186049364778
yayg1236	-0.385225619124951	1.47526927320985	-3.31033183390428	2.57461298703981
yecu1235	-0.823670109735198	2.05736600362508	-5.09149009120388	3.00381441095612
yele1255	-0.460488434734464	1.94556356244301	-4.61315935266805	3.15199025172863
yems1235	1.06453193502623	1.56288055188308	-1.95875033869924	4.2085863291225
yind1247	-1.61159768210395	1.60009190540484	-4.94063874647397	1.38884002683962
yoga1237	-0.413953471811802	2.03348768586262	-4.50786859273478	3.46439748028593
yona1241	-0.548815655704941	1.79661545875489	-4.14374216400248	2.9174859918721
yong1280	-0.316962552679952	1.88406721787843	-4.2130548415239	3.3329328373253
yora1241	-0.365772519840239	1.80735328553977	-4.01308363049646	3.08560502164812
youl1235	0.251758081041157	1.69161297937245	-3.20111760092003	3.45599377938119
youn1235	-0.37416429197489	2.11438044960035	-4.6742541364502	3.64255968266383
yuca1254	-0.1507522673089	2.20334391650767	-4.68455899138763	4.10253530421694
yuch1247	-0.216150908401814	2.13404756301751	-4.65329525954288	3.81332246272379
yuec1235	-0.501041745008572	2.03210190844659	-4.72173315191376	3.21519802076715
yulp1239	0.931979742837409	1.87561640372675	-2.45843069173747	4.98509146822301
yura1255	-0.650372810013644	2.00479426892102	-4.93845988152119	3.21202731736854
yuro1248	0.839356861891547	1.950259285469	-3.07821295675635	4.68446689167434
zaba1237	-0.60685980040873	2.1006550694477	-4.99208986759817	3.45043035436154
zaca1241	-0.996070852429893	2.06419310898604	-5.37428461512547	2.84977377856753
zaca1242	-0.552126470942542	2.14126433366646	-5.01803138460335	3.655295419283
zaiw1241	-1.09004564242095	1.90436489696311	-5.10912527495725	2.41425895372703
zamb1245	-0.512604799724735	1.97005132010547	-4.6239093636845	3.18483525069526
zani1235	-0.668566459259768	2.10281844904531	-4.92284349833123	3.45986620071147
zaye1235	-0.957913019936648	1.95116858390111	-5.09736160209946	2.52267712796939
zays1235	1.95209220935488	1.63756689392979	-1.05711683745225	5.51331287312231
zeme1240	-0.944773185546153	1.6298277126837	-4.50703164969319	2.03413083121901
zenz1235	-0.634158633358481	2.10636647802756	-4.85799078306896	3.4512576430792
zhab1238	-0.95379773797368	1.99221620462163	-5.09468807861656	2.76126357649512
zinz1238	-0.483066800540338	2.06946411782534	-4.8037809448171	3.42943595014247
zoog1238	-0.617546165866818	2.12121371856742	-5.04749336694609	3.48270596627596
zulg1242	2.97588774297733	1.26815183988232	0.625410467321917	5.5746827054122
zuni1245	-0.280014321939057	2.04931001352727	-4.40559609581501	3.61733008802823
