Estimate	Est.Error	Q2.5	Q97.5
abar1238	7.49918114701124	3.81315074760975	0.583694511350633	15.7355315564783
abkh1244	-5.07579373303046	5.48966755654112	-17.3246088783921	4.39562757446503
abun1252	2.37891347279274	4.48330225904239	-6.30562384124775	11.7686993934222
acha1249	-5.02340098722847	3.41080746828281	-12.0062238173501	1.64200582247077
achi1257	7.24014140475053	3.28004007811496	1.22306645544102	14.2124848981344
acol1236	2.83286540800125	3.63058567755109	-3.88843008815294	10.6149610047899
adze1240	6.31359736874044	3.14843765318216	0.515198233519854	12.9353516366925
aeky1238	-4.73021744891462	5.31836615287975	-16.5415111665189	4.71452379336979
afar1241	-2.79293048221761	3.52891362321788	-9.94254593398692	4.02642217538061
aghe1239	7.83430282841392	3.76549433165868	0.898630949168692	15.704538307634
aghu1255	-4.04730474903726	3.90957430643802	-12.2011182565635	3.30792652034637
agob1244	-6.37802496052662	5.70800788132296	-18.8618231271365	3.62089905521117
agua1253	-2.50456241523674	3.95489837777575	-10.8045063136276	4.88842337161667
aheu1239	12.4969200078551	5.20461349099716	3.9930186003554	24.4589969672699
aime1238	-3.28704094558698	5.31835200509251	-14.5332096363166	6.35490213980519
ainu1240	-6.8272399513871	7.22135454326638	-22.8553676890187	5.10112051366708
ajab1235	6.22591263413713	3.55891653006643	-0.187897751438061	13.8834813391714
ajie1238	6.86885043419236	3.25647771601191	0.742198616995934	13.8372691469509
akoo1248	8.28227545559314	3.55846401806518	1.93243276956771	15.9842720808196
akun1241	-1.53331862030848	3.35951822251712	-8.25808983397207	5.07307474821438
alab1237	-2.92174866357468	3.84813684782482	-11.0093709457814	4.25648952934897
alab1254	-2.84363643094957	3.47633255757641	-9.87996807268316	3.77936226735129
alac1244	5.93938401682428	4.13428954522698	-1.47133240831995	14.7084099503248
alag1248	-2.50761415438	3.62166094500468	-9.92090240142365	4.42710347579815
aleu1260	-0.527422548752062	3.66529404316398	-7.8810844992961	6.73467666266261
alor1247	6.98325715090455	3.24470476345084	0.902171113449902	13.8092307183059
aluk1238	-1.50370165488322	3.44948880358917	-8.45703376462837	5.31688625345833
amap1240	-5.81486903439092	5.90123849470823	-18.8273337893043	4.43746111514955
amdo1237	-1.63538660900345	3.06867232868474	-7.64168426388632	4.47224776932985
anei1239	6.91690866976332	3.22138056400028	1.03603552596325	13.8242939698679
anta1255	4.32517143605132	2.94761861874639	-1.18937983818082	10.5117810663695
anuf1239	6.27928611085711	3.56711858462921	-0.307557947149759	13.8369859968964
anuu1241	0.20405011393888	3.23853249547589	-5.95516624717078	6.90685549061532
aona1235	-1.90283991045009	3.23566679471609	-8.24819343848414	4.43560227559303
apat1240	-2.4456093167977	3.32438920142336	-9.11482659203138	4.1821869062738
apin1244	-0.998269454794871	3.39332330654338	-7.77157638676602	5.61172870656864
apma1240	6.49648658311389	3.24453051709012	0.400979883742841	13.2669135210308
arak1252	6.82581138568966	3.24375190878412	0.836718752402722	13.6725020305074
arao1248	-4.49353098563966	4.00161004566716	-13.021034245095	2.78422996785207
arap1274	1.80047644844001	3.07026897596115	-4.03647928337644	7.97756026314253
area1240	6.80249286266951	3.26244350994482	0.84940475266952	13.8909089175872
argo1244	-1.25979400489756	3.65943731966353	-8.82267959436082	5.93225459110468
arom1237	5.28762339860097	3.36333501484045	-0.98001058832605	12.5830319015824
arop1242	5.80488886968287	3.17742102332026	-0.114541534336386	12.5430089647178
arop1243	5.65463176448335	3.12552098828237	-0.219094779169903	12.119900843142
arta1239	7.15014663483584	3.27474268741368	1.12526822143358	14.0758160868815
ashe1272	4.60726567070296	3.78321364388328	-2.37147143056359	12.6815236196875
assi1247	-2.17472375419448	4.14712341840436	-10.7747137257115	5.36264171973208
asut1235	8.62046676161562	3.53492461420031	2.26109088391488	16.1589816734268
atam1240	6.4982854510209	3.27064675794925	0.49455269837916	13.4550689536857
athp1241	-3.67730763727658	3.49567820364245	-10.630340537882	3.06745742103327
aton1241	-3.61407381083373	3.43521774040409	-10.4830971804944	2.98789579491449
aulu1238	6.76922192852809	3.24269900856565	0.844548651598795	13.4896899153168
auye1238	-4.67238150697273	3.98020024259109	-12.9444537053714	2.6708788878679
awad1243	-1.73275739852921	3.29991217608379	-8.18908969518827	4.76811268913767
awad1244	3.97585925537999	3.13525424330164	-1.98001903331503	10.3388871069024
awar1248	-2.79446199610904	3.76189088685058	-10.3660795531664	4.63870625905519
awet1244	-1.71734492383625	3.41676149869299	-8.54472575795681	4.97639783470673
awji1241	5.40963160453673	3.68980044261056	-1.37625709165876	13.1636359476591
awtu1239	-6.9181221341396	5.56925838481423	-19.1031573743195	2.90220113708365
axam1237	6.78552917777141	3.28441506981271	0.654125759181713	13.6132355785467
axiy1235	-5.07922169157769	3.3536468531389	-11.774082527418	1.27561300579336
azha1235	-5.07524457432786	3.38930593670587	-12.0076898789669	1.41274290292079
baba1266	7.84129829096391	3.74479713516589	1.16338357352489	15.8268532583258
baba1268	6.05165172414934	3.20193265627113	0.187930164042606	12.7382773921506
babi1235	-4.15104284074232	3.81458975333844	-12.1832575937591	3.07942597054706
bafi1243	8.30766630094957	3.6403180339895	1.65682730056345	16.1824044127401
bafu1246	7.86016298156424	3.72072811323821	0.876133967064146	15.8338562426999
bahi1252	-3.70758234848574	3.48624872398373	-10.7720463701039	3.15171704243214
baim1244	-2.28097876861682	3.07689747429476	-8.25399652293975	3.6897186797993
baki1244	6.09664027371293	3.20099299736719	0.169643596828148	12.8718815960787
bala1311	6.3348120212273	3.24077997872269	0.167513696285359	13.0837124141134
bala1315	7.00562136415333	3.30371732853581	1.03577854203143	14.2112639608732
bala1316	6.9257990411758	3.20476534662718	0.983495906182731	13.8073827555212
balu1257	6.60757931772489	3.26569559218536	0.570068283291772	13.4692584345482
bamu1253	7.87515408624181	3.73593068119931	1.1608991130366	15.7818083859325
band1344	6.82893092878619	3.53431220847407	0.447334082249756	14.1055127126696
bant1288	6.65848825351091	3.2051713767319	0.77158149121202	13.3733521108211
bara1369	4.59163039436581	2.97305802658714	-0.94901967905878	10.7152821258403
bari1286	5.66813000026395	3.23110979535139	-0.524338716655337	12.403593323212
baro1253	5.7967914407129	3.21235724241764	-0.219305259462283	12.3404855695563
bata1289	6.85022856430833	3.36128297903104	0.691804093382215	13.9442286049524
bebe1248	8.21666707531856	3.62629464685116	1.61533403630381	16.0152964491476
beka1241	6.97529042700014	3.28874684422767	0.90484775036887	13.8918100117463
bela1254	3.12245091057564	3.09274498501889	-2.77730093929377	9.52925100962653
belh1239	-3.6753130626921	3.49098624177921	-10.7990190699091	3.0246343294091
bell1243	5.33741091350111	3.87673216071266	-1.62032783708323	13.620171102041
bemb1257	8.43920126079079	3.60964911461574	2.12230151045482	16.1093594592565
bhoj1244	-1.91396107175442	3.25785945055456	-8.38422458046161	4.3294874346154
bian1252	-2.51611089792406	5.0471657163139	-13.5982671302836	6.35436363131707
biao1253	9.79209066471724	5.8581533495335	0.121828276165674	23.246349057592
biao1254	11.1140308935965	5.4047519078888	2.38959780817229	23.5394437404628
biao1256	11.1226573120748	5.49926899245298	2.25108346918594	23.7185294602544
bier1244	6.0898707824141	3.1989327851767	0.192416894592153	13.0097425063799
bign1238	6.8037773632205	3.25141967313796	0.766322343627593	13.7102822062294
biha1246	7.26285110659681	3.29911017244854	1.20684734567876	14.2498664967387
bini1246	7.27365346407774	3.50170573162753	0.885135759508509	14.6868179764782
bisu1244	-5.0367488791327	3.36520218631457	-11.8659897382343	1.45192974476749
bitt1240	12.6475111561225	5.13074509147267	4.36724874617021	24.1859695032372
biwa1243	-2.16526927838848	5.19462488940992	-13.2427443307129	7.34642079662801
boht1238	-1.69294828889345	3.45129867555691	-8.58429855638909	4.97510814622366
bola1250	5.9831114838661	3.22428096960164	0.0123239905986501	12.8637482115303
boly1239	12.5497940467256	5.24305619670504	4.01550543428612	24.6160491491551
boro1277	-8.63544150291842	7.06727135517826	-25.5531669567807	2.18734562406801
boro1282	-1.99411461340773	4.12879708035932	-10.7437624842965	5.69238416935186
boto1242	7.08608080078026	3.25119992332033	1.03349984016378	13.8116781640906
boun1243	6.72199487547067	3.45613938448949	0.462577229957314	14.139111417017
bret1244	4.78910515963701	3.46706887391572	-1.45795075260317	12.1637231656592
budu1265	5.28865756147488	3.44882063370555	-1.0647485468418	12.6496894956093
buga1247	12.5367708572932	5.20799582085089	4.06975406710673	24.5826764268281
buga1250	6.10870077230798	3.29696119651785	-0.020057398736081	13.0417670480804
bugi1244	6.19413854328616	3.24642050708275	0.10567747955177	13.0261114688503
bujh1238	-3.65330289052108	3.47636385307094	-10.7087340074085	3.04204196188769
bull1247	4.64117762879276	3.32658536003331	-1.59665159746133	11.4975150646649
bulo1242	12.5073438951212	5.21201593584135	3.80288106779115	24.3795143295904
bumt1240	-2.65628754089001	3.24846365813363	-9.18219516839765	3.87086365330633
buna1276	3.03604638965853	3.16843828946277	-3.05563034174227	9.41187363186336
bund1253	-1.94657977105575	3.27843036574269	-8.44327389608226	4.55881974126796
buol1237	4.64941051967534	3.19476161118186	-1.40693704688706	11.1941496705836
bure1242	5.40963675244174	3.50472147095062	-1.1027777509604	12.8438647117596
burj1242	-2.80916790150377	3.47264871237946	-9.91991288190991	3.72647875054039
busa1253	-6.52306991312953	6.0872665565072	-20.4406949245385	3.1243392340235
bush1247	8.00681311171903	3.60444348848602	1.51506133040209	15.7322467417512
buwa1243	5.53856030962465	3.48928534392329	-0.868707882966989	12.9158287817196
bwai1242	3.54829042537125	3.21960614955235	-2.63606494125826	10.1246748175572
bwat1240	6.93853512357575	3.2788413871561	0.913833300720191	14.0969405523349
byan1241	-3.06100343313991	3.30907405468503	-9.67635587855767	3.61903888066446
caac1237	6.93404391652462	3.26753738781003	0.930803443876678	13.9832302157858
cacu1241	-2.67498086762909	4.33726938075511	-11.7096277887617	5.26238558392306
cahu1264	-0.377716474042068	2.98752978810372	-6.18957441655993	5.55423193657185
cakf1236	5.22955778234425	3.50027240687522	-1.10079597818003	12.7700502564315
caml1239	-3.58976443020994	3.48138059335794	-10.5689446294703	3.1503276135468
camp1261	5.4309339846291	3.34173168090928	-0.560580947159939	12.6088650613986
cane1242	-0.983492089980212	3.42236347361384	-7.73293885996834	5.68592931636349
caom1238	9.84570917846	5.86724388258687	0.235835914773335	23.1933469003592
capa1241	-4.7834715067132	3.87069679501831	-13.0338426690729	2.29987000248512
carn1240	12.4703680018487	5.17684733978378	4.06491549549041	24.3112104323885
caro1242	7.01944428742705	3.2197057619611	1.22566400642266	13.8873199414161
cash1251	-4.68925947816625	3.91618226737151	-12.8464999386476	2.44792714395837
casi1235	7.14954969460125	3.28819418277681	0.974279934713647	14.0700328223325
cemu1238	6.93892057086819	3.23358236352721	0.973771907891951	13.8561445112213
cent1992	12.4987066599035	5.20366396209641	3.96585573570565	24.2701580205193
cent2084	7.22066568977799	3.25101873063598	1.24360316394521	13.9112996576682
cent2100	6.98782645410029	3.32068672388224	0.97157255298578	13.9335751765989
cent2127	1.39309724345325	3.50337670501663	-5.40852679314045	8.46818204455301
cent2131	0.137502098165265	3.09508155807098	-5.85744875785538	6.39770533702644
cent2140	-1.7759768329717	4.17179330879614	-10.4493112986502	6.00920389273875
cent2292	7.18580013905441	3.22767354325794	1.24663987971104	13.9043761628677
cent2314	12.5013979870483	5.18587145419903	3.87604992107903	24.2463046227746
chak1270	-3.9333312449836	3.39664005172826	-10.8245245280675	2.67752670232327
chak1271	6.85474696003832	3.40458386169116	0.717871685469445	13.9188138093398
cham1312	6.63994117821533	3.33578368923171	0.431150928454958	13.6218782356329
cham1315	2.69955452435871	4.25078237256842	-5.32553315630815	11.7761363655126
chan1313	-3.78415664214298	3.47976884497111	-10.7628575305121	3.08314481165919
char1269	-8.68799442167287	6.92284128049508	-24.9495999816501	1.78947811154607
chas1234	-5.02312566719473	3.37464342771853	-11.8578233442674	1.51406982798653
chek1238	6.01447728011019	3.14140181959297	0.167285476078073	12.6173980255752
chen1255	-3.22546673097551	3.67870793324145	-10.8064428699983	3.872340766989
chep1245	-3.64929000081645	3.46381609232146	-10.608739233602	3.09187405895378
cher1273	-3.200552342973	3.96756552995788	-11.4373895256399	3.9497984996041
chey1247	0.951509436462195	3.07484160875736	-4.93895277492257	7.25079850808463
chic1270	-2.96775125282582	3.82689952455483	-10.7322318468261	3.98208677843448
chil1280	-4.18676329355926	3.80836043666204	-12.0526223350823	2.87617404939057
chip1241	1.63789970147782	3.08519609090994	-4.33792933149845	7.83192884683935
chip1261	-4.1610080024344	3.79862666030392	-12.1910065528478	3.08809163404878
choc1276	-2.99406534503432	3.82761861400165	-10.8912102694408	3.91893752447436
chon1284	12.5001658570969	5.18566803058351	3.98167576053069	24.4679603356914
chot1239	-3.72375364509206	3.38947044618208	-10.4925344068001	2.89010468753402
chug1252	-2.20029593439441	3.48992888737615	-9.25639566369743	4.52993912828586
chuk1273	-5.08605277115281	5.76290986822702	-17.7815294728701	4.93016906140631
chuv1255	-8.5970487685563	5.46381837313506	-20.6849675785525	0.538482267180219
chuw1238	8.63879272612037	3.51562066236035	2.45384335552167	16.165952394995
cici1237	7.10603622298913	3.50099110120036	0.607345702979346	14.7502026215737
coat1243	6.16039662096231	4.0364141194832	-1.10092406343263	14.7288702174121
coca1259	-0.813986211887793	3.14493276324829	-6.90684899114291	5.33529337088356
coeu1236	5.88189056459922	3.73929242161557	-0.965051347099503	13.9262619116232
colu1241	5.86222462753745	3.74131536207345	-0.816940857590792	13.8238799313915
coma1245	-0.999783418631272	3.15495958373952	-7.25310045407921	5.10272383974534
como1259	5.65255676583435	3.76890479025904	-1.19879647293008	13.469253700123
cosa1234	-5.05951297534344	3.39779581181521	-11.9043400961549	1.50728274309631
cota1241	6.52573682283306	3.27591825228077	0.483271731679495	13.229053641589
cree1270	-2.92609284300345	3.8666859540932	-10.9378464271239	4.32643494603612
crim1257	-8.65744641654923	5.42338603419292	-21.0980579825505	0.268020894043387
crow1244	-2.10032845885132	4.19301328942268	-11.0259487080002	5.57804572853289
cube1242	1.18868124649861	3.34822991647974	-5.10282122493463	8.07881661696743
culi1244	-2.01048575234547	3.84191945159074	-10.0959742319825	5.21096194950265
czec1258	3.26526980945523	3.07078842435603	-2.41534991605186	9.63622601566737
daai1236	-3.85099852125784	3.32370253801477	-10.7855730148352	2.6113578201688
daas1238	-2.87129594331001	3.43403419680496	-9.98308444231749	3.70638470389935
dadi1250	-3.75350348567984	5.50928928201879	-15.6274785604574	6.12914634406965
dagb1246	6.90068362961263	3.42676294835992	0.742332724019845	14.4145455358946
daka1243	6.68954750078324	3.23989452810865	0.636157939387947	13.5358640195113
damp1237	7.18235788122709	3.28370016108267	1.32990641574169	14.4195458222837
dana1252	12.6297606732814	5.12759851000675	4.43626111241458	24.4870842584302
dani1285	5.07675489988377	3.32394894922971	-0.795714028320539	12.2241957281738
daza1242	-7.15407991092485	7.84035244695301	-25.1890295082771	5.33326391022635
dege1246	7.14618620510727	3.57945463561051	0.571113860314166	14.5763682677819
desa1247	0.741201820259119	3.39686749349877	-5.67831243120103	7.57175951003447
dhao1237	6.89064700730661	3.31266255960829	0.759876992458712	13.9248906578788
dhim1246	-2.72605859889059	3.57871308410646	-9.90388242847441	4.36500133275361
digo1243	8.63559760370553	3.56218422690215	2.17574261941271	16.1349720457612
dima1251	-3.57057886021818	3.47143778560326	-10.6755117830058	3.27539794096743
djam1255	-5.16252001976293	5.17613675027262	-16.4852984873729	3.6484518869434
djee1236	-4.21241173560341	5.01482160632696	-15.0359814024595	4.58965293451935
djin1251	-5.15972587679762	5.1239315048754	-16.5894991261328	3.55081678062026
dobe1238	6.88003240383228	3.29917838234087	0.806548670375703	13.7918085132554
dobu1241	3.27884355834157	3.20504863100109	-2.89683142840409	9.75066737982752
doro1266	-2.30336337399539	5.968561829903	-14.982470292742	8.40013796104564
drun1238	-2.95516420363741	3.4759139824504	-10.0398400510671	3.77119085461963
dual1243	8.27268873648343	3.57343351136294	1.73425477296747	15.7406357346828
dumi1241	-3.68847795451485	3.51457161724543	-10.6857641190855	3.3356600476043
dutc1256	4.99975900542368	3.32791752238556	-1.09685102739886	12.0263512649024
dyul1238	-6.27089044757328	6.24854926112856	-20.2827900743445	3.95515227448676
dzao1238	11.1182139304261	5.55573425903701	2.09440026263808	23.8893860891009
dzon1239	-2.26583994909441	3.10017964014535	-8.32051983848	3.80673424982399
east2328	0.88795718037107	3.19267682730372	-5.22702339558987	7.4106408185235
east2332	12.5844694580461	5.20158043893219	4.01626024611137	24.5973458470629
east2443	6.8005556624279	3.25445074438707	0.63037818063669	13.7232785334391
east2447	7.56489434674681	3.1548756099023	1.80719134965949	14.2440883785592
east2516	-4.44473368730059	4.1006048247949	-12.86898156528	3.48472831966393
east2555	-1.64577400161097	3.28108843584007	-8.11967819692939	4.82366963895909
east2690	0.884278463672844	3.43432682304165	-5.72260779008014	7.73140854695372
east2773	-3.63645573863151	3.49675822063617	-10.6657424855681	3.19704144242673
egaa1242	3.62838150393202	3.44475073910623	-2.98407361926076	10.8019067622792
eipo1242	-4.55105123321365	4.09822632309021	-13.1482128722402	3.19146791673119
ekar1243	-4.68919329115891	4.03701458769548	-13.2366116587611	2.81458194234332
elna1235	1.19594319026576	3.08322655632827	-4.62750884906646	7.45850134154472
emai1241	7.25828020099534	3.50949889854883	0.898490221767479	14.8010696852769
enuu1235	-5.09813556723562	3.32130559559529	-12.065062158969	1.2431276251435
ersu1241	-4.69853424594595	3.40325333158247	-11.5957981955867	1.91240014537159
erzy1239	2.86188040448777	3.14266999067632	-2.97429095348444	9.55872944928658
esto1258	2.96468614595308	3.05873114269721	-2.66933230196644	9.40538254452853
even1259	-9.37663859747042	6.44029600002328	-23.9693358830844	0.839498034625448
even1260	-9.39956071870885	6.44567590533018	-24.0268665417355	0.924564786688187
fala1243	-3.84591158195422	3.36203958050804	-10.5864639155982	2.78142368823526
fare1241	6.87678357002665	3.43423528296479	0.75276042609257	14.3362176397724
faro1244	5.11437366429597	3.31952414845159	-0.810766960200543	12.2331457229897
fass1245	-4.31212702218728	5.4356576177381	-16.1902953242891	5.30406637236015
fiji1243	7.36179620420269	3.21115748117061	1.53237196197167	14.1176871838321
fili1244	6.61317908124002	3.22725843593708	0.677728343783769	13.3816834787015
fina1242	7.20107885005027	3.23322974813755	1.31772300935788	14.0542090536305
finn1318	3.10749603011994	3.06790028351829	-2.67216275673627	9.48389001914715
fonn1241	6.1963597363516	3.60208873690548	-0.502511574793327	13.8287488920625
fore1265	-1.46825479665804	3.37348386039393	-8.20647327612267	5.00604491074562
fuln1247	-1.23516955818205	4.07233336960777	-9.56238167347568	6.41756192036115
furr1244	-7.78017426460084	7.31197515690109	-24.9570521013924	3.86433637395244
futu1245	7.55174359141921	3.16756209822048	1.92322500543682	14.1832933860879
fuyu1242	-2.29853777651724	5.20210009718693	-13.6260810675038	6.97171001673211
gada1258	7.20686685231124	3.23160913807378	1.27189830917447	14.0491135247525
gaga1249	-8.66727076023249	5.39355922157349	-20.7655085083977	0.185449329806928
gahr1239	-2.98985950686209	3.3663406977098	-9.74165236762751	3.49409470725381
gali1258	5.5767640311041	3.2973201509662	-0.377804827682746	12.6817759480171
gali1262	0.328176809334697	3.21928767767598	-5.90979613174775	6.717859094699
galo1242	-2.40755439324372	3.37374034104231	-9.31714711725109	4.3360008560849
gami1243	-1.69213776608802	3.63620624084084	-8.96676957883214	5.41303719495075
gamo1243	-8.64457246555672	6.91432747476488	-25.1546662581125	2.03807115864407
gang1266	-3.7170862259764	3.36978432125198	-10.6457543082745	2.79157644564827
gant1244	-4.38472265778843	4.45361189110508	-13.5326125510728	4.15952313010747
gapa1238	3.25287466044891	3.17346183048501	-2.92784497515879	9.54509170297841
gayo1244	6.83735257120857	3.35513633313163	0.7166243914662	13.9413004703867
geba1237	0.247582397367307	3.4206997987293	-6.43503109258489	7.22655940749696
gebe1237	6.74950885163149	3.33864505902307	0.482376193722127	13.7972089664973
geda1237	4.27538229441023	3.20035623267629	-1.88426626678151	10.7657676560011
gela1263	6.77243557624392	3.23524909143705	0.855744409393661	13.5507594171806
ghan1242	6.0614728187363	3.19761276282361	0.178921420222243	12.5497160962036
gheg1238	3.17185554945344	3.5466824089459	-3.2361310881361	10.4822017797665
gilb1244	6.9266348133095	3.23581296201091	0.969269268895458	13.9076961851006
gily1242	-4.74999215986456	6.37812917629023	-18.9642449392585	5.79798279639556
gogo1265	-5.15476044285008	5.43948201036596	-16.8312049840059	4.37524810710461
gola1255	6.15018793993529	3.48896242384616	-0.348983610680453	13.55341703298
guan1266	-4.67136998709952	3.48467942972438	-11.7631596247411	2.08102630173356
guat1253	4.03096375207522	4.21901646570047	-3.72060059673178	12.9942789178395
gube1234	6.30590896350579	3.6852801304085	-0.454493012757059	13.8859534573847
gude1246	5.53956474018828	3.44329002164495	-0.814774524144781	12.9399834590966
guhu1244	-4.42049475984195	4.15981643445807	-13.0964803287368	3.35210780409583
guiq1238	-4.75484676204278	3.43744259233775	-11.6171370919923	1.72602829928757
guma1254	3.44395110830271	3.2005534842827	-2.81722201046327	9.83183453403461
gunw1252	-0.700793315670876	3.60179871834573	-7.77499757395042	6.19097385262181
guny1241	1.4304011589876	3.58733997838663	-5.44390178683724	8.80777547043367
guru1271	4.91051290747108	3.40270607889195	-1.47157992723323	11.9883896512795
gusi1247	8.63558708236588	3.57697332914145	2.12395223341458	16.3503882867372
gyel1242	8.30648993595052	3.62119369037641	1.91335546809068	16.0222590020797
haaa1252	8.61983849441626	3.56234982875593	2.19306876006103	16.1100207449795
hadi1240	-2.84682196876865	3.47165466904108	-10.0368265977857	3.7168005774632
haka1240	-3.82888135664064	3.32442738160659	-10.389807996728	2.74993809027283
hala1252	12.4884208084974	5.21395987605708	3.98472661519422	24.4250892862055
halh1238	-8.376968331699	7.00458769430971	-24.1651818006673	3.39853322349627
hali1244	5.67785619591861	3.18513535443022	-0.265905900667115	12.303461339767
halk1245	5.70399107795723	3.7526977691463	-1.1167755166149	13.6628008944915
hame1242	-5.51098063421699	7.19864453406698	-21.8960635707036	6.22668641194336
hang1263	-5.62674878094664	5.42735712376722	-17.4616613189957	3.88090576032641
hani1248	-5.08005495588359	3.31554483197941	-11.8366426031728	1.31134162990078
hano1246	6.79448335450252	3.26780732415935	0.693223012346404	13.6526752343894
haro1237	7.26079414469045	3.31922930075068	1.29348580053209	14.3612909513719
haru1245	-2.61925432828275	5.44391053499549	-13.8718144357225	7.33933735886639
hela1238	-2.25424778064987	3.08763586772232	-8.28812008773399	4.08654886152706
here1253	8.16128088611128	3.5534914648931	1.67193507505302	15.5883158143255
high1276	3.16580754276047	4.1122282590905	-4.47083775028581	11.6368217233013
hind1269	-1.95557985232697	3.2979977725545	-8.70348482265697	4.57553268242662
hixk1239	1.76918786527915	3.38255855310154	-4.59523725698207	8.66525828181663
hoaa1235	7.63825172294598	6.92273294755738	-3.26422353199759	23.6807555644195
hoav1238	6.02613387611618	3.21894463541902	-0.0136364417817169	12.8106625276761
honi1244	-5.07612757185404	3.33438390238141	-11.9103575896096	1.26320405809236
hopi1249	-0.540354151684215	3.06588693114773	-6.68708309196724	5.47788209296457
horp1239	-4.65917294390611	3.45404564800007	-11.6423156361178	1.92276494341702
hote1245	6.34560684535261	3.16504411368342	0.609361436832364	12.8300201113784
hual1241	-3.60254079560728	4.04747975203427	-12.151484859285	3.78639880878293
huam1247	-2.50578658165282	3.91239517356062	-10.8319997291669	4.83342180532187
huar1255	1.41494780026661	3.1173709690931	-4.49425272661227	7.92598551724064
huas1242	4.7243540574419	3.97934723537686	-2.61057065420047	12.9586964025589
huic1243	0.35266740515009	3.05146171022229	-5.62854162382876	6.46536966223232
hula1244	-1.70985197573658	3.40540150536959	-8.28151581136062	4.90493265747972
huli1244	-4.43623947666961	4.10080369364158	-12.9427544101302	3.38950080361241
hung1274	0.0518047854091707	3.3604573440713	-6.7440219752091	6.66950066036351
hung1275	12.4863997848701	5.23837163345083	3.86474339536919	24.4065441974543
huuu1240	12.6430102875826	5.13982993299339	4.45637223595911	24.5998006563004
iaai1238	6.83066040118051	3.28507520030754	0.772974129982723	13.7392766227097
iatm1242	-5.59565563769158	5.51382416083589	-17.4544666086855	4.00194525576491
ibal1244	7.19784941066684	3.30264070792438	1.04830069399421	14.0591898868671
iban1267	7.21121053963344	3.2681910872822	1.28451206900364	14.0225505889147
ibat1238	7.18513821377594	3.27590522526478	1.12016860932826	14.2374159040201
icel1247	5.11053446617546	3.30463224024254	-0.911844048833403	12.163463953468
idii1243	-6.35921952768443	5.65575918726482	-18.8468393209925	3.67525574823916
idom1241	4.10040088322327	3.47181701680795	-2.59305249372512	11.08929528594
iliu1237	6.8684513841498	3.22801794558492	0.933370938967464	13.5958630176506
imba1240	-3.63044574774235	4.03310524584228	-12.1792581859478	3.71089329909295
ingr1248	3.23956861401223	3.06549509267574	-2.27889270532292	9.64343533137406
irar1238	6.55549759172103	3.36742909360307	0.295860257976116	13.6014715463355
iris1253	4.64266984837773	3.43894430213526	-1.60376222277147	11.8718557031128
isco1239	-4.76168893894952	3.87134812532763	-13.071250656164	2.35954510592661
isin1239	7.16766923471605	3.27319170225395	1.10604190500799	14.0256708509931
isth1240	1.42225682005383	3.17847773685346	-4.73344952762478	7.91503428005805
ital1282	5.5117494588685	3.27176418032107	-0.431298451651283	12.6034798059529
iton1250	3.32716505735433	4.09632226878188	-4.23636126318478	11.9421692217128
itza1241	5.28615421412717	3.83456330903761	-1.61842314118915	13.5733665650788
iwal1237	6.36718245759507	3.17473333739163	0.454469965816358	12.9897789591575
iyoo1238	-2.75190415318045	3.72394197882545	-10.2071792503006	4.55520675524873
jalk1242	-6.28757903488108	6.21274947301305	-20.4110521287404	3.85954310150996
jama1261	-2.02492466871747	3.85430135947291	-9.99952617270973	5.19651206683492
jamb1236	7.31689247203077	3.29704422814504	1.37960416169662	14.2571800304181
japh1234	-4.68823443140373	3.44320902803821	-11.7124621565682	1.93671843870635
jara1266	7.29377545161204	3.2857387265799	1.31285734424784	14.2680431688523
jina1244	5.18440904005519	3.4236377661206	-1.14061205806023	12.338275188548
juku1254	7.34851170302723	3.57021565401198	0.786720684404788	14.9134707689466
kaba1278	-5.17875481609401	5.42312881262774	-17.3144174795709	4.15399047587625
kach1280	-3.88578981383219	3.41508960217564	-10.709221984791	2.79811446405393
kach1284	-8.68664069507332	6.92450043878737	-25.0827733564711	1.80191980076842
kado1242	-3.90598481376606	3.41236764632435	-10.897322162553	2.70329597921528
kagu1239	8.63282440170324	3.5555111482022	2.07731818745999	16.0357366276789
kaik1246	-2.81551269760409	3.28027107112555	-9.46339545232444	3.53150139398003
kala1388	6.61270361500014	3.17736806714404	0.722794087280538	13.3117517919741
kala1399	-0.256491778728088	3.58540187425548	-7.45389259691635	6.72182606288837
kamb1299	6.93905979219812	3.33123238016034	0.711916620880192	13.8981238199987
kamm1249	6.29788417935829	3.62996998875648	-0.28213542889869	13.8227687177092
kana1291	3.82061259478692	4.08480564910332	-3.87552693924185	12.49293928767
kani1286	-4.32536371320644	4.18368240287551	-12.9782780385673	3.43938090297234
kank1243	7.17513114553203	3.22163788819007	1.32731306182104	13.852816963715
kaqc1270	5.13337413390932	3.87587270726089	-1.70907235065308	13.3015545703337
kara1486	5.88774735312509	3.24052199880987	-0.151346332148975	12.6360960432249
kara1500	-1.65430486052944	3.80854735892343	-9.27986303790811	5.63811382217674
karb1241	-2.71219309901665	3.32781532197756	-9.33185705352195	3.76358797562059
kare1335	3.22311756641902	3.03559282416349	-2.38678926213341	9.668765144771
kari1311	0.197889001463113	3.34511751751202	-6.20530767376521	6.85709797277609
karn1252	5.61628693568345	3.1463913805871	-0.293150969026417	12.2484413739454
karo1304	-1.72629905636714	4.18694250677198	-10.5345498935628	6.13181539948438
kash1277	-0.241046542728248	3.1759837537398	-6.29221333761987	6.15570493204014
katb1237	6.79970627421388	3.24985976913871	0.899090512564201	13.6173801644381
kats1235	-4.98208917155007	3.41027836658614	-11.9411165489655	1.58607966777811
kava1241	6.77195634885888	3.7013651230509	-0.0745356582447041	14.7118427996316
kaya1315	0.493428025627537	3.37405496195743	-5.90212798136894	7.62051745356529
keap1239	3.29699599882986	3.0946877629758	-2.71628791998294	9.46523732931253
kele1258	6.72059154106182	3.19031403891656	0.832451185775663	13.5586613971258
kele1259	7.14589396185544	3.2756311688671	1.06186178464764	14.0700242951393
kemb1249	6.95506943905365	3.27791187410738	0.983095022335714	14.0341322857071
keme1240	7.75497821103034	3.75002717364596	0.81461084745577	15.7572805372605
kenu1236	-6.85447083219869	7.6922230006352	-24.4860168257727	5.13842152880336
keoo1238	6.92449922196751	3.3137173370114	0.913467439246909	14.1171683975191
kera1255	5.0834702321269	3.56470213991364	-1.52556355570147	12.5919406755944
kesa1244	-4.34677425293611	4.43405792726511	-13.5574592750231	4.04104834400372
kett1243	-6.95323105604309	6.72595067303584	-22.0786660868053	4.56566317542412
khal1275	-3.68879265114998	3.52535198025583	-10.7867003759278	3.15917469050881
kham1282	-2.2730951553343	3.06731507451845	-8.33917293288402	3.87589694110977
khan1274	12.6446717300004	5.13167712012758	4.38583242470369	24.1806897894476
khan1277	-2.73754393112161	3.30759610009302	-9.19055358205635	3.84223965791519
khan1278	7.11158560929205	3.64027776083177	0.486070018466194	14.8879401029387
khas1269	12.6072890426941	5.17883649313551	4.26900138303327	24.9673123962191
khez1235	-2.25369905106183	3.23377018736749	-8.63444351236966	4.24724901495484
khmu1256	12.5773729544183	5.20420318681072	4.04681396117283	24.7916473116457
kich1262	5.12807224499443	3.8984705091824	-1.94639774788681	13.2946928025879
kile1243	-9.41470442704195	6.39840145065924	-24.2437438021796	0.725045638727754
kili1267	4.55846492396101	2.99240881552349	-0.993984023888565	10.596093327666
kimm1245	11.1403321593529	5.52299308102118	2.17405480437541	23.7125255256922
kiow1266	-1.03941831659557	4.08662306383856	-9.62675152113585	6.70877747049167
koda1255	-3.0082105805302	3.5385360983166	-10.1769380188076	3.8073250801739
koho1244	12.5043176172329	5.20626338571278	3.8451079966502	24.0859843305861
koir1240	-3.78559593242596	3.33948181354381	-10.2406288365748	2.82153196297683
koka1244	-0.567365306064223	3.50035787879972	-7.64940811717263	6.34873313168052
koko1269	6.02807574538957	3.19139083244065	0.199354959414328	12.5740404063538
kola1285	6.87445144663902	3.37287137056199	0.700498015474596	14.0564123179466
kolb1240	6.72155486605167	3.58948776791905	-0.0698173678915592	14.3487707565389
kolc1235	8.35950739024661	3.63036671083135	1.87554831136827	16.1128552341908
komb1274	-4.0390798544838	3.92439402783962	-12.1456610775226	3.47228356873611
komc1235	7.82484076998808	3.72661587564427	1.06327689263518	15.698689927679
komi1268	2.21978499459822	3.2481440036458	-3.78299138961356	9.14013411080521
komi1269	2.22684664887795	3.24475782667898	-3.70364805338042	8.94936498526953
kona1242	-4.27539145128729	5.8002710829593	-17.1838783496845	5.96270120409605
konk1267	-1.88452118353035	3.25062398038562	-8.36359449924625	4.64785998089525
koon1245	8.39065014381758	3.57756814462032	2.03323584735628	16.2066672535591
koor1239	-8.68085151699509	6.91123259646144	-24.9622683304993	2.00751523282735
kore1280	-7.21214649016541	7.16370841300048	-23.3746611395864	4.81173885757145
koro1298	6.84500705494449	3.39100043437482	0.833339250257554	14.0127248317493
kosa1249	-4.56735759592333	4.06474574313224	-12.9481970256963	3.0734559942803
kosr1238	6.83981459238352	3.27318050302432	0.832257185224144	13.6726737571155
kuan1247	8.20540553634041	3.57168015108181	1.80592936553089	15.8527612548359
kuku1273	-1.16767636888838	3.65763103560475	-8.53876586690519	5.96109963933117
kulo1237	6.79764501083993	3.59513983685806	0.153919581081886	14.2392296428034
kulu1253	-3.60611945471363	3.43926444714633	-10.6528189095494	3.19049033292818
kuma1276	6.92838151462124	3.25085422441012	0.996995034116033	13.9860765241205
kuma1280	-4.47117010257218	4.13859419949467	-13.0257257765177	3.33731313378592
kumb1268	-1.6013482967545	3.63501640604012	-8.91810848051119	5.42340776698079
kunb1251	0.137250019395692	3.60126630346886	-7.04344273201927	7.12771544150303
kuot1243	2.94666475784547	4.55010207983178	-5.49220437145802	12.8198051412976
kurr1243	1.95069196831814	3.33036630381976	-4.38361232179215	8.78701492634078
kusa1251	6.02480854588369	3.21336046651731	0.00383598993054901	12.781536792957
kusu1250	-5.7273226483198	7.06771746594414	-21.6367168829389	6.05861692711958
kuvi1243	-3.30522239460476	3.65862355487943	-10.6431535971898	3.62382897870219
kuyy1240	12.5783628822007	5.2035533077132	4.02243194637958	24.5147922117045
kwai1243	6.76463349770276	3.25682516466995	0.934272494866104	13.622869754351
kwam1249	7.50767843068165	6.76559133739176	-3.50384517417257	23.2473877352288
kwam1252	6.9927110714129	3.25065379832422	0.984198469744269	13.8863376161883
kwar1239	6.79186108326656	3.29969231908591	0.728534401742086	13.6909737913288
kwin1241	1.77358982616913	3.96258075862382	-5.89728262540253	9.76028836286586
kwom1262	-6.88443231110507	5.63685409087958	-19.0574089455894	3.16594785952218
kxoe1243	-7.44260385991283	6.52389175694806	-22.312921628747	3.08455252879606
kyer1238	-2.25459158613365	3.08165813192435	-8.23036270419748	3.94469686834455
lagw1237	5.17020186161272	3.43977316750804	-1.13826024199563	12.3809869186065
lahu1253	-4.99060985609341	3.33678773284325	-11.7612647129298	1.46617540171971
lala1268	3.10950061267377	3.11493302137531	-3.02513160473495	9.43973051873085
lama1277	6.97865439473673	3.2711577330826	0.752799966075901	13.8780080590273
lamk1238	-3.72920600595699	3.36960843561338	-10.531352615168	2.94379372788778
land1256	5.32197467573639	3.4230270291583	-1.14074765714084	12.3256389224165
lash1243	-5.02800479344527	3.37672963698443	-11.8430557426968	1.60466260750039
latv1249	2.62572560681502	3.19462065415407	-3.32355446244791	9.34688893300095
lega1250	8.47391629818565	3.5996222432881	1.87617127512574	16.1083242587555
lele1267	5.78590935363104	3.12712597026057	-0.231817636980952	12.2819574752756
lele1270	6.73605630680937	3.18674987881528	0.929612991326684	13.4243201083014
lele1276	5.13084731500592	3.63054649055801	-1.52739536739547	12.8558691098348
lemb1266	-4.40713598913441	4.14489788063546	-12.7728697320696	3.55060292612162
leme1238	6.88252641246959	3.25537741952726	1.02158455702122	13.707341009124
lena1238	6.97356634405575	3.29802831617621	0.990418897252147	14.0297790546023
leng1259	6.78756963323347	3.22396711655046	0.968146871968965	13.4864845159014
lepc1244	-3.4563309095998	3.48973407371777	-10.270692016251	3.35505708129784
leti1246	6.89005496379046	3.2533734378522	0.87045429118133	13.7719654338387
lewo1242	6.08319910248442	3.1690135069045	0.201733732969944	12.7810521644937
lewo1244	6.98741924599083	3.2637456960284	0.896945579706087	14.0593663158006
lezg1247	-7.80674469491032	6.76396927286901	-22.9252420572752	3.52653506949051
liji1238	7.42443358809283	3.65102163199139	0.860487705760311	15.1891922235609
lill1248	5.73134548454633	3.80266665551941	-1.25636538054902	13.9398742953241
limb1266	-3.63748983494152	3.50337292610314	-10.5718297428316	3.12663605278002
lipo1242	-5.01088890530714	3.39398636086576	-11.8230331778046	1.35752877999752
lish1245	-1.70773740465769	3.40094228351496	-8.52425060167462	4.95972451231482
lisu1250	-5.00876892101405	3.41674832656614	-12.2010324805515	1.43996069179796
lith1251	1.84251714930926	3.17285612890921	-4.20666081004388	8.42701505367963
litz1237	6.78902923123177	3.25655602755637	0.658263523261781	13.5338082996853
livv1243	3.28619408041181	3.00577905891008	-2.31869667119651	9.55514467033706
loka1252	7.13349151300862	3.61735977186641	0.423305339138469	14.7478498726407
lolo1259	-5.00694676032009	3.38043251771584	-11.8555279843575	1.35514409453564
lomb1257	5.51810857654097	3.28188912459005	-0.426570553641492	12.5786868065614
long1395	6.8022388217856	3.26583625790121	0.803809730810442	13.5776868359586
loni1238	6.71543126015738	3.18445338761998	1.01527079932052	13.5719009087451
lote1237	5.48229186525019	3.17083357662784	-0.335610016736062	12.1638318104747
louu1245	6.59710307952717	3.24237365843304	0.635301688854987	13.4527361047925
luan1263	6.8908180560728	3.25414967169601	0.869412224371594	13.7756336693343
lubu1243	7.19869003857881	3.29870708343339	1.09433877093998	14.0859943186151
ludi1246	3.2843620993537	3.00229251572026	-2.2801060158623	9.63267444548458
lule1254	1.37505880424338	2.91711389576503	-4.20936227572978	7.52871415798503
lumu1239	9.54072616543996	7.0628592225638	-1.52396832922985	26.3901664524269
luok1236	2.79635852415424	3.66361701446201	-3.89727096600205	10.6622372724698
lush1249	-3.80554828313218	3.36556918004805	-10.6362927717478	2.67772491114586
lush1252	5.7200368463453	3.72461491667636	-0.94745494161532	13.5960940677081
luva1239	8.18706055912811	3.57387531847879	1.66229481125682	15.8611512078369
luya1241	7.98529624161366	3.59845893512841	1.50940167562801	15.5511449272857
maan1238	5.40320979647802	3.07691512319552	-0.306999814443186	11.8127622564762
mace1250	3.32733997675419	3.11393296987107	-2.4355335141483	9.85895961304415
macu1260	0.550568976973906	3.47041411874554	-6.14900185296367	7.49284857748864
madi1260	0.462014417942568	3.95246771061211	-7.40515125974976	8.18211589699586
madn1237	-4.19868394254788	5.47938315798912	-15.9962007474603	5.54139676423649
maee1241	6.79606988819697	3.25165613643972	0.750152737992577	13.677306555944
magd1235	5.95325170792973	4.13155771848208	-1.46168366972063	14.5337966503196
maib1239	5.09634593627244	5.73100921083709	-4.65105642968979	18.0967851417785
mail1248	6.73862888821518	4.31643547549808	-1.05400127732149	16.0989819612137
mais1250	3.52554852728524	3.18723325018844	-2.45232604169804	10.0074911536198
mait1250	-1.92147376019696	3.28526288051121	-8.61221560522013	4.47277234262204
maja1242	11.4940632462232	6.71148196546808	0.940808273833403	26.981613088911
maka1304	8.34438282645394	3.67378397240975	1.77492419127684	16.2719429121735
makc1235	9.86072674140673	5.82437845632517	0.267992720481912	23.0468300905284
makh1264	8.66914758907299	3.53851499943244	2.30039298803692	16.2145189080867
mala1464	-3.0481698611038	3.55495924480489	-10.1694530287671	3.72379128936851
male1284	-8.668846409118	6.93267937399189	-25.1492331067021	1.89983065315469
male1297	-2.39509101017767	4.08387315649837	-10.869540075899	5.40175288963222
mali1285	5.65033295590764	4.04523636652036	-1.66167030736827	14.1877786478685
malo1243	6.8494222656068	3.25848808218814	0.942328023052902	13.7953568261134
malu1245	6.76467380700088	3.23558940551332	0.937242215978107	13.6019883997191
mama1275	6.61794029778796	3.22325560393646	0.65975491092139	13.4028138425214
mamb1294	6.86649737165459	3.4924286413073	0.491270418299879	14.0788978479879
mana1288	-2.83832505141129	3.26325045354176	-9.38520058733594	3.47114557899791
mana1295	4.69975512074309	3.18923958091663	-1.24039532003824	11.3496719309874
mana1298	-5.61602882984337	5.49892631887523	-17.5113230489956	4.07467881477955
mand1415	1.25844395488869	3.12807867222284	-4.75392159610521	7.76390731053054
mand1440	5.90807398619373	3.21360238097317	-0.118870571872272	12.6365199333748
mang1378	12.5412139649252	5.239106763861	3.98817108851949	24.5212645269895
mang1401	7.57824121958668	3.16539588134508	1.76892163689271	14.3870580015858
mang1403	5.50540976944217	3.24259118238153	-0.586602233669109	12.2391342164645
mans1262	6.6275906091059	3.19242970511599	0.755363852736702	13.4354592944314
maor1246	7.56514428938657	3.14427529788776	1.98292031701919	14.3186740386513
mapo1242	6.33353742653039	3.21782219064586	0.284427063684675	13.1787366987799
mapu1245	3.59672021278077	4.09796280258933	-4.13364674818807	12.1772627085206
mara1378	-1.97957221177506	3.24718768310081	-8.51735479626047	4.51327761802024
mara1379	-2.75628539559663	3.28537320909383	-9.09636572697785	3.86269368135734
mara1382	-3.82459039825552	3.40207590283462	-10.6560692101756	2.81161802368042
mara1386	-4.75257492059988	5.49723944868546	-16.6589987438108	4.92112141704402
mara1399	6.81533725701788	3.22877533811601	0.862104247567066	13.5760258707688
marg1265	5.18387865741268	3.48178150785789	-1.31052655284044	12.5405117353252
mari1416	-2.74273672079538	3.2958035470692	-9.20303339961191	3.87178159291398
mari1440	-1.45236676607331	4.2684423215743	-10.351911968311	6.84590331528046
mars1254	6.96693825840807	3.19162320774081	1.16457864203412	13.6591108058078
mart1255	1.60238599148117	3.39807755356351	-4.91413253292545	8.54277288723482
maru1249	-5.00311550103577	3.35314141070114	-11.8352434807397	1.52109004444526
masa1322	5.15368382328351	3.54501818092551	-1.47171220100608	12.5484818631529
mask1242	6.78473282653936	3.27645553353728	0.763400891415153	13.7722888104271
mati1250	6.48274260886856	3.26622897384022	0.480580012762734	13.3165930217445
mato1252	5.02640700068049	3.22808820613983	-1.07322077535625	11.7789218145014
mats1244	-4.63607019232399	3.94177865528762	-13.1367073862765	2.5037872558011
matu1259	8.53946953056223	3.55805398606546	2.08264814411105	16.0652549588139
matu1261	4.28379128783398	3.19500477519263	-1.68980975608832	10.9145867786929
maun1240	-5.39598936135454	5.03063864520744	-16.5526080387722	3.44614755652896
mayo1261	6.87521532108286	3.56960016450873	0.448607338425186	14.4942092265794
mbol1247	8.04718541070981	3.56493694083173	1.48921908856728	15.5671646775672
mbul1263	5.43620606211463	3.17585622917844	-0.388691266675695	12.1160187265743
mehe1243	-7.02961831021915	5.48374034977261	-19.0657191232074	2.59375186525921
meke1243	3.06272305109447	3.13850265877623	-3.05068187323615	9.37236367696685
melp1238	-4.47925044821271	4.11778098027706	-12.8443441438112	3.26844203124822
mere1242	6.85292237496397	3.23008795713072	0.912739053085864	13.5895524955428
meta1238	7.83845553142169	3.70925158477557	1.0783440628939	15.6098319211453
mezo1235	6.03291912076149	4.00930002513154	-1.39086978782134	14.5163584783334
mezq1235	5.79521729935618	4.00526059834325	-1.36816978429899	14.1872663491799
mich1245	1.68409966340909	3.18396904696797	-4.37401272638075	8.38571666141601
miju1243	-3.09701345579454	3.52236231428626	-10.1662766506518	3.68116734177121
mikm1235	0.405861592498863	3.20906925535754	-5.97054266972021	6.68910532711092
mila1245	-2.31602302548796	3.38888246918807	-9.18868581171973	4.30196945138039
mina1276	5.47298973702952	3.55085326613625	-1.02986217679618	12.9776831798316
mini1251	5.83878834548031	3.28396285965635	-0.3174013371961	12.7378685810974
minn1241	1.36989583481266	3.20491671481686	-4.70455268697604	7.82143741949248
misi1243	3.74363380596309	3.02556854497626	-2.08709351865887	9.9819086342659
mixt1426	6.09318905908851	4.05019030834766	-1.4850748151992	14.5454708534202
miya1259	-5.60173282061065	5.01163551481427	-17.2858669070398	2.82231145537976
miya1266	3.29378859639154	3.21905756838374	-2.88207618309876	9.81022602923366
moco1246	-0.234700396754427	3.46471750683636	-7.01441570612063	6.66212441638768
mode1248	2.80612813838366	3.57752442430391	-3.77652381387906	10.356161168738
moki1238	7.01745711587747	3.20498825050617	1.18459562210242	13.7405359624646
mokl1243	6.96079762781371	3.29155028158838	1.11618688294339	13.8613057902347
mokp1239	8.25773160949465	3.64885446247081	1.65216501273892	16.0499809307173
moks1248	2.8594749802389	3.14799553236208	-2.93866386971469	9.51840159294247
mose1249	3.36755151655051	3.99851365341595	-4.06465874381002	11.6848897357781
motl1237	6.8609926886194	3.24422692407484	0.91256725930853	13.7980107190161
motu1246	3.13596085881103	3.11685870411129	-2.90813218970322	9.49751803285069
moun1252	-5.54245790878632	5.97276988021063	-18.2211054203212	5.28579542880416
movi1243	3.30141140486515	4.1093591384579	-4.1701740458073	11.8558960064311
moyo1238	-3.72565959534438	3.36130664045662	-10.4718306116468	2.88726368532322
mpad1242	5.14284536667825	3.46343597312048	-1.28857607948286	12.3859162569388
mpii1239	-5.12513646058395	3.32327684899789	-11.8920668868098	1.18402743691214
mpot1240	8.56218801715613	3.57445426690532	2.10733195594669	16.1546207955758
mpur1239	3.37000373976953	4.94692781303733	-5.66783835368788	14.0945906560339
mual1241	7.26979979218776	3.31662559050488	1.23962715010633	14.3208091812869
mudu1242	5.9043228243723	3.26939899680388	-0.1637415785338	12.6063717706041
mull1237	-6.21047326290764	5.69669037572102	-18.3700040739766	3.98500516119313
munc1235	-3.84816371331567	3.31868580858973	-10.7194574532481	2.58512504580791
mund1325	6.83979762285633	3.53964591630277	0.287133541105432	14.2199861416907
mund1328	7.49132488265957	3.77511938629502	0.507326365119144	15.4777035368599
mund1330	-1.42572482930549	3.37136336002409	-8.09866822365472	5.11317911459602
murl1244	11.6523279647319	6.60118913737608	1.41593188419432	27.0577084288893
muru1266	-1.7543162934769	3.59290205708803	-9.0898081526856	5.06612465242695
muru1274	-1.13758460797897	4.01145955208287	-9.33596491940398	6.3562164000698
musa1266	-4.38680170431966	4.43740702851966	-13.5421041856502	4.13758564111651
muyu1244	4.53727541436111	2.99115133240783	-1.04615223649441	10.6505286377788
mwag1236	5.24577755550747	3.47880445778262	-1.14708754080772	12.6662541538566
mwan1247	8.68745943184378	3.53681813238934	2.34390436674262	16.0938441135984
nama1268	6.52202706217298	3.20479418668906	0.548242038203652	13.2674996972959
namb1293	-4.15163803280235	5.16666633834213	-15.1633867158152	5.05147806973012
namu1246	-4.68750928144051	3.46324287829832	-11.7353272866653	1.79906601566945
nana1257	-9.41309669839774	6.40502270483202	-24.1145979036181	0.809236202590075
nang1262	6.47626983461722	3.29579041511595	0.430062546419536	13.4097911675889
naru1238	-0.83800056592477	3.54681867954175	-7.96467785514015	6.03242763040689
naue1237	6.82015815171022	3.30417347237761	0.784509302009807	13.9243377899644
naur1243	6.76140444306607	3.29308925837766	0.724267373552347	13.6597804406168
nava1243	-4.10137042339067	3.85142629276252	-12.1837085599305	3.20694067599891
nawu1242	6.30802895430526	3.53763288683638	-0.286585571545826	13.9600633547479
naxi1245	-4.67094257998191	3.45564514931339	-11.7667341521268	1.93712490697285
ncan1245	7.76609799673302	3.76610231041214	1.0364054229667	15.821549377165
ndam1239	8.49589343807474	3.56675577477278	2.08883569555654	15.9632133844624
nege1240	7.30623235076963	3.27235238282025	1.39522033648931	14.1795145651417
neha1247	4.44622720929045	3.07310930355557	-1.33829200291917	10.8245802309394
nend1239	-4.40360265025164	4.46353661175955	-13.501474026443	4.03978881678892
nene1249	-1.47701582491417	3.40204474165451	-8.35503136330656	5.15389878904469
neng1238	6.8179408996516	3.2924891936441	0.737135763423489	13.600132497865
nenn1238	-4.1647769550085	5.18024161459056	-15.2467435561043	5.04363871285135
nepa1254	-1.6986994888134	3.25812679107365	-8.2209286036758	4.70423652415284
nese1235	6.74696122860809	3.27075654749321	0.853520432220438	13.6546986621145
newa1246	-3.64762127831132	3.51430602483536	-10.7978397581541	3.10664463896685
nezp1238	-2.373625235036	3.94599968302081	-10.5399223312772	5.32360751711079
ngal1292	-0.701074039260127	3.58671619465736	-7.84306681091074	6.18458475668569
ngan1291	-1.30983347326656	3.4366471282637	-8.35226757481397	5.43611804829363
ngar1284	0.520396528647809	3.99894371064086	-7.47233122262608	8.22993371974525
ngas1240	5.22797519076479	3.5397734061111	-1.37197160721748	12.718869320548
ngba1284	6.89883486294928	3.51678370734456	0.530966498136651	14.3271647030662
ngeq1245	12.588307994215	5.19709096794019	4.1212610639686	24.6971440777215
ngit1239	2.67473093460933	4.00062354950021	-4.8446089489435	10.9149798379147
nhan1238	-0.212865024393609	3.47836733647109	-7.05288524921942	6.60759202624994
nhen1239	-1.25100429673554	3.15337185495027	-7.44281640385819	4.87600656949266
nisg1240	2.28175746597888	4.08145405925222	-5.30881141008727	10.9418787391937
niua1240	7.56784632579216	3.14859903600979	1.85007736233945	14.2674021948959
niue1239	7.50541625081499	3.19509903979277	1.68385242121698	14.3187904623797
niva1238	2.87202644764531	4.0622585785782	-4.79533052505338	11.3645780909424
njan1240	7.65734137852422	3.76664663019113	0.856059692973968	15.6524776577518
nkon1248	6.2998386392406	3.53319313789965	-0.287512015879421	13.871582088587
noct1238	-3.71722444170211	3.44534207768098	-10.5922102796548	2.87011611526157
noku1237	6.82026558865371	3.25203006486252	0.775283083817591	13.7540090485255
noon1242	6.30440797118107	3.67069156362518	-0.515512183042298	13.9524506307714
noon1243	7.77353390418662	3.75086212945413	0.899103827078118	15.7494996604155
nort2684	12.4893895206943	5.26219956970507	3.84467456737032	24.5678832140096
nort2690	-8.68667278564328	5.45865941640411	-21.160167378042	0.191413409567396
nort2722	-4.67288454801176	3.44599351193625	-11.7380635395707	1.9953999071624
nort2723	-4.66201012372043	3.43990541711578	-11.6384414728173	2.0663584189694
nort2732	-3.0310360055576	3.57383328280118	-10.3662126353713	4.00722483116653
nort2745	-5.04737691444144	5.77403433554552	-17.4921601059929	4.9459314425121
nort2747	11.1145530456106	5.54003262136128	2.19644384263814	23.8758566675173
nort2839	6.6982984305637	3.2292514254041	0.732146528699019	13.5131752823547
nort2845	7.58479607292195	3.15896792892782	1.70227122724862	14.3322747050549
nort2885	6.4591734350271	3.26988134010711	0.191026074389044	13.3475489971586
nort2930	-3.30701561077449	5.28727976818002	-14.4399333906858	6.23461898594943
nort2938	-1.6052855198795	4.02545067106369	-9.69278715962806	6.17512724488648
nort2942	-4.21833027880484	3.81484046089335	-12.306566033486	2.98409884698668
nort2951	-1.55505079782106	4.22146853508377	-10.6033953201274	6.53350689096033
nort2954	-0.950566227251812	3.13893163904341	-7.25786913228047	5.32469070944545
nort2959	1.5714658965997	3.11617921362615	-4.31474675036269	8.045945580781
nort2961	1.03881977745427	3.04781163560655	-4.98999633798607	7.1408630531358
nort3047	4.99357127131165	3.39646082250245	-1.36221706053684	12.1692526312209
nots1237	5.94220738083382	3.20640798583176	0.0384766876113069	12.6736018308548
nucl1235	1.05688339932577	3.46996775687337	-5.75772264680897	7.99027280836773
nucl1301	-8.67890300007543	5.40332933981984	-20.9907720804838	0.0734437445901687
nucl1302	-7.72141294105661	6.87722061244024	-23.2813154412735	3.7649687518606
nucl1305	-2.50770546836157	3.48698312929094	-9.22250048826841	4.39262693328372
nucl1310	-5.05609604342239	3.34786980078259	-11.8817114109841	1.31624773863665
nucl1417	7.27878413755501	3.71530478254013	0.401800226042188	15.0450061074534
nucl1593	-3.78306276736242	5.11699529340512	-14.6610136659746	5.48225365985075
nucl1622	-3.65367350791453	5.23487096641482	-14.9124068059034	5.80898168325725
nucl1630	-5.53685183390787	5.90868162224897	-18.2166914417529	5.08320621772867
nucl1643	-5.50293063202422	5.18371322953449	-17.1619324657176	3.39000489597936
nuer1246	1.13776934945127	3.64969394765825	-5.8287814609905	8.70940155793821
nugu1242	6.56065315866404	3.39577406400725	0.344524734417677	13.6496207847903
nukn1238	-0.572843864078732	3.38870919997627	-7.15289942670912	6.34496182197877
nuku1260	7.47410126727354	3.1829208041424	1.64487303990921	14.1809355173096
nupe1254	7.29593623511553	3.68595627274494	0.515801151486543	15.0675007159113
nuuc1236	2.05381399372417	3.95184248511683	-5.37756662935916	10.1796248523456
nyah1249	12.5162279747288	5.21516411040498	3.83234467080766	24.4060899583378
nyah1250	12.4923008745889	5.19595447612135	3.89404770547935	24.3662760239357
nyal1254	6.93005375430283	3.22002127456584	1.01946536709027	13.7635367339952
nyan1307	8.67721151320701	3.58332789679579	2.23692123388934	16.3358604136906
nyat1246	8.4817190397309	3.57482633322332	2.14453607593758	16.1553784981455
nyor1246	8.67271936605605	3.55173912152102	2.36011199168555	16.1658852401723
obok1239	-4.87439994958189	5.51047540367564	-16.9850928226759	4.6511194008074
occi1239	5.53024565729501	3.34473090617633	-0.536665755270251	12.5455456960108
okan1243	5.86709221104921	3.75362513406296	-1.02704806815717	13.98076313875
okin1246	-5.61755436479511	5.03183463334985	-16.9968649759584	3.02033060698735
oksa1245	-4.03623797833391	3.92241984359371	-11.9881531161037	3.55204543900494
oloo1241	4.87263037819817	4.56045547996215	-3.23765498649759	14.7254277802529
olut1240	3.29557072365659	4.09323582581073	-4.2685555509287	12.0480641564343
onon1246	-3.6894838723998	3.86646141392138	-11.9836002261861	3.46567072423479
oriy1255	-1.98141560998611	3.29498361980049	-8.78608171957007	4.35487087124335
orok1265	-9.41255299872162	6.43134819225915	-24.01843804835	0.781999263438858
orow1242	6.8983186305597	3.21630242761654	0.927875825267811	13.610340704629
otta1242	1.75995793525323	3.08678411618363	-4.25407705791546	8.03083764948229
paam1238	6.73203180196005	3.22672470036326	0.752971566335051	13.5491713041677
paas1238	6.81289014964644	3.42703015067893	0.563896600481329	14.0855219313757
paco1243	12.5756678942805	5.20259871961991	4.06836371929423	24.9439791543428
pagi1243	8.00613688172469	3.63779719419004	1.31406245839992	15.4726115176557
pagu1249	-1.93208158503922	3.8112513807047	-9.55621993099366	5.60731296683649
pahn1237	11.1118511372418	5.50608658175024	2.13061680568804	23.9003322209922
pait1244	-3.72132360390874	3.34289321926704	-10.6107470366978	2.7387033895173
pana1307	0.282601566298471	3.35984321671129	-6.38264741864478	7.03540527751633
pang1287	8.65771446213394	3.49677049420752	2.23957316174487	16.0355725103582
pang1290	7.15677315572788	3.23348011317602	1.12905010617865	13.9647948174286
panj1256	-1.5066704767485	3.2241725957782	-7.92048841842153	4.9439822144047
pany1241	1.93395632120748	3.31703177438042	-4.58081139455342	8.66821035940082
papa1265	4.07122343810271	3.07152640024949	-1.80422558188939	10.2814902786916
para1301	12.6449049950235	5.14387221837677	4.41361241624405	24.5732042585754
para1302	-0.873019390778531	3.17689252205694	-6.98316279091231	5.56640274463161
pate1247	6.2646400075544	3.23764149221373	0.213869068574804	12.9952954153479
patp1243	5.85207619739747	3.27688495990642	-0.334698855604082	12.589104456721
pawn1254	3.92562003595624	3.991249928615	-3.21799513455696	12.3811497937374
pela1242	-5.00485366431545	3.35656545632447	-11.8627906526263	1.60294033382675
pemo1248	0.315660512142922	3.36322538595088	-6.19325892379952	7.0613580430079
pend1242	7.14425148156761	3.27056492417507	1.10843866584633	14.1067097761107
phai1238	12.5593321442048	5.16307887343672	4.13700087678496	24.4923440559112
phom1236	-3.76620449441998	3.51641593293068	-10.9413222900245	3.05024137954997
pila1245	0.533645256928541	3.5047067454185	-6.28659385904414	7.57662723413717
pile1238	7.52201317727226	3.15786655291591	1.77399650159184	14.1883680782264
ping1243	7.03978484427091	3.22960172152147	1.1052397709396	13.95909078586
pite1240	1.38093409433482	2.93537200460287	-4.17471827429126	7.61441667719469
pohn1238	7.03830448634802	3.23042634716054	1.1772012273432	14.0788658284385
poli1260	3.26788771672646	3.08306580330223	-2.53682532353974	9.64330351597197
popt1235	5.13380156067635	3.88994773351518	-1.91268488595652	13.6227577863194
port1283	5.56839654478941	3.3012842477181	-0.4002990754912	12.6896405321078
port1285	6.79855959294106	3.28691104778504	0.678482194818097	13.6708140434862
psik1239	3.13537918527481	3.21232485223328	-3.03693641451394	9.70932920688174
puka1242	7.57341747790261	3.13540716947427	1.88132593943655	14.1426183940342
pulu1242	7.02929741050047	3.217620704157	1.31401853014865	13.9964378742972
puoc1238	12.5600137761798	5.12965107276784	4.0496955816408	24.5377272529003
pura1257	-2.47852677710523	5.44835136910319	-14.4555710934525	7.11108965475742
pure1242	-2.1840695744654	3.99076496948998	-10.2737863005008	5.63936758478969
puri1258	-2.49276619733949	3.14697552275198	-8.87833924177952	3.7678185292348
qima1242	-2.60567706419172	3.58235196359208	-10.0800417385197	4.22691340938425
quer1236	5.79968205977086	3.99641343958684	-1.45377654177051	14.1162995788948
rabh1238	-3.61349695630764	3.42857621524716	-10.3885503715085	3.04033645833398
raji1240	-3.12773591040003	3.41603484604142	-10.0479287154999	3.52794059622368
rapa1245	7.56993698721633	3.15640007965502	1.83536808845708	14.4092574651945
raro1241	7.57516509241423	3.15748284845372	1.95873383216261	14.4210159088413
raut1239	-3.09154145741991	3.45250538325443	-9.99780365147339	3.67364319015409
reja1241	6.95139814895122	3.29489513411567	0.681034747888358	13.7884900970288
roma1326	5.5297493844185	3.29115356630677	-0.479779471682874	12.6774525349061
romb1245	6.63289527616977	3.18762418576323	0.785309243291568	13.3325133755974
rong1266	-2.82302272169732	3.29344933091126	-9.39056359548922	3.70135905292901
roto1249	-5.5234784508007	5.44058771448503	-17.4045645912173	4.14046118739939
rotu1241	7.2507460028705	3.21795894576992	1.38695136078284	14.0738913909915
rovi1238	6.01350693435348	3.22609758570823	-0.0387130629157781	12.6387906268266
ruch1235	12.6306811371855	5.14288586606951	4.37252320647647	24.5773954515855
ruka1240	6.78564866772646	3.63447372353798	0.0550847506483202	14.2940502511045
ruma1248	12.6296646614829	5.12451133754237	4.42197080022247	24.7247021825818
russ1263	2.59752389260252	3.03112266525759	-3.18834274191685	8.93361305374093
saaa1240	6.77284707250966	3.28590840096548	0.782452302992816	13.8128260803651
saaa1241	6.5030102749591	3.25094490380448	0.431931091305893	13.2109681750588
saar1237	6.78973608624129	3.6624441697428	0.0604175934203412	14.4942425399658
sabu1255	6.89306123863736	3.3146833917697	0.611909636227484	13.7700903586524
sais1237	6.83851685713589	3.7023194841631	-0.0134827194029386	14.5867559803645
saka1289	6.83237470785377	3.25568388985237	0.742508875165334	13.7096331347776
saka1291	4.32314964739661	2.95341698094826	-1.17831457837109	10.4390974849496
saki1248	-1.5337910572801	3.35366698290449	-8.15988609618793	5.05355284411012
samo1305	7.5969463613035	3.14696343638651	1.96348432332246	14.4182504545735
sani1269	-5.07511889351749	3.34682848332677	-11.8310386455088	1.29948615553898
sanj1284	6.21633434244658	4.0070422655076	-1.10036411708313	14.5787963851653
sanm1289	-3.63767469253015	4.0036553110551	-12.1800855619444	3.53202695135086
sanm1295	5.9334017976096	4.11848997015725	-1.54444060886464	14.5016446678442
sant1436	5.94353098750211	4.12142089987621	-1.51146673947861	14.8063539113197
sant1451	6.21544186642477	4.01159234050015	-1.16630992996726	14.6900364650288
sanu1240	-2.12745209912136	3.99989238199284	-10.474923999942	5.43628454895099
sars1236	-4.18520094857736	3.77928333944552	-12.0002030432606	2.97603629887622
sauk1252	-2.68787374746654	3.65208455867839	-9.91654321194657	4.53712639490526
saur1249	-3.17551631184949	4.0031726104037	-11.37770061049	4.58876857017502
savo1255	-6.62267142233924	5.45032007851087	-18.440664797087	2.95917758825525
seda1262	12.5026175616069	5.17781614966589	4.07962479418176	24.297523788214
seim1238	6.51373590196292	3.27817914844998	0.541898394996155	13.3265072642255
seke1241	6.50556262089314	3.2192500675158	0.451753702421272	13.1703775939112
sela1260	4.64342585855621	3.17668922334865	-1.51119183870156	11.152868851353
selk1253	-1.53592372131757	3.41424040531514	-8.34771265687687	5.05555470131264
sema1265	12.5495473488232	5.17403730828831	4.0849745163106	24.4775517391853
sema1266	12.5338579540003	5.12920714682276	4.10566163779866	24.3750685419076
seme1247	12.5404550551657	5.15672663782221	4.25848845439835	24.5389015366527
sene1264	-3.42612653068364	3.9219115256621	-11.4928573947458	4.06601075848366
seri1257	-1.54008523274055	4.20686767966721	-10.1597654821871	6.44161027753761
shab1252	-6.96086691420776	7.81145816906221	-24.499474154258	5.38670372648318
sham1280	8.63996907012817	3.48757112487746	2.41006295307308	16.1786985550719
shan1283	-4.82567484326565	3.84063382197555	-13.1939162048249	2.23479968402806
shaw1249	2.07705388321098	3.09095051899352	-3.86411108453961	8.42830009481819
ship1254	-4.79817688805156	3.86355069350198	-13.2018366283565	2.28117758845844
shix1238	-4.67944913816009	3.46583190641698	-11.6268341736191	2.00859620989148
shol1240	-2.5708442697644	3.46183155973804	-9.3267597424409	4.30486005816539
shon1251	8.4956354042632	3.61491838226508	1.89519494878726	16.1493402878097
shos1248	-0.996402801104631	3.15428091228454	-7.11669391580518	5.31016132981368
shua1257	-2.51114937919232	3.90142232901152	-10.7382795455739	4.81554603721241
shwe1236	12.6250201858406	5.12833853651792	4.44203195935873	24.5653071666034
sich1238	-5.09835956350307	3.3540970417586	-11.941615577382	1.35654134264209
sici1248	5.50895716015297	3.29126661080928	-0.38017903718945	12.6343584593796
sici1249	3.49026777441854	3.40528857278563	-2.9620584769581	10.2693679680997
siee1239	7.02624212806801	3.23498093597945	1.05517939295944	13.7731405075884
sier1250	6.11030388691203	4.04075826836024	-1.41799099298923	14.5590951134166
sika1261	7.48926322452065	3.19673026460254	1.61895215930192	14.3685492800066
siks1238	1.93208502680117	3.07895254859063	-3.91679841648475	8.17641169441938
sile1255	-4.39151368772852	4.45202746256817	-13.5975864948681	4.15663819551145
sina1266	3.23482262382159	3.09536192700984	-2.69436861909331	9.56887376826592
sing1264	-3.89176802851064	3.40356504150895	-10.6623507516598	2.73687437418717
sioo1240	5.46011498987655	3.17276093556874	-0.341972496810912	12.2052499131469
situ1238	-4.68176254472593	3.4747693522832	-11.8303384409651	1.94885522624142
skol1241	0.957597955474543	2.99388921501637	-4.75821505050976	7.15366584972989
slov1268	3.42260511859521	3.1012351657849	-2.42371453493912	9.84815955573807
soch1239	5.69112370867947	4.09833892043611	-1.77386235755735	14.2623603158969
soga1242	8.6484752034478	3.58215351964062	2.19471851726564	16.4135125383401
sons1242	7.02257777006142	3.22059154636638	1.19213852538468	13.913818604033
sooo1254	12.59176242648	5.23864302738416	3.97501223165785	24.6144383814303
sout1528	3.41729328115034	3.07224696485365	-2.33335862572166	9.77529023029886
sout2649	-1.33722117790438	3.37771905407913	-8.18202169600155	5.216912625009
sout2674	0.981158117132894	2.94336541859829	-4.5560140148951	7.17124527880741
sout2679	2.69825133310347	3.12366004629806	-3.10696854829871	9.35703162042981
sout2728	-4.66932970760304	3.43298886509075	-11.7543363913587	1.80523280169978
sout2729	-4.65365780282607	3.4396507730589	-11.5843296196759	2.2105785978062
sout2797	4.92861923311538	3.31589701368992	-1.36988199819994	11.6798496396348
sout2807	8.62054328366598	3.57556631632936	2.20923950617695	16.3925057545509
sout2856	5.25584802191192	3.07916807762575	-0.597228582746933	11.6676248961744
sout2857	6.78968965948257	3.25430529064218	0.88381936946259	13.5612301854895
sout2859	6.69368296821828	3.23495443942182	0.698914592273862	13.5917698974866
sout2869	6.9721962047385	3.2616493015109	1.01047477593179	13.8669829409765
sout2895	6.81464106829534	3.27900792377663	0.660327394563533	13.5988439364515
sout2954	-5.61674362929871	5.02667703664918	-17.0974039679755	2.9931785541513
sout2956	-1.5756210504045	4.04940464879995	-9.88407776234829	6.32528072327102
sout2959	-4.21820729815905	3.81280296053509	-12.2757707787869	2.95167619619136
sout2976	1.56094112576998	3.1353654292137	-4.35775125316562	8.13177377621725
sout2985	-1.78863759718818	4.13958402123221	-10.342139565219	5.87388177744415
sout2994	-1.90260125636363	4.11315776002801	-10.5599315805166	5.95575349027702
sout2996	-1.10225891893707	4.08006131906912	-9.47404736023706	6.89932243947568
stan1289	5.55272110675092	3.27967208674258	-0.486721779220386	12.5680022927599
stan1290	5.5336186713089	3.30062520458395	-0.48695897937179	12.6796017293035
stan1293	5.03260949562289	3.34540942418088	-0.900239976753829	12.1403814516897
stan1306	7.3201075341154	3.26608933701386	1.31546864715594	14.1693799306789
sude1239	4.64731823468272	3.10363343266768	-1.1909206029678	11.0716237669571
sumi1235	-2.26692567620166	3.28511031901537	-8.76569348753077	4.15683440426468
sunw1242	-3.7049128057312	3.48702421734891	-10.6444368776948	3.06257535889224
supy1237	3.44293996681303	3.40261050616744	-3.01032614511888	10.3285371290791
surs1246	5.82822533144888	3.25713683181994	-0.210203209173568	12.6959548579059
swah1253	8.72604041964095	3.51862371370286	2.6229750512627	16.3579126741353
swed1254	5.07044589141344	3.33373603252372	-0.919008021450253	12.2586692789747
taba1263	-1.94219822783283	3.85674323378395	-9.82216043791382	5.3932207166266
taga1272	6.47302459052733	3.30749784534201	0.361127152023018	13.3890887985949
tahi1242	7.55489929726604	3.14193417561239	1.90826508129422	14.2262013962992
taia1239	-3.1298163867092	6.1183563671937	-16.4478914212226	7.55112602232905
taji1246	7.12265897420107	3.30169958432981	1.08995048841568	14.2438220434693
taku1257	7.50380059372741	3.16246091004247	1.86399107804833	14.2606915833719
tali1259	6.76920251380437	3.30828318553891	0.737683096270806	13.6942443831213
tama1365	5.03720978034657	3.83467453354126	-2.06256226328478	13.2622340047026
tami1289	-3.03775308248793	3.5357678014454	-10.197918652459	3.79970891505672
tane1237	6.49491380004031	3.28084150164943	0.513975945968498	13.3376864132835
tara1313	-3.78051589384143	3.3471361742754	-10.4294685027063	2.81767089748745
tari1263	5.14684933788173	3.7650383728124	-1.83008168756701	13.1551727263127
tata1255	-8.61432582323061	5.43299770066299	-21.0658379892317	0.39356938002512
tata1257	6.98826166913256	3.32358889087167	0.963822970505805	13.9128489958325
taul1251	2.75465739497503	4.79584384657327	-5.83467181737498	12.9484694223079
taus1251	6.68398386676168	3.17998478382554	0.821303318042954	13.4028766309109
tbol1240	6.95496498320461	3.27961687376896	0.966007060420591	13.8210872334036
tean1237	6.46430507881503	3.23043194299264	0.481258849273082	13.2823680472155
tedi1235	-3.73267688358573	3.3785050671839	-10.7069132215621	2.8210210779676
tekt1235	5.07380637481605	3.86243584594457	-2.0093451577214	13.3947534156579
temi1246	12.517172232125	5.10874462659141	4.09292957255416	24.2047043212828
tenn1246	11.6454772677477	6.610967911799	1.33938994072812	27.0629512295702
teop1238	5.77552904845432	3.18289988724591	-0.113859873105272	12.2524398255331
tern1247	-0.437658940249751	3.68378878375327	-7.60483553340601	7.23834261279886
tete1251	1.60650607760225	3.12227634965444	-4.35433770487968	7.91824525732626
tezo1238	5.90352228441064	4.15932350756232	-1.57707967263602	14.6905614730517
thad1238	-3.748501441695	3.38306204505244	-10.703811883183	2.76717068663343
thak1245	-2.8577889196982	3.26493303974014	-9.32961632553815	3.43679614184286
than1259	-3.63806816913184	3.46099553233842	-10.5842155144925	3.12310235334149
thul1246	-3.6961358781593	3.50470492230365	-10.6783064948402	3.26509574160411
tibe1272	-2.2617696581396	3.09889513625229	-8.44038562289093	4.06272592666946
tief1244	7.24293354743966	3.44246401956343	1.04467101454565	14.6377205524511
tiga1245	5.90748274795492	3.23963727191753	-0.177139748235059	12.6230220484269
tika1246	7.58434920196581	3.78592536599839	0.711715931840227	15.8009361893576
tiri1258	6.88805472899397	3.22769310380719	1.02619172409141	13.8529070002994
tiru1241	6.93008759121729	3.32279371751586	0.749098984868362	14.021147519176
tita1241	6.72442032591848	3.1698457145622	0.934598011520841	13.527468002466
toab1237	6.7868507130315	3.31164007246313	0.836951306455221	13.7260268932315
toba1268	3.40666369742288	4.19074748023763	-4.10868964155709	12.2129093297108
tobe1252	-1.94098667973591	3.7617659470502	-9.27949553730722	5.46018301621539
toho1245	0.889406109545025	3.12900482200884	-5.10779155007537	7.11774979582398
tojo1241	5.12854228534606	3.93029198542462	-2.00176140813385	13.3565314803575
toke1240	7.58847240164443	3.14587228118294	1.85808209026973	14.3342290515119
tong1318	8.4884541252978	3.55166267674807	2.11459305239123	15.9889024445811
tong1325	7.51401222667447	3.18532807160914	1.72936607074935	14.3672675216865
toor1238	8.68156300317759	3.56247480185954	2.3923124494323	16.3577746448155
tosk1239	3.18872032621511	3.54295972253125	-3.28930203129345	10.5971885510755
tote1238	8.48633661247214	3.63526418743082	1.79667527700867	16.1389281410846
toto1302	-2.72943886550936	3.57967161174202	-9.92849805320736	4.33270516178967
trin1274	4.49462465930175	3.84906510722153	-2.47287884490882	12.8032110553024
trio1238	1.47985484326474	3.29168709961125	-4.74515610416336	8.13877728828895
trum1247	-1.98641802404581	4.15327695812238	-10.4621276014245	5.79969977057167
tsha1245	-2.68014438430453	3.22802951680944	-9.07717139827253	3.49460145962202
tsis1238	7.12189968360187	3.51599554847975	0.621040007031568	14.5777637038128
tsix1234	-7.39804935361888	6.58127171814637	-22.4173419560225	3.18549432280235
tson1249	8.58905667462379	3.53734954453314	2.22471710826875	16.1861107746884
tswa1253	8.61224297543658	3.55085947735937	2.09311148583724	16.4311886713414
tuba1278	-0.0448564248950948	3.0023297275038	-5.90308539268861	6.07013972793224
tugu1245	6.88010393789417	3.29454423942343	0.828326114050765	13.8191988742229
tuka1248	6.89644042062967	3.32887199139345	0.72882668221447	14.1843744113643
tuki1240	6.395315800771	3.38417756531536	0.202673587223671	13.5875127272236
tula1252	6.80779869376876	3.37783212894113	0.742323143262974	13.9991271862918
tune1261	4.76787260722739	3.28711860650827	-1.45013366503885	11.5505861450537
tung1290	5.89864771625849	3.20507201512452	0.0430106445733941	12.569658209906
tunn1238	-2.93830019470154	3.38764322594696	-10.0094773280495	3.52266331991265
turk1303	-8.66118588790182	5.42476790986399	-20.9310683982617	0.25606570466388
tusc1257	-3.70097872156797	3.86315196345976	-11.6856407388029	3.47266945156392
tutu1241	6.84633968635994	3.25647969312194	0.783857791935769	13.6286005958755
tuva1244	7.55855148496936	3.16324394514899	1.81619207554622	14.2047281400021
tuwa1243	7.16357998767872	3.23499404771265	1.32354805426232	13.979615385281
tuwu1238	6.18463570976053	3.54286128804088	-0.402093351771482	13.5864104900281
udih1248	-9.41595457022387	6.43925952039211	-24.0149827816125	0.865087067414101
ughe1237	5.98359612208755	3.21759406025935	0.0397847932589877	12.7207491501959
ugon1239	-4.8222638359842	3.45519445550867	-11.6923778561674	1.98134823256519
ulit1238	7.0342168582078	3.20723365704359	1.24718019531416	13.8598904441247
umaa1242	7.0533061101863	3.31801673161727	0.878656597398366	13.9595889856534
umbu1258	-4.47194578489049	4.08809526683923	-12.8469424158405	3.14600803637674
umes1235	1.00453995046082	2.93898635687862	-4.57809662285249	7.11069299537199
unua1237	6.79107332330066	3.22573082214014	0.776562486472873	13.5287304591437
uppe1275	4.32235262102484	4.10782827483122	-3.18328402182383	12.9692917931607
urar1246	3.11507562456418	4.08569375863627	-4.27399968330658	11.8480452825675
urav1235	6.99351032166246	3.23824042774736	0.959478465163473	13.8348191047741
urim1252	5.35334475987637	4.39624891308652	-2.35347059338255	14.8717625982381
urni1239	-6.31875288475598	5.8883111242606	-19.0290997108907	3.91153744496111
utes1238	-0.993638296582945	3.16031190468656	-7.31947727053574	5.35038729395065
vano1237	6.51160231125493	3.28245946266358	0.537015636488866	13.4524531185997
veps1250	3.28469552560833	3.00299222648124	-2.22109484862834	9.61657762023765
vera1241	6.88126062279108	3.23639051576937	0.976422434294078	13.6650566762073
vinm1237	6.7866707452069	3.25111878015964	0.750090009363981	13.5419769752867
vunj1238	8.57189047504809	3.55554583902759	2.06742967326643	16.2582062292321
vure1239	6.86094324048661	3.26200407851138	0.946059896613723	13.7224179245308
wage1238	-5.33830206480624	5.70986577052506	-17.9954887451402	4.59852456674359
waig1244	6.73852319362041	3.34920767247804	0.540118122246979	13.7681796574278
waim1251	3.08155347907356	3.13372498510328	-3.10026799557541	9.36484597098698
wala1266	6.78670583705515	3.29190060105817	0.818719930651844	13.7135228329948
wall1257	7.57197394125657	3.13365183952843	1.92844747210019	14.2019920008776
wamb1257	-3.70357852292544	3.47492803517577	-10.6060600904129	3.12084492385149
wand1267	6.74406498114712	3.29552545540928	0.662905179508864	13.7873743632551
wand1278	5.28602446568998	3.4241166673967	-0.97151713776499	12.5751084706157
wara1294	-4.09622013208817	5.18002792863266	-15.3227216541837	5.15260122194801
wara1303	4.05990675418025	4.12846800187378	-3.49621085892615	12.9746692152308
ward1246	4.16506577475041	4.63361550980289	-4.42656024806556	14.2618064695879
ware1253	6.76732685196867	3.26656803343443	0.882906476943698	13.6512430230177
ware1255	4.37370187951788	3.79563548862772	-2.58111778662006	12.2843848589342
wash1253	-1.54767356702228	4.26975413990812	-10.1806549198934	6.54336486911374
waya1269	0.287931936915125	3.20324600955003	-5.94667293926471	6.69791801556248
wayu1241	-3.71578017780861	3.49376820205139	-10.6888957342468	3.13001175141606
wels1247	4.88573057193059	3.41670273965685	-1.20349128103718	12.0454105853454
west2354	5.02931643549842	3.37556606445246	-0.940532126606462	12.0268561773088
west2369	-1.32802326859015	3.39630479003897	-8.14594946403073	5.49118724160431
west2396	12.6363024160754	5.16868492820988	4.25900447529225	24.6197526474669
west2397	12.5798122958436	5.21574624173725	3.9220924556221	24.5450314100062
west2415	-2.82944046207044	3.28118289288154	-9.35981866170763	3.55441946478533
west2418	-3.6534279930903	3.44790485019761	-10.5469193984972	3.0018871305282
west2430	11.1329065982133	5.47923823915229	2.09649066689812	23.6854581061035
west2516	7.53016327954376	3.1892870682094	1.81127036905686	14.4168282652063
west2519	7.22329378124678	3.21676610565692	1.40880405716917	14.0425299976832
west2557	6.44800933125525	3.27911846422292	0.291426332682818	13.3405883334173
west2560	6.29655019279839	3.24896311072818	0.232906004858025	13.1040894285583
west2594	-4.50308612845437	4.13261966563326	-13.0296841727123	3.32775684955921
west2615	-4.09438900513596	3.82042486502311	-12.1214859852008	3.03574675676834
west2635	5.14333373744153	3.8966044007186	-1.86226620627939	13.5242547059248
west2644	6.01704262591748	4.08475941555573	-1.5740145234233	14.6418933254234
west2650	7.26920594605872	3.30271339531319	1.32910237599439	14.3260148493293
whit1269	6.96519501696058	3.29512720794947	0.992623685285149	13.829806772742
wiru1244	-3.31990663647954	5.65471637331741	-15.8414080702896	6.86788766464251
woii1237	6.72498211573184	3.31972953368787	0.617458168197193	13.8776373222654
wola1242	-8.64526263241836	6.92965874072646	-24.7686356190431	2.16578789625007
wole1240	7.02224008600707	3.21783246914324	1.1991565297153	13.7649132158124
woli1241	7.05491237795399	3.28933836716872	1.00320279410927	13.930495374745
wuch1236	1.54676774133815	3.20209699844894	-4.49152834804114	8.24339385021047
wusa1235	-5.06532123626761	3.34659181728128	-11.7842463069928	1.38721366132799
wutu1241	0.532980764539211	3.08615640572993	-5.34097724502755	6.93439136895967
wuvu1239	6.49109409588507	3.29218904394229	0.341759867754982	13.2595521148006
xamt1239	-2.60804756352053	3.55791946077722	-9.97377337907238	4.12600640573372
xara1244	6.88660746075897	3.23253898328157	0.979590820110745	13.7113627373519
xava1240	-1.19341551193219	3.49030736039004	-8.19610726984685	5.56914685900334
xish1235	-5.01652550849526	3.38272505863994	-11.9543443158647	1.51252783386649
yaka1277	6.25972314652	3.23958153081039	0.299313960531069	12.9295171976639
yaki1237	-2.33519618238449	3.9524004501127	-10.2604985581204	5.15544128435495
yako1252	6.83817844246579	3.52667355202107	0.386092877555065	14.2764649764942
yaku1245	-8.61871962133019	5.46232011079161	-21.178197146037	0.340209468494911
yale1246	-3.55486485688137	5.23522164615518	-14.8836673830135	5.82609087208769
yami1254	7.18702280186683	3.25115586091508	1.22502067261127	14.0657618163572
yami1256	-4.82660850455802	3.84892108179585	-13.0852479643172	2.15876065330385
yamp1242	-3.659620894621	3.4455027624293	-10.6308699406655	3.09810103601041
yano1261	-2.12846443364771	3.99882741755513	-10.5061314438548	5.34404569005949
yape1248	6.38719128593038	3.29338065482139	0.315860515874192	13.3821427259223
yaqu1251	0.0900440247238374	3.26363023842742	-6.42258975685716	6.49723780827457
yare1248	-2.72640988638673	6.354266688436	-16.709360140563	8.65025446933021
yatz1235	6.11710898499278	4.03052792155948	-1.29839940512836	14.4839368614406
yaul1241	-5.86387199305346	5.97302455288858	-18.747723445486	4.78103110825599
yaum1237	-1.4428920258985	3.41984235753566	-8.07391789589992	5.45769665749729
yawu1244	3.30524724813178	4.42630450528754	-4.77751332088146	12.7045979853371
yecu1235	4.41224362956928	4.06535781016332	-3.02614150658385	13.03342762053
yems1235	-8.59117062692925	6.96805755039581	-24.9035035390994	2.29007762698399
yind1247	1.9483435885988	3.296417110254	-4.50837436439054	8.47516683684382
yoga1237	7.20296937442314	3.25670473100201	1.28200202323192	13.9471083286209
yona1241	-5.59589865000394	5.00688611748481	-17.197737653272	2.76881234978962
yong1280	-4.0023956947543	3.89753278131185	-12.1050821781274	3.47207650912494
yora1241	-4.83211336394722	3.84988921457539	-13.1551209110004	2.11685570696204
youl1235	-5.02684153069315	3.38908008252497	-11.8572629837653	1.63005003702246
youn1235	11.1098725406228	5.51750292691468	2.30395864512749	23.8967008897129
yuca1254	5.3991935659213	3.86140361282255	-1.42613002304631	13.6928184634695
yuch1247	-1.7511758594644	4.20533806221706	-10.3282688201872	6.30810577186914
yuec1235	1.52613010724765	3.17242456547021	-4.4427045207818	7.99700529401786
yuqu1240	-1.90561070426727	3.1781859198084	-8.44665390114873	4.25783633762984
yura1255	3.98446949764501	3.73368523220137	-2.83598438495703	12.0017943232815
zaiw1241	-5.02075815782097	3.39943428828165	-12.1013582107929	1.53687013082771
zakh1243	-3.08607690779975	3.52629215514422	-10.2140142722919	3.72088499330656
zarm1239	-6.73821486585993	7.81091667118218	-24.5353962563675	5.62722784782632
zaye1235	0.49592497239945	3.39012037947311	-6.00249241898533	7.50002968793561
zays1235	-8.69378102258846	6.92135685416293	-24.9684193397822	1.74602655728372
zuni1245	-1.70359064742483	4.29763232956156	-10.7450659402067	6.27287494139636
