Estimate	Est.Error	Q2.5	Q97.5
abar1238	0.577385471002789	2.35304267285294	-3.88377969876376	5.60084565249797
abkh1244	-0.690737511373528	2.57466848781802	-6.02002933377099	4.22570085213152
abun1252	2.68670929622354	2.63792108717671	-1.84311961451585	8.54309479662468
acha1249	-0.321126422701873	2.60599110485691	-5.76250319611539	4.80783970964784
achi1257	0.441645341395859	2.61532442920101	-4.49131682973651	5.89593920657023
acol1236	0.469492867404189	2.34350373153396	-4.15705987706068	5.36360758714884
adze1240	-1.16276483662911	1.96184211923668	-5.18170503720475	2.67593505839103
aeky1238	-2.18206521524641	2.64797993658352	-8.05246230813786	2.40943070710733
afar1241	-0.529558315212149	2.54286151515414	-5.87583712071748	4.44371908954157
aghe1239	0.344194287998277	2.353353811848	-4.1883239085715	5.29390390674301
aghu1255	-1.30660774990101	2.67841437287768	-7.21768917696556	3.64082575048826
agob1244	-1.53901137766155	2.71896223069444	-7.33874150623786	3.5228385472087
agua1253	-0.75213465946706	2.57028248438481	-6.27812846526373	4.09796348040474
aheu1239	0.145066575411906	2.68926092582919	-5.10465280008035	5.5225436806523
aime1238	-2.40055582011319	2.72131026158567	-8.49144232077484	2.31053140632741
ainu1240	-0.411444227781648	2.69957369784489	-5.96506548231874	4.80089544124455
ajab1235	0.714165308024729	2.4764583386037	-4.01412929070534	5.93610725418999
ajie1238	0.683732446700763	2.48026531490781	-3.8876994727666	5.90074793511224
akoo1248	-1.21035512419699	2.49365761350257	-6.4683942480411	3.41835399501576
akun1241	-1.01486839270797	2.44314364559754	-6.2111540578268	3.45587969876087
alab1237	-0.527161501195701	2.53503249391008	-5.99778858750264	4.32343165326031
alab1254	-0.870895200002666	2.47396587894463	-6.22045124386275	3.69653655489473
alac1244	1.62536804542585	2.58131153614569	-3.07405316458569	7.27392721220787
alag1248	-0.342718289340143	2.55729134108614	-5.70106644249818	4.46159707893306
aleu1260	-0.98521126249861	2.45255368416747	-6.25888306741729	3.50891646213255
alor1247	0.525229217857719	2.49318033280311	-4.25460048494791	5.86519334666412
aluk1238	2.97714947311974	2.64041566617681	-1.39645504464327	8.85932744436886
amap1240	-1.63864134777756	2.55872407012693	-7.19611738932508	2.96344280887873
amdo1237	3.17857467031699	2.44279607595109	-0.824858094958097	8.66325213092766
anei1239	0.462311099861148	2.49638436929701	-4.24283777560003	5.63165617794953
anta1255	-2.6898041900049	2.40693724252492	-7.83086477696837	1.51610890810796
anuf1239	0.695621536813175	2.56009816322668	-4.17608244117952	6.21263563323703
anuu1241	1.94436884998146	2.14494067373842	-1.90634137860809	6.43431361576173
aona1235	-0.288168518274292	2.13879542122448	-4.74954360685261	3.84816951847167
apat1240	-1.30487199547109	2.35666540755569	-6.39923779671898	2.94934173206035
apin1244	-1.01037161046042	2.47859345960766	-6.44505475121131	3.54629577002304
apma1240	0.965561700823269	2.33383025281925	-3.40065438994896	5.91473566922563
arak1252	1.23566883555424	2.33170470888359	-3.05577715755075	6.20288519854831
arao1248	0.161109469333372	2.48557801905167	-4.81009635609412	5.1437985791739
arap1274	0.932988057652339	2.27168412349158	-3.24070093566044	5.62740192475413
area1240	0.97639686606066	2.42748805902979	-3.5583765802556	6.17377808321825
argo1244	-0.835589158694062	2.47782595168078	-6.39757690041922	3.84382682687119
arom1237	1.22291195246947	2.48225476399228	-3.24163823502476	6.66264017336394
arop1242	-0.345527575278251	2.23790547087332	-4.79722076552703	4.26857358968531
arop1243	0.0543777185183614	2.11227203518613	-4.1253674707693	4.3748766601593
arta1239	1.08582406744378	2.47856586447735	-3.52130922026732	6.38796703605471
ashe1272	0.824900988577188	2.38937751378623	-3.5935188068986	5.86095102341609
assi1247	-0.731572421194159	2.63139454156778	-6.34180392260222	4.07342735210864
asut1235	0.198672241124457	2.71179668232726	-5.17586330373217	5.82717276542796
atam1240	0.601360262198894	2.58225904411182	-4.32221768389979	6.0427220966985
athp1241	-1.95325973786755	2.53709219271761	-7.5024565867335	2.45433127912404
aton1241	-1.02807886743312	2.58422565987721	-6.57570244564487	3.71993841622849
aulu1238	0.884273647017847	2.13196516409026	-3.03051430995626	5.50721111681898
auye1238	-0.406632468240089	2.55841249437198	-5.85827379924424	4.48307936809779
awad1243	-1.85642227355028	2.38360243655048	-7.15162332823245	2.33577270545672
awad1244	-2.69557800063448	2.12884866198084	-7.23587828885419	0.953370147657688
awar1248	-1.24261271022459	1.92549315552919	-5.24923203456143	2.32614588364049
awet1244	-0.799730794924349	2.32312478163212	-5.87868147343699	3.55778353071335
awji1241	0.972808930921717	2.38623823672577	-3.44036208485871	6.11796146293686
awtu1239	-0.937429808620522	2.30719423503914	-5.81227833802223	3.47661356843263
axam1237	0.702568150813447	2.15567955019592	-3.32992664254469	5.27138772011631
axiy1235	-0.341628582452377	2.50490191557122	-5.50037307543501	4.51154202297514
azha1235	-0.174793328951218	2.45737286387979	-5.31337828190506	4.51966931770601
baba1266	-0.132145077527707	2.33848439288409	-4.78329660723615	4.57984443402585
baba1268	0.400725134167313	2.34271378187679	-4.07998587565305	5.34966103196225
babi1235	0.0119866612163317	2.4248252291948	-5.10908561365106	4.74910719834284
bafi1243	-1.9335280569903	2.33012539935346	-6.98279461626174	2.23677429372783
bafu1246	0.099883276034615	2.34143200934534	-4.52704027565806	5.00945587441447
bahi1252	-2.25095473541385	2.49600363984389	-7.71017792485369	2.12268853696599
baim1244	-0.618075854125254	2.45571532113608	-5.94194112124173	3.94893301100058
baki1244	-0.00532981980589465	2.18615473916065	-4.18837623273134	4.5129805129561
bala1311	0.618163021010272	2.52226735980243	-4.04023904954623	5.90517430541448
bala1315	-0.0517555743957397	2.44156652551364	-4.89712172419113	5.0413662036657
bala1316	0.547622784399409	2.48985067404893	-4.15541393796242	5.726295143102
balu1257	0.45483672093532	2.3514669391729	-4.04482562506385	5.46318676765349
bamu1253	-1.08027212278281	2.31649097013056	-5.8952841072869	3.28598673120137
band1344	0.352807839092417	2.63901030550977	-4.75137764604748	5.97315008088271
bant1288	0.571558863070738	2.52003540224974	-4.10035814931625	5.94455627333149
bara1369	0.476615796945879	2.46556630343692	-4.20852615850754	5.68754354462296
bari1286	1.08359256452085	2.50828243900449	-3.5545441307877	6.41563963031013
baro1253	1.96953930442982	2.55949951819934	-2.62810134965399	7.58127293478616
bata1289	0.267045160353554	2.68410409631497	-4.86682636079419	5.72671350648651
bebe1248	0.162438756860663	2.52061838674961	-4.71852962473033	5.43692846471141
beka1241	0.510384515694568	2.49385027384849	-4.20929684016919	5.84876695671501
bela1254	0.491880291175185	2.34089183884985	-3.84041279173545	5.45488404042728
belh1239	-1.98647233169627	2.5227119217245	-7.5644955060961	2.45342934308725
bell1243	0.551181691874016	2.54667257979821	-4.21857297971487	5.95251685707987
bemb1257	0.164942694955844	2.73748988992536	-5.10677865645544	5.72759131163322
bhoj1244	-1.98389214141976	2.52610179662681	-7.63904608241457	2.33515772885988
bian1252	-1.36626096717012	2.07181890083256	-5.75816197122668	2.43448175044339
biao1253	1.72325786833668	2.55111076519813	-2.73917002903035	7.31891055963612
biao1254	0.605069843990096	2.61870741844827	-4.48486875965184	6.13005169345294
biao1256	0.962514654454829	2.63908842843135	-4.06629237776455	6.59797540084236
bier1244	0.0953557523910279	2.17923991817332	-4.08862023333258	4.64929797542796
bign1238	1.20021893293345	2.2222574725043	-2.93901114976032	5.9732042242009
biha1246	0.523880118048562	2.61825230357046	-4.46670189073191	5.9422327962188
bini1246	0.122888449982868	2.4368693369984	-4.61040813977295	5.42365136288796
bisu1244	-0.00793147123929211	2.50610083378347	-5.2942319802483	4.84710702199383
bitt1240	-0.151558008655072	2.46551031032917	-5.32596081858926	4.81619294763091
biwa1243	-3.22524149217475	2.62859127556865	-9.05055800397268	1.25581901979858
boht1238	-1.75862193319191	2.43235587309525	-7.05679029521034	2.68076163883004
bola1250	1.10418038013782	2.4731523873287	-3.49905164330318	6.35342890653691
boly1239	-0.00114710458692791	2.59230694961614	-5.32078276979566	5.29199272056962
boro1277	-0.117225873991701	2.70219180880397	-5.80183603138612	5.19049629092503
boro1282	-0.649922447904496	2.50709731304338	-6.06656676707402	4.1846835262829
boto1242	0.651051472628823	2.55214837112568	-4.20389552815386	6.03591241565469
boun1243	0.530231489573356	2.46402775303262	-4.15708512687152	5.80604720349438
bret1244	0.591006490158736	2.43572360156434	-4.00912395158666	5.78258042877421
budu1265	1.20625078156147	2.44575496798492	-3.2689293933535	6.64589632057344
buga1247	0.104860131306096	2.53854735608054	-4.90830513825526	5.22833634822178
buga1250	0.681267391133721	2.12895929089569	-3.31600581472665	5.23629466162998
bugi1244	-0.238371409756237	2.37959971000065	-4.97375312782225	4.53510083973661
bujh1238	-2.20051891733217	2.52645051517983	-7.88150441254281	2.14120537298686
bull1247	-2.74019967690721	2.50282124800941	-8.17161253524955	1.48427360458546
bulo1242	0.289164040692495	2.63010003875544	-4.97978863081061	5.68191504621169
bumt1240	-1.33557677494314	2.5847791493989	-6.81862260217796	3.4552699410421
buna1276	-4.48616175782977	2.61110844041497	-10.0010871065426	0.0388726137682797
bund1253	-1.3328535403467	2.43939706960121	-6.54405577497002	3.00424066555909
buol1237	-3.93416766656526	2.60404798234697	-9.571505680063	0.453893969013332
bure1242	0.439063044536367	2.24512037502772	-3.83069963845287	5.34194739670632
burj1242	-0.650316346448592	2.49305499730195	-5.9949086746077	4.06777582747441
busa1253	-0.0780019065371495	2.56077225796303	-5.31642501814016	5.02785905622699
bush1247	0.16739151878192	2.57955158511854	-4.85669299377169	5.51487749398149
buwa1243	0.531097796707495	2.11734723745612	-3.54066149170987	4.91085982186595
bwai1242	-4.81057463840079	2.57082223486072	-10.3983701040038	-0.325658799794691
bwat1240	0.659603264690763	2.49674201910194	-4.11311100038594	5.90593584563959
byan1241	-1.18991558326437	2.46513202708422	-6.5204398153651	3.29298588303627
caac1237	0.600344942354965	2.4899080777418	-4.0151868350726	5.93114686241961
cacu1241	-0.665735628564904	2.25184174502657	-5.43611734114614	3.6422495417054
cahu1264	-1.2089010444976	2.20945804768648	-5.99483211430335	2.77309591549556
cakf1236	0.813247895984206	2.34044056094593	-3.51246847673776	5.8483629621724
caml1239	-2.15018359085541	2.4915031415637	-7.76857052915991	2.29619716176736
camp1261	0.396758741382948	2.54941471245898	-4.36848806138948	5.8870311064406
cane1242	-0.983875741107716	2.44580645594019	-6.19432126063309	3.59379819734733
caom1238	0.504140831227205	2.71550412241546	-4.69065201354657	6.17256481609081
capa1241	-0.0128355584695631	2.5236384327723	-5.30497869226745	4.97239910615815
carn1240	0.0527689233004416	2.67111172466564	-5.34158574224202	5.63585876676936
caro1242	0.152013412908721	2.64600209673525	-5.07268578043767	5.73404187230371
cash1251	-0.618894325568105	2.54049515891403	-5.96301080735654	4.17270238226924
casi1235	0.955990583408027	2.55277312609047	-3.75284982844567	6.56729611502679
cemu1238	0.698256810127311	2.43181004505915	-3.83754166133249	6.03493701760687
cent1992	0.478671652919422	2.63774964165823	-4.66625388365514	5.95028278581006
cent2084	0.960275373924111	2.55192772581146	-3.83573741686156	6.50654426404746
cent2100	0.63901644173421	2.50970831841278	-3.99328926433609	6.12803940495412
cent2127	2.26131814430388	2.45706865191495	-1.89334328386976	7.63031664542202
cent2131	-0.776540259398482	2.10086056906426	-5.18331778838931	3.20652087227952
cent2140	-1.53500388979602	2.4699171865405	-6.93731916901665	2.95930458875381
cent2292	1.11866096562321	2.45171704223387	-3.31150504088147	6.23060704575591
cent2314	0.114246112584963	2.6243614859518	-5.04910001521597	5.38073074303192
chak1270	1.42716108787288	2.15985083795638	-2.59116387188879	5.94342394780667
chak1271	0.822342647602663	2.56649319741222	-3.91722975960504	6.34226871973896
cham1312	0.23971908483542	2.61473243312214	-4.86486548942382	5.75280070234584
cham1315	1.70300631574883	2.58727967720982	-2.89161282657695	7.40645082373614
chan1313	1.03340311739515	2.11188617656017	-3.02646807357456	5.37011925879709
char1269	-0.740273188807498	2.67719609923963	-6.23675876985066	4.3554477192632
chas1234	-0.618196733487571	2.60720834850321	-6.34902246078186	4.33438226125651
chek1238	0.939097923378641	2.30515848839487	-3.48279580950677	5.9987713878478
chen1255	-0.478027751883184	2.51976133035688	-5.75468700155516	4.42155535594881
chep1245	-2.32740044474216	2.47751535255874	-7.92363291940359	1.92163113179128
cher1273	-0.512963302034742	2.49210767200248	-5.69982677161709	4.31560327251482
chey1247	-2.31301918833659	2.29787440178165	-7.43174569200578	1.6042018061404
chic1270	-0.722877284386065	2.59556692459878	-6.20444598743401	4.06324543190899
chil1280	0.0401679783958029	2.49635631878099	-5.10897528077163	4.9895403507876
chip1241	1.20111099905271	2.32174093841882	-3.10159919336268	6.22664730709657
chip1261	-0.31001873509773	2.56920594648666	-5.66684704405468	4.58775452242004
choc1276	-0.715377625576542	2.55295112383915	-6.27624144844385	4.12422583109746
chon1284	0.121335949552801	2.6910944176307	-5.34339593386526	5.65500549477176
chot1239	-1.38981829922071	2.35530980959727	-6.51461605743355	2.88367788249136
chug1252	-1.43802736824069	2.48613314427661	-6.97868931086171	2.9482310505899
chuk1273	-0.462556959126226	2.64856190943235	-6.00574619808529	4.52743439522904
chuv1255	-0.785050254462335	2.57562166543499	-6.29578268178389	4.08934382683223
chuw1238	0.139360093503417	2.69866037209125	-5.0191803994709	5.76693749564401
cici1237	0.519696078549148	2.46193529322609	-4.23074659769473	5.71398392665755
coat1243	1.80157249150774	2.62618630337262	-2.77058954281152	7.59324893572515
coca1259	3.16513062753461	2.46900946275471	-1.04022724009259	8.64006224119552
coeu1236	0.682170779888317	2.40816343236802	-3.85016490754599	5.92876613272695
colu1241	0.972318697966019	2.4673566207228	-3.60846465500281	6.23193599423192
coma1245	-0.921784746081889	2.36973357201751	-6.06220696607209	3.34194169692816
como1259	1.17906184819356	2.60336021201782	-3.55162321357032	6.578664587845
cosa1234	-0.265440494513472	2.46439675181066	-5.49319106220264	4.55674158789804
cota1241	0.836677885507769	2.33996654421358	-3.54376684446777	5.87634607973089
cree1270	-0.641246586784199	2.49520884030631	-5.95670504090607	4.14956891725648
crim1257	-0.188043380278517	2.64720466436515	-5.59115672755705	4.96887001352682
crow1244	-1.54364462185642	2.49111439388638	-6.87303533129318	2.97032845106535
cube1242	1.21829329338451	2.30125164761059	-3.07109776629226	6.15180045404782
culi1244	-0.742629646039141	2.54124953779074	-6.15042720605326	4.04035450496711
czec1258	0.845411431853835	2.43814060767498	-3.5703360293921	6.19748250023124
daai1236	0.604460687256748	2.26463841444281	-3.9668706695035	5.0919567887416
daas1238	-0.784346680436469	2.54882886784844	-6.236461378385	4.01300068654409
dadi1250	-3.06645351051274	2.71001773619032	-8.99365634988018	1.4720224908589
dagb1246	1.00864017092598	2.45623073644486	-3.5475427624907	6.43956677316135
daka1243	0.814496601465731	2.16448164131857	-3.19471449519763	5.3868239294302
damp1237	-0.95043308258889	2.42328453809107	-5.90968505656957	3.77380133569204
dana1252	3.00381016219288	2.59038960863596	-1.50188825087989	8.67764095236722
dani1285	0.496908326669681	2.54990873175822	-4.14741199787055	6.07777246717762
daza1242	-0.330674758481248	2.72978768579217	-6.02294893534933	5.03423306469929
dege1246	0.278252566773734	2.51564580870797	-4.58951318286765	5.68726750080429
desa1247	-1.24105151239521	2.25746154490046	-6.05188846167753	2.90815109111651
dhao1237	0.369114849965682	2.60002175023803	-4.61565478459891	5.96489444010586
dhim1246	-1.6641121146536	2.53622992498046	-7.2553635415165	2.85943484896405
digo1243	0.201588204730122	2.59977093098713	-4.92013091257869	5.63036002460921
dima1251	-1.60270295323482	2.42931964330919	-7.00020561136923	2.820480548569
djam1255	-0.661892193436049	2.50139691906162	-5.77585655802669	4.02927241006503
djee1236	0.15063201246029	2.37008407615406	-4.72289419803493	4.96658585305089
djin1251	-0.210245533386001	2.60493728793599	-5.63735136453728	4.97118442077746
dobe1238	0.478062140139345	2.50046572452678	-4.2538489741125	5.83846412263597
dobu1241	-4.57818174809009	2.54019386906248	-10.085069412143	-0.116734562183248
doro1266	-5.71963145472562	2.75312675128887	-11.8659294175837	-0.847124658303917
drun1238	-0.843414514854934	2.50314793382996	-6.19848426640581	3.91899180148147
dual1243	-1.02136556553116	2.51161979096497	-6.25140640860616	3.80649730947259
dumi1241	-2.10928451993506	2.4897125190959	-7.71092047630056	2.36366035941801
dutc1256	0.659549942436346	2.59932884612619	-4.21688566318093	6.17524065008439
dyul1238	-2.53368096843014	2.34904233281859	-7.65053017100886	1.52571273483435
dzao1238	0.818839239842129	2.69552245625168	-4.27570712340902	6.65847877762035
dzon1239	-1.42214087260918	2.53704972243708	-7.05574627560875	3.20880317572112
east2328	-1.49723336806241	2.37285577449889	-6.74171930015053	2.71559568909906
east2332	0.184927779722224	2.70880262940385	-5.30245428475695	5.64337172410777
east2443	1.15009708110096	2.41339589873593	-3.50555165221316	6.21609302919432
east2447	0.322638050212604	2.52301775044106	-4.43080632809645	5.64172568193644
east2516	-3.01151284017072	2.74316836318665	-9.11010892505148	1.52570676034267
east2555	-0.600298692967139	2.44791418369861	-5.77059207762841	4.02243818091088
east2690	2.45142461398502	2.47580222857493	-1.93213370961546	8.13857308854921
east2773	-2.2666084030117	2.5117281996399	-7.90799255783673	2.04202118079308
egaa1242	-3.32329769211833	2.65697553799785	-9.39493767913411	1.17259982128188
eipo1242	-1.25825459948128	2.62854772977675	-6.87749109745166	3.69166367805999
ekar1243	-0.40149350155839	2.58013932275892	-5.96493912913152	4.5090893864377
elna1235	0.574862662774579	2.03638267673495	-3.26819343915591	4.99205651587611
emai1241	-0.204015823397966	2.49804894485889	-5.32325378942331	4.91271039677106
enuu1235	-0.448255230621348	2.59244243433473	-6.11399026661238	4.51274998526093
ersu1241	-0.756850715762395	2.70564556832154	-6.50435565280003	4.32025620302005
erzy1239	1.63638812014869	2.35702997531753	-2.47938699576695	6.77180134590482
esto1258	1.46082907619618	2.39329513485028	-2.71167616452379	6.83055363311639
even1259	-0.169791992065734	2.70544102370331	-5.71526793816309	5.11068279769177
even1260	-0.0941066377729226	2.69762012117835	-5.59671424437794	5.40498280747038
fala1243	-1.05334168883693	2.53337804431571	-6.47271331500538	3.61157955775671
fare1241	0.642125867246614	2.59586624590497	-4.48711261410694	6.28035737113104
faro1244	0.464425850203214	2.5658638333004	-4.38015907361938	6.05849258498193
fass1245	-0.838407923631976	2.33477318724475	-5.63025243882076	3.69825863140625
fiji1243	0.208574458033807	2.66568540396779	-4.97124022345338	5.78667240070629
fili1244	0.576230200584353	2.56345458072218	-4.1422674106677	6.223786640696
fina1242	1.18320212123469	2.41704103725694	-3.14805979747973	6.35017050362459
finn1318	0.903973765514963	2.42530254499521	-3.53345972824391	6.0600438315035
fonn1241	0.719133626183992	2.48721265911294	-4.11035712206916	5.94706535616648
fore1265	-0.761925929075818	2.45274570286299	-5.97522213545032	3.64967479163997
fuln1247	-1.0097664107206	2.51473410696604	-6.57454936884298	3.61634050716102
furr1244	-0.536290551251591	2.66340972674934	-6.08518546011233	4.72393721797572
futu1245	0.355239567037287	2.42288361874601	-4.19417565594476	5.44176115804747
fuyu1242	-4.50677386611189	2.73427799024404	-10.5673136085867	0.0800572052018981
gada1258	1.18867376064062	2.41576288768884	-3.23888280477698	6.43463966139277
gaga1249	-0.162792741853171	2.57111283340957	-5.4753582849232	4.92206233053075
gahr1239	-0.500060147656836	2.53017623712372	-6.05956878687801	4.20590388802091
gali1258	0.423468327157966	2.54605295657712	-4.52031073749735	6.02266691430044
gali1262	-1.21296094889221	2.38008160924	-6.28825815308229	3.15523868154371
galo1242	-0.973563293254466	2.4421015112191	-6.30223553963397	3.50975504842525
gami1243	-0.8145785844167	2.52610831640645	-6.17962115570091	3.96239717035139
gamo1243	-0.920074664483038	2.67170081503743	-6.5330395108754	4.25906495762003
gang1266	-1.45628513479731	2.34577130878937	-6.73031076253788	2.90374102619788
gant1244	-4.26489574223637	2.77433731473159	-10.4471085673685	0.232563813913349
gapa1238	-4.79420052912943	2.54747688551408	-10.317501896588	-0.341956827536746
gayo1244	0.395264916645987	2.61949680638574	-4.70301659838581	5.96189519419031
geba1237	3.87455842738022	2.60797925770607	-0.565991779743272	9.52999721491537
gebe1237	0.61893254604491	2.50607516592985	-4.03653194451003	5.94007723271977
geda1237	-4.67185726188051	2.60105067132272	-10.3437482207889	-0.295437282516476
gela1263	0.96170208145828	2.2965342418776	-3.50897438737879	5.84678789096013
ghan1242	0.460661905501021	2.3833975077223	-3.98299805770055	5.62429975243223
gheg1238	1.43849879858302	2.47569081245018	-2.93116661592353	6.76524583623464
gilb1244	0.184935738706635	2.63892878001841	-5.00511883153404	5.61377054466788
gily1242	-0.639733236835529	2.70776382253987	-6.39673640275152	4.41445492859484
gogo1265	-2.06408155940325	2.68656428192629	-7.88714289219804	2.77718789421154
gola1255	0.463751336992825	2.48344923016395	-4.33791702971579	5.49944724957633
guan1266	-0.611107729299388	2.63858298315674	-6.19463783133885	4.33995915616086
guat1253	1.22227322783479	2.55249773273514	-3.52957244080193	6.75575319866215
gube1234	0.402978885056317	2.52697450691311	-4.44096131596628	5.65855900551624
gude1246	0.40910768217322	2.16340595128423	-3.92422466032685	4.8547976960933
guhu1244	-2.96751391646066	2.47659519856509	-8.41447484607742	1.16592457381659
guiq1238	-0.814398740885017	2.59090870533599	-6.33280872470896	4.14134484090071
guma1254	-3.97344024382638	2.33421208135018	-9.10224524293933	0.026978830160144
gunw1252	-0.426907319525508	2.44007110616194	-5.42756046990279	4.28170093414585
guny1241	1.9858562116412	2.50337410155886	-2.42451057293514	7.47210283441569
guru1271	0.9773928135076	2.36024508196789	-3.41079967412913	6.04675969916441
gusi1247	1.04344656784583	2.62886279949747	-3.83363578649429	6.75598001725434
gyel1242	-0.224243388137127	2.65795896483602	-5.63125730870508	5.17572422607586
haaa1252	0.136802234225283	2.64171464511668	-5.20114552634274	5.70829096699688
hadi1240	-0.869842531520188	2.45285979255542	-5.99290856154187	3.61713856509992
haka1240	-0.314868242409528	2.40177094836152	-5.41596822078844	4.40724402269684
hala1252	0.450588327772897	2.64537111402268	-4.65939513855845	6.00920769717546
halh1238	-0.2408643697294	2.70919730293875	-5.75275489828921	5.07141034442426
hali1244	-1.16333544298424	2.22838374473548	-5.72934493963381	3.27963825138239
halk1245	1.29356051605681	2.51097393316596	-3.25367938006661	6.68079843405814
hame1242	-0.989473470256128	2.57029186248357	-6.52136907884983	3.79949350223499
hang1263	-1.32368237065274	2.45109343329978	-6.6311650636595	3.21220445696212
hani1248	-0.308340027289631	2.53249731017715	-5.67088423880124	4.50352552503766
hano1246	1.0330295703703	2.42593986838464	-3.59070653326432	6.12021017934514
haro1237	0.599826421336905	2.50192334165944	-4.04562105154922	5.81170486462965
haru1245	-3.96614298262471	2.73464597387934	-10.000517854382	0.51480849814265
hela1238	-2.2485770581699	2.4940639424967	-7.79370797350764	2.05952778903954
here1253	0.125159825271735	2.5641624555848	-5.05160405924369	5.42538648928657
high1276	2.51355690698205	2.44660800993269	-1.70553976356323	7.92917660925071
hind1269	-1.27410550905783	2.46807099535196	-6.61913858117111	3.07831473449352
hixk1239	1.94083655610244	2.37831485176466	-2.21634288665533	7.26486687868991
hoaa1235	0.672953262892448	2.60679072613824	-4.28514569086463	6.19591928256508
hoav1238	0.825974224300785	2.42649578424601	-3.64869046100933	6.05444347724685
honi1244	-0.481654732219236	2.61025978622528	-6.07184126180529	4.42913071611123
hopi1249	-1.2564579487766	2.41755063711706	-6.65123674463894	3.05904944346776
horp1239	-0.690758519857151	2.64603283571588	-6.24956899967583	4.35991802318678
hote1245	-0.511614127504462	1.95118566192375	-4.33475985750809	3.45377539319997
hual1241	-0.408444962311594	2.44175540860207	-5.55640216240884	4.25340806145133
huam1247	-0.877961764530522	2.56671524454808	-6.49878788193245	3.85783838209787
huar1255	1.62168447905262	2.26522640485771	-2.40296152073539	6.57499685706252
huas1242	1.05326639902287	2.62916848949195	-3.83521270367635	6.9278326542737
huic1243	-0.847956315836001	2.04909477464224	-5.16598785147557	3.08547953648363
hula1244	-0.660626664421079	2.45752995634824	-5.86154378787484	3.90655532679683
huli1244	-2.59681152326285	2.79828420848685	-8.96630653121762	2.25861153999427
hung1274	-1.70613001987198	2.37566640170592	-6.90863537904024	2.54350559595043
hung1275	0.145255789882248	2.68494899291687	-5.33386456823773	5.74766323366968
huuu1240	-0.334439006862131	2.53643618964495	-5.73446447995985	4.56549565718367
iaai1238	0.451265218749161	2.52478655355959	-4.21337078579936	5.72617476065713
iatm1242	-2.33609608531093	2.62237820607591	-8.17407511792112	2.28530707540522
ibal1244	1.04198237484508	2.47515863304915	-3.54533219018346	6.23383732289232
iban1267	1.0815788543164	2.52057567716633	-3.52061015548458	6.5445102857875
ibat1238	0.683528079311924	2.50899024542122	-4.07835611994732	6.02029681414862
icel1247	0.487266899423995	2.61027388906881	-4.43358721258285	6.26289940414478
idii1243	-1.76248471153559	2.66040448392731	-7.4547840934064	3.02776193703661
idom1241	-3.10251487092948	2.66071582534557	-9.00850354811121	1.30069081568696
iliu1237	0.580668762836604	2.62238515951684	-4.4516692631856	5.92954598566092
imba1240	-0.511465029139469	2.55651687398561	-5.95714803130523	4.38006692998089
ingr1248	1.22391415397616	2.50057106350192	-3.22816322051043	6.5465088706919
irar1238	0.878699603721753	2.61358734487637	-4.01035327828316	6.53827292868828
iris1253	0.67452571348888	2.54571004982339	-4.15921998759789	6.01999784816177
isco1239	-0.55688128037326	2.58626509548547	-6.06297054442434	4.38654013128762
isin1239	1.09795056432967	2.47578054678981	-3.46042904736863	6.3525256123562
isth1240	2.59876873170307	2.46389264744017	-1.51785302226496	8.13710675162949
ital1282	0.43631406750629	2.51411809857997	-4.24441871140546	5.74926610618384
iton1250	1.80985728893212	2.56494317902199	-2.718954968002	7.42095847035497
itza1241	0.832185496774864	2.61198819710554	-4.04445260224098	6.37642271596253
iwal1237	-0.737951839730969	2.00116025256469	-4.74451268402306	3.19171351452215
iyoo1238	-2.88038353566558	2.23243296489967	-7.84202179883973	0.982337396651895
jalk1242	-3.06282617807227	2.544871287356	-8.72904827450986	1.21534064514799
jama1261	-0.424009158654885	2.46639610266756	-5.48782978493256	4.2921742807828
jamb1236	0.0795706874740434	2.67145938188986	-5.13866174347657	5.42022969359039
japh1234	-0.542224120517021	2.61155067579501	-5.99648185754659	4.36750892238955
jara1266	0.635206594409437	2.50763261933035	-4.19308786113167	5.90937943734487
jina1244	1.41616383572075	2.55950397015885	-3.16698297475215	6.89967337986772
juku1254	0.806037755489645	2.41608457998733	-3.71296578319193	5.75182675727737
kaba1278	-1.00160699245144	2.65288851826006	-6.80594340255769	3.98026586318555
kach1280	-0.179484646378359	2.47846823968923	-5.27663634814201	4.59106140261207
kach1284	-0.860900356270816	2.62659467074202	-6.5769949575693	4.11954899845994
kado1242	-0.241119977000713	2.45941666312659	-5.62891095240909	4.46213547916712
kagu1239	0.150522028662375	2.69305541747467	-5.1172564377164	5.79625199557744
kaik1246	-1.74859979759464	2.51101302924882	-7.31273942960805	2.69698121827982
kala1388	0.718689002373387	2.46499128031742	-3.91134726235507	6.11425406694481
kala1399	-1.08128514721858	2.45905166382368	-6.43741319923132	3.46129044019523
kamb1299	0.424500174151962	2.57702158649747	-4.42399083947331	5.89535686991774
kamm1249	1.04067984202586	2.54686867485674	-3.77027448146355	6.42688636688938
kana1291	1.17348515903082	2.53458835617615	-3.47999280771121	6.51728359368016
kani1286	-2.76109316766759	2.49799779498291	-8.26461762155413	1.50065896892897
kank1243	1.05355917285627	2.46421464025077	-3.4641769608192	6.25149285781846
kaqc1270	1.02305618844944	2.53079763346363	-3.63402360271355	6.60661792942717
kara1486	1.89338447432716	2.5523709321666	-2.70775819807891	7.47825817386966
kara1500	-0.635734362571457	2.5290732110813	-5.99894969540641	4.13692761614795
karb1241	-1.54076032391421	2.46341385652421	-7.0251066697333	2.87675628317894
kare1335	0.894915398422364	2.35030868683118	-3.33818699501961	6.05348081206685
kari1311	2.60654626335572	2.45163203674648	-1.56904696113062	7.85199176444404
karn1252	1.33967698346928	2.31966464427275	-2.85806157069977	6.35367337596064
karo1304	-0.972038330413981	2.52830991265835	-6.22906752071457	3.73929219835091
kash1277	1.88909870060199	2.33629069600136	-2.1756103589323	7.05185384959218
katb1237	1.04929955478019	2.14012423247125	-2.8867098756883	5.59405521213081
kats1235	-0.516046770584156	2.61315367438201	-6.09495699072691	4.48235112052808
kava1241	0.879814088194967	2.41998088539927	-3.58009222805292	5.96800392074492
kaya1315	3.7470648426063	2.59772255442436	-0.675791344548955	9.25939651493506
keap1239	-4.95308806519869	2.60101115255766	-10.6483168154661	-0.52620085081254
kele1258	0.601854458074401	2.33097307881541	-3.80282239328208	5.71500698870846
kele1259	1.16602781156991	2.4486872809896	-3.34375325796476	6.23235826509214
kemb1249	0.63982275166812	2.4442238566786	-3.80971772422601	5.92198793772215
keme1240	0.740602647566101	2.36597261023296	-3.72169354774013	5.74233300684655
kenu1236	-0.432786653653445	2.69921698803912	-6.0892150496725	4.88074162692176
keoo1238	0.338608689062128	2.53008955273767	-4.44583940156297	5.78068301246591
kera1255	1.62554788204224	2.4369483651177	-2.71111911275532	6.95234761970492
kesa1244	-3.80193001006442	2.59455205370316	-9.46836888638755	0.489779268620043
kett1243	-0.584203119811048	2.74659862150306	-6.30911587274536	4.67116949862791
khal1275	-1.88198515739026	2.47645946679259	-7.40277985034288	2.55770365006496
kham1282	-0.519600256085053	2.47526932796313	-5.81533248567165	4.07365274068329
khan1274	0.0287682699202679	2.74085243583789	-5.30307632754459	5.7062021187414
khan1277	-0.804371213384892	2.14741185027974	-5.36634713548949	3.17484489682748
khan1278	0.176939575166415	2.44677837588469	-4.54852201643679	5.27829122227716
khas1269	-1.18593539943431	2.59413217968542	-6.6486992093494	3.71680348222925
khez1235	-0.716687925635268	2.14878382449451	-5.23334108236183	3.28893536842948
khmu1256	-0.010546667113499	2.64247577822836	-5.36019619010922	5.48058770225943
kich1262	1.08214644373452	2.52261353486733	-3.57702953349783	6.57907436597323
kile1243	-0.141639904194775	2.71393587271651	-5.77837964270999	5.2427327730858
kili1267	-1.46538141564633	2.01594404801783	-5.58318505109908	2.40310405613456
kimm1245	0.180781746359282	2.54481664426886	-4.76452279633448	5.57922079498178
kiow1266	-0.888635839098004	2.48170761409708	-6.21413419383785	3.80927963142285
koda1255	0.619126872390933	2.51219120125922	-4.33484787105464	5.75757241470476
koho1244	0.328311040327383	2.65181714701641	-4.92312216902603	5.73068022083355
koir1240	-1.17073123869451	2.24613332049854	-6.00497462831916	3.01667219316703
koka1244	-1.00422051240122	2.36210867927731	-6.05999638895007	3.26953601630298
koko1269	0.89495102095638	2.35915978732846	-3.4710838729309	5.98760799137263
kola1285	0.456007404031977	2.48267746215228	-4.24815459198865	5.84458527222009
kolb1240	0.758985353830212	2.64473171984633	-4.31518919374562	6.32535895504741
kolc1235	0.160940934198341	2.51549908986967	-4.70147744523728	5.5222599828018
komb1274	-1.29897673974696	2.71029021622801	-7.31288621956064	3.64549015695647
komc1235	0.304413524452942	2.29003300635271	-4.23666154252111	5.12607283180385
komi1268	1.19896649214186	2.43289320536499	-3.30169284729047	6.63372669963803
komi1269	0.883100792284525	2.36019169645902	-3.46214022431773	5.98361559018874
kona1242	-2.35262879744207	2.69012303755534	-8.52789959373188	2.1263926652888
konk1267	-0.713228993014524	2.48299605387867	-6.11862960596197	3.8394293408783
koon1245	0.319116726923579	2.53013448329132	-4.56604370320294	5.50034602816427
koor1239	-0.851172266174121	2.63808911129664	-6.43378650829553	4.32877330204521
kore1280	-0.370215316993092	2.69637649680649	-5.75336871321091	5.02501739542623
koro1298	0.82457353122546	2.50802893933785	-3.78132985663604	6.06268283419787
kosa1249	-1.06456350992733	2.63606432840923	-6.84845771507661	3.82336202111109
kosr1238	0.205300649554824	2.69811963122541	-5.06337869992022	5.85654551618806
kuan1247	0.367528372423183	2.53995969537905	-4.62755181414129	5.65910443812966
kuku1273	-0.904593390540993	2.44977418665258	-6.21709142311796	3.73635076753473
kulo1237	1.22248134161029	2.50288486354584	-3.39359851604192	6.42561745572905
kulu1253	-1.90759733047486	2.50841458110543	-7.43948212793282	2.53728746186832
kuma1276	0.560448926262374	2.48970000826738	-4.10809375176299	5.82908242530512
kuma1280	-3.70542314466432	2.74218742717817	-9.76512796654074	0.872754238706468
kumb1268	-0.7921883215967	2.48361298646072	-6.02647998855778	3.80399097329844
kunb1251	0.354052062610758	2.32870941795007	-4.31684872525811	5.11085200711762
kuot1243	2.28460404979866	2.47760788200028	-1.95401541816607	7.7144572216625
kurr1243	2.76149816009191	2.54079606721636	-1.47110727353702	8.47000416255353
kusa1251	0.80048290103865	2.40316508981094	-3.71958697914208	5.94683264198773
kusu1250	-1.95195778567121	2.45413439586986	-7.36065901575113	2.35819664944599
kuvi1243	-0.871829724575907	2.47233811347802	-5.99114363022449	3.75589888075982
kuyy1240	0.239037823468934	2.70475060584336	-5.14066416806944	5.79135978458229
kwai1243	0.993978564802582	2.43141200833346	-3.58494271999664	6.24296303652884
kwam1249	0.209770560482914	2.71361681723228	-5.19593854374923	5.79439927495292
kwam1252	0.372905789280748	2.30374297989943	-3.90764295065903	5.12001625744598
kwar1239	0.980709013751264	2.43639205914963	-3.60230993692581	6.20572592014546
kwin1241	1.7940172385828	2.62393305102829	-2.8304854699994	7.5356409558962
kwom1262	-1.47261126144348	2.47871287399171	-6.7629043506954	3.08955836346357
kxoe1243	-0.36957244581837	2.72835773265477	-6.02857722957249	5.10568165510713
kyer1238	-2.10259358604397	2.44243396541502	-7.5500556122965	2.032007186237
lagw1237	1.37138005269512	2.53508247151064	-3.30185537884511	6.82345737316732
lahu1253	-0.226043768410622	2.46611924525494	-5.50769105257115	4.34791165804852
lala1268	-4.72132576101414	2.7359801423765	-10.7605040455997	-0.117796828607263
lama1277	0.478670719267709	2.46769916047929	-4.24560851044383	5.78524229955694
lamk1238	-1.28407951336426	2.40081427073579	-6.49899597109263	3.08978064710726
land1256	-0.0904523083253123	2.48713914483038	-5.09513222865848	5.13981750245794
lash1243	-0.583394273112304	2.59992971070912	-6.24684481633182	4.38148124696336
latv1249	0.689826007540047	2.32820633435783	-3.6554482260768	5.65286304203275
lega1250	0.155850099966516	2.65659311054113	-4.98850286517273	5.54873981287534
lele1267	-2.22604970921466	2.21942581822036	-6.93106230758014	1.77738975748736
lele1270	0.659734735582618	2.34088292303581	-3.74699279499173	5.71025513045156
lele1276	1.18684207926972	2.53053441416457	-3.34845810740424	6.60458644936612
lemb1266	-3.42240217295775	2.72408482549886	-9.57728502236751	1.18208262206922
leme1238	0.788500433559621	2.47054776996652	-3.86031554427051	5.97723732340297
lena1238	0.25336062667239	2.32331578845334	-4.25265859648307	5.12236296992593
leng1259	1.02099417259098	2.28800296552243	-3.26986433929966	5.89513458277867
lepc1244	-1.66289336053102	2.47681411718092	-7.16017477319317	2.78394922285889
leti1246	0.736739921922671	2.41758291199322	-3.74202635082908	5.89296312623132
lewo1242	-0.244223456205719	2.19960180425806	-4.54581932202298	4.17477410277188
lewo1244	0.510321178349103	2.49600702602724	-4.15054735141153	5.78135128131596
lezg1247	-0.850862795521393	2.72103472339267	-6.55729517517046	4.23951680317156
liji1238	-0.123921604351648	2.35780518811115	-4.74499509818198	4.57175657790633
lill1248	0.66875310441969	2.62424575492607	-4.26549930584818	6.40402329966196
limb1266	-1.80514124436828	2.48694750549371	-7.23368974006587	2.60575616786394
lipo1242	-0.642341577549992	2.54499878515927	-5.88468761839193	4.168766036855
lish1245	-0.743990077702366	2.47811587396167	-6.02343644999868	3.75601693810277
lisu1250	-0.718930578628518	2.60639940231192	-6.3730703999511	4.24509071614594
lith1251	-2.22061808794346	2.35963047028813	-7.33981823421399	1.97856251552832
litz1237	1.18226001990757	2.17044376233938	-2.72794932294367	5.81553328107184
livv1243	1.08510613200755	2.49563893935337	-3.48285817156472	6.56248897424113
loka1252	-0.827041583518653	2.46517057330721	-5.79287842172344	4.08602501092578
lolo1259	-0.639845368399487	2.51722991105391	-5.95970953590692	4.08697699635724
lomb1257	0.59774647197809	2.48851859380435	-4.0791433488973	6.00195057624225
long1395	0.997219799431472	2.34720475847581	-3.33897441392792	5.94446199338267
loni1238	0.675084004728652	2.36154313418018	-3.78232289961415	5.75014752706528
lote1237	0.938570588596663	2.47890667143543	-3.76298372107739	6.18682324130564
louu1245	0.577035028002548	2.34893257642373	-3.8763432723242	5.67169908401068
luan1263	0.67672073376688	2.45404992785206	-3.85696015310606	5.96259075372233
lubu1243	1.09275700041133	2.48579774161234	-3.4051704546866	6.26815925981486
ludi1246	1.08677392982184	2.39158215856492	-3.2097846320595	6.30795123876416
lule1254	1.64604997940233	2.24774720536604	-2.31915491779361	6.73121407903645
lumu1239	0.546303221604266	2.76021064961212	-4.65568148216174	6.27524175458435
luok1236	1.1661258490257	2.54042571286548	-3.58693759910369	6.65587387392879
lush1249	-0.0210677580905601	2.41443617564564	-4.95447512680226	4.78232204793874
lush1252	1.14011636522596	2.52401482346088	-3.49157165224967	6.6934602974907
luva1239	0.342232435981919	2.5788937392149	-4.61568329375509	5.79334790616064
luya1241	0.153907294317643	2.57680839931099	-4.83406523751591	5.50497130996846
maan1238	0.582597120898753	2.36774479115528	-3.93892333036561	5.60643478094686
mace1250	1.46328147837699	2.43065113378091	-2.92631947791856	6.61585477847695
macu1260	-1.38300255373965	2.45187091932289	-6.71511609363516	3.12473181159324
madi1260	-0.384182203731202	2.39451723660167	-5.33773500275975	4.27867176722426
madn1237	-1.15957147444467	2.5466524359879	-6.71044705866213	3.4673248816541
maee1241	1.2620215057818	2.2109697815521	-2.75009349995789	5.97022404032624
magd1235	2.04974353240938	2.67623867760208	-2.57540200189371	7.98839201456612
maib1239	2.46620927998547	2.67898247855731	-2.31203031971232	8.25527289932
mail1248	-2.93195544481775	2.3398111239171	-7.96309375904685	1.21783082363081
mais1250	-5.26115576577329	2.68681100817357	-11.1686191420008	-0.546803074031593
mait1250	-2.10043001830058	2.50523585833835	-7.66645318299785	2.31160915644531
maja1242	-0.405447571417274	2.67642097062608	-5.88517362261244	4.80734243638416
maka1304	0.222423357099999	2.50850018456375	-4.73709984613287	5.4374230897407
makc1235	0.479289567854286	2.60776722663691	-4.61887050588024	5.93858758475495
makh1264	0.300703307893174	2.63364484135753	-4.70074844699194	5.85743229364819
mala1464	0.349476140576058	2.46958775316353	-4.62571060598627	5.50559941868657
male1284	-0.940579459507656	2.69901106890046	-6.67748621393671	4.28598707119142
male1297	-1.16710286884818	2.5417226645718	-6.76359252458082	3.52320914226608
mali1285	1.579501760955	2.57759153898469	-3.0384141392668	7.27853290447058
malo1243	1.29534566346727	2.27683850184852	-2.89555636374622	6.17865907046326
malu1245	1.25092522722753	2.23554031036212	-2.71491484324855	6.01116529479983
mama1275	0.345051978941455	2.63127267843284	-4.66398906642853	5.7798375457496
mamb1294	1.12431688710123	2.39251226995086	-3.45189291667036	6.31019562408827
mana1288	-1.84726989588071	2.53803840129955	-7.56650455077455	2.57615593021144
mana1295	-4.3966950097278	2.61532920944943	-10.4118395397271	0.0208336867447145
mana1298	-1.75299442918414	2.52082884181304	-7.31206721841759	2.85170354270142
mand1415	2.25808489252839	2.35725178786148	-1.74390632107322	7.56068721825739
mand1440	1.8756638649913	2.56352643561723	-2.66854828360569	7.58540788324264
mang1378	-0.140816469020427	2.50653808597395	-5.22312971444397	4.83311156647235
mang1401	0.256160254136407	2.62668385513698	-4.65599434030525	5.72248416442223
mang1403	0.984223141483938	2.47813683122298	-3.6204931612891	6.29410190314163
mans1262	0.506855512071254	2.59014642271733	-4.41659586308736	5.96823125229903
maor1246	0.124841620707955	2.73610725295572	-5.33123488967245	5.71985372643745
mapo1242	-0.22391827342186	1.93518488293453	-4.05237259211677	3.53608885980091
mapu1245	1.36431655737732	2.59138086133752	-3.42045845048435	6.96845599495116
mara1378	-1.0882849673194	2.39729801328986	-6.37816768988134	3.19453659943687
mara1379	-1.06727025059586	2.20790241158144	-5.79877571094801	3.0045261300286
mara1382	0.890937776021039	2.22581954238659	-3.47366523695304	5.46743916755445
mara1386	-1.06684664700827	2.61162228543956	-6.76435560632129	3.81212365521549
mara1399	1.22756190615753	2.18389594987068	-2.75832451080372	5.95629279299707
marg1265	0.0994954548171625	2.25521201937549	-4.41812040858556	4.6818136795344
mari1416	-1.46222787832538	2.3631431307282	-6.62886444828503	2.78071880338326
mari1440	-1.4045120587041	2.58932408840369	-7.09815825120724	3.28142932109799
mars1254	0.121067798444157	2.57808540826603	-4.97438031357403	5.41822063979235
mart1255	2.0917339680332	2.50539891119047	-2.2375465906248	7.52728771995641
maru1249	-0.549266976032942	2.73362264448491	-6.30909008099323	4.67072584316074
masa1322	1.64665100899206	2.47036550719642	-2.6890082406072	7.01255272349525
mask1242	0.614198549601883	2.13779435314025	-3.45834956697095	5.17745280774835
mati1250	0.663876159476233	2.58594673627749	-4.26477113208238	6.15323850205601
mato1252	0.412649868645115	1.87041774932406	-3.19271614294053	4.29587223961037
mats1244	0.322709685344136	2.58503817818909	-4.99771282154032	5.44807580681258
matu1259	0.263541412360485	2.68060518697991	-4.99674054640724	5.97674622883483
matu1261	-4.6978480225591	2.60786551564142	-10.3471280839107	-0.253162289289508
maun1240	0.03090602264765	2.41220458892274	-4.85466371672602	4.85009344651994
mayo1261	0.423419416682555	2.54752641088296	-4.48643373665237	5.69933934829312
mbol1247	0.419568600065367	2.59866761486476	-4.51808000499538	5.99757888561336
mbul1263	1.27881232452669	2.34057750752262	-3.03095952843754	6.33515689635042
mehe1243	-0.839132103930071	2.32518783456465	-5.71401785518505	3.79095393094146
meke1243	-3.85979832886381	2.50767001739955	-9.30540020942339	0.395887370246793
melp1238	-3.66633921045521	2.78137380597605	-9.79692953709927	0.927235622047812
mere1242	1.18730930662815	2.37365265751354	-3.31335194496068	6.21357915383355
meta1238	-0.29802724462023	2.38904162574774	-5.13621769921415	4.52185935561748
mezo1235	2.1097890583607	2.66079139961093	-2.62059045682068	7.94509366560555
mezq1235	1.1303023242443	2.50150857842761	-3.48468344081071	6.46110737748963
mich1245	1.04293404038437	2.40288728021694	-3.27130664668752	6.37419676527202
miju1243	-0.836507171042025	2.5560162809299	-6.34557930527832	3.96318423470948
mikm1235	-1.99952548059634	2.34287039839414	-7.15931387700578	2.15681948408398
mila1245	-0.927383505965293	2.51630172861397	-6.32359608882219	3.72014125704985
mina1276	0.59291109812135	2.15369434199342	-3.4804869056025	5.12853780848734
mini1251	1.93770637219032	2.50842420641173	-2.50212179251241	7.51249684827687
minn1241	2.34490235860442	2.44730154750064	-1.71558547247827	7.91169114298176
misi1243	-2.7524113085959	2.36384229153796	-7.84921550874729	1.17756312425666
mixt1426	1.82041449093713	2.61667074174678	-2.80583593673604	7.77066516315245
miya1259	-0.308172324790952	2.68184783687072	-5.85183508513943	5.08710631864173
miya1266	-1.39154566009173	2.24457427443011	-6.1779526167625	2.62812225634836
moco1246	-1.76593677181296	2.38537289143483	-6.97401341044367	2.55580340939059
mode1248	1.09973607231667	2.46438179605645	-3.47050987579094	6.31212130860763
moki1238	0.298479011875599	2.54981149224363	-4.77310630046555	5.60707758621736
mokl1243	0.434340024860928	2.46510946196173	-4.25031964658455	5.70813830839786
mokp1239	-0.659854245363453	2.46957213728878	-5.80181158598125	4.16511682310556
moks1248	1.66857690967853	2.39919815122359	-2.60986810551833	7.04433619322927
mose1249	1.57887429800288	2.51009734467353	-3.04204351785535	7.09885120385756
motl1237	0.740591436650878	2.48664699764383	-4.02565249726006	6.01493351549161
motu1246	-5.48248057768891	2.76473861149043	-11.5985073692276	-0.686954154489105
moun1252	-5.16240856305441	2.81520279070975	-11.4977331061039	-0.388829798659132
movi1243	2.03877727330466	2.55517719198584	-2.36169169080297	7.76427847859636
moyo1238	-1.31214102706457	2.34285083951356	-6.3249847242719	3.02602123137644
mpad1242	1.29133502470227	2.51726702082647	-3.18799493657421	6.81492166834261
mpii1239	-0.106659917032005	2.53256086336231	-5.45032020312098	4.76232499140988
mpot1240	0.414753578946841	2.50193405440696	-4.46557286375833	5.70223251568653
mpur1239	2.55229550397497	2.62408951620851	-2.00054317612285	8.39376116879596
mual1241	0.60149065612764	2.49646930372565	-4.01819326088268	5.91374220803879
mudu1242	1.08941185919188	2.52781106002695	-3.56545719520834	6.65241872135325
mull1237	-1.09724291489171	2.54589944440179	-6.6405697218721	3.61528395664884
munc1235	0.383697830743726	2.37769377611279	-4.52082994121817	4.96042636169986
mund1325	1.35625983941092	2.4567418392164	-3.30212334390088	6.81344701925799
mund1328	0.611140471827008	2.34922644240652	-3.74105526159737	5.6020493596866
mund1330	-0.762346629865202	2.47798726446578	-6.23506114134653	3.86024518064378
murl1244	-0.232222980801159	2.58826542493696	-5.45350824459176	4.92011502125276
muru1266	-0.384238457068244	2.43193383878393	-5.43423514428124	4.27424801299736
muru1274	-0.86343519591218	2.52260205707581	-6.18046477787222	3.82218809059656
musa1266	-4.46062375837298	2.76939718961807	-10.7752615191809	0.0752192177219143
muyu1244	-0.331515806731516	2.18265570696296	-4.54806815556506	4.17677824497902
mwag1236	0.637343137514997	2.38555910632059	-3.94312694819552	5.6068513060774
mwan1247	0.139099710229221	2.71430219582993	-5.24024861077528	5.90536436958508
nama1268	-0.683063585607082	2.26584766311558	-5.40315854615703	3.76004658900962
namb1293	-1.73031199711692	2.63387740342008	-7.42649443170466	3.02897543400518
namu1246	-0.842475629497311	2.62444767136864	-6.49461230261243	3.97046514439796
nana1257	-0.146994315728895	2.67473978372193	-5.78315926627929	5.06239675887001
nang1262	0.42708573002706	2.54716529206567	-4.38194798453651	5.68173554356287
naru1238	-0.940281803278792	2.46290436527669	-6.20138084636028	3.65780203444203
naue1237	0.648344469670326	2.56820359765245	-4.1976204622196	6.19043916586847
naur1243	0.131150816461559	2.65616801231428	-5.05954614419187	5.60748823518808
nava1243	-0.986930322788949	2.51408410687954	-6.37695638385992	3.70701033538386
nawu1242	0.896537254857361	2.61832546399432	-4.09463750133034	6.48695720878147
naxi1245	-0.810989134986574	2.61068768053119	-6.46450624586889	3.99220229935133
ncan1245	0.599866967202045	2.34332596382474	-3.9601018144755	5.50128613404393
ndam1239	0.25491672266748	2.63495482569222	-4.94590444746248	5.80523449143241
nege1240	0.627140675619387	2.47238520800319	-4.04790558862068	5.97003295642777
neha1247	0.132737154837143	2.33630588764058	-4.589487718932	4.92418008243208
nend1239	-4.52437636012524	2.79214373968313	-10.87420607648	0.0155933792978752
nene1249	-0.69988877775644	2.4149524477697	-5.7984219171414	3.84673758841765
neng1238	0.356689461301936	2.66492963799492	-4.77859777848127	5.91079587020864
nenn1238	-1.80306763698156	2.64201857735077	-7.62526546466038	2.89972089637446
nepa1254	-2.33570500163912	2.39866757131314	-7.75022242087773	1.68472512414828
nese1235	1.26463655132701	2.24051350025957	-2.72417757482735	6.04809666123595
newa1246	-2.33788679132115	2.4409867612027	-7.77339410647527	1.89179752427274
nezp1238	-0.242717232464147	2.44778370457438	-5.34302508747516	4.42097157145117
ngal1292	-0.962558766038484	2.52099915754187	-6.32611703580411	3.74843325082349
ngan1291	-0.827218689736491	2.46617339489233	-6.23952810486901	3.81263051353852
ngar1284	-1.14364974519513	2.50983838709245	-6.33206058810617	3.65573523255963
ngas1240	0.935063438189906	2.41524161948142	-3.68678850972043	6.08763022096276
ngba1284	0.254535432055789	2.58473335718174	-4.77482999135751	5.78135619003092
ngeq1245	0.338489012907076	2.64860304165187	-4.80862049994341	5.99530711075162
ngit1239	1.98155569015393	2.613847100588	-2.58322820188666	7.78788211181274
nhan1238	-1.07108456034853	2.39969754416968	-6.4321479606679	3.38734063811318
nhen1239	-0.790099799657976	2.39168698364994	-5.88092885305641	3.61968814180776
nisg1240	0.998695833602683	2.5141556454337	-3.67823777326551	6.29918478368245
niua1240	0.116979921947496	2.65851669356065	-5.19074457446711	5.71558193897954
niue1239	0.10374040512667	2.62915317438288	-5.32733625963689	5.47204130367585
niva1238	1.12869851898884	2.46328804414508	-3.5101205200991	6.51447021469268
njan1240	0.551894436650429	2.3720211123053	-3.93051013304848	5.6569837659626
nkon1248	0.808574220561751	2.50294213687473	-3.99637834078947	6.07172385298992
noct1238	0.0758450328804638	2.30399084574271	-4.86429418099439	4.59157905803412
noku1237	0.956395073349628	2.45271188688836	-3.67770523918327	6.17340667509693
noon1242	0.394831396884553	2.5229463662338	-4.52498550016409	5.64671659251144
noon1243	0.463356536135257	2.32504739806689	-4.07687227582127	5.23107254295125
nort2684	0.179663758677655	2.66767063581357	-5.21105426745686	5.63024023457721
nort2690	-0.140984144259465	2.57767900998069	-5.30004389618852	5.0572144079402
nort2722	-0.632543606264056	2.55296204819675	-6.20199210956562	4.13227421861758
nort2723	-0.88787144991397	2.60060090520714	-6.39729338378857	3.84781878169772
nort2732	-0.310886067814382	2.50490349287544	-5.40279172729963	4.53465638011369
nort2745	-0.476752515268907	2.67498372870487	-6.05346960801682	4.70155421366039
nort2747	0.412343538696085	2.69697439721361	-4.9528952817354	6.0150964324544
nort2839	0.808788321135806	2.22664628020838	-3.31254696008264	5.4957885191137
nort2845	0.284244105881987	2.52968998066466	-4.57732468149482	5.57690021440618
nort2885	0.470340508865657	2.59551548457743	-4.52550845268719	5.90715373346616
nort2930	-2.76208899007856	2.67905935926714	-8.85355482776059	1.75159704315383
nort2938	-0.869707717602307	2.53584669187153	-6.18129178527892	4.08133364121705
nort2942	-0.288171148358883	2.57731177134224	-5.67815162263187	4.67421829244619
nort2951	-1.47581688362887	2.54810562608887	-7.0930846814169	3.08978369787024
nort2954	-1.42341622894684	2.5551532913564	-7.07441781553667	3.13371180273698
nort2959	0.930846488991272	2.22766786878686	-3.09663790896199	5.78236232998883
nort2961	-2.21842643283952	2.32037704183603	-7.45731949554367	1.70772868500308
nort3047	1.09963875696754	2.27186539907641	-3.06025209230979	5.97197337270593
nots1237	2.25052757476833	2.45958311594736	-1.92747941197658	7.69056638181597
nucl1235	-1.85169566566945	2.41952644417004	-7.26250193986208	2.48644582977232
nucl1301	-0.187551951150882	2.66839474358125	-5.95603633858891	5.08652369531525
nucl1302	-1.36988767305291	2.63028726168464	-7.13140353395273	3.46196068004857
nucl1305	-0.313772810772804	2.49773630922928	-5.60144127700658	4.52725891980813
nucl1310	0.531802234840746	2.24589766269841	-4.06213622443839	4.87632969315095
nucl1417	0.248777311157204	2.45913721808714	-4.55209235585753	5.5737982136186
nucl1593	-1.26088895767646	2.3620145870524	-6.27044273418282	3.05807017672437
nucl1622	-1.19181489641295	2.64076101335399	-6.93609161607112	3.6906505067516
nucl1630	-5.70395541167142	2.79059974321628	-11.8772965356274	-0.820545038213364
nucl1643	-0.3349216204979	2.62967887650747	-5.72853551666839	4.75859505806932
nuer1246	-2.07638068225126	2.53721686994649	-7.70274769126895	2.44937233760206
nugu1242	-1.71750612538807	2.3246675473315	-6.7736263024757	2.48045942565885
nukn1238	0.965219678545888	1.92326195163795	-2.74360639074027	5.12188523604989
nuku1260	0.126451991404539	2.69776020128045	-5.19178894624851	5.74169261389942
nupe1254	0.137398042184722	2.52990751739449	-4.94186929863657	5.26971417481807
nuuc1236	1.44431744884018	2.49596862448331	-3.10369239052398	6.87911069096096
nyah1249	0.355019943427651	2.67099589975574	-4.79868959531295	5.97784492889536
nyah1250	-0.0135239092476894	2.75416020391657	-5.674476079643	5.50427348083499
nyal1254	0.403682529217167	2.57346866768052	-4.56507681569497	5.84406778154682
nyan1307	0.728945875499829	2.76752827985441	-4.6307039243802	6.47982049795853
nyat1246	-0.0966066169253951	2.53014567416982	-5.18817669152221	4.94211276416871
nyor1246	1.08846277991686	2.71378304367699	-4.01619537182926	6.8749509732017
obok1239	-0.679272521564475	2.5459426824437	-6.04592259285292	4.12521654796212
occi1239	0.411194831169843	2.48601269840544	-4.36237952633413	5.73148654847436
okan1243	0.824288443683415	2.60527484257875	-4.00723654417667	6.4012156654679
okin1246	-0.364576498935881	2.56672924874657	-5.68160669850787	4.72595797788635
oksa1245	-2.23400381544351	2.68773658360059	-8.14976311268692	2.36988983084805
oloo1241	-0.486642259142712	2.22202067691339	-5.04935945539256	4.0074749785604
olut1240	2.65770271295219	2.46554899869628	-1.47730538451745	8.2786395857646
onon1246	-0.959578689330458	2.56567010230734	-6.15865251129408	3.78608040939092
oriy1255	-1.14363747798208	2.37794474907135	-6.45584864079799	3.05968307107433
orok1265	-0.13285571957079	2.61689986479126	-5.53057245162122	5.11912818099676
orow1242	0.643024848730121	2.51333677219594	-4.05650148705065	6.00067071973168
otta1242	1.21315201915975	2.42385851345946	-3.18907289461602	6.56783684961942
paam1238	0.384945694798264	2.19857663460254	-3.83151373221061	5.04273077615418
paas1238	0.765119159993774	2.56336031006399	-4.06782859589893	6.19707828299987
paco1243	0.24178282497276	2.71242772440824	-5.00396489446229	5.87392359702429
pagi1243	0.297599952388575	2.64804292006011	-4.88781295420794	5.78201934945144
pagu1249	-0.00101205647691011	2.48070291797615	-5.05523139199398	4.97835980084534
pahn1237	0.198058972897585	2.57557758910224	-4.7825347179015	5.61387852845716
pait1244	-1.39227597500882	2.43412502680345	-6.61099551403695	3.01411670738427
pana1307	2.18509742185613	2.41729540708903	-1.95680212964324	7.46949954482616
pang1287	0.388158783174058	2.54532631984426	-4.43406459047217	5.7205548845866
pang1290	0.838421946744528	2.53027708897956	-3.95084198753236	6.20725032225954
panj1256	-1.23404618758461	2.38450202091155	-6.30129641477334	3.01753282247086
pany1241	2.33303153326165	2.49757043467343	-1.96575442759263	7.92006357787734
papa1265	-3.35162853656682	2.38352811486426	-8.57817155554392	0.788679660769027
para1301	-0.0887252566631571	2.67151661091008	-5.46342182893056	5.33511876172199
para1302	1.7555174903447	2.20768623221271	-2.24411714196853	6.42975923660197
pate1247	-0.564170057179538	1.93921419594123	-4.5244663270594	3.10182672173169
patp1243	1.73797393569873	2.55457349156522	-2.8934742048779	7.24433728425261
pawn1254	1.20170128046635	2.49738040322724	-3.55110737107181	6.62447614961981
pela1242	-0.326195796895143	2.59616569144108	-5.71312973649284	4.78639712369963
pemo1248	-1.29450479577762	2.39647652065605	-6.43163809593351	3.11386765536863
pend1242	-0.13133248053697	2.47807778813071	-4.92482313701716	4.97491954911611
phai1238	0.03540605211114	2.62307006582206	-5.25666543262481	5.31132986253152
phom1236	0.498318868586588	2.108281034175	-3.67675181543875	4.81214089446671
pila1245	1.65682817706897	2.40798822881341	-2.57152035299189	6.86849665688333
pile1238	0.365989288084584	2.64091020284672	-4.81585059280495	5.85582003564623
ping1243	0.409263787454057	2.47424447648714	-4.41251759277672	5.54891195325565
pite1240	1.47688543581183	2.26962967451461	-2.56594841139576	6.47128910160857
pohn1238	0.173340486171814	2.63104766706558	-4.92457230066026	5.57002832630927
poli1260	0.786153765502832	2.3494242383596	-3.58115202104233	5.95992213046164
popt1235	1.34976345730393	2.51498821365636	-3.13748093822568	6.84544401954359
port1283	0.402158681647506	2.52692522127599	-4.27996009970934	5.86578656811597
port1285	0.65361326486632	2.13839472200171	-3.40084153085901	5.22312451993306
psik1239	-0.11104048640744	2.08346359212533	-4.3472257754279	4.00846098297207
puka1242	0.229953458607223	2.56753500955586	-4.73189126520952	5.50643696091595
pulu1242	0.138769695676506	2.64887374300899	-5.0799870281588	5.61348290370811
puoc1238	0.0820160811626059	2.73128132771151	-5.41244461515941	5.7125719562447
pura1257	-2.73161015174087	2.69716386719903	-8.68918813337422	1.81048503336437
pure1242	-0.76904573623002	2.43298825850774	-5.71135565820665	3.94347892910813
puri1258	0.167638202770894	2.42338137628997	-4.98042771018665	4.8526730738979
qima1242	-0.573585268145424	2.56510269902687	-6.03899516978873	4.35790233171142
quer1236	0.735010321289647	2.49841899513745	-3.95634053939148	6.10085287331472
rabh1238	-1.21856977706857	2.56963344512288	-6.67808420339668	3.48993609879289
raji1240	-1.66359140517635	2.49346970596767	-7.07469754838938	2.7222790727976
rapa1245	0.238832464751311	2.5957015243718	-4.76605956078249	5.74311746183639
raro1241	0.120028524141585	2.71217507509928	-5.18821120868525	5.77427323806757
raut1239	-1.47812773677398	2.50964811450172	-7.05561283122715	3.09019699627032
reja1241	0.404580379305925	2.47452103827365	-4.23647588944021	5.81978059437391
roma1326	0.623010713757787	2.48074778850863	-3.99473052268861	5.86745243194198
romb1245	0.594304925941415	2.58556860645672	-4.35724721506266	6.23047509200888
rong1266	-1.60404563794401	2.36876434156151	-6.73775506647103	2.70862053886595
roto1249	-3.17385567355496	2.35419605695229	-8.27363026794033	0.902448733809409
rotu1241	0.172572832875325	2.6298207467888	-5.08869879703776	5.67634819528537
rovi1238	0.809785792888039	2.41491624531781	-3.66926395603608	5.95434521714223
ruch1235	0.8044260056816	2.72011957728377	-4.52110757348208	6.43623959438302
ruka1240	1.07150719618461	2.5077977786115	-3.51727415508109	6.38549113376488
ruma1248	-0.0678306798975252	2.58552106981508	-5.16941199420083	5.10088667934253
russ1263	-2.86203269538727	2.31018890130544	-7.94355965521466	1.00432021518128
saaa1240	0.826723461998975	2.56856446020443	-4.10002539155893	6.25821088371197
saaa1241	0.893557181578859	2.32932798683032	-3.48091655495895	5.84249528269145
saar1237	1.21617455694431	2.47846204046743	-3.33959689061795	6.78897684074457
sabu1255	0.410005316321421	2.61751980902763	-4.67564501040581	5.96560559258241
sais1237	1.0957592099583	2.44199936389676	-3.44563657882086	6.4214182532811
saka1289	1.16974008792139	2.41172562214335	-3.34225187783864	6.3938397580624
saka1291	-2.68729360489967	2.42474635606668	-8.08329608696393	1.42430302744028
saki1248	-0.74748896311404	2.41192792084353	-5.76339527137224	3.93407477296785
samo1305	0.27903799543892	2.5628916576126	-4.70672741743366	5.78733264146898
sani1269	-0.320067379401943	2.46101523135654	-5.57826985582648	4.45082814648722
sanj1284	2.18553810246374	2.70106176186247	-2.47425889816076	8.28042914964431
sanm1289	-0.535745463876519	2.53286666705794	-5.95471372124619	4.24158449827225
sanm1295	1.97490570533277	2.68456832899523	-2.75048302111465	7.9424647308513
sant1436	1.70334398667535	2.6825139174041	-3.08312273561724	7.60774045991967
sant1451	1.6898610005065	2.608354561306	-2.91510782306386	7.4646594211955
sanu1240	-0.796779346802231	2.53581271944939	-6.26883115182958	3.93365643336916
sars1236	0.126311028302039	2.50876072149815	-5.02395207872369	5.10261849649254
sauk1252	0.191240737959104	1.90742640138311	-3.58492771212473	4.19815067895104
saur1249	-0.991850200310135	2.56317154493799	-6.43815124241409	3.76005279373439
savo1255	0.814743730763231	2.33598712588203	-3.61786237272444	5.67230849141771
seda1262	0.419580727589421	2.66111204761638	-4.72575831513903	6.04547211792851
seim1238	0.0445039851702364	2.64443709859363	-5.16089193321068	5.5059889677106
seke1241	0.950565886034623	2.33256860419812	-3.36416209303171	5.85356012101684
sela1260	-3.02479617463426	2.50613980303887	-8.52380957080628	1.06139648068089
selk1253	-1.21399834151651	2.36711997800156	-6.62485246358726	3.03724358455019
sema1265	0.32324732130045	2.77799706878026	-4.97542856294202	6.0651222220185
sema1266	0.412372185542356	2.6292974597064	-4.59187446652992	5.7653266692647
seme1247	0.486418585443157	2.56394544301033	-4.49754365807773	5.92528325410687
sene1264	-0.898491224031217	2.63705556454062	-6.38475670077962	4.08142467773795
seri1257	-1.12345134800511	2.61481463402422	-6.82657426185382	3.77185655544396
shab1252	-0.465892695118695	2.71550025081383	-6.04055731257428	4.92077392916911
sham1280	0.22567519207647	2.70585539807319	-5.02626756938672	5.84499224753686
shan1283	-0.510279952967976	2.63281060480766	-6.17041954425837	4.38480511409537
shaw1249	1.87706057498454	2.32591441787025	-2.18341224971313	6.99501768929067
ship1254	-0.397579005984076	2.5316184565563	-5.78458947068855	4.51262022386804
shix1238	-0.848999660379214	2.68173676879556	-6.59282515704524	4.17137184048003
shol1240	1.36408595652333	2.45187289646273	-3.21609851741631	6.49847183329459
shon1251	0.15004446089537	2.62953439622648	-4.90578030386987	5.63121757624688
shos1248	-0.876242941290939	2.39101066559004	-6.03575888140387	3.59408895736096
shua1257	-0.857109037830306	2.54672626446793	-6.43392658439691	3.96244243501163
shwe1236	-0.125849987959445	2.57041483405417	-5.2790295468417	5.06136844312977
sich1238	-0.796058881453101	2.62149327365041	-6.36089123435441	3.92835653187623
sici1248	0.369975416722327	2.50487764004918	-4.31708527911966	5.81202030749391
sici1249	-3.87126061910258	2.6382762115666	-9.81667430013077	0.434646590933973
siee1239	-0.376213350594274	2.30471951337752	-4.91805404751525	4.2352806015842
sier1250	2.21968040010732	2.73891751905062	-2.48376518217192	8.1633977727165
sika1261	0.367662307029818	2.55749822989404	-4.53947876894914	5.66001864058043
siks1238	1.91884512271724	2.33144933232673	-2.20051838978213	6.99123851852013
sile1255	-4.79851510109141	2.78693917056314	-11.0855849223153	-0.189659439349767
sina1266	-5.63863710704199	2.67030773692507	-11.4264215015885	-0.841861015667078
sing1264	-0.100198226801607	2.33861163253569	-4.96062457232764	4.33529510918829
sioo1240	1.41058231105396	2.1724398844812	-2.52737032162357	6.16135590886231
situ1238	-0.720299954441828	2.59547470288363	-6.28863983024951	4.21350059598359
skol1241	-2.05763168141224	2.29450106521118	-7.23370695717207	1.89920009593192
slov1268	0.789054630364647	2.40106978281282	-3.64984853244897	6.27357656039743
soch1239	2.18673585712208	2.74223224697571	-2.58495321297083	8.18790933141134
soga1242	0.59034327096631	2.70569290051632	-4.56969941474774	6.31684912490341
sons1242	0.133387613152947	2.60760201296481	-4.95503178392332	5.47490874346094
sooo1254	0.178207844256718	2.68400977202961	-5.07123486045979	5.66213234613845
sout1528	0.761595288810007	2.35407867227935	-3.63469249775918	5.83032411992675
sout2649	-1.29552365052896	2.40798353496829	-6.46189905795889	2.9663949692505
sout2674	-2.12464021302248	2.31258076912349	-7.1218164238003	1.89876388134
sout2679	1.44476392573721	2.44474714320612	-2.84780426048678	6.93133425761385
sout2728	-0.659353753075232	2.56962383250744	-6.13417993567976	4.17882698542935
sout2729	-0.824191624637081	2.6399894903962	-6.44034970197803	3.94335216854385
sout2797	-3.04633310892759	2.27328538772666	-7.97683235882074	0.886120222541438
sout2807	0.0907735604709899	2.76647992855649	-5.26693830694597	5.86004836410254
sout2856	-2.55022177819616	2.24927458875221	-7.28618999455619	1.44691250705922
sout2857	0.722099866288794	2.20691160919147	-3.43059690087825	5.33173626999535
sout2859	0.644747924184918	2.20677350566161	-3.54591005341019	5.32740633961844
sout2869	0.342766026469938	2.31193698215352	-4.057931022072	5.17996088122606
sout2895	0.478743339617471	2.46063478050682	-4.20807044447749	5.67768505667447
sout2954	-0.318445497671975	2.47677172082659	-5.58894332277083	4.35311324232518
sout2956	-0.950598276397265	2.54841760872608	-6.29846905972015	3.90963849858164
sout2959	-0.281505316270409	2.61138695679724	-5.72032393417604	4.6850784661427
sout2976	1.16485066092551	2.27103143308927	-2.94640241182673	6.14957866259274
sout2985	-1.59778274077544	2.4768878140182	-7.01662851322853	2.89228757366026
sout2994	-0.932723468554986	2.55604231793357	-6.39613067325026	3.88185686806571
sout2996	-0.93020269875664	2.50171043584057	-6.14142012363886	3.81758563492421
stan1289	0.398988799240685	2.50118400978051	-4.32028704008729	5.62562109778905
stan1290	0.429838334525152	2.54393559508919	-4.39140954848432	5.7886425616035
stan1293	0.666149714954042	2.43438076651161	-3.92467112998679	5.98587362109864
stan1306	0.625213341657052	2.48449681048145	-4.01616441476279	5.8506729787916
sude1239	-0.320127028636584	2.13897571950572	-4.56638249060849	3.91659388778812
sumi1235	-0.278913376735049	2.1496690228649	-4.70128509852483	3.84150090751069
sunw1242	-2.2372919026424	2.52195377859398	-7.80620702288712	2.10940799835105
supy1237	-3.89049050944055	2.68047382586187	-9.99275264713389	0.565260442655865
surs1246	1.46409593760914	2.50765975155609	-3.08025482055071	6.96044466497012
swah1253	0.340976851661692	2.61842322134833	-4.62742775095483	5.85385329620397
swed1254	0.336310300530503	2.47099355820975	-4.31051791782622	5.62060811491507
taba1263	-0.102764542740577	2.46297131653054	-5.29729328998214	4.81145732040535
taga1272	0.735912378489126	2.49053261162139	-4.02215021387222	6.05904364968239
tahi1242	0.0847768695655555	2.69758740624721	-5.18250568254493	5.64421751851424
taia1239	-3.81672680822346	2.63224581199187	-9.67970771659808	0.614368326028657
taji1246	-0.158842407545597	2.4848108424989	-5.10996902529806	4.80820221821973
taku1257	-0.417212652888548	2.58944158830258	-5.49926330343231	4.95859412221853
tali1259	0.924207189190298	2.29321060459598	-3.34605559524569	5.74454434974271
tama1365	0.809915019148244	2.4903204425372	-3.89963582181328	6.19196541204963
tami1289	0.0382262558377739	2.44006776734788	-5.00377983131255	4.88224704437485
tane1237	0.527507420855806	2.55799821862372	-4.32890238416813	5.94003375478439
tara1313	-1.44685937050074	2.35206043520385	-6.60963401594	2.82875391753989
tari1263	0.589362505272217	2.57425533469595	-4.28636621502039	6.1279408828757
tata1255	-1.33837968177097	2.50117373062348	-6.84515141301572	3.22341309290937
tata1257	0.579205798500541	2.49945895783153	-4.20822507894891	5.91457129530306
taul1251	1.86465936681291	2.49008472238452	-2.57813067243896	7.31596944637709
taus1251	0.462462332021414	2.53906795969601	-4.33952568411448	5.84244306604709
tbol1240	0.794120893913304	2.38975444868081	-3.56962154515398	5.87198879254933
tean1237	0.536604427935891	2.53723698092004	-4.27628395435742	6.03923407390371
tedi1235	-1.0520916404076	2.48820533157638	-6.36738328915504	3.56666202085787
tekt1235	1.27018864154954	2.50421234277807	-3.26021583156577	6.68550687500442
temi1246	0.278631681715166	2.71438840865008	-5.10770014543302	5.80610662051729
tenn1246	0.178017178361043	2.64247514726337	-5.11501413166049	5.64408762021543
teop1238	-2.40739228862581	2.22088421276385	-7.25246502739782	1.60750135931434
tern1247	1.20194114845275	2.51166594367813	-3.53224082647921	6.54151470617796
tete1251	1.90217575799754	2.44515540192448	-2.29807349326351	7.45901521960536
tezo1238	2.01530724123592	2.63725807417644	-2.64829306229842	7.7897254690151
thad1238	-1.42612896675706	2.40542307959622	-6.6223444892811	2.93778313783143
thak1245	-1.83341506788965	2.53998118014774	-7.53474398429411	2.6596390425218
than1259	-1.62573138366569	2.54890327909671	-7.1995156178992	2.98557716123815
thul1246	-1.80068827831646	2.46830665875713	-7.27777303311658	2.58750274084896
tibe1272	-1.16991183244142	2.565069801198	-6.55560528864989	3.58855184600366
tief1244	-2.48129614297946	2.19639739864453	-7.22396421614445	1.4273889345533
tiga1245	1.65778853150922	2.57516476773793	-3.09651482187477	7.38128222582191
tika1246	0.0609671791973004	2.38671267823807	-4.67780189115031	4.95523903812793
tiri1258	0.5867119877125	2.57548182533706	-4.3159838018127	6.04474328881804
tiru1241	0.790949397961474	2.4743236160776	-3.90715025816078	5.96986038380306
tita1241	0.463363634477019	2.35650968750176	-4.02004023682174	5.63368377741308
toab1237	0.88943010677521	2.50904218023123	-3.76729236042	6.1712645993734
toba1268	1.7932997665824	2.52131475717571	-2.79802370087728	7.35837149446535
tobe1252	-0.154980151794763	2.45144905094742	-5.20265589533456	4.76422219753454
toho1245	-1.77160666502442	2.40800974520949	-7.20612239373052	2.40115560809416
tojo1241	1.21266210116835	2.57525394593806	-3.61307038586638	6.82268639787727
toke1240	0.259067365096875	2.61743254227404	-4.6559747745367	5.76576858181182
tong1318	0.146760121808979	2.6237495989991	-5.15816485756947	5.70701273250456
tong1325	0.250394247780554	2.5637386048222	-4.66945009513201	5.59657374566672
toor1238	1.41293923875169	2.68541976751772	-3.29735965013534	7.36548020496284
tosk1239	1.35820538127817	2.36951060713695	-2.81305723512999	6.69538718498946
tote1238	0.029657451088944	2.63345613964574	-5.09646316905733	5.3609602164329
toto1302	-1.54823289512813	2.43993429660918	-6.74152969130491	2.85140521238378
trin1274	1.49844788460623	2.50058255676163	-2.98722415129939	7.20925806478904
trio1238	1.59891278543905	2.35714798561873	-2.64741554293757	6.73919702280246
trum1247	-0.381482393639312	2.3572921412216	-5.41384643955925	4.13733788156137
tsha1245	-1.42216941089773	2.47118952605871	-6.80540794317205	3.04135992098605
tsis1238	0.400456550622449	2.39510301840172	-4.19012404949906	5.32375748717011
tsix1234	-0.219040131558441	2.60424384038353	-5.54581391357811	4.9607930240507
tson1249	0.103423487473331	2.66408476860241	-5.25129021592123	5.57333618223662
tswa1253	0.574585033563695	2.63262115673094	-4.51741077144267	6.14007206448017
tuba1278	2.4792218571704	2.30187437201004	-1.46734188447021	7.49958752616851
tugu1245	0.71329912609163	2.47895061851154	-3.97368680079517	5.96316138264013
tuka1248	0.230594931037591	2.5579708453297	-4.74420509779996	5.50653835437749
tuki1240	-0.968283722435161	2.3332751834805	-5.76144013173683	3.53762172981391
tula1252	0.950727303665972	2.43615177839749	-3.55854217809566	6.22035430950877
tune1261	-2.89877894043203	2.49532590576319	-8.46662168606276	1.25513493424047
tung1290	1.10817723260082	2.59262029243968	-3.69693725988378	6.64729312165211
tunn1238	-0.788790121339261	2.41635042852599	-5.90140274316327	3.68406578897224
turk1303	-0.290060996871615	2.69436704291639	-5.75714303713964	4.98115602257038
tusc1257	-0.807879747512371	2.53690608669975	-6.13585636920424	3.97068346498717
tutu1241	1.30163121678046	2.30096025930113	-2.90479436190528	6.19746125373701
tuva1244	0.116371314385673	2.68032761562818	-5.09869304116944	5.8359108897458
tuwa1243	1.17227697555274	2.46788556481181	-3.31720789811749	6.41957221559455
tuwu1238	0.838016439475432	2.52205671331944	-3.95907837829672	6.17719332676365
udih1248	-0.18523678939802	2.70728982817743	-5.80939581047928	5.09286642478531
ughe1237	0.779226951546812	2.47853325610392	-3.80830838083158	6.09165090699501
ugon1239	-0.160693695831163	2.61954313335839	-5.74735216310754	4.93160733220984
ulit1238	0.217733815209208	2.69420497262688	-5.06892087081375	5.69562064497358
umaa1242	0.220627196764285	2.52108613929557	-4.62813136577503	5.47101027928011
umbu1258	-3.19747055358591	2.77099636900359	-9.32259496374582	1.42729753630243
umes1235	-1.15464425076065	2.21915664599966	-5.94603978804748	2.81252728110595
unua1237	1.02980192585077	2.13290739403037	-2.85113142920678	5.47045926682386
uppe1275	1.7494118287504	2.60158816702999	-2.87550760332624	7.39706780998844
urar1246	2.07055465121431	2.51713700030951	-2.49722621404016	7.53549892098513
urav1235	-0.633995492538268	2.32112342272978	-5.13429270935523	3.91621546927912
urim1252	-0.646001790810177	2.28070300499134	-5.40003024194018	3.82416403038441
urni1239	-0.912068871073095	2.61702727372724	-6.6015283007966	3.98779545645842
utes1238	-0.785681661188958	2.42218045165148	-5.98259107950363	3.73801200925313
vano1237	0.53709676169951	2.53462303566688	-4.13341450568072	6.02732729550866
veps1250	1.0632876331317	2.39263162589957	-3.14033032798096	6.27107186760555
vera1241	0.83023899728389	2.47146258877609	-3.76264133226862	6.16168823452991
vinm1237	1.10512208961517	2.1584287462428	-2.83778203086391	5.66993448510177
vunj1238	0.199343996603398	2.66204535182997	-5.10798179572156	5.59666321233284
vure1239	0.83163937447332	2.47003207266874	-3.75947108454576	6.12810878208234
wage1238	-0.818417294924026	2.58554639090468	-6.30154712134951	4.10781388058398
waig1244	1.15814816562717	2.55430664495333	-3.60381443836543	6.71786355279202
waim1251	-4.40893971766078	2.66385143943831	-10.3169815284883	0.0362418296164643
wala1266	0.998279006672197	2.40010446516406	-3.58414231581435	6.11773461200401
wall1257	0.304391712714351	2.61469616015579	-4.73922708640439	5.97430036200027
wamb1257	-2.26279872861246	2.49442699556845	-7.7766408573618	2.06262621018745
wand1267	1.16013631680162	2.56329518038501	-3.48948049003069	6.74967546872418
wand1278	0.864907025147753	2.33835724525499	-3.61405722276022	5.81493830876086
wara1294	-1.6192137168989	2.67679414520845	-7.45952894736158	3.26122173679944
wara1303	1.06760108271207	2.49423919891179	-3.59137069690952	6.43860989829534
ward1246	0.830573121584371	2.61672872144262	-4.10245695086144	6.45318326471394
ware1253	0.138112187539113	2.41863848882703	-4.55360253606202	5.1197759679528
ware1255	0.856050072402758	2.38727380997107	-3.5321279062275	5.92340310714988
wash1253	-1.63865176483729	2.50449212319153	-7.18853824041962	2.81087888840718
waya1269	-0.68189595299693	2.33614640818035	-5.67404465211199	3.74691580137319
wayu1241	-2.31208670006557	2.53531913023966	-7.95013457711097	2.10260277177855
wels1247	1.10784546000652	2.47186210457736	-3.37313821513036	6.64512165862569
west2354	0.705760504282267	2.58925376840067	-4.08802480987687	6.32589567156646
west2369	-1.28040972487158	2.45395091947063	-6.57833746492532	3.15320873072804
west2396	0.883509081876574	2.62386871259241	-4.17748055027338	6.33247644417685
west2397	0.176909069284286	2.67927273733677	-5.03066028253012	5.63198294440202
west2415	-2.32696083013285	2.38858801337628	-7.82773364567808	1.70784295151976
west2418	-1.98084659861525	2.49563911451239	-7.5532864786132	2.365612062624
west2430	0.0462917663078301	2.55355395146103	-4.98817451377282	5.27517044095281
west2516	0.399858793523133	2.51406406595462	-4.42732375319792	5.57984577941507
west2519	0.212556496299867	2.65989669117465	-4.9645082151017	5.89232931284602
west2557	0.506561630738785	2.62412776646326	-4.43321922583247	6.18528787642878
west2560	0.638941608341109	2.47213597228351	-3.93818458597923	5.89637124038181
west2594	-0.827115019091524	2.51599212851143	-6.04542913277501	3.77397941200566
west2615	-1.1271383858537	2.58127189909131	-6.72311064102879	3.69659651377308
west2635	1.35094134045655	2.49127297607762	-3.20682322769586	6.80235992091754
west2644	1.68556172080465	2.67193580125247	-3.0972292023067	7.4362516697253
west2650	0.248172886272273	2.6522431277963	-4.8780916487616	5.71817875295421
whit1269	0.313140587999655	2.30500531906509	-4.08025912637104	5.16539115064223
wiru1244	-3.15998764494277	2.75144140506573	-9.41111480230089	1.39744058854337
woii1237	0.494907502614502	2.56408139065438	-4.45718391745242	5.86786042892541
wola1242	-0.88932371196963	2.62546380064355	-6.4567400550981	4.144977398274
wole1240	0.200866156907793	2.68101900916715	-4.94598598104246	5.74361713116683
woli1241	0.0244078070637976	2.47705539287126	-4.67621968563033	5.18142088053723
wuch1236	2.14590019237667	2.43619419902845	-1.91699782156413	7.86160620309684
wusa1235	-0.53494061846123	2.52355924144842	-5.7904321891606	4.21161984812603
wutu1241	-0.309485641356476	2.17771490388358	-4.90074826732369	3.90606919889602
wuvu1239	0.068888969167444	2.56410136961112	-4.97819287120472	5.48360718560471
xamt1239	-0.665284279454186	2.54303307174879	-6.03598579799591	4.04212888882987
xara1244	0.59787447466363	2.57113991677657	-4.26987402488384	5.93725779371056
xava1240	-1.02713062955634	2.4158952907872	-6.3706070696815	3.46173468367823
xish1235	-0.608622795463139	2.60718985644634	-6.3265971251684	4.38402819025424
yaka1277	0.631394997895479	2.51594164338476	-4.1564337806628	5.938060315081
yaki1237	-0.443651826080614	2.51818134116662	-5.77838903311045	4.33951503535242
yako1252	0.353822006326535	2.59231854751941	-4.75073048532776	5.84846109860278
yaku1245	-0.0843670580940345	2.73894253584225	-5.74276600224893	5.31935526029428
yale1246	-1.45733172951112	2.41760332513834	-6.61841154160578	2.94067267770001
yami1254	0.712866780555136	2.47686316318736	-3.99243540283177	6.08133797371208
yami1256	-0.511688476512685	2.71254184697488	-6.35764176881219	4.8128291511405
yamp1242	-1.92963417733313	2.51931821745818	-7.38585910775028	2.58690852565864
yano1261	-0.817526934945305	2.50289690907931	-6.22755394137278	3.9289810358566
yape1248	0.242358916195068	2.62140414950994	-5.0384313826941	5.61619489441293
yaqu1251	-1.30427436784324	2.38637706768718	-6.73774641617127	2.84217739568455
yare1248	-5.34247368703658	2.7163198509181	-11.2991736139292	-0.648228238328573
yatz1235	2.19485699006311	2.74870283312114	-2.65962642473347	8.2693232549226
yaul1241	-3.40778140169396	2.63215543277045	-9.18302536131063	1.03233159846831
yaum1237	0.498854794901243	1.87929805996546	-3.16958225704706	4.46263526490795
yawu1244	1.55142121861823	2.55955610152352	-3.20912782886505	6.98901759742986
yecu1235	1.8328637005627	2.62721709175714	-2.79948688192647	7.4377241013552
yems1235	-0.759315885316135	2.52251182339839	-6.14170421961767	3.96075831778849
yind1247	2.70323519379109	2.47073827795218	-1.43571487342359	8.32549425216614
yoga1237	1.13554647008924	2.46579178599823	-3.33668418664023	6.59026706042728
yona1241	0.0943967738869807	2.52528632432902	-4.96709234249299	5.13607544587276
yong1280	-1.89210572809479	2.69436995805965	-7.82876160798388	2.89901376166712
yora1241	-0.28526788694675	2.58307934711857	-5.54614976071804	4.65060819940097
youl1235	-0.349880797471929	2.53995001576255	-5.66865761922733	4.49948970280196
youn1235	0.561791927312497	2.65462675046989	-4.61394639341703	6.34150666760242
yuca1254	0.969639970059585	2.46066168544529	-3.55171663127068	6.14498924336747
yuch1247	-0.891024486676699	2.54945147943434	-6.34310904286546	3.84958330229161
yuec1235	2.26619507930102	2.37700884645498	-1.79211641069888	7.68808665060891
yuqu1240	0.091939154729275	2.00029105313324	-3.78896465503248	4.21540319819932
yura1255	0.291957276302159	1.99624772877802	-3.63574846104242	4.40368771554799
zaiw1241	-0.365728141705705	2.60865894369605	-5.81964488359821	4.67409088141581
zakh1243	-0.803355911324547	2.54889945765136	-6.29784728736771	4.03914507123565
zarm1239	-0.424670265390965	2.70099548351602	-6.07492967633462	4.85845802062825
zaye1235	3.6141673123446	2.60531203043802	-0.750620420658776	9.3020091790536
zays1235	-0.922116151671575	2.65541975049989	-6.62552935731421	4.24212955470067
zuni1245	-1.25847356117439	2.49222351381293	-6.6157592551312	3.29703140141829
