Estimate	Est.Error	Q2.5	Q97.5
abar1238	0.0206624637075809	1.03253422356773	-2.08613815085092	2.1936397148381
abee1242	0.000993696617157199	1.0450104028364	-2.29437191795315	2.18493436545446
abun1252	0.000483648385029992	1.0718228595767	-2.27501117915824	2.25706402599027
acha1249	0.0434522683410632	1.0252714707321	-2.04663972454707	2.44061515918866
achi1256	0.0190177498899935	1.01397069429994	-2.16090867656409	2.15828961431437
achi1257	-0.00666776344160735	1.02452008959451	-2.22167168087636	2.17130178411911
acol1236	-0.00811736614645823	1.01773122518272	-2.28749486522077	2.20342442276175
adon1237	0.00444978168236968	0.98933878594654	-1.96994406737756	2.2230254378709
afad1236	-0.175450969335445	1.03512965136474	-2.72487915744577	1.75131576703152
afar1241	0.00353937172879377	0.996292010748706	-2.12317205153562	2.16661230953495
aghe1239	0.0119133362131647	1.02781868119358	-2.11814678010876	2.14948972477812
aghu1255	-0.208428879056694	1.09285526239296	-2.86475344257434	1.65433308752946
aghw1237	0.0258007151042762	1.00442667198431	-2.16582976807964	2.24721859139098
agut1237	0.00648793916074125	1.01444532186884	-2.12438871896711	2.24918514469007
aheu1239	-0.0034514205274544	0.97207119853067	-2.07352134209731	2.06488785594024
ahom1240	0.04058617261575	1.01499756777907	-2.07583134090686	2.29556251024858
ajab1235	0.0226317659091422	1.03002860831951	-2.01772142562685	2.2852680247373
akei1237	0.0243431145228062	1.0257431560278	-2.24599049026175	2.26729306362706
akka1240	0.011531673664608	1.04817970092853	-2.32539413813968	2.25116250946185
akoo1248	0.0128734158959687	0.978589470509346	-2.13651547830811	2.26228147860595
akun1241	0.00546590141128933	1.00540693113487	-2.15114123045393	2.04889189504951
alab1254	0.0402152775620108	0.998357153571723	-1.99422117561273	2.21148559584459
alac1244	0.0259052983593458	1.06100797686672	-2.16798868959852	2.23197273941074
alag1248	0.0185724056620408	1.06051491683319	-2.17552015001503	2.3869777011599
alba1269	0.0058198046730029	1.05415619004395	-2.26540979758699	2.22910824222187
alor1247	0.00965207266582697	1.01393579093872	-2.10890301467441	2.19880184312104
alse1251	0.00633808779187216	1.03572804695685	-2.21834088336458	2.27600381981491
amis1246	0.020712119741154	1.00789895194292	-2.14218166768179	2.20320083961659
amri1238	0.0160110903750079	0.980482110620285	-2.14383005785023	2.11062045518548
anci1242	0.00184212607453892	1.01695170216948	-2.25798068685279	2.2244025983987
anci1244	0.0140338006614719	0.972047418357535	-2.05938816945497	2.11365414449513
anei1239	0.0112730086034968	0.972802005331391	-2.19218778220337	2.14361601885767
anfi1235	0.0220209576357071	1.01033265401212	-2.12322346196632	2.34835771359235
ango1257	0.0101049087432765	1.01605226161327	-2.08292811238227	2.26307714520561
anuf1239	0.0066879301328637	1.05688603415943	-2.21258106664882	2.24651072389635
anuu1241	0.0248093979834408	1.03081691903628	-2.16252180984881	2.27425387847025
aoua1234	0.0182888358165833	1.0526766247683	-2.26124465681092	2.27506822827424
apat1240	0.0642115377938089	1.02565364774959	-2.01892929550002	2.35332712355788
apma1240	0.0450877332264343	1.02027609163046	-2.06124886458855	2.26372252040729
arak1252	0.0296549023041862	1.00840472266592	-2.16971884678599	2.19421139509772
arao1248	0.0195082218020439	0.997686586180841	-2.20226513310598	2.18391986012889
arap1274	-0.00861076466507696	0.996854587690276	-2.21541738338453	2.18821090069191
araw1273	0.00281482063580099	1.0270057674948	-2.12545246780226	2.18331964786325
araw1276	0.0269478737239227	1.07682736158903	-2.10200940417271	2.30205516261432
arbo1245	0.0268008066350688	1.01085553516846	-2.07268132205306	2.30142000074708
area1240	0.0200396816545102	1.00197201542708	-2.02982147270922	2.24397025035145
argo1244	-0.0103635815943433	1.04714364848542	-2.30731397339521	2.18311175182965
arhu1242	0.0247520662269685	0.937418940273279	-2.02363190657525	2.04670689928503
arom1237	0.00183030731387767	1.03099232569711	-2.22623016623699	2.25317581042896
arop1242	-0.139860297357722	0.997390227276893	-2.59724714760846	1.68138257780681
arop1243	0.0545122898057636	0.985210220641126	-1.88335752867533	2.30490914182733
aros1241	0.0120057428985936	0.991581083693311	-2.07457291857309	2.27019857906855
arta1239	0.0424821182732977	0.999978057295444	-2.02932158759074	2.36689829158458
ashe1272	0.0410849329126592	1.01106333601838	-1.97744767727278	2.24398950085886
asur1254	0.0167589378590044	1.06413044241008	-2.12749065625345	2.33579749430271
atak1252	0.0138747980885426	1.00876888479405	-2.10540141973835	2.15483232060697
atam1240	-0.0145887555043255	1.02027161310546	-2.21914657151294	2.13508884767084
atay1247	0.00819975449544763	0.98798480409339	-2.1110246760107	2.15358621338968
athp1241	0.0227872279793669	1.00692757357379	-2.01163179234388	2.16638759297368
aton1241	-0.00185373501342953	1.02802094756396	-2.20093852320937	2.17396602145982
aulu1238	0.0428301121683285	1.01034459756967	-2.06545086443456	2.33218087464359
auye1238	-0.0225009462275246	0.984624113554041	-2.24859461575817	2.05100048182201
avat1244	-0.00517012820286684	1.00010717498576	-2.25715185388533	2.21832831719258
awad1244	0.0681590463846523	0.981165458843631	-1.92756139288853	2.2067893273529
awet1244	0.0256407179379483	1.01878162825941	-2.04353595956866	2.38074981037832
axam1237	0.0411409163987743	1.01446530091299	-2.05220250581655	2.30944244609835
axiy1235	0.0318545107525932	0.99951379978529	-1.98508454240053	2.1950739165289
ayiw1239	0.00799739999236656	1.06086047035965	-2.16023654392923	2.28283764754625
baba1267	-0.0016297922012204	1.0122887024127	-2.040781870543	2.12636985870817
bafa1247	0.0171292627048491	0.981645632000242	-2.08039557872146	2.18802808670498
bafi1243	0.0086853499951602	1.01762496859357	-2.12522808591384	2.17141124895807
bafu1246	0.0141309264710153	1.01527774365436	-2.07369899520447	2.20897268739896
bagi1246	-0.285600811751053	1.08596486254273	-3.16970166550705	1.3844420377579
bagv1239	0.0274050448919395	1.02247660084231	-2.05717908155961	2.2053369690081
bahn1262	0.0212539545718699	1.02303061602034	-2.09069302856469	2.33332576552405
baim1244	-0.0243765599299552	1.04234461797375	-2.27054010585579	2.13327108264599
baka1272	0.0089781657227819	1.03103328172344	-2.21375199922423	2.1610808710446
baka1274	0.00254733142682344	1.0139968497456	-2.12882582627418	2.27336213296055
baki1244	0.0381220724643546	1.0564274579412	-2.18890465677134	2.26294368687792
bala1315	0.00215299092396693	0.996472986889074	-2.10172666972609	2.1298623895551
bali1278	0.00167853949797438	1.0092430337261	-2.14621171303942	2.16624896591857
balu1257	0.0101650478357822	0.978885866742903	-2.03489651680961	2.15030814442373
bamb1269	0.00445547792835961	1.06091636868721	-2.20014100478178	2.16965195944836
bamb1270	0.00916640269077031	1.05155489583751	-2.11219446336147	2.28214472542096
bamu1253	0.025040715126818	1.03410130145104	-2.23204158807528	2.2044828238511
band1344	0.00751655790376247	1.03491999382942	-2.18005678013684	2.29716316991571
bang1354	0.00734665114310403	1.01442179697228	-2.12808521100835	2.15056815857533
bang1363	0.0324501486058883	1.08960147940977	-2.17916504496613	2.37171656538062
bant1281	0.0251129937947202	0.977753369112275	-2.01064236140581	2.13836072624998
bara1361	0.00792937729185653	1.05920653682698	-2.18866394951298	2.24522812361215
bare1276	0.0203303277527853	1.01786344199419	-2.05454948533395	2.33509476708557
bare1279	-0.143421880938122	1.01488706528808	-2.55401739455916	1.75127344257908
bari1286	0.0451116308659979	1.00002346870513	-1.95061853214422	2.34949752926222
baro1253	-0.000248553671630367	0.995627130839475	-2.14529840928906	2.10623252093351
basa1282	0.0382532176029863	1.06573174736821	-2.07790440168497	2.45649143112962
basq1248	0.0160446026310437	1.0216103655407	-2.19141627862837	2.10994095687482
bata1285	0.0083467875045687	1.07521057567623	-2.19761753398119	2.33289739479652
bata1289	0.0141405871395141	1.04180725520889	-2.13391565472563	2.29855931418165
bats1242	0.014659117461525	0.983463353600478	-2.08418136117717	2.0898254873728
baur1253	0.0016629531161609	1.05725697247402	-2.19914836637708	2.17634281258676
bebe1248	-0.00475267921799625	1.0409814071208	-2.1627789835851	2.11325345811107
beja1238	-0.00448503245781071	1.06757999998518	-2.38901072816067	2.30918312325057
beka1241	0.00796339379685529	1.02612971584543	-2.18486570518748	2.20587649542486
bekw1241	0.0217487052080983	1.03037702134636	-2.05277548563291	2.23159078246334
bela1254	0.000279699878792038	0.999502559231789	-2.24248209862191	2.05847926058825
beli1257	0.00766754418741212	1.01737413499004	-2.19445539434436	2.24262627251269
beli1260	0.0097244964757048	1.00215216934015	-2.22642274137959	2.18719431465305
bell1243	0.0131784987270658	0.958496029066274	-2.01139724137694	2.16754014320238
bemb1257	-0.00289230202691272	1.05197402263085	-2.22645534629587	2.22360704784088
benc1235	0.028556097732769	1.01515235614175	-2.11605349156239	2.38427596615788
bert1248	0.00636966347563995	0.997109488333756	-2.22575834893035	2.25420230573453
beta1252	-0.0136190414142422	0.998294294416272	-2.14538079163911	2.1425800269594
beto1236	0.0152799551663946	1.03419786532618	-2.15689095916034	2.3329463030708
bezh1248	0.0252942612443493	1.02458410081162	-2.06321080152808	2.18980463705994
bhoj1244	-0.00389951493908919	1.01205633412724	-2.21481208073656	2.08470307524103
biao1253	0.013018096943353	1.03366226150922	-2.2514487539109	2.26067268585272
biao1254	0.00900626138211281	1.01671306103407	-2.12125880240721	2.2131949957555
biao1256	-1.43819654455079e-05	1.00571471478212	-2.21007832146116	2.19923924786336
bidy1244	0.0162180678413945	1.00415732319687	-2.16090039165402	2.27788028870069
bier1244	0.0374010114086785	1.05050500628072	-2.14445157694209	2.23409785047594
bign1238	0.037114637624604	0.992402313604435	-2.08926715086954	2.19640654862963
biha1246	0.0299479852741035	1.00748440177549	-2.08891623708314	2.3084985476866
bila1255	0.0179813890157561	1.03516750955504	-2.09514834702613	2.29439923365254
bilb1241	0.0650357307465361	0.959229183676457	-1.94990856848333	2.23522549232017
bili1260	0.00892590131588711	1.02939191566173	-2.15611335518557	2.14027074316496
bimi1240	-0.157010925101753	1.04304364584096	-2.67111990608457	1.62770219513568
bina1277	0.0421375531220085	1.01807988075749	-1.95300919298166	2.26839942329344
bini1246	0.00496002834979091	1.04305803822454	-2.25343118829802	2.34258887495407
bira1253	0.0364436443895687	0.995765815206518	-1.96151692113357	2.16883308038369
birr1240	0.00618841157159091	1.05060941183242	-2.18810771121669	2.30092478621492
bisl1239	0.0214409624017776	1.04627604447844	-2.29816360890259	2.32922415493427
bisu1244	0.0415770257150471	1.00644604568552	-2.10035816653613	2.22678753130561
bitt1240	0.0472160315323944	1.02241186405563	-2.09851369911137	2.33903670350818
blab1237	0.0215157740774002	1.02554895307849	-2.17076353513739	2.20411875705063
bodo1269	0.0140767356128946	0.985288443408654	-2.14835594689147	2.07731834653572
boka1249	0.0203476331972737	1.01419481396489	-2.01494583685331	2.15423398354286
bola1250	0.0375990229939978	1.00335593099456	-1.97804468612672	2.31937493888836
bolo1262	0.0251912875368559	1.0123997506165	-2.06221326504635	2.18775517571506
boly1239	0.0176133225482508	1.00890941270564	-2.08061488436245	2.20175515795354
bomk1234	-0.00695918228610181	1.06820677908495	-2.22210143206539	2.2193170942774
bond1245	0.0162477639743447	0.984126315000811	-2.08746417347673	2.10819299096037
bond1247	0.0153959334753475	1.07248004383209	-2.29711032630362	2.21064044743806
bong1284	0.0129210950370137	1.0170725133049	-2.27869085661962	2.24667661415092
bong1289	-0.00906226790115239	1.02067908620802	-2.35899482710846	2.09482952957354
bora1271	0.0225458699300239	1.0539801468462	-2.09733770597773	2.16720159130892
bord1248	0.0110375886012196	1.02021159531391	-2.12846015696921	2.22108022154445
bori1243	0.0422743851030044	1.04659259519507	-1.94513341865204	2.24042104672042
boro1277	0.00392512350662087	1.01781366771727	-2.10043716555441	2.21817301995323
boru1252	0.0129196749157278	1.02952172494824	-2.07999341494878	2.24490068652126
boto1242	0.0307008768671452	1.02080643929177	-2.08193493009491	2.25117366335901
boun1243	-0.00469976492681332	1.05216045718448	-2.21074613930285	2.1440881230639
boun1245	0.0494496241083875	0.989826978621053	-2.01063491837245	2.18181104648786
brah1256	-0.021564789028423	1.06291625054109	-2.34457109699824	2.10526640798657
bret1244	0.0014597841074081	1.014267144286	-2.12629925972936	2.1996029859158
budu1248	0.0104873463956832	1.02753797310259	-2.23680582368267	2.21545964225231
budu1265	-0.0712467413855345	0.98993935304849	-2.32499952297906	1.9523925230471
buga1247	0.0147788848272561	1.00881227657475	-2.11436886058672	2.28265316141526
buga1250	0.0729726137739964	0.988315434444649	-1.91898106917464	2.4217913010117
bugh1239	0.0306132736045932	0.993183870705877	-2.06437982900494	2.25311700401579
bugi1244	-0.00119939537325925	1.0720339961587	-2.28031135594681	2.31112375920504
bugl1243	0.0146663530719956	1.06247662073876	-2.17507538966503	2.14267463827795
buhu1237	0.0290257727380647	1.00197955687954	-2.0190177485444	2.18620575729457
bujh1238	0.0248700549059197	0.961200624908548	-2.08677356831068	2.16608615137808
buku1249	0.0273842144248024	1.01141925419204	-2.10050336258845	2.20737112341173
bull1247	-0.00210759197797156	1.01617785879352	-2.1042765061052	2.16809611800527
bumt1240	0.0182206999607248	1.02659696656629	-2.15399397367986	2.25622720967474
bund1253	0.00446889561032665	0.99898047364569	-2.17544650243347	2.11389961230916
bura1292	-0.0313671155228581	0.962891509198926	-2.23981405307684	1.9486349259046
bure1242	0.0315824254470269	1.04796714639544	-2.09884822017102	2.31660878158867
burj1242	0.0272334643131268	1.04131425572484	-2.09783568765232	2.28426907592956
buru1296	0.00309996616577015	1.00934551555074	-2.16248571347672	2.18476002311154
buru1320	0.0151939135101104	1.04155819720745	-2.17743235178951	2.20154859577691
busa1253	0.014857710668409	0.984858448157496	-2.14760550600713	2.14748043031915
bush1247	0.00977889989790825	1.0079907377587	-2.22002252975297	2.26461459122603
buwa1243	-0.235751869174436	1.01158499102656	-2.70158559420643	1.47390970235529
bwat1240	0.0179442585728461	1.0322309236701	-2.09739358046908	2.29316303644384
cabe1245	0.00236016147272528	1.02927952382409	-2.18900528898467	2.05406990714027
cahu1264	0.00456624303090055	1.02917296762401	-2.23162050968856	2.24899661047889
cakf1236	0.0351875770534669	1.00196373366972	-2.02238237773317	2.22529038476193
cald1236	-0.0134372332809876	1.01211745074096	-2.22993619593199	2.14127082943731
camp1261	0.0201263208781419	1.0183339199078	-2.14363251485789	2.2710304329163
caom1238	0.0091283276133986	1.06326328705066	-2.2686161477392	2.22787419889963
capa1241	0.0321925410152539	1.05460191673996	-2.14766780512651	2.33069467946088
carn1240	-0.428244941473792	1.2485577906474	-3.90284844753588	1.17254319906743
caro1242	0.00128230988259206	1.03247075899535	-2.14758545606459	2.22779690132796
cash1251	0.0290464211780922	1.06625048470235	-2.06943554397236	2.29842458841185
cavi1250	0.00688328328051127	1.02641783745278	-2.21735468564691	2.14137091971506
cayu1262	0.0131010227081823	1.07019029207655	-2.27739303015844	2.28801897838744
cemu1238	0.0171765288884813	1.01504078705241	-2.0480467400645	2.24687021863677
cent1990	-0.946811810981564	1.88096800081581	-6.50654012057657	0.647151338664711
cent1992	0.0293845404607918	0.979962626570701	-2.09807608974858	2.21034930125066
cent2004	0.0276976790152381	1.0015937018918	-2.03022951466615	2.24255199997638
cent2084	0.0257115416636174	1.02072251118508	-2.0907886223922	2.31623835207188
cent2090	-0.0047423069197364	1.04348486089487	-2.26179042131221	2.31300233390381
cent2126	-0.00880733672522377	0.990097778492609	-2.14659295161772	2.15614718095837
cent2131	0.00440481979822613	1.0082434811045	-2.01813959687862	2.16765428143539
cent2150	0.0211512667598573	1.01855574339027	-2.11194472260467	2.31207999517073
cent2292	0.0363658588458555	1.01930817195474	-2.02253612204678	2.31341422554066
cent2314	0.0162218444626475	1.03946535493308	-2.18165620747004	2.21366342500974
cent2322	-0.0265945055345884	0.999324707135206	-2.27026158190485	2.17057471063286
chad1249	0.00783017884700379	1.0340283315859	-2.13910603998813	2.27977109302993
chak1270	0.0112115554413367	1.04023410673823	-2.17630301874757	2.22994131369488
chak1271	0.0135542737003716	1.02718578140246	-2.16214058417366	2.23864580015139
cham1309	0.0262452389249702	1.00211005583091	-2.04049329682068	2.20782226328963
cham1312	-0.00552840921006902	1.01286020620109	-2.13372230081821	2.28498991362853
chan1313	0.0592800560965994	1.02046639113001	-2.03754048267701	2.32009517061331
char1269	0.0294081046543024	1.04694499702108	-2.15027200417986	2.28576756230551
chas1234	0.0290010941066659	1.02890184425762	-2.05865315994705	2.26660225142702
chec1245	0.0227178665135465	1.00359648060884	-2.12634502538788	2.30686097565931
chib1270	0.0154869295399801	1.04102861197413	-2.11223759265116	2.36334974405228
chim1301	-0.00316395681345681	1.01970653658477	-2.16339089874496	2.0328781902333
chim1302	-0.0010116409424498	1.04843879994394	-2.24123517105741	2.19757730919119
chim1309	0.0086598586931483	1.00029659774449	-2.12901467776155	2.25472815883285
chip1241	-0.0140069538013844	1.02034934938931	-2.23919722959116	2.19767930242523
chit1248	0.00677959026534458	1.0756579128061	-2.1850523278921	2.25867185570822
chon1284	0.0183166765524497	1.00929659377028	-2.15538243798194	2.12548465117384
chra1242	0.0248831997249931	0.986243074865507	-2.06015851715314	2.19425253081946
chug1252	0.0333103210190934	1.02583216026108	-2.07823857108233	2.27829458782632
chuv1255	-0.00351105201667473	1.02929125387487	-2.24528581319477	2.32270909360903
cici1237	0.00445592085464471	1.09054771097355	-2.25175945305682	2.17839880129773
clas1249	0.00178134188434836	1.06047317330062	-2.18245908579375	2.23487936458528
clas1250	0.0205674703627313	1.0248983068795	-2.03064396378458	2.17344259750474
coat1243	0.0403607929208959	1.0162973096436	-2.02597257859393	2.27738403063274
coca1259	0.0159916352455035	1.0053647408417	-2.11725115033017	2.17463977079183
cogu1240	0.0252132760579537	0.95088688384932	-2.05143225079967	2.07890432881525
colu1241	0.0136059756766948	1.04997148842515	-2.07838734797619	2.20727523368846
coma1245	0.0160219351946533	1.0409623098243	-1.96600181890927	2.25366995168479
como1259	-0.0108036872335666	1.02146439963853	-2.13663583190952	2.12895970540243
cong1236	-0.00512467069367118	1.00468750735741	-2.26424378220548	2.1687468880786
copa1237	0.0410486914236187	1.04896458380427	-2.04919839184982	2.31145611398404
copt1239	0.0241564427828929	1.04411261062736	-2.15058322106678	2.27350159976978
cori1240	0.0226316506092822	1.00421725727248	-2.07478378702379	2.19109653099243
cors1241	0.0152421931710291	1.00723672674377	-2.10304125998345	2.30833626318821
cosa1234	0.0466018572332725	1.00443829327588	-2.01759252232694	2.31097420841269
cowl1242	-0.0176577053482708	0.997102281393697	-2.21550039923707	1.98337990557621
crim1257	-0.00763314485418833	1.00922437730885	-2.10784591075607	2.09793386418212
cros1244	0.0297087538629031	1.02112232244488	-2.0139211858211	2.29937485803867
cusc1236	0.0241320327784591	1.05113878351673	-2.23339980970819	2.23819139647105
czec1258	0.00324464947915408	1.02807471393009	-2.09498728955971	2.23095252481986
daai1236	0.00611357712923353	0.987739372957163	-2.1965254314799	2.13270885063706
daas1238	0.0290399919970163	1.01386324155582	-2.06859993621085	2.26875572992114
dagb1246	0.0110789097078456	1.02744025361884	-2.21700185740326	2.21374941206729
daka1243	0.0437992400286081	1.0156848276241	-2.10402604375573	2.37191905122356
damp1237	-0.00499922224623432	1.018753947546	-2.36665180004187	2.19604186914683
dana1252	0.0176165675979429	0.987201637463683	-2.09247809605064	2.17467893268922
dani1285	-0.000482709838293998	1.02385283373607	-2.20456623833602	2.2401219399363
dara1250	0.0314816832855709	0.999547818764769	-2.15793594489389	2.33295302690886
darg1241	0.016008495498018	1.0292752381738	-2.13522255404028	2.24557487207192
darm1243	0.00462515712346202	1.05898461174314	-2.23880627679696	2.21560984497829
dawr1236	0.0228546198288866	1.04469571402229	-2.12461554521778	2.20507467220124
dege1246	0.0164187352763764	1.038532840731	-2.19331403002727	2.18769685039777
dhao1237	0.0402068319795705	0.998936833866236	-2.04962744506698	2.24220917770013
dhim1246	0.0209448612846851	1.02709306814702	-2.14529404739527	2.39029283039845
dhuw1249	0.0328242382279282	1.01054712299354	-2.02514847078686	2.3002067261486
dido1241	0.0261221587716225	0.999845291171693	-2.06056602388417	2.16620680314017
diga1241	0.0119086411537504	1.01419818986822	-2.11082640313282	2.20013974910054
digo1243	0.0288511418540766	1.04543072071999	-2.18378365599009	2.20566135384431
dima1251	0.0428850595997812	0.968695232086919	-1.97011304995098	2.20451566665391
diri1252	0.0110459368702073	1.00970565110823	-2.1426342739	2.14754929287224
djeo1235	0.0259919111218963	1.07995830760592	-2.20694125762992	2.3772305455121
dobe1238	0.00306253592799942	1.0843458463843	-2.17139523014261	2.25079515699081
dobu1241	0.0224300613765781	1.03883275310523	-2.20183837553305	2.33512374371098
domm1246	0.0639504487491869	1.01924976143578	-1.9491929570393	2.33305546890368
dual1243	0.00707332330175685	1.00741314463872	-2.14364485657316	2.18733157734124
dumb1241	0.0211283791254198	1.00651408981004	-2.0864345894386	2.24360964668071
dumi1241	0.030127326587935	0.988143126849729	-2.12186399632846	2.22747202423504
dura1244	0.0276074151143571	0.962921624349818	-2.15269048664189	2.24291937928623
duru1236	0.0105670610958442	0.981102345524064	-2.03458125195501	2.01578242890766
dusn1237	0.0159347208668597	1.03426345605224	-2.12077734936802	2.24112553650851
dutc1256	0.0253545163270512	1.00775803111993	-2.08051860110635	2.17073951724216
dyan1250	0.0132627812298786	1.02137204177522	-2.23441310284764	2.27089729505166
dyul1238	0.027659389209797	0.983507322502928	-2.10222121420976	2.22727990584135
dzao1238	-0.00826496019887842	0.991822496799558	-2.10846042720009	2.0037011937139
dzon1239	0.0314711269299457	1.00424324388075	-1.97935183857256	2.20934630777477
east1236	0.0345129951410671	0.999836733325823	-2.03262878642278	2.20781069844834
east2328	0.0139550652831117	1.01474262954033	-2.1803990074621	2.24147468006653
east2330	0.0454170616744566	0.998938598658112	-1.94360083863299	2.31742455691976
east2443	0.0515405882209261	1.01155991431367	-2.01677588417709	2.2677776039839
east2516	0.0369674374703156	1.0249119670963	-2.15260750512164	2.19977093846432
east2555	0.00219836677030531	1.00983069788644	-2.21565101495754	2.23767456852469
east2556	0.0146586908349259	1.03274407974161	-2.12404852233877	2.23601128276077
east2690	-0.0049921257169851	1.0114840128592	-2.20945183805568	2.21935698676144
east2773	0.0400675529317339	0.974751327481302	-1.9629213541607	2.25093027780628
egyp1253	0.0249831134737371	0.998275836204008	-2.12807369024412	2.16411301164621
eipo1242	-0.854809707305009	1.68843402542778	-5.85386542192178	0.636061588871097
ekar1243	-0.0278740170067994	0.983351614484547	-2.17922394054076	2.04444468470981
elmo1238	0.0199299162884689	0.977357605897627	-1.94680908652705	2.35856927343636
elna1235	0.0264699152373695	1.03961654269513	-2.14571387769425	2.2659195175003
emae1237	0.0304018571432599	1.06329469675805	-2.166336642604	2.29577250007205
emai1241	0.00630933355428381	1.03801985766633	-2.20981340377035	2.28981980497876
embe1260	0.00414921041554396	1.0130661237701	-2.16223355648695	2.29835792139847
embe1262	0.00838570478604338	1.05810459090228	-2.19432794115096	2.33354392460075
epen1239	0.0112559254273317	1.03213054402107	-2.17423811160849	2.31491945780219
ersu1241	0.0320909985035191	1.01178598316679	-2.07873127488553	2.18038577063264
erzy1239	0.0280573031399792	1.03152811677444	-2.03506101194785	2.35336838064005
esan1238	0.0122571269159842	1.01783108595507	-2.20827099261093	2.18334626329636
esim1238	0.0167720350780172	1.01605245994312	-2.14001138649491	2.19737271414986
esse1238	0.0265877566960321	1.04514468362616	-2.12947360415443	2.26413005930108
esto1258	0.0135869063526012	1.03666889637014	-2.13577738329852	2.29831611534979
eton1253	-0.0113641449236526	1.01518546472849	-2.17434884476244	2.14726272734295
etru1241	0.0156559551824705	1.07235132027802	-2.31900730806664	2.20756310993544
even1259	0.0241504796707658	1.03994320046652	-2.10632499175923	2.28857314874416
even1260	-0.00811468911940618	0.99597876517683	-2.16355744385912	2.17465080088589
ewee1241	0.00140298627735317	1.04805725553907	-2.17795247759766	2.31438481791936
faro1244	-0.00734047891337674	1.0074372031157	-2.18928230905829	2.10864716598883
fasu1242	0.0177451892309969	1.04593901588798	-2.14393327455964	2.17488878635766
fefe1239	0.012450618668445	1.01587233111494	-2.19917709289631	2.21687231186371
fiji1243	-0.00881397080156397	1.02954163894628	-2.2180053058067	2.21194211109624
fili1244	-0.00667675105990152	1.03559481969345	-2.17994081080428	2.0848591503898
fina1242	0.0338665513463957	1.01372418587518	-2.05451108296061	2.32560556547554
finn1318	0.0115514266589172	1.04980259287198	-2.17636936730348	2.22866689357455
fipa1238	-0.00750726500148274	1.03677445805524	-2.23910283121262	2.2144560134263
fonn1241	0.0191672026593048	1.02063687354531	-1.99716869499546	2.29639879584277
fore1265	-0.00157158598752271	0.982975511648574	-2.10804961944998	2.07976326612665
fuln1247	0.0223719593182338	0.980679173779276	-2.09993711463829	2.14062875038956
furu1242	0.013491880252386	1.00588336522307	-2.04499501650583	2.12284778551831
fuyu1242	0.0454904628641447	1.02567616062891	-2.07504526725971	2.29240142806513
gaaa1244	-0.00777738275667187	0.970919689897443	-2.12497705759542	2.08693611632424
gade1242	0.0382104300292573	1.05347936067998	-2.04313743225486	2.43427357867207
gaga1249	-0.000256675010617881	1.05281487055714	-2.17228128159652	2.15197491478502
gahr1239	0.0177495921534476	1.01593346682329	-2.05950385801257	2.31748515722949
gali1258	0.00510331566684523	0.97764502878454	-2.1980080004532	2.09359578635579
gali1262	0.0229968365644606	1.07205672076104	-2.24745611029897	2.28391906307151
gami1243	0.0301913636901998	1.0228294462461	-2.0433054761082	2.27235389842528
gamo1243	0.0393959459909567	1.0218486138382	-1.97154538507154	2.26396955115931
gand1255	0.0304558550087041	1.05381161700968	-2.10639726279113	2.4659845990368
gang1266	0.0381484681398544	1.06616760617954	-2.18255115943521	2.33279019173266
gant1244	0.0541690109338774	1.00306831188604	-2.03899668187842	2.28249113687695
gapa1238	0.0314339385303522	0.998075949552364	-2.15008878699969	2.31789698209583
garo1247	-0.00537639560034934	1.03466542935123	-2.33169504125405	2.25043358080199
gata1239	-0.000552133490253295	0.994892449667004	-2.16577794060451	2.02160576599301
gayo1244	0.00370857819016908	1.01858804261478	-2.05198831199577	2.24528301233766
geba1237	0.0194373319079238	1.0080537918026	-2.06749134681364	2.20960158807863
gebe1237	0.00148560638208488	1.04207331109085	-2.20066975593602	2.25684073287862
gela1263	0.02673754373943	1.02391147585064	-2.08010741553565	2.2977682750945
ghan1242	0.0300009139784086	1.06693410785151	-2.13010455222659	2.24406659138458
ghar1239	0.0173127506858262	0.980563282459522	-2.13059440109974	2.21062607255689
gheg1238	0.00464802877077061	1.01406145313213	-2.23372968545448	2.21160248442019
ghod1238	0.0247961594360451	1.02586622283698	-2.16344475541442	2.23078109808052
gilb1244	-0.0156904027412834	0.994010760341228	-2.08625298768137	2.1304388473778
gira1247	0.0693381573070031	0.96102349091777	-1.83658515756389	2.13957340680582
glav1244	-0.183641873085053	1.01755215811969	-2.70005021497181	1.61508673385113
gobu1238	0.0185336100535607	1.02196354917767	-2.08623451188404	2.21909345570509
gola1255	0.000324726278683619	1.01426654497228	-2.16886918239379	2.1441093183975
gros1243	0.0126851486918513	1.02129804220918	-2.05468704255215	2.17677030261975
guan1266	0.0135082715528245	0.998031485012534	-2.11215021168961	2.11157753925786
guat1253	0.00723257122187534	1.02802362562753	-2.17278089023229	2.27587099231389
gube1234	0.015976739814381	0.985193661389958	-2.11845993167097	2.20392350571795
gude1246	-0.153475518552391	0.978381582482606	-2.45030559970376	1.63323726965683
gugu1253	0.0249821429704761	1.03796991400368	-2.12806351275754	2.3875922561234
gulf1241	-0.00291164827707682	1.02379273022388	-2.22819572590947	2.15548835120173
guma1254	0.017941479442367	1.02324351959737	-2.15048156349164	2.2160473829758
guny1241	0.0349495826510925	1.05759893921474	-2.01968955825565	2.34421869902997
gura1251	0.0056892914792179	1.01799595971264	-2.05077622365501	2.31346028053708
guro1248	0.0153243824256989	1.0318042072846	-2.1217441999669	2.28240012545184
guru1261	0.0327456925098447	0.976929562206653	-2.01656706848481	2.13641434454711
guru1271	0.0276905289384919	1.03209213969022	-2.0364379817348	2.44846256289822
gwen1239	0.0290773491518905	1.01137339968166	-2.16307226678364	2.31888297110728
gyel1242	0.0100627431120942	1.02949187840125	-2.06043265890677	2.23932983848537
haaa1252	0.00463559985764781	1.07389280778449	-2.22379312090955	2.46913187971638
hadi1240	0.0315468465750447	0.995982257326011	-2.08875270701093	2.16318612629494
hadz1240	0.036022283799008	1.07053343923678	-2.06774360704698	2.34031997576998
hait1244	0.0125198020266047	0.970958095923865	-2.04254771835594	2.07373315933246
hali1244	0.0215339327927347	1.01764414859864	-2.07572016139668	2.33790679865667
halk1245	0.0111684535668248	1.03422808930015	-2.18504615034218	2.20447631473734
hani1248	0.0486748153323541	1.03478399357032	-2.0160371246721	2.3567897998453
hano1246	0.0399430499833642	0.993251583377805	-2.03901089265997	2.26830108324597
hawa1245	0.0177245693700484	1.03528592163888	-2.18192859073088	2.25830382369244
hebr1245	0.00385686117237904	0.985201452650342	-2.16726377921634	2.10008487729275
hehe1240	-0.00862328204923785	1.06100039530936	-2.13834224035522	2.1510834321821
hela1238	0.0297611331189911	0.97990376302134	-1.98034057637644	2.26764436595952
hind1269	-0.0115681897790099	1.04688545145782	-2.24633511405036	2.16385812446013
hoav1238	0.0255735968281789	1.09596537289272	-2.26761501406708	2.46436063038413
hone1235	0.00649824827312331	0.995163237175534	-2.07079682198172	2.23985425514442
hopi1249	-0.00654311595084252	1.03687477634943	-2.28838627960112	2.21067388091477
hrus1242	0.0475593987118971	1.03402077891277	-2.13615370098973	2.23247169075722
hual1241	0.0320641987065358	1.03251691287662	-1.98384160440838	2.3095484722708
huas1242	0.0448395688667301	1.05191365977094	-2.07833428560852	2.36751352512112
huic1243	0.0153573882174281	0.984224217228482	-2.02356893729494	2.2494598162983
hula1244	-0.00130381438314096	1.07754069756246	-2.26819862109015	2.32524737701128
huli1244	-0.00707267315915285	1.01392687958745	-2.23250714214278	2.18082786794742
hung1274	-0.000284251180595819	1.03110451958658	-2.22528683095609	2.21513046927539
hung1275	-0.00278584338797334	1.01518252091332	-2.16927010689135	2.16689446498919
hunz1247	0.026942264593632	1.02763308873014	-2.03923234412428	2.23014369870468
huuu1240	0.0260139291624542	0.971274307548725	-1.98068206445037	2.12713778571353
iaai1238	0.0342721347578791	1.02511460013744	-2.11383959710892	2.4695305034936
iban1264	0.0124830824960472	1.00948602106584	-2.0573485306277	2.2283782431778
iban1267	0.0179602642594555	1.01955650328058	-2.06045822174685	2.3028963119231
ibat1238	0.0146012921271667	1.0393231834085	-2.16369384171789	2.31138697026361
ibib1240	0.0213734836166809	1.04655455057683	-2.14646867672279	2.18304054976827
iliu1237	0.0234035952388045	1.04819037986635	-2.20114252102614	2.31931857433277
ilon1239	0.0478688918441859	1.01041591187916	-2.01148715133756	2.46674496037855
imba1240	-0.0198988328362641	1.02693635278727	-2.29710618377253	2.15047805363125
indo1316	-0.0116722955352083	1.01060590832407	-2.09704772624471	2.14147387333735
ingr1248	0.0214308914035331	0.985176592075451	-2.04689118596362	2.22202121058907
ingu1240	0.0144031221583496	1.00879894069667	-2.13488779527008	2.1815398052289
iraq1241	0.0354872355324063	1.04374023082565	-2.02228614707891	2.31739174215089
irar1238	0.0160543340214986	1.03616105666526	-2.18003547397171	2.25239185221916
iris1253	0.02103588121181	0.981942610671917	-2.05970621968107	2.14534090380952
iron1242	0.00653479112893179	1.00134767462321	-2.09865075717782	2.12351740541282
irul1243	-0.0139761970040081	1.07653098227408	-2.34269863029065	2.1929811690414
isco1239	0.0355346227508449	1.05164160150017	-2.14579003137278	2.43141949301304
isin1239	0.057027597330653	1.05115521529021	-1.98949934403532	2.40261858910087
isna1241	0.0118439483671023	1.0320388031656	-2.01465734572523	2.21529278617338
isth1240	0.0032079619659986	1.0444171917374	-2.21938689831021	2.34658507503757
ital1282	0.00134547580317008	1.03432338202326	-2.07930789108319	2.08137944278129
iton1250	0.00830990211337445	1.07923739194212	-2.2941307280878	2.30897987254432
itza1241	0.0318543003308257	1.07006444527242	-2.31930327395144	2.26838551814042
iumi1238	0.026083952702574	0.990052081292603	-2.16163710084515	2.1926747039802
ivat1242	-0.0203223598560956	1.02086905083638	-2.11345361923368	2.12542621931707
iwal1237	0.0704308361941877	0.978282945541858	-1.97975571477517	2.22561175160095
jahh1242	0.00396044202698871	1.02983532910337	-2.26550913626533	2.21295047762786
jamb1236	0.0304900637001026	1.04769697390047	-1.99065039956918	2.31021877891786
japh1234	-0.00431176788249926	0.969680885849296	-2.15595642176553	1.95125987201722
java1254	0.00448623159466449	0.988853457571276	-2.07501028853847	2.24363735536815
jeha1242	0.00692283072804125	1.02082517599191	-2.14396092456785	2.21386473189901
jina1244	-0.355335799524771	1.14468360985787	-3.40745086434844	1.28935177264872
juan1238	0.01680497398997	0.996151294282733	-2.09486668759858	2.13399379437667
juku1254	0.0209997148016538	1.02398316765778	-2.14043764004794	2.22901207630105
jurm1239	0.00801485718435084	1.04234878536945	-2.19644824917421	2.37622319081166
kaby1243	-0.00656178460784222	1.03166239414069	-2.26582982140003	2.21508670840789
kach1280	0.0332953301211404	1.03445773820381	-2.08035010507323	2.32009836816529
kach1284	0.0411871837552896	0.98773342029965	-1.90498049496657	2.22027766965554
kado1242	0.0344430911873381	0.979946870279711	-1.98282544508003	2.11941546160946
kafa1242	0.0315630222392883	1.02109148172314	-2.0252432869075	2.36159781172594
kaga1256	0.0096440798960774	0.979795637448225	-1.99531663594539	2.12554302358623
kagu1239	-0.00564531436376697	1.07138140361118	-2.21608415385306	2.12656176136114
kaik1246	0.0386405502184028	1.04946990016083	-2.08442744611684	2.32403800606667
kala1384	-0.0115328775002959	1.02754260176388	-2.38839785387547	2.2655607073313
kama1351	-0.005867323095842	1.05370464480821	-2.22923648416242	2.22477005255135
kamb1297	0.0169673770343106	1.03736851231111	-2.1537158236521	2.34623838454462
kamb1299	0.0149680544498646	1.00224952361639	-2.12270187548837	2.17424464539662
kamb1316	0.0372210018482602	0.980869418629193	-1.99916188713248	2.1699465346085
kaon1241	-0.00492543244467586	1.06762038005882	-2.19575604511954	2.19726084814919
kaqc1270	0.0161872573224071	1.00148340454301	-2.06824392297511	2.11825303845593
kara1482	0.0244050703502642	1.02343625664952	-2.10375208861914	2.33609323137121
kara1486	0.0291686808929758	1.03315627481871	-2.08503252706002	2.41404744803568
kare1335	0.000701376277528311	1.03201753784839	-2.14227846155375	2.21185906621912
kari1254	-0.014994715358558	1.00817694432737	-2.20780784438602	2.09104553980463
kari1306	0.00976999677856341	1.02344170950766	-2.12907465391909	2.25913725870101
kari1311	0.0101298055715334	1.03779234595803	-2.09704780068156	2.23708596280112
karo1304	0.00883943723597846	0.998710911193589	-2.06774166678939	2.17683605556142
kash1277	-0.00894612373945325	1.07708216077918	-2.29844440703478	2.2618784456686
kats1235	0.0325270831263498	1.02259494735553	-2.00205800472688	2.208211713522
kava1241	0.0100082923660244	1.00015564361128	-2.23280426471986	2.09655689999315
kawi1241	0.0208228029714441	1.03967629809096	-2.13059379815531	2.21806375603706
kaya1315	0.0266270856390415	1.00897274447476	-2.07130125464168	2.29173238211343
keap1239	0.0161113590319685	0.974380584779025	-2.03555101170355	2.12953027595593
keda1252	0.00924569177955059	0.994695774723489	-2.1332298103909	2.27618432301818
kele1255	0.0314376937119675	1.06043246300983	-2.09455183944812	2.32543404100585
kele1258	0.0154210690437603	0.984297206120336	-2.02855487304564	2.13125192853589
kele1259	0.0457865350928144	1.05003497147565	-1.9776088473402	2.32504772697742
kemb1249	0.00205148867120565	1.05407321592202	-2.06018306437255	2.2063156674338
keng1240	-0.0964933204669946	1.03683432877222	-2.56746374447655	1.95574953552516
kens1248	0.0059028684424452	1.01831086524778	-2.19431519573788	2.22319088760726
keoo1238	0.0392228303058509	1.02388861436626	-1.9901995329382	2.33107001554123
kera1255	-0.762232210371634	1.56549160921869	-5.22563687654773	0.709972148172835
keri1250	0.00489986468193008	1.02979091657645	-2.25454320166905	2.15289912509974
kesa1244	0.0760886679013895	0.983682034695258	-1.83617820024815	2.18826921423216
khak1248	0.00100376960617136	1.02494179167337	-2.29966056695187	2.18176512814917
kham1282	-0.000423950149131523	1.04118186575174	-2.20793835960935	2.20842097409229
khan1274	0.0322668017556939	1.04867404803293	-2.10079131783998	2.23006013994134
khan1277	0.0654405494790448	0.978593357966182	-1.88139802081491	2.41334532911688
khan1278	0.0162149134724758	1.00988574447805	-1.97638220483472	2.09012269229573
khez1235	0.0652946691911094	0.982799757234202	-1.87918497740765	2.31893028737359
khin1240	0.0153156184794167	1.01176433760108	-2.14896182458534	2.19717947167626
khmu1256	0.0208385496713	1.03516332571858	-2.14190637920138	2.28859334461064
khva1239	0.0251093265747429	1.01584484609554	-2.03236720117994	2.15726501451281
kich1262	0.0139653306088366	0.994356744762172	-2.09466543975754	2.18826014809657
kile1243	0.024051525250577	1.04095499304755	-2.13769524530504	2.43047446806196
kili1267	0.0252541340612296	1.01005459847468	-2.12621484498457	2.20239915049503
kimm1245	0.0145177070845239	1.04645733025183	-2.1738389951097	2.25978528105367
kimm1246	-0.724778077190982	1.53244861737477	-5.01064484496546	0.746477551616139
kinn1249	0.0175467641109948	1.02158427050703	-2.11720246072954	2.17842736029646
kips1239	0.0328045190962939	1.0386501819917	-2.09882118135755	2.35568204981247
klam1254	0.00122140194444118	1.01336773375807	-2.15783989832529	2.14193597956538
koda1255	0.0036001474326425	1.02194711480292	-2.11946061405126	2.21913214773761
koho1244	0.0293176057888376	1.01553951486333	-2.04890277792527	2.15339741064216
koka1244	0.00172531593083779	1.00921864267903	-2.1528298547202	2.15300903808895
koko1269	0.0171813333021314	1.02162118515182	-2.11455441669702	2.26696934002254
kola1285	0.0113449629738941	1.11090242453894	-2.12964074868565	2.33406151984526
komi1268	-0.017798645028993	1.02166062177853	-2.28503726847863	2.06219484024088
komi1269	0.00485984476549286	1.02685986096404	-2.11866402788466	2.27546178013503
komi1270	0.0315852629635424	1.03280548295749	-2.20090045389395	2.3083450858767
konk1267	0.00169488348186292	1.06041159057637	-2.32761142936055	2.22426011683131
kons1243	0.0416465616903323	1.03386576677694	-2.05629253996393	2.32193125653275
kony1248	0.04971766065672	1.0321355476305	-2.07269946815683	2.36577073549309
koon1244	-0.0163760899058603	1.02040755395325	-2.30766739540063	2.20078701497155
koor1239	0.0408325126964269	0.988913352550696	-2.00398280545015	2.31865002423111
koro1298	0.0252893423520213	1.02651874659783	-2.059465321876	2.26480798882467
kosa1249	-0.686286380471689	1.45846839028433	-5.00630873900018	0.780327317738967
kove1237	0.0408963799954914	1.00773095268005	-1.98784102275936	2.33135723935535
koys1242	0.00692633973690204	1.05240535368869	-2.24240490946076	2.26963797193145
kryt1240	0.0127884425587459	1.0259944051243	-2.18344525730236	2.2700692341396
kuan1247	0.00276535327254426	1.0263608296618	-2.23245836353381	2.20071651538553
kuan1248	0.00314036632081041	1.01553064459549	-2.21362475317006	2.11859549596994
kuii1252	0.0181617063228927	1.0040598318001	-2.12511992460172	2.09816912832906
kuik1246	0.0222824546995074	1.01491020958172	-2.07338494450085	2.32450257564155
kuku1273	0.0392533511428538	1.03171784110234	-2.06143412804608	2.21531564001597
kuku1280	0.0473621258826044	1.01224393764956	-1.94906809294276	2.35155712751284
kulu1253	0.0336629286258151	1.00020507168665	-1.9851347698066	2.29573780754545
kuma1276	0.0115445286487049	1.03864923816979	-2.25074877464259	2.21120037248642
kumb1268	0.0392407851389548	1.04125781139272	-2.09258501878675	2.34954649231641
kumz1235	-0.011186365177741	1.01783702085957	-2.29826804588932	2.10021046232892
kuna1268	0.0143761169666111	1.03008464178473	-2.16950755768108	2.19888934364102
kunj1245	0.025589240187493	0.994601462906462	-2.11142325099688	2.28198804872279
kunz1244	-0.0201744631679797	0.997862714725016	-2.19772756134467	2.12835321388052
kuot1243	0.0202222070657662	1.03627543237822	-2.0557887702271	2.30088708943993
kusa1251	0.03415722463605	1.09611351749665	-2.23828771846188	2.44208161026283
kute1248	0.0225257639549735	1.02737587849319	-2.1251314512344	2.25304211201237
kuvi1243	0.0132651107993929	0.995811574094046	-2.12089270674564	2.0788383005551
kuyy1240	0.0172551863331278	1.03751902765509	-2.11966501021034	2.2186029185115
kwai1243	0.0196183301790075	1.00737710710314	-2.07395176339572	2.18735078316609
kwam1252	0.0135357260070671	1.0225824455789	-2.1315961817306	2.26226732483412
kwar1239	0.0235312906228924	1.01096061978448	-2.07956109467711	2.26120224838302
kwaz1243	-0.00310114680088795	1.04658983655802	-2.26272473841104	2.16452056038178
kyer1238	0.032213964202803	0.974741756462063	-2.05769583728047	2.17461605718635
labu1248	0.0736945238334614	0.975602092274557	-1.90097312395869	2.30097988760553
labu1249	0.0106463684401837	1.00068195725486	-2.12607063296677	2.12387819398877
lach1248	0.0154370674063546	1.05381102232457	-2.22615893091417	2.25647279858127
lahu1252	0.0241793625354947	0.983273180038012	-2.12438418155436	2.22129080213301
laiy1246	0.00321151901628915	1.03462464537804	-2.20379445883375	2.38245151763268
lakk1252	0.0143405522143422	1.05953073829787	-2.22363888784584	2.2171897545015
lala1264	-0.000159528188591619	0.975952153501979	-2.17533675059997	2.06432026457173
lala1268	0.0354950766857283	1.03360538482308	-2.10104085417277	2.29055009293349
lama1277	0.0147776097613027	0.977093851778904	-1.99610652825344	2.25329530353147
lama1288	-0.178385618834375	1.01056014488137	-2.67215264644859	1.58025473521143
lamb1269	-0.0285681317907439	1.01805515870196	-2.27403958390336	2.13273489349218
lang1320	0.0176582795501713	1.05752707443031	-2.13332979471598	2.24032989865258
lang1324	0.0156706221027514	0.996835957446262	-2.11066965144206	2.26262784475115
latv1249	0.00797303465350155	1.03521809910841	-2.17568004443789	2.20824630374952
lave1248	0.0257900980465277	1.03232848676976	-2.14933710669408	2.33878058904315
lavu1241	0.0224143909751532	1.01742964238083	-2.03730696627815	2.3217278268117
lega1250	-0.010412636968918	1.0083065127285	-2.10899016852576	2.16087474954471
lele1270	0.0190857559376502	0.995552757282112	-2.10071301278289	2.15913661571456
lele1276	-0.51360997043018	1.27636737514485	-3.98829330741338	1.02183973512118
lemb1266	0.0227234034998938	1.02032002285114	-2.16695868970955	2.18605634620124
leme1238	0.0365998991303234	1.05340469442496	-2.11396118131766	2.40901942192655
lena1238	0.00989181695896833	1.02847315046393	-2.13468449358527	2.23360383156361
lend1245	0.0189290584362752	1.02107700297003	-2.11639644506841	2.19772886906855
leng1259	0.0214730093854754	0.974932624193398	-1.99323478915444	2.14460713396344
lepc1244	0.0332939210140512	1.01521308988583	-2.03374815350065	2.27871323936171
lese1243	0.0239929618098795	1.02388826452858	-2.12067262110758	2.35184416640629
leti1246	0.0159092066088674	1.03339001524766	-2.12479317284682	2.26595187494449
libi1244	0.0201136249934425	1.01585070675676	-2.07869860870571	2.22172532041424
liby1240	-0.000488584510127432	0.992110224506079	-2.14063086302897	2.05749389888164
lihi1237	0.0107050853420332	1.04993221847055	-2.21176533182777	2.31055185920669
liji1238	0.0288497466539863	1.06822504423884	-2.05787363657269	2.42051416753048
lika1243	0.00264654351636677	1.01400424756774	-2.15583996354345	2.07446278777937
lill1248	0.0016779680354739	1.05318116448845	-2.1345788257961	2.16438877662502
limb1266	0.0441015836283803	1.03730459337885	-2.06382860577662	2.38016459270957
limo1248	0.028355581294477	1.00663318847228	-2.02321185279448	2.26434406191794
ling1265	0.038659053030898	0.985999042757352	-2.0025650180502	2.17349324111503
lipo1242	0.0440770901665405	1.01046490550482	-1.89931260480781	2.28123520644
lish1245	0.00307997808154274	1.03894226303293	-2.16896805432377	2.25382782554305
lisu1250	0.0147931552077562	1.04022123987805	-2.23388268673966	2.22786260754353
lith1251	0.00496223791681811	1.04910855418858	-2.14944256911469	2.2829101421551
lito1235	0.0209685357616421	1.03021392330818	-2.17818677455986	2.26725542634849
livv1243	0.00193895375556269	1.04434764628024	-2.17658781177599	2.15407478074927
livv1244	0.008004399329211	1.01370596217605	-2.1629731898085	2.31317560624459
logo1259	0.0159492624806073	1.00255846605188	-2.09488178128338	2.22313835776709
loka1252	0.0343000090731991	1.03700805507779	-2.07327192184739	2.29477210426781
lolo1259	0.0388280699573465	1.01429138123188	-1.90852155988189	2.24257168976495
lomb1257	0.0179269444052095	1.0843758256524	-2.26433133192351	2.33519190664979
loni1238	0.0217909454925211	0.997923064026614	-2.08751494716187	2.2096662714947
lonw1238	0.0439591589656899	1.01577132151968	-2.04747595902811	2.33707303009388
lote1237	0.0206666828076118	1.01690637369143	-2.06866725949778	2.2063128962049
loth1237	0.0690082843224212	0.991646537396732	-1.85835176893756	2.4661304792952
louu1245	0.0160041847930348	0.984835353895131	-2.03807384306516	2.1044908044401
lowl1265	0.0155412804640101	1.00178721447449	-2.06886631133296	2.21400077445997
lozi1239	0.0193060796890636	1.01210675634744	-2.06634735317044	2.26671901913556
luan1263	0.0173504943990824	1.02694008121811	-2.07597263332956	2.21765268570141
lubu1243	0.0326731442931143	1.0038062842601	-2.03053563185125	2.28719244805642
luch1239	0.00798328619544074	1.01122063038966	-2.24975722610689	2.21334342703577
ludi1246	0.0113858595814364	0.999290397207081	-2.15311717631856	2.27382019131812
lugu1238	-0.00804659132732112	1.04890803771032	-2.28079531280479	2.15402450901135
luis1253	0.000437643513541425	1.03502460653843	-2.21267801653417	2.14568960515121
lule1238	0.00497688824591346	1.0068545084404	-2.16740303291973	2.22996059700635
lule1254	0.00893829949401831	1.03670067093316	-2.1838697111312	2.29860725525079
lund1271	0.0107870666485266	1.04531113219425	-2.10706827015956	2.38194085876046
luok1236	0.0200219506174872	1.03866802215641	-2.17210793514208	2.1998128072229
luse1252	0.0108186770451717	1.00938795394476	-2.09550895719772	2.1321373608603
lush1249	0.0231826178764038	1.04554327107602	-2.18887327109054	2.35023505445627
lush1252	0.0100371670919612	1.02125206882649	-2.17007422720879	2.2657755492793
luva1239	0.00664992400884584	1.01707497878461	-2.22473620526802	2.16745993726986
luya1241	0.0143715902494589	0.995137221370941	-2.11736245743165	2.11027849628426
maan1238	0.0148995672251702	1.03037745041926	-2.20909991029003	2.26202864013485
maas1239	0.0322973073220562	0.990452839783831	-2.15593948822485	2.20566029873821
mace1250	0.00973629853330441	1.03077283301023	-2.19204072839996	2.23872904458126
mada1285	0.00325908171782601	0.985690233850971	-2.12851481812314	2.14062982319088
maee1241	0.0355905626785685	0.980149452436807	-2.01002994508033	2.16704860431964
mafe1237	0.0368235180503833	1.00921434155494	-2.04872183799973	2.30778936691747
magd1235	0.0372702705740994	1.04605545592629	-2.00368729523864	2.32636550709934
maib1239	0.00545344586375429	1.05418461865425	-2.21232225806142	2.28933406205522
mais1250	0.0217756521537227	0.999713932308931	-2.16488518643869	2.13437475133021
maku1277	0.0105942193047557	1.01656976009162	-2.18642360544369	2.20397714787237
makw1236	0.0268099609619899	1.03471713183255	-2.06680405091812	2.2345730145527
mala1463	0.00746008947123089	1.06740691856753	-2.32271004602235	2.34045535753112
mala1464	0.00798151847668385	0.989234856413694	-2.17819831598081	2.2232357846887
mala1481	-0.00603104492624739	1.00139696077935	-2.21602874956133	2.05717333896527
mala1522	0.0307577744038426	0.957450479244229	-2.02872256278095	2.1018635304009
male1284	0.0416568155352113	1.01528931298614	-1.91920604373601	2.25930193093827
male1289	0.043555312709426	1.00514007526324	-2.04275584841271	2.31063769042094
male1297	0.0146289869837734	1.0435615648066	-2.11160383917444	2.2324985878518
malg1251	-0.108417934312374	0.996682305257219	-2.56751527141855	1.82983828391345
malt1254	0.0203950052550027	1.04622600066767	-2.10936846283023	2.34004589882593
malu1245	0.0351530024810983	0.986742737260362	-2.0861862973389	2.17978266049879
mamb1294	-0.289898223025653	1.11397809643449	-3.21032129710889	1.41964454760829
mamb1306	0.0207266800556458	0.997824775669406	-2.09901912121096	2.22223212491039
mamm1241	-0.00137816042487975	0.97725735423982	-2.17599556963874	2.07302777805205
mana1288	0.0254530746296766	0.998895527352903	-2.18678337282709	2.2435222048287
mana1295	0.0422832497586368	1.01005406018036	-2.00973182484436	2.33606927271701
mand1415	-0.00478693946160906	1.03615172306239	-2.20272582610862	2.32130963361013
mand1436	0.0207468998475708	1.01441518511658	-2.17315031564831	2.22252891232022
mand1440	0.0012907549107987	1.05474174086982	-2.24492115851633	2.26343910344178
mang1378	0.0486585991484969	1.01371950753066	-2.0454283961118	2.36217139239082
mang1394	0.00810965215515462	1.02603738360993	-2.19352101254503	2.28240642234046
mang1401	-0.014049591127252	1.04464176376754	-2.25713611708387	2.15505955140042
mang1403	0.0196945574846793	1.01520645680799	-2.04105200576479	2.25981148234507
mang1404	0.0761657448111059	0.986948290713364	-1.90836888571673	2.30674981842972
mang1405	0.0250957816034153	0.998842157100799	-2.00184105915515	2.21977504917599
manm1238	0.026583626382059	0.977954838792181	-1.9771806811133	2.14863902828965
mann1248	0.0126786860875094	1.08878385714276	-2.14671528111215	2.34917760846259
manu1258	0.00687499907216499	0.997753369757215	-2.12874831951967	2.27711548923603
maor1246	0.00809253363362047	1.02137315968614	-2.26635128498351	2.20420250465701
mapo1242	0.0732425274559624	0.989803245650625	-1.85983189488981	2.29898475790819
mara1378	-0.0075470309874381	1.02239891242828	-2.13635641317882	2.09336560595735
mara1379	0.0533847248850243	0.986081322304247	-2.00913264313718	2.2645189180152
mara1382	0.0205521515516616	1.05600323106573	-2.22689393413756	2.38601401263376
mara1399	0.0361536164551916	0.98458070175088	-2.01459820140452	2.21393723625446
marg1265	-0.0918897131088956	1.00431456817289	-2.40485798724284	1.79757415929216
mari1416	0.0337644553225254	1.05686896377035	-2.14702847742151	2.36954171786968
mari1426	0.0436822603720854	0.996884808172375	-2.11386505035617	2.32384460511513
mart1255	-0.908916950698689	1.74977379117124	-6.15991387492247	0.632790132426027
maru1249	0.0356458650649977	0.973595388714723	-1.91157266615074	2.25437443154547
masa1300	0.0246352706716626	1.0160145086081	-2.16877718574135	2.2815713646135
masa1322	-0.886536717381356	1.72430987886292	-5.78510478117593	0.595152340924339
mask1242	0.0438334438853814	1.02152217889323	-2.12443233283507	2.30631418478571
mati1250	-0.00334394507959257	1.00306201586736	-2.19240675516531	2.11635107647665
mato1252	0.0766135168306342	0.96975434001131	-1.88101844553306	2.20862071568819
mats1244	0.00208451623860926	0.994014837091749	-2.11890644439463	2.15673053240582
matu1261	0.0527862462320918	0.950977406777272	-1.99060298777231	2.26402507330352
maxa1247	-0.00508759957265557	1.0567570454564	-2.2455470810506	2.23207092248499
mayk1239	0.00888907060377374	0.991748959439613	-1.993813320804	2.218291295859
mayo1261	0.010342588142123	1.03707722758829	-2.10474182972789	2.24185224814864
mayo1264	0.0104461769343694	0.994264056914365	-2.17216664978807	2.20790204621043
maza1304	-0.206337511181938	1.01266310864284	-2.71157588828386	1.51164608654712
mbaa1245	0.021891438205676	1.03981228845303	-2.04204227848513	2.29883647764089
mbar1260	-0.57628092958521	1.32357018890475	-4.285055475074	0.896145122076379
mbay1241	-0.235433777636072	1.07937432584719	-2.98668525581568	1.59640158379349
mboc1235	0.015399408572442	1.0169950634583	-2.20319259479154	2.24266671463519
mbug1242	0.0315179653513944	1.03487405761389	-2.12280617638051	2.21738397322013
mbul1263	0.0497592232393961	1.01115264543505	-2.00826622956506	2.27654849795224
mbya1239	-0.0135786984495171	1.0579429920656	-2.32296489625066	2.17318826393522
meke1243	0.0371278480962519	1.03972016792444	-1.96973787974043	2.142190532746
mele1250	0.0288238267650494	1.05696292349452	-2.25169851301969	2.26003946900616
melo1242	0.0279624291913016	1.06138463982701	-2.10824577360599	2.2112397471923
melp1238	0.0537737232382243	1.00741020568182	-2.01792597095833	2.38336925899486
mere1242	0.0203070426760646	1.03572791222751	-2.23593293083229	2.30274346442695
meta1238	0.0117350579575283	1.00191517987678	-2.12904123226684	2.11055297998643
mezo1235	0.0335008273981635	1.02143302498715	-2.07488389377571	2.3214278352205
mezq1235	0.0250516250743238	1.05339672872356	-2.12514191095663	2.2742460299748
mich1245	0.000675904292836277	1.07426162674544	-2.33084589467514	2.18784812027313
mids1243	0.0152121781713663	1.07371208608273	-2.21347449195337	2.32529496475086
miju1243	0.00636377162328535	1.00853972753606	-2.13955189246095	2.15873523077199
mikm1235	0.00878106769685678	1.0284581224121	-2.15651109937633	2.15168385522248
mila1245	0.0232219838694424	1.03626886354648	-2.17243728335327	2.32094578572102
mina1268	0.0116204915179662	1.07220564060729	-2.1975511023848	2.34901810255247
mini1251	-0.00097472012410352	1.00934109024452	-2.22281063905069	2.13230152988978
misi1243	0.0386710068804475	1.00449141534207	-2.0049297133277	2.26811993444142
miya1259	0.0079647893987686	0.990617313166805	-2.06078749643521	2.12121945184803
miya1266	0.0214301983678195	1.0523260713491	-2.04551251267355	2.34567152918604
mlab1235	0.0487867423697682	1.02649434676881	-2.07285466839642	2.27194330119728
moch1257	0.00543529909629548	0.992788535883419	-2.22273172882881	2.12276315302088
moch1259	0.0226153121183559	1.0086776684084	-2.11289159426832	2.26239969574905
mode1248	0.0111416524196251	1.06298394143611	-2.13583279633137	2.34977548786023
moke1242	-0.016159916648859	1.0260469562247	-2.32104464733726	2.16631541507975
moki1238	0.00758396101204808	1.01942768585191	-2.24569884311298	2.23308671018273
mokl1243	-0.00454147660282635	1.03711045691325	-2.25757658611701	2.21852727400151
mokp1239	0.00745404541289598	1.00319764399674	-2.1745075601226	2.09293249050849
moks1248	-0.0296251735089165	1.04325021393569	-2.44568884978412	2.12545689545528
mong1338	-0.0166601648734324	1.04467684865704	-2.23760807186967	2.09645524845346
moni1237	-0.00430686139916791	1.04467579843042	-2.21951872933576	2.30237771140437
mono1275	0.0159942954245973	0.979623676179058	-2.06032111195048	2.16152540647589
mont1268	0.0155401830293919	1.02027421191967	-2.19238500144761	2.2343295666774
monz1249	0.0226317847164792	0.999914434163416	-2.1374198172256	2.14541808824294
mopa1243	0.0161436268372554	1.05303561185859	-2.19121872499294	2.14461978161908
more1259	0.0147533756187863	1.02911986848373	-2.21973537326441	2.27606920180794
morm1235	-0.00171017898089235	1.0062940160952	-2.2148931883643	2.20284375068092
mose1249	0.0215757695584708	1.06832023157218	-2.20554989110736	2.3473633476627
mosi1247	0.00606228712249835	1.05072480627529	-2.22686542299021	2.23933943303112
motl1237	0.0379851494566898	1.02235116971816	-2.04289763358419	2.43509600151015
motu1246	0.0314384280327181	0.97696196388794	-2.02374015462064	2.11001125920836
moyo1238	0.0355397047945001	1.07132951613939	-2.24044613738262	2.28508534474797
mpad1242	-0.107171704089008	1.00806792655441	-2.46770796236018	1.89184913817267
mpot1240	0.0315543575004954	0.978172042889489	-1.98149955401778	2.31096576481811
mpur1239	0.010138453252185	1.02137666924911	-2.19404523798581	2.2723094397164
mual1241	0.00192113340645407	1.05377134729282	-2.16717602231579	2.28813781579355
mudu1242	0.023713063860391	1.02836620776502	-2.00380661009994	2.3495291237952
munc1235	0.00844489072780365	0.969888061897829	-2.13189708712752	2.20688162900612
mund1320	0.00347031736845196	0.988134702319659	-2.13607941807392	2.12960586513508
mund1326	0.00645720610884704	1.00045016575188	-2.16570742045072	2.23501723354723
mund1328	0.0222810592641156	1.03142567259281	-2.0764871020826	2.23543822193756
mund1330	0.00472281785529941	1.02811257941188	-2.14556637949555	2.11780162007713
musa1266	0.0671578499716523	0.972236018972497	-1.86869579031723	2.221507747244
muth1236	0.0110234003590947	0.990225212911896	-2.18831822352416	2.26867213732571
muyu1244	0.0437645188878921	1.03725878215307	-2.06144791587142	2.35106766673641
mwag1236	0.0246696301097289	0.999083344254152	-2.10162374476026	2.1449114413627
mwan1250	0.00214433639195562	1.03113747573093	-2.15339652385858	2.25851047285591
mwer1248	-0.00194913473258801	1.04014809553069	-2.12729751488468	2.1991531305428
naka1262	0.010934136446346	1.02539056845727	-2.08870771124819	2.24623110167483
nalc1240	-0.812608459371968	1.61969515892358	-5.61012301652413	0.663733691919305
nali1244	0.0272170506052981	1.03212126183944	-2.06305542088176	2.40618402946177
namu1246	0.0282869251720839	0.983090355298623	-2.07535173289213	2.21915906690087
nana1257	0.000528042843886341	1.04276864188355	-2.23491651483141	2.2649579858143
nang1262	-0.00248644061644676	1.0520993924429	-2.31558365719922	2.14568541352735
naur1243	-0.0197726498571594	1.00910359590427	-2.26773733447615	2.15236413206558
nawu1242	-0.00256420781447519	1.00777428692278	-2.1523422762768	2.21232526512127
nden1248	0.0155473133167292	1.05222965054088	-2.1668509383352	2.31637111263279
negi1245	-0.00747630122419252	1.03921642199092	-2.16411035294522	2.28243751555905
nend1239	0.0541261037607293	0.994703409256592	-2.01107420056703	2.23300494806699
nene1249	-0.013718139646888	1.03888041754532	-2.25265179394715	2.13145247926212
neng1238	0.0239286591953131	1.0252220394927	-2.06981092257185	2.2583585324807
nepa1254	0.0154622336019246	0.993171637588071	-2.10071110773345	2.1478809493448
nese1235	0.0347259068341268	0.983432589414871	-2.06772712417436	2.1852785464356
newa1246	0.0164785718005877	1.00221667928382	-2.11601178109726	2.18824353384646
ngab1239	0.00306049014535536	1.00374845473017	-2.07897088517328	2.18084562176531
ngam1268	-0.333125347296577	1.11609740907295	-3.21469473444992	1.24876331166123
ngan1291	0.00690404634269848	1.00943878557046	-2.04540761383325	2.21545669734375
ngar1235	0.020537889831941	1.01819890812649	-2.11727066521041	2.28822971201554
ngba1284	0.0371575344526284	1.05329470620232	-2.06242519023589	2.43366253461939
ngba1285	0.0244207294411746	1.01145637631461	-2.12207233927098	2.14544411522649
ngit1239	0.0361651493106173	1.01793809387682	-2.04857119734418	2.41728156539653
ngom1268	0.0256136045255662	1.04260425253065	-2.18917955228567	2.32798551178769
nhan1238	-0.0157236608495613	0.978012823001335	-2.08477439157852	2.0657018878735
nhen1239	0.00460845877701617	0.983804894223821	-2.05737134771974	2.16852533127548
nica1252	0.00196659809904145	1.06934191144257	-2.17030912096089	2.23767546454051
nige1253	0.0117948100959113	0.988507772114399	-2.07861920488664	2.1607043515675
niha1238	-0.0185634383817355	0.961989404842309	-2.15765171161175	1.99427415536457
niua1240	0.0176859795063658	1.03640170836419	-2.12983061622997	2.23383863965452
noct1238	0.0265568173489854	1.00802731918602	-2.00687003087337	2.19847756969804
noma1260	0.0112044155650068	1.02194125007311	-2.20073154055501	2.16223915373303
noon1242	0.00514129084704697	1.02881972142125	-2.20976569415947	2.23117228484462
noon1243	0.0258551496717779	1.03705099038281	-1.99985580884152	2.22722195059128
nort2671	0.00444919574845683	0.993225763290645	-2.18051338757769	2.07029400027397
nort2684	0.0358543088212868	1.03540045041629	-2.06697552456701	2.32550379489077
nort2690	-0.0107221863579777	1.02715594692902	-2.13524952540502	2.24496718903142
nort2697	0.033626182253936	1.01704892037951	-2.12999853108801	2.21714222811102
nort2722	-0.0105258411632528	0.965982695204559	-2.21656107059373	2.11292327989652
nort2732	0.00437405138060061	1.04075331439406	-2.14545170534407	2.22039352889664
nort2747	0.00632408171348	1.02656979161999	-2.14791464983732	2.2550903914411
nort2774	0.0106003021994721	1.01447519001902	-2.12510950464343	2.1810971734376
nort2775	-0.023668289600455	1.06077676040208	-2.41638403431409	2.15591977919877
nort2828	0.0126405696449828	1.0234357092814	-2.18297291950875	2.34517524327763
nort2845	0.0238559706630705	1.0454020304784	-2.07989225071112	2.19141149609132
nort2877	0.0354367075797544	1.01373946722316	-2.04373765104055	2.29661837561112
nort2885	0.0108126427214794	1.08529163991279	-2.32014944124069	2.49610866554503
nort2954	0.00370366824367897	1.04694411474763	-2.31710033668425	2.19344869089082
nort2957	0.0231442767896025	0.999874865631683	-2.06803438496705	2.20903121394858
nort2961	0.0235150475992354	1.0435668481367	-2.13688802841858	2.26972822660508
nort2972	0.0240471309595448	1.04834177595098	-2.13069674300501	2.46409192470942
nort2980	0.030806611223238	0.999636209497893	-2.01390752431446	2.28619071491516
nort3047	-0.314501082835908	1.06954459100253	-3.15906745824952	1.27002855193203
nort3139	0.00814344713339261	0.991167427973388	-2.04022558014266	2.06937406809274
nsen1242	-0.00736289498289092	1.03093273138291	-2.28156277749978	2.23447411136743
nubi1253	0.0350587022697084	1.01980691073071	-1.96595968091213	2.2751595856362
nucl1240	-0.0164877906783848	1.0130612062966	-2.16294618258087	2.16796024703779
nucl1301	0.00132710036808977	1.01365771678928	-2.13312445679639	2.20809005771006
nucl1305	0.00639495446310467	1.05882222142096	-2.25226632272022	2.25588225514996
nucl1310	0.00759618459767484	0.973674413460802	-2.10249367977991	2.11707878622359
nucl1347	0.000457127273934471	1.03614225212373	-2.26789177645114	2.21311575431205
nucl1417	0.0136097522628024	1.03711161399596	-2.06340202672313	2.10977408054551
nucl1643	-0.0153520773633584	1.01668708812575	-2.30551530487946	2.16655031522304
nukn1238	0.073949002246341	0.956507021637843	-1.84370222761582	2.25152518390388
nuku1260	-0.00445657272548478	1.03599498272506	-2.11965278165421	2.13885864594499
nung1282	0.0163780675712988	1.05804883332046	-2.26610029108127	2.24260660561646
nusu1239	0.0176939593635686	1.0306853510096	-2.18122602603628	2.2297806205706
nyah1250	0.00734140576239112	1.03562050803898	-2.26791724689825	2.25014559742975
nyak1260	0.00238220403556042	1.00291490860872	-2.11219511973091	2.18935550449263
nyam1285	0.00890211439064336	0.99950254236895	-2.10738840694698	2.27671146705574
nyan1307	0.0254559398797978	1.08577527251553	-2.17350358395641	2.39214935087083
nyat1246	0.0377906438596431	1.01646556112385	-2.11266908624729	2.32508629817539
nyis1236	0.0601485508369284	1.03143204744481	-2.05339774304513	2.30504181700212
nyor1246	0.0154419658311015	1.05330791010999	-2.15481234561841	2.21392545699198
nzad1234	-0.00445445612649504	0.978454699062278	-2.12529609464413	2.14084173879507
occi1239	0.00246423177594376	1.00472449079833	-2.11318936254102	2.1533206063248
ocot1244	0.0338188443355076	1.02906567874357	-1.9732742575272	2.29961122212812
ofay1240	-0.00618511815125421	1.01311235011721	-2.20177315042607	2.18175032117748
okan1243	-0.00591105632731645	0.988022715323525	-2.13194226091385	2.06330931991686
okoe1238	0.0246985647315607	1.02258994236315	-2.14084266083661	2.2217067784427
oksa1245	-0.14169078311407	1.05997095552558	-2.60817220192517	1.66498156642334
olde1238	0.0136528734790977	1.04367529623861	-2.25107574238878	2.38593767227734
oldk1249	0.0195453744447742	1.06711092717052	-2.14542575262833	2.30198149468921
onto1237	0.0178094646068105	1.02755026882425	-1.96000524700455	2.37276247752244
oriy1255	0.00791906802303881	1.01312587879048	-2.13476187668272	2.12168312463372
orma1241	0.0320215143542816	1.02037944156216	-2.09144924029177	2.28500795281625
orok1265	0.00197336904896394	1.0088660263292	-2.16866968114487	2.18784467088187
orok1266	0.00894772213930738	0.990036038116627	-2.14718989421973	2.11549666684489
orok1269	0.0378055580590021	0.971249779075252	-1.97391957698389	2.19617937775073
orow1242	0.0187026180022679	1.04744829559025	-2.18796412867396	2.21590426046576
owaa1237	0.0111273953830672	1.01691957085288	-2.1024103042105	2.2543242201407
paaa1242	0.0151695299908564	1.05113076683614	-2.13319342109013	2.28612585873384
paco1243	0.0171409397509066	1.00305833371467	-2.08724035253055	2.22965028554693
pahn1237	0.0117800173725053	1.03674103390312	-2.17177246139361	2.27481107606348
pala1344	-0.0138150871308043	1.02268143499923	-2.27290271437939	2.19290185628095
pamb1243	0.014003000876914	1.06653570684328	-2.19144735918555	2.36549077801223
pamo1252	0.00932938421951022	1.01059613590971	-2.19796469845673	2.25020791467287
pamp1243	0.00994993088375496	1.00664601001764	-2.10513375077155	2.2092409573292
pana1307	0.0221832024799547	1.04284184103225	-2.04440901347155	2.4128652306371
pang1290	0.0432300963355317	1.07210745322898	-2.05240722652055	2.36070827525649
panj1256	0.0179822429418211	1.04139068049842	-2.16919627964273	2.31127605639462
pano1254	0.0146491376081856	1.00229396161239	-2.08960623999556	2.1113142821391
pany1241	-0.11154680046004	1.01815617772214	-2.60557114742619	1.76256553213269
papa1265	0.0126375090814421	1.02312512350118	-2.17468154767028	2.2555756820696
papu1250	-0.248246296713723	1.10655930051116	-3.10131615769224	1.64003698037025
para1301	0.0413730849913432	1.03954811483446	-1.9986365037841	2.36238378061196
pare1272	-0.011350819491284	1.04528333872661	-2.2588879238434	2.21453963988892
pate1247	0.0745038998605683	0.996174500024786	-1.89099967330674	2.34156503944241
patp1243	0.00488093768286811	1.03278780277252	-2.21913514215698	2.2026556847335
patt1248	0.0121835428520108	1.02985165646275	-2.16694509115097	2.22861974895799
paul1238	-0.00133479907018122	1.00432712168196	-2.09660505442417	2.11496542388277
pech1241	-0.0250973175001763	1.0368164105439	-2.275055636173	2.11949418858116
peer1241	-0.0128007221234929	1.02565545525831	-2.18846233486525	2.27631219179707
pela1242	0.0353287341028936	1.02297963685886	-2.04803073339042	2.45590346111179
pemo1248	-0.0142157628980767	0.979333636776561	-2.18887432583292	2.04969944260281
pend1242	-0.00213642328893673	1.05849732871271	-2.23137682999448	2.27009558582145
peng1244	0.0177932287442037	0.997568026039646	-2.0592740219296	2.06422070873771
penr1237	-0.0136516511084219	1.06822595785642	-2.27909922565008	2.34457312147273
phai1238	0.0309106948290545	1.03530736558768	-2.06532246905676	2.25410950402893
phoe1239	0.00667315915886151	1.01026711476853	-2.08011205136953	2.24315177136561
phom1236	0.0608633040076937	0.997611373307117	-1.995634609459	2.24500493725603
phon1246	0.00872732931648245	1.04797021741706	-2.20464188946312	2.2710381597943
pich1237	0.0250989172889071	1.01604002638737	-2.09259056771739	2.32957409140528
pile1238	0.00777922215083442	1.0641485523161	-2.21301816591719	2.23823035591093
pima1248	0.00413174187754084	1.00232356936889	-2.18225243345406	2.23025576994018
ping1243	0.00395713877932637	1.03906187975768	-2.17681816348154	2.20583288937579
pipi1250	0.0117520747494387	0.999219128783292	-2.0250421944867	2.13476407091116
pite1240	0.00246954248959412	1.04461392938591	-2.23008238880424	2.26398100766892
plau1238	-0.00306234573641566	0.998022470866815	-2.16890764605503	2.0865751526766
pnar1238	0.012653618839796	1.07133502917356	-2.21172927884849	2.17933961969933
pohn1238	0.00563079407253725	1.01035716389162	-2.22742103034391	2.18516502565323
poli1260	-0.0211008063471802	0.998840058655584	-2.25943656759261	2.0667514650482
popt1235	0.0147064978637883	1.01545872544303	-2.17217372216169	2.1435029362844
port1283	0.0231430927911213	1.05822218102982	-2.07466938830084	2.22960645810039
port1285	0.0432839711052452	1.01971732329023	-2.11899732939916	2.33054000234119
psik1239	-0.176205911488072	0.989772558312443	-2.56545559226128	1.55895379712372
puel1244	0.0106586474658292	1.02931543623456	-2.18535695701591	2.15216539898738
pula1262	-0.00109277092219415	0.98948870408939	-2.20274834847704	2.09622259450031
pulu1242	-0.0131613482893118	0.974951275260154	-2.16488463776449	2.09358441618235
puma1239	0.0263956259218894	0.974265667520059	-2.03611330345476	2.16684466319018
pume1238	-0.0029206986327429	1.04626450670781	-2.1990436779708	2.21085184930546
puni1241	-0.0161255407159581	1.03804642860987	-2.34292543631546	2.15460306046953
puoc1238	0.0218175895845644	1.03384311484977	-2.24859666545846	2.25958770389887
puqu1242	0.0221562059664089	1.05682586989467	-2.0693775287055	2.42766270743887
pura1257	0.0467082916626828	1.04587508731922	-2.05486471004254	2.30855564524695
puri1258	-0.0115329154103591	1.00213154707958	-2.15234465072478	2.12914001068737
qanj1241	0.0106015511548815	1.02335350867419	-2.15645751843234	2.12256648273185
qima1242	0.0178070262439426	1.02880946618054	-2.12495659563576	2.24428394948263
quio1240	0.0298606664490668	1.0108732024344	-1.99981678911508	2.21714770239277
rabh1238	0.0162977952111907	0.986664240547439	-2.13232729691721	2.12703120811673
rade1240	0.00791461314776435	0.989492150704701	-2.11483544466028	2.13449731405814
rama1270	0.00936967007344784	0.997499856521711	-2.11240104285264	2.27371308269404
rapa1245	-0.0128723598507576	1.04982757569324	-2.25298927328936	2.13574641629749
rata1244	0.0017982481388566	1.03246273373827	-2.2115590728849	2.15265118287842
remb1250	0.0297625833753783	1.02562820982046	-1.95699147046463	2.25268219517802
remo1247	-0.00139240862127742	1.06193788215348	-2.18763067913122	2.15660471214971
reng1252	0.0249012202230596	1.03090815145048	-2.08665400340677	2.30140598269996
renn1242	-0.0129539698290044	1.00341528640331	-2.10779983411429	2.09286046378201
reye1240	0.0270516338959636	1.07213224962115	-2.24850325322031	2.35153353976699
roma1326	0.0141892268463599	1.03231029742922	-2.17366075115528	2.30266962786567
rotu1241	-0.00602101987984529	0.982406105421313	-2.18139882005617	2.10276219553844
rovi1238	0.0308976799394451	1.08820419799041	-2.16521357378234	2.40253149890575
ruka1240	0.0200194468906486	1.00406765464495	-2.15725267179773	2.29008137889498
ruma1248	0.0183372228155985	1.04447908859281	-2.21942909190337	2.24970645432792
russ1263	-0.0097423117957055	1.03879226443399	-2.28045173471771	2.15317323760668
rutu1240	0.0249892531460439	1.0221614066496	-2.05310020828532	2.32000356837664
saaa1240	0.0177544031811009	0.9918018496386	-2.08701325235602	2.19759508327862
saar1237	0.0225208312973614	1.02016494296399	-2.15569934278413	2.25602026215394
saba1263	-0.0112749604615274	0.977046144757986	-2.12078263317671	1.99457611908521
sais1237	0.0114390079273472	0.97589523963636	-2.03429891224242	2.13915652222345
saka1289	0.0245110118959555	0.998316443954827	-2.08214695390319	2.22569858101954
samb1305	-0.0116039646905076	1.01657521708795	-2.05848224277243	2.13843444669138
samo1305	0.0133682863524421	1.05454755599206	-2.27966567658437	2.39342663475561
sana1295	-0.00270889021685289	1.08376366698899	-2.35723955436422	2.3714079172633
sanb1242	0.00126803865333882	1.0344399309781	-2.12093842179007	2.20105569002703
sand1273	0.0215394985770786	1.04737465164064	-2.16783848886116	2.30978578674674
sang1331	-0.00197829028126799	1.04911661755212	-2.35228584527008	2.41123249339966
sani1269	0.0281475699768556	0.985249650199628	-2.03004105979965	2.21779468414464
sanj1284	0.034322232427893	0.997762113837849	-1.92666157845271	2.26471998759027
sanm1289	0.000252676004512674	1.02816801024702	-2.22230182240139	2.16570087579462
sant1436	0.047482589377553	1.07832121276132	-2.07083753609678	2.41685376861587
sant1451	0.024983747511907	0.996854941807866	-2.16952643438308	2.26579362686849
sapo1253	0.0213743863709983	1.02818390675909	-2.11504281979049	2.34939243396666
sara1321	-0.0283959118508323	1.01982551505689	-2.28850379668602	2.04555804755557
sasa1249	-0.0132901444784798	1.00644469802179	-2.16907663699941	2.15362006375281
sauk1252	0.075645265906521	0.973759110970446	-1.91754382567631	2.22767628706366
savo1255	0.0263391358145073	0.997267220038117	-2.08887534331793	2.23505716826161
saya1246	0.0285160392213437	1.02002265957778	-2.01576929364468	2.35933678872102
seim1238	-0.00627892793827539	1.02269386971178	-2.23957676146153	2.15779997595855
seke1241	0.045157765186552	1.01994123981758	-2.04548012137231	2.29153196653701
sekp1241	0.00384004656488808	0.997922095162449	-2.16820824058605	2.21081455159767
sela1259	0.0260192709328473	1.02893690997152	-2.08780127675595	2.35655326942808
sela1260	0.00409630177519792	1.01744927693102	-2.22879673306714	2.24635555614156
sele1249	-0.00166310853111909	0.983084532044711	-2.18275845942787	2.11407563771228
selk1253	0.0211515504381497	0.997830579326177	-2.11997129900336	2.24481399857777
sema1265	0.00578217031406908	1.06419412725684	-2.35350457775761	2.30350484792462
seme1247	-0.00939861117730849	1.0276991401028	-2.27317287574613	2.13489259891612
serr1255	0.00359233830463243	1.04969339497212	-2.22054140126503	2.26955369032644
sgaw1245	0.00948860598362486	1.01371750415397	-2.18461045001191	2.19739901166568
shab1252	0.0225583667945265	1.00813225842236	-2.09962784781588	2.26706376259022
sham1280	0.0250038941619334	1.03990389723442	-2.19115094013659	2.28459082326804
shan1283	0.0190824650044112	0.971512714505265	-1.97866766965902	2.10274606915865
shee1238	0.0212289210618874	1.05681568151721	-2.21643638249864	2.32879179156299
shil1265	0.0249888790439366	1.01953672194391	-2.1107495850335	2.22998021014079
ship1254	0.0282378931587017	1.01054076999541	-2.05743306223478	2.31728201053388
shix1238	0.0176752857983789	1.04029344659339	-2.12854352765354	2.32370074688394
shol1240	0.0117777321900665	1.01480117906236	-2.12710257029771	2.15224398367471
shor1247	0.00309074767455631	1.03456936490157	-2.10596758782951	2.21192472605769
shos1248	0.0014411214729755	1.01340557818482	-2.2276284668997	2.11644284600722
shwe1236	0.0237562767623446	1.02146940184073	-2.14617077185115	2.15642668396622
sich1238	0.0186784140590133	0.991564402785179	-2.09794117976118	2.1599437734707
sici1248	0.00424605861848829	1.02643409111786	-2.12214136909637	2.21419267381183
sici1249	0.0396110832537071	1.01472976784808	-2.01088384086394	2.24258416588343
sida1246	0.0443829586892017	1.01517900614996	-1.94126299172087	2.26345235072777
siee1239	0.00642588213457716	1.04501317130782	-2.16957861476794	2.20808234418411
sier1248	0.0282930922854383	1.01611404069967	-2.02648485678925	2.37092968227157
sika1261	0.0114611237602128	1.02474454561039	-2.24249303117458	2.23465124346261
siks1238	-0.0264823831978687	1.00642224103975	-2.2575475197962	2.17609429996928
siku1242	0.000131337279743833	1.0064778464772	-2.20849274590444	2.13424036716428
sina1266	0.0321645216954154	0.982428829884648	-2.00632403966182	2.16989583961977
sing1264	0.0192697906475524	1.01362073549826	-2.10333864927431	2.12589953946834
sini1242	-0.00160947996514624	1.00238629989138	-2.3097810455614	2.16338201801965
sioo1240	0.063499674701077	0.98125862697818	-1.93349323228816	2.32015098326876
sius1254	0.028716542835194	1.02151242672204	-2.02827271864401	2.39624852120026
siyi1240	0.0235735082811352	1.02323064792656	-2.11113674869013	2.24269174441129
skol1241	-0.00313653858739987	1.03100293040186	-2.19169395358355	2.22086155465918
slov1268	0.00134289699237518	0.97629939859192	-2.06027409724435	2.07952850330837
soch1239	0.0265529982711947	1.03322505772877	-2.14034808445272	2.24301212953395
soga1242	0.0119680789089838	1.0517964764354	-2.20900888791004	2.3113309886383
soni1259	-0.00143032786830571	1.04091201136994	-2.19957010986644	2.18011429145782
sons1242	0.0056079014754983	0.995298308745549	-2.19366808607247	2.19294232356477
sooo1254	0.0103329848363027	0.97481867522319	-2.00624123070321	2.07733563627518
sora1254	0.0220175373395325	0.979996356424247	-2.04957781385762	2.1222515765415
sout1528	0.00761693396460488	1.02057156805171	-2.12370286849405	2.16876346858559
sout1549	-0.00756799822006194	1.03763684728094	-2.19079737001729	2.09545171339966
sout2674	-0.0180938071091323	1.00030874492295	-2.31317523962432	2.02092134313494
sout2679	0.0052369838271879	0.998090769682542	-2.02635184918035	2.12824945891022
sout2728	-0.00572268385974612	0.983821120273597	-2.14439029546503	2.11857997330892
sout2729	0.016566166507333	0.997333854554845	-2.09627862576222	2.23958376881596
sout2730	0.0310857340232636	0.987753499624581	-1.96040880151649	2.31087095325249
sout2782	-0.195395796472842	1.05152816582854	-2.85444887736509	1.66446188318686
sout2856	0.0326379529140377	1.04919972840227	-2.26812265735334	2.32638151690239
sout2857	0.0355251548988274	1.0070822069423	-2.02543085481858	2.22684272170999
sout2869	0.0120760779892229	1.02735246478758	-2.10600374511548	2.23692044838159
sout2895	0.0046203184395189	0.98341395694061	-2.0496543848604	2.15337320327893
sout2896	0.0102464380175946	0.99664574431523	-2.07316067928875	2.21817410078342
sout2918	0.00984023428958727	0.988693709933192	-2.02000506392588	2.15417164097015
sout2976	0.0290568475517564	1.00174246030634	-2.03500811039177	2.16114445848783
sout3261	0.0185699801154081	1.01901136497622	-2.07066332550163	2.22566881304499
sril1245	0.00464285559537843	0.983665986825622	-2.1687056969225	2.10681567809071
stan1289	0.00814471948751263	0.982862595159328	-2.06093550810603	2.16515007251702
stan1290	-0.010839520568777	1.06623416379086	-2.24449506245769	2.24586010674715
stan1293	0.00882972080865213	1.06257580217602	-2.1419268055239	2.18293847734504
stan1306	-0.00104809965483917	1.01067198827146	-2.20776595301462	2.11617040604023
sude1239	0.0201012843112355	1.00885945280266	-2.09034901850392	2.1411889386389
suku1259	-0.0137828618090744	0.995790657926388	-2.1870181691262	2.13989315080905
sund1252	-0.0171372241498486	1.03598333673003	-2.30472171667174	2.06225094802676
sunw1242	0.0363337601581652	0.982694840114292	-1.99454155579879	2.19788668182751
supy1237	0.0302576581448512	1.00406348157054	-2.04329418532861	2.20080230298161
surg1248	0.0144714202497794	1.06506188637327	-2.1774899189835	2.20031758981836
swah1253	0.0205068414419644	1.01326006221201	-2.13828505644683	2.28462984195288
swed1254	-0.00485354761946674	1.03747397478886	-2.25225997407222	2.18023171728677
tabo1241	-0.00498476759497352	1.03966853626838	-2.2243570593672	2.17029790769708
tafi1243	-0.00371196583538426	0.994268953633965	-2.30233829482604	2.23425987241917
tagi1241	0.0299765217366574	1.02607732523279	-2.00175086495284	2.24591167345651
taha1241	0.023735672731471	1.06064741026053	-2.25092979487196	2.37820134559989
tahi1242	0.00405059288168753	0.941296295874176	-2.06983054568241	2.05378905010108
taia1239	0.0407373857405957	1.00031202850133	-2.121193704151	2.28925710656857
taji1246	-0.00367907460238998	1.06231343367143	-2.28948922449023	2.3686698495589
take1257	0.0106873140475492	1.01251151905918	-2.14576891378468	2.18297617148652
taku1257	0.0125943314411673	1.02528192883439	-2.08231258130578	2.2553998993418
tali1259	0.0168040855610985	0.980523452678675	-2.07363796508081	2.17613017744516
tama1365	0.0296182526318346	1.03111448197268	-2.05589929911334	2.31738626104002
tami1289	-0.00337774366280258	1.02461987089693	-2.28521189524432	2.05481294256705
tane1237	0.00360830819494685	1.02936698952104	-2.17347476805596	2.22746146022601
tang1336	0.0377276796095253	1.02658176806784	-2.19234325317814	2.35189635960975
tang1377	0.0147844825787854	1.02903167429623	-2.15135939633101	2.30692134977299
tanz1241	0.0188355073737594	1.01023081967634	-2.04177421189509	2.30333998161074
tari1256	-0.0015672097300969	1.03391160313643	-2.20879397425858	2.10840965820409
tata1255	0.00948861757411667	1.0470238600436	-2.17078907221691	2.28001545942728
tata1258	0.0415868487618149	1.05324301984905	-2.0504689166534	2.38013311150035
taus1251	0.0110109444428674	1.02244392906493	-2.0934250401816	2.33193296712862
taus1253	0.0106751946027966	1.06769191560027	-2.25087719432494	2.26239125917217
taya1257	0.0154546444473613	1.07221258593842	-2.26988976294288	2.35285963219983
tean1237	0.00649200459190885	1.03526638615793	-2.20420317839743	2.24347841557804
tekt1235	0.0050192820107651	0.994452054043369	-2.1920493559679	2.15392164844324
telu1262	-0.0189054817994449	1.0509035961923	-2.33303955524331	2.18649738874337
temi1246	0.00887612090944436	1.03364452750037	-2.12969324721458	2.24815019898813
teop1238	0.0153227399634716	1.04097890691886	-2.12818572915979	2.31950447799084
tera1251	-0.00918112261258836	0.985358969743159	-2.28712902465733	2.07884197205687
teri1250	0.0011480630407909	1.01906370705072	-2.10380586804905	2.15325747605035
term1237	0.0311415669716492	1.01421327517123	-2.04140917984839	2.22010454227888
tetu1246	0.0161121757621724	1.02897062306165	-2.19997158159208	2.28461120357406
tezo1238	0.0359415048819914	1.02864280429007	-2.09560268198518	2.2642201883559
thad1238	0.0282183227462025	1.01582071269032	-2.03794481420588	2.20754457243275
thak1245	0.0373180053772264	1.03252546696146	-2.10598281053806	2.34311136522982
than1259	0.0314171642079972	0.98559906295901	-2.06334279852081	2.17664985405025
thao1240	0.0124998781765242	0.988628392057262	-2.15337489411753	2.19812688288036
thul1246	0.0454397790123142	1.01301986139878	-1.99244737237199	2.31104506411793
tibe1272	0.0278475184864634	1.06056926524402	-2.13462847639034	2.31682144517581
tief1244	0.0349875630833439	0.972119443081767	-2.00765284895592	2.26572004744482
tiga1245	0.0271132302051277	1.02924133132699	-2.11598760095227	2.28997140938844
tigo1236	0.0227256916541471	1.02604601232431	-2.09921462971512	2.22921981884698
tika1246	0.032050762807995	1.02969482426157	-2.08358953452943	2.33058315758042
tiko1237	0.00804649213242612	0.9864033540068	-2.03955182130278	2.21361634158484
tilu1238	0.0304327819442278	0.978013272092876	-2.02833024650865	2.15314150091241
tiri1258	0.0279801268669359	1.04074181577916	-2.1625820284439	2.20577673774252
tivv1240	0.025061093424782	1.05054112875402	-2.18062190777083	2.29815191491911
toab1237	0.0239531921330601	1.04954610815559	-2.03108184014802	2.27428555856244
toda1252	0.0108042927711821	1.02623529528792	-2.12119661790925	2.17103241787671
toho1245	0.010270189359275	1.01936915048119	-2.16743611369211	2.30100031049721
tojo1241	0.0139615000118316	1.00643810110746	-2.15498725724035	2.21621923567978
toke1240	-0.00110706740025928	1.03605572027605	-2.20337234252309	2.11271552426064
tokp1240	0.0392291275559799	0.988111583602863	-1.97112571369564	2.18626519713334
tomb1244	0.0066916881092912	0.973169480926208	-2.1404625481776	2.10701810328107
tong1308	-0.000113900562461693	0.988447324651891	-2.16422135842059	2.16124987138756
tong1318	0.0313176163024919	1.0304742530983	-2.14330546426551	2.28696534240148
tong1329	0.00802097000315718	1.03412849199931	-2.15540204887896	2.24070669387119
tonk1249	0.00425533650283241	1.01286742326806	-2.1547044829988	2.19286704633365
torr1261	0.0223340173575667	1.02633450922832	-2.20361447246515	2.22322844288543
tosk1239	0.0118554250727535	0.975988716235233	-2.03547145958992	2.21309408209667
tote1238	0.0214170690516501	0.988939233889539	-2.04408880641486	2.24495109932295
toto1302	0.0159110969621968	1.00334589484234	-2.0445322042706	2.28269156362693
trin1274	0.0329929599791434	1.01701806536616	-2.00321758491741	2.29380264375075
trum1247	0.0292207167334418	1.03143164925254	-2.06307763798505	2.39404761150561
tsam1247	0.035982925310305	0.997925088545572	-1.97299313804311	2.24738692247146
tsha1245	0.0293528448106628	1.03143348038025	-2.06232041913704	2.2749283659266
tsis1238	0.00836719817070854	1.02097626689596	-2.18552532283091	2.17717324019539
tson1249	0.0126160858633883	1.00724893723238	-2.13221649178719	2.21969277663676
tswa1255	-0.0136697198595997	1.06418605576039	-2.387190025719	2.25476124554109
tugu1245	0.0205494248475905	1.03062892443287	-2.09606458891662	2.1666815681197
tuka1248	-0.00189973269360963	1.06263363037634	-2.18650956185293	2.31394037142077
tuki1240	-0.000755007947993876	0.994485645989774	-2.16474151570261	2.11636920154039
tunn1238	-0.0105861912963	1.00491570311974	-2.05851496105489	2.1173592931449
turk1303	0.0187317537212456	1.00858332300639	-2.0859308789612	2.21990245309655
turk1308	0.0388261662736444	1.01733138515498	-2.10504028060729	2.35452168882825
tutu1241	0.0358796179100846	0.997732737383256	-2.06376289747142	2.24642010542383
tuwa1243	0.0448406394719549	1.04199399502793	-1.98894036774557	2.35464660660646
tuwu1238	0.00246752291201913	0.97868205757718	-2.13148688203314	2.09937013736563
ubir1237	0.0303616216329332	1.02136948891262	-2.07923747922842	2.21543358944268
udih1248	0.00245165235296732	1.06565945099585	-2.20464532563095	2.30211854157094
udii1243	0.0182980164296902	0.994163108931888	-2.11632663697844	2.17553614693207
ughe1237	0.0272432867747454	1.08471787458699	-2.14087279830113	2.42338154549122
ukra1253	0.0081980397174961	1.01329305506582	-2.11260789123499	2.10596045681702
ulch1241	-0.0164984853741511	1.05014293718149	-2.27450708692031	2.19313015873219
ulit1238	0.00099411577475009	1.00966478282135	-2.14897676817353	2.21267509588496
umaa1242	0.0261861042909075	1.00499637080517	-1.9931787955614	2.15393123987349
umbu1235	0.0212633254264829	1.01253421256353	-2.01396594049588	2.18236179290788
umbu1257	0.00552265519783258	1.01858996843331	-2.0517027946207	2.16906177072856
umes1235	0.00574845490688591	1.01048534767129	-2.22462634272239	2.16148004351087
unua1237	0.0408758042081857	0.998364260682682	-2.02185721422193	2.24389134214478
uppe1439	-0.00156829967261935	0.987061810748042	-2.13372756107682	2.10923864118005
urak1238	0.00117717605542192	1.02722887634956	-2.2536452451724	2.28103777282073
urar1246	0.000228441436376136	1.05293354261462	-2.28130658351634	2.29584173753435
urav1235	0.0150870781731257	1.05586283226132	-2.27198439916469	2.20003803465384
urip1239	0.0362025452947752	0.98151553275533	-1.98179168604088	2.16826970476308
utes1238	-0.00664760600680473	1.00446429825562	-2.22001511743381	2.14980293408712
veps1250	0.0130072045062931	1.00806183976418	-2.18616395733022	2.25546929100018
viem1243	0.0284724074392267	0.98542256197824	-2.10434450745027	2.24027571861143
vinm1237	0.0379740162543647	0.987392066964557	-2.03742520053459	2.18788117121285
voti1245	0.0154423982669017	0.983966966258306	-2.1514852216031	2.14636966310545
vunj1238	0.0261616159603721	1.00127827636383	-2.12705675488109	2.29519392742765
vure1239	0.0387229213468927	1.04259404793829	-2.06245063427573	2.30403295475127
wadj1254	0.017290920261659	0.995715155948386	-2.05758168257492	2.09122921587362
wage1238	0.0240456241710897	1.01190671289477	-2.11748005349441	2.22497774535529
waim1251	0.0390276599828892	1.04655191713522	-2.08655314296615	2.33504795248466
waim1252	0.0176404526034483	1.02869981409295	-2.14059139871959	2.25917107718718
waim1253	0.0107288099428178	1.01313791072529	-2.1282832368594	2.25100704130613
waiw1244	-0.00100890104044036	1.0384146409466	-2.24853515334352	2.35172507106917
wala1266	0.0218178823314335	1.01251543994382	-2.10603295661271	2.25562441287361
wall1257	0.0144110294980092	1.04259196338095	-2.20101238356684	2.23364659946959
wamb1257	0.0277998847729531	0.978529204838801	-2.11130619542675	2.1835158934418
wand1267	0.0177129763680661	1.05989989082761	-2.1197671124408	2.20945547699297
wand1278	-0.173138018148126	1.0134479074609	-2.61658762478672	1.61533963607005
wann1242	0.00420488890653914	1.02263759263106	-2.08450580560395	2.22908887046853
waor1240	0.0138891419848431	1.05916103135886	-2.20212177526185	2.30274290368386
wara1303	0.00919103685479122	1.01408244193457	-2.1810567303098	2.22796612561425
ware1253	-0.0443473174877439	0.984296101355127	-2.39771708285939	2.07591080075191
ware1255	0.0070487490848392	0.996775201489017	-2.12646038545513	2.13280711413785
warj1242	-0.000751454455157585	1.00911039473578	-2.12541988655567	2.10527256224138
wash1253	0.0145807324212851	1.04936764664496	-2.19764507599515	2.30882449747419
wawa1246	0.024593584919812	1.00999482179837	-2.06271064313843	2.26485517837067
waya1269	-0.00198712994327641	1.00774312892658	-2.15714950780737	2.29387055344419
wayu1241	0.0279784713151357	0.956002826832827	-1.95342541999467	2.11971579455951
wayu1243	0.00771130585335564	1.02161031562408	-2.08446308933483	2.24451567112954
weda1241	0.0296913604955779	1.00256404787398	-2.00228363035299	2.24283551732889
wels1247	0.0262414297924444	1.03544108662244	-2.14948104363438	2.31180810440779
west2354	0.0149921325100706	1.04785915229887	-2.13197879967445	2.27450592676329
west2369	0.00767036045566601	1.05480542536929	-2.16460821499317	2.30201271715602
west2392	-0.00227123023427847	1.05112679057214	-2.28313138208964	2.2068334678915
west2396	0.046946634393156	1.00361055214553	-1.96251046134751	2.33141722604749
west2415	0.0159064897826241	0.99515577061109	-2.08192138080378	2.14150196627633
west2417	0.0323580307964954	1.01464030446384	-2.07428674870395	2.23957787531475
west2418	0.0320675714518647	1.03333855004449	-2.27164160456736	2.32114250530265
west2441	0.0197899421861298	1.05181824932399	-2.01045086205725	2.26714391670008
west2466	0.0323195113774497	0.991452619534886	-2.05451471115528	2.24844320312807
west2516	0.0308335602932311	1.03285600329985	-2.23953036342161	2.44304245723941
west2519	0.0099404243653491	1.03595176649995	-2.09969037811025	2.26982934307363
west2557	-0.000939730263611498	1.04191330578134	-2.16909573617809	2.19220391716676
west2560	-0.013446997713729	1.01774463761608	-2.39416405842552	2.08904747324698
west2594	-0.216181769473871	1.09254367625323	-2.893190913348	1.77059270873207
west2624	0.0353767970432875	1.05327012995626	-2.13713750988811	2.29753675470828
west2635	0.0117114015446846	1.0079964856957	-2.12380039935176	2.14441938950442
west2644	0.0378476390476416	1.05684646029251	-2.12889923942142	2.38892775204772
west2650	-0.00249095972468386	1.05467635355822	-2.15137409410783	2.27793063198612
west2763	0.0140925017253875	1.00398302782221	-2.01771136199585	2.20556974361166
whit1269	0.00983364887829062	1.02998286187964	-2.13112255554546	2.22888382055482
wikm1247	0.0477771600193857	1.00021127983901	-1.91326502689822	2.22491064550016
wiru1244	0.0466609347389347	1.0288711428415	-2.13311871815543	2.23577620045031
woii1237	0.0109272965416525	0.988230915118802	-2.12267624605582	2.15365723562678
wola1242	0.0420820590226115	0.989962892357049	-1.87260728844722	2.23729730412382
wole1240	0.00330979264123289	1.02742735171781	-2.16267131580043	2.22756212338218
woli1241	-0.00238037907746415	1.05235128153223	-2.22702179194068	2.1971515346078
wood1236	-0.0153975922212409	0.985480720392767	-2.16511867831508	2.10830592645483
wotu1240	-0.0046343931809037	0.996990774441709	-2.21780292568489	2.07360032557652
woun1238	0.000241821849017502	1.05939860357064	-2.2288347104229	2.40595493369005
wuch1236	-0.00337798284604988	1.0139331961183	-2.10936873952637	2.16042167092532
wudi1238	0.0231735621040237	1.03170380101882	-2.0023335324961	2.19691458045373
wusa1235	0.0233989185374822	1.01517762267394	-2.04148587849417	2.17474762869146
wutu1241	0.000431907052140684	1.06322328914556	-2.2629772787485	2.26153393443237
xamt1239	0.0280974557942262	1.03971259867779	-2.09350864724154	2.27958055684181
xara1244	0.0268267816040616	1.03518259011915	-2.10398253009585	2.20582494697242
xava1240	0.00811895337457857	1.00573245521351	-2.22173493511493	2.22449707448804
xhos1239	-0.0150394264371039	1.06058639347563	-2.21532048637124	2.19474581502164
xish1235	0.0294204065282707	0.992241201407053	-1.93912763331645	2.28694620052815
xokl1240	-0.000301800723008703	0.998484923241221	-2.1361805616779	2.12120206681273
yaak1241	0.0258191660118957	1.04570776605175	-2.18321507847271	2.22102772186447
yaey1239	-0.00589359414741801	1.04803343843002	-2.22850595876465	2.12328557028099
yaka1277	-0.0196084537576944	1.03173769958989	-2.16890003798901	2.01965264786604
yakk1236	0.0431619402617684	1.04708709468501	-2.06848866866123	2.37513645541468
yaku1245	0.0298281298356203	1.05437530793139	-2.15256498802122	2.38952057785693
yale1246	-0.298700496427384	1.11385546902707	-3.3216656250879	1.36955309889545
yami1254	0.00299957274212668	1.00018033253871	-2.25685093134243	2.21779817487549
yami1256	0.0290613090981864	1.03527568043921	-2.15420385353427	2.33600056568894
yane1238	0.0282260750253717	1.02336855291417	-2.0828932205157	2.29545207093486
yaou1238	0.0040427542087832	1.04733097861309	-2.14089601902715	2.28710683196483
yape1248	-0.00445406509767509	1.00412151689709	-2.17935843241971	2.13964499419707
yatz1235	0.0362717793082625	0.995716364946342	-1.96947651704355	2.31420064286246
yavi1244	0.00975819232461308	1.0084380739391	-2.06481671859946	2.15117950018532
yayg1236	0.0451835685369761	1.04792792475099	-2.13166361029958	2.45506639810244
yele1255	0.0143671163259123	1.03719245895278	-2.17473318135461	2.24532245734424
yems1235	0.0291618027722395	1.02996586088994	-2.15131767581408	2.27897303854662
yidi1250	0.0293905958952001	0.99046149214091	-2.11261689338458	2.15259133439754
yoga1237	0.0341949313753061	0.989890061228083	-2.00668889366418	2.26287290196481
yona1241	0.00984376147823128	1.04006651158606	-2.27282139529664	2.18276136146306
yong1270	0.0145104404250883	1.02778147985687	-2.13793251879424	2.28354622171937
yong1280	-0.148451900043579	1.0272453308513	-2.62117483652541	1.70652220521807
youl1235	0.0290321173994328	0.984083042695725	-2.08469376738404	2.11525439121536
youn1235	0.0164368972475673	1.04708539742344	-2.15976767183571	2.25699153339281
yuca1254	0.025129168366786	0.998187492318994	-2.05330500070448	2.24341376375088
yuch1247	0.012652097393603	1.06997376611014	-2.20051254881536	2.2499158444013
yulu1243	0.0252595951242889	0.997584561402752	-2.05539660257459	2.17609269043358
yura1255	0.0201017402579062	1.04269682669714	-2.15621956821371	2.31349357600066
yuro1248	0.0109150919463668	0.984681579702811	-2.11156135729114	2.15020417686494
zaba1237	0.0209318401847255	1.01901355902139	-2.16434832377568	2.29035382549912
zaiw1241	0.0445974427068275	1.03064551830886	-2.07561856752875	2.41714564040181
zakh1243	0.0159108190298398	1.01219154532269	-2.13234661353965	2.19337966614404
zamb1245	0.0253298957252707	1.03035075633134	-2.09954698414551	2.16007000427024
zand1248	0.0085038342720253	1.08291903105279	-2.28302092381678	2.30351475097218
zani1235	0.0306106840147347	1.06983292186656	-2.04542189996857	2.32633707474913
zaye1235	0.0177823213879694	0.971738021643724	-1.98262535807986	2.17355061987816
zhab1238	0.017538560021717	1.03027416152173	-2.21301361755127	2.33107489099377
zinz1238	0.0115877628051077	1.04306865102756	-2.15710711881303	2.27912788304008
zulg1242	-0.256963145808791	1.04133789343028	-2.88473529053651	1.387786362112
zuni1245	-0.00252462876536589	1.00948751510567	-2.12741612031314	2.06682703213209
