Estimate	Est.Error	Q2.5	Q97.5
abar1238	0.26133197864054	0.772095159702175	-1.23656803808661	1.92783608791266
abkh1244	-0.666220707760019	1.12904970020724	-3.320761690302	1.35490148390066
abun1252	0.10562475031004	1.0944576829477	-1.93377367933522	2.70153565611895
acha1249	0.171172292777971	0.786667130496512	-1.35566070766967	1.84487597323229
achi1257	-0.437448403584579	0.801997906827484	-2.23524069308455	1.04321145309844
acol1236	-0.271536409801824	1.23910836545489	-3.12588488409659	1.99654533715872
adze1240	-0.457465111447552	0.798790239700495	-2.19395003125998	1.0463454347507
aeky1238	0.0141504871938946	1.05918467134792	-2.03587358867138	2.42249450144648
afar1241	0.0233632126343327	0.797047853575325	-1.49889576009256	1.79938838776822
aghe1239	0.252309951870838	0.761612567768315	-1.28139438068954	1.92870786429722
aghu1255	-0.0517335196438555	0.910873984949762	-1.83766754087876	1.87878064075622
agob1244	-0.572874335609544	1.15625859876244	-3.27328114484183	1.41223256571674
agua1253	-0.563748068276408	0.938160402756772	-2.72268185409183	1.11657375152528
aheu1239	-1.04698380271078	1.19768861316984	-3.95668660657509	0.662005201010136
aime1238	-0.360381294059149	1.0829170256208	-2.73263911235707	1.82354041593392
ainu1240	0.335991127486984	1.28215111990399	-1.81022049110858	3.45792720919858
ajab1235	0.287166568997468	0.76662488174846	-1.21039998659021	1.92380578577407
ajie1238	-0.444486652716982	0.801885055538981	-2.20496278753202	1.10162191272644
akoo1248	0.232969537880065	0.737253462109146	-1.21883415646756	1.81147093961669
akun1241	-0.600809375584145	0.929317149278101	-2.78355332124521	1.07828957568249
alab1237	-0.450991007122183	0.905286889106837	-2.38212651329379	1.31732742237468
alab1254	0.0580437798275493	0.807693896190137	-1.44661199948668	1.88858088486458
alac1244	-0.567731743668296	0.919952179224173	-2.7043647593804	1.06815567972072
alag1248	-0.0110655008365693	0.795814233145057	-1.55181859444784	1.77206230637102
aleu1260	-0.512853348639492	0.938244400164359	-2.61663064608367	1.17886330833818
alor1247	-0.45387045128252	0.813798902331835	-2.23741028837756	1.07572392997169
aluk1238	0.868093878880828	1.13855760610969	-0.842579584126041	3.53453271344958
amap1240	-0.542238851068055	1.12627549798135	-3.16940521522986	1.45185238813465
amar1272	-0.460692379853734	0.805948207554061	-2.19789842210754	1.0802703704985
anei1239	-0.437063091048192	0.799950926202305	-2.18244384738364	1.1188367078845
anta1255	-0.442715526171599	0.797045137911084	-2.20672413648791	1.0952000909287
anuf1239	0.28063600576694	0.761677874826842	-1.22692140745111	1.93872392716606
anuu1241	0.369695304553936	0.828169432885008	-1.08920742248379	2.25709944442059
aona1235	0.523291323327249	0.886424984382887	-0.893592948725644	2.62773207444022
apat1240	0.329951133724692	0.825302569274427	-1.13358517028101	2.19281619496621
apin1244	-0.413113063133965	0.891509562533209	-2.34490832627575	1.34645653679484
apma1240	-0.439308698086761	0.797849691973518	-2.15472756594389	1.0633582210332
arak1252	-0.450098232251127	0.794106743524013	-2.19728758640355	1.03917955685368
arao1248	-0.444182983087952	0.914334888069787	-2.42048407478191	1.31848566066178
arap1274	-0.550766204167594	0.921504538652375	-2.61336055831194	1.11170077451708
area1240	-0.457701521444271	0.80135769159742	-2.25660313109815	1.07931005784148
argo1244	0.0528817680519162	0.828175556138264	-1.54602738933733	1.93773893336901
arom1237	-0.84471995638459	0.953625559226788	-3.0578541880443	0.709812114948479
arop1242	-0.456317146153868	0.807451399423415	-2.24325344118931	1.10701068051594
arop1243	-0.461366690224542	0.800537685936632	-2.2095913110938	1.01287466518379
ashe1272	-0.539037416329454	0.949382524361502	-2.73467847536557	1.19433224727138
assi1247	-0.286194038279279	0.907595027882812	-2.11483571828635	1.62943062415525
asut1235	0.194529348406651	0.72261556011576	-1.27412281290605	1.67312791647724
atam1240	-0.4164004010283	0.80958049715943	-2.1872890267846	1.2002326491288
athp1241	0.355545371853232	0.824010762652987	-1.06390140088104	2.2528931365415
aton1241	0.286334510578161	0.811278023806773	-1.21975263742632	2.12158417313087
aulu1238	-0.42061553745378	0.79223256915483	-2.09937225796771	1.12100308124298
awad1243	-0.833930804965829	0.937624929548391	-2.94794414638351	0.734755364835838
awad1244	-0.457719365091378	0.80101724846892	-2.21204474697638	1.03030646253361
awar1248	0.0133939187472237	0.922151016477503	-1.77878081074774	2.08091850464253
awet1244	-0.593667605888055	0.937642809416328	-2.7673369313382	1.09760297694397
awtu1239	-0.573695383588745	1.09651247938874	-3.14172418779805	1.3798048349733
axam1237	-0.424695649535735	0.787173286929577	-2.11105584911029	1.08310688763135
axiy1235	0.215375003400643	0.792325434207263	-1.29780601873515	1.97012188844041
azha1235	0.203078135285049	0.794417671940385	-1.34385474411812	1.93278131156212
baba1266	0.251499515802098	0.75896000534152	-1.25758715747649	1.89479475707512
baba1268	-0.466977527439421	0.814287626621345	-2.25088894240003	1.05055582462095
babi1235	-0.220671766020834	0.88633070267748	-1.95826277438146	1.71220509741396
bafi1243	0.240525679230918	0.737448230099683	-1.21331879805135	1.82836507597763
bafu1246	0.252508352778413	0.756975947010564	-1.24632684524718	1.92166050914871
bahi1252	0.343631569090169	0.810706422713332	-1.08555443879771	2.17431189834703
baim1244	0.506338245973316	0.871651656747814	-0.925279604148906	2.57695293665764
baki1244	-0.439895273272185	0.803914296124179	-2.18442605016252	1.07480264988341
bala1311	-0.438784491132904	0.80442007780051	-2.19231728810121	1.13816561836949
bala1315	-0.438829939769071	0.808316268480287	-2.21186128902211	1.10508745717541
bala1316	-0.429309004832664	0.797109393159612	-2.13771539772525	1.10763668574901
balu1257	-0.459016625835624	0.803843811431861	-2.2212655498812	1.07528669764204
bamu1253	0.25308412836597	0.761675211599392	-1.2111106752314	1.95005492902512
band1344	0.347775671254217	0.761860369534982	-1.0743504703333	2.0532274845357
bant1288	-0.414571199053167	0.803202176914309	-2.19869728213662	1.11961854468592
bara1369	-0.442236847984634	0.800311701003173	-2.21865308261382	1.10960709140119
bari1286	-0.460112358635508	0.803351130885902	-2.2324258329814	1.05924808377254
baro1253	-0.461438212769759	0.810496431020757	-2.24786835369713	1.09527722079553
bata1289	-0.435493023091094	0.81089542554101	-2.18907004135594	1.12994439956249
bebe1248	0.238453174779718	0.752069182022391	-1.24711320360468	1.82094503548432
beka1241	-0.433516111161948	0.8109709813471	-2.21190818703783	1.12969044351471
bela1254	-0.839149026719537	0.940423002646348	-2.9371058597306	0.726367761944411
belh1239	0.354849248902966	0.823070760424183	-1.08050016472815	2.23237517061475
bell1243	-0.4816482365192	0.92020090156801	-2.51203265536022	1.22087580577372
bemb1257	0.218361108688143	0.742717724594338	-1.23880314298724	1.82367444459601
bhoj1244	-0.824048571854634	0.930342332278495	-2.92403821144437	0.715238067382312
bian1252	-0.776964027082584	1.22493520458906	-3.68070852605109	1.22628799295209
biao1253	-0.659267371698218	1.2505546194745	-3.62496185605104	1.44471786700818
biao1254	-0.740545364199438	1.25854943695594	-3.73533390736244	1.22160826660315
biao1256	-0.738699433341743	1.25882765805403	-3.72614636439832	1.2647164286099
bier1244	-0.440498112383248	0.802859397540301	-2.18064077367222	1.08774064730814
bign1238	-0.361707305765468	0.793819644909874	-2.02844591379766	1.25641184859706
biha1246	-0.442569264769701	0.803251273766304	-2.21727278308095	1.08566453094766
bini1246	0.238353417062517	0.760012775523908	-1.27624555781167	1.87702131038104
bisu1244	0.234172032445768	0.793726715790119	-1.30180674947798	1.99591199705129
bitt1240	-1.04998311310614	1.19923913206168	-3.91848248946046	0.684995813162126
biwa1243	-0.682811214021451	1.21933315977003	-3.5824772111086	1.3405710210049
boht1238	-0.0531633995076632	0.79962657782958	-1.61710468070176	1.66613602752738
boly1239	-1.05192424220434	1.19716802877843	-3.89700714564992	0.613969794367611
boro1277	0.537678679363228	0.98258490502786	-1.14296292556699	2.82316703615851
boro1282	-0.520982947360035	0.923172709091165	-2.62323389196927	1.16708548704944
boto1242	-0.305683078759388	0.798051504499972	-1.94301794684527	1.35003463449316
boun1243	0.415945072449195	0.783792719308237	-0.950093950042105	2.1762791120561
bret1244	-0.836229965632677	0.944024733636574	-2.97141868329402	0.703238393094513
budu1265	0.0450086284493751	0.797924971619552	-1.46126429557732	1.82713536399926
buga1247	-1.05166405132027	1.19638301803515	-3.90394017290335	0.584844804077076
buga1250	-0.457911790301748	0.801961892259812	-2.21183399441661	1.00966174453629
bugi1244	-0.373017979622418	0.805740369749594	-2.06153347668802	1.23727849871972
bujh1238	0.394046512016912	0.833153757539421	-1.03302116293659	2.37548365429421
bull1247	0.324963982769901	0.791553785776516	-1.16495353887806	2.07061408278435
bulo1242	-1.04316691815667	1.20110249418359	-3.93078035442728	0.676182066426831
bumt1240	0.52247942388922	0.876637666613842	-0.883971535677979	2.66343704098878
buna1276	-0.476976464555725	0.806770710473089	-2.27300286220862	1.02457339473377
bund1253	-0.834333827586584	0.935143852713721	-2.97913878332749	0.746808992543687
buol1237	-0.408929921189537	0.80203467024834	-2.16615522710812	1.17936486829434
bure1242	0.0359566723903389	0.797631732748103	-1.48527297707131	1.80429710271296
burj1242	0.062321711664112	0.812487640766083	-1.4699793118897	1.85520780587459
busa1253	-0.0587297805444206	0.99674749574536	-2.24970305182674	1.91897600189622
bush1247	0.274847836870123	0.747379633828611	-1.1823474222729	1.88905486458658
buwa1243	0.0506100500377044	0.812779156022788	-1.51397919687967	1.81768145819905
bwai1242	-0.478409439479486	0.800771605099666	-2.26677684934055	1.0122502839345
bwat1240	-0.416811201231212	0.796617497278227	-2.13036087990809	1.15905683795932
caac1237	-0.430209697937206	0.797036093353689	-2.11941369555402	1.12489795018357
cacu1241	-0.470712679843387	0.944986196308843	-2.57372921523712	1.38069837616105
cahu1264	-0.245239478458856	0.852964036137506	-1.94339613543586	1.57858952001201
cakf1236	0.0348265412734321	0.802144598955908	-1.48929879435357	1.79517137163324
caml1239	0.348961402187465	0.826649191819675	-1.08668815095074	2.28263528926798
camp1261	-0.846881178907604	0.94985473754675	-3.00432589846989	0.701083729283458
cane1242	-0.386054113540943	0.893930808291276	-2.27459126503521	1.45325913821303
caom1238	-0.658581856554469	1.25440652460992	-3.61779838381576	1.45167851495082
capa1241	-0.420260561545985	0.901854232738622	-2.35436564417011	1.33120076536101
carn1240	-1.04587429394556	1.19162192147397	-3.93126489589647	0.632162139538268
caro1242	-0.468548104492459	0.808383204683882	-2.29955793363444	1.10026066494283
cash1251	-0.434551646418144	0.901819113749418	-2.40055052211129	1.2727904231188
casi1235	-0.325609851552685	0.794531343991037	-1.98255086817189	1.33182517957366
cemu1238	-0.403145051137364	0.793095678861586	-2.1003246551898	1.14688717487726
cent1989	-1.0463218693853	1.2050786987011	-3.99218105108574	0.625381003451333
cent1990	-1.04673544441175	1.19451441955445	-3.91244667455552	0.643420409399129
cent1992	-1.04196987390989	1.20502625078529	-3.95128255568824	0.684913873772098
cent2084	-0.30242866809013	0.802168636936141	-1.99983229591268	1.40855903967071
cent2100	-0.437212939871474	0.811162237996644	-2.24967892956835	1.10357054941862
cent2127	-0.512594330731222	0.928591075074249	-2.59165969146495	1.14473228138276
cent2131	-0.250600316685506	0.850137537084955	-1.99828257214865	1.54886486575858
cent2140	-0.489950140293109	0.961835390413827	-2.64491630692176	1.27683436074975
cent2292	-0.324181201599236	0.79697171618625	-1.95426810703585	1.35505216296364
cent2314	-1.04625878819363	1.19916954638111	-3.91247147833701	0.665932864764202
chak1270	0.304515866612197	0.818209065297797	-1.21605728077321	2.15187498648832
chak1271	0.475958646616195	0.819251048736333	-0.883051041845038	2.35441208562352
cham1312	-0.424412547431188	0.806230828618238	-2.16034698406747	1.14443337321952
char1269	0.474746932562473	0.947975417479688	-1.16653673074526	2.64549848864884
chas1234	0.170872623909246	0.784245482901634	-1.36914233823926	1.84208570194481
chek1238	-0.469015334007003	0.806352136633453	-2.24120121348784	1.02866972057567
chen1255	0.81464005294162	1.10665899581055	-0.840528449930995	3.38812654911771
chep1245	0.400833079756024	0.836086676994807	-1.04173956780937	2.3488975371257
cher1273	-0.524795454861946	0.937449523898102	-2.69976071543397	1.19443719397912
chey1247	-0.54838680238863	0.925910539682377	-2.59965802177681	1.11928324780419
chic1270	-0.432898967789866	0.897962796060717	-2.39822586133912	1.31834722832462
chil1280	-0.222254022439968	0.892029423528752	-2.01343240577664	1.71722979304413
chip1241	-0.551165469150101	0.926020702824224	-2.635708403076	1.14380885636937
chip1261	-0.188471568431197	0.893008093368914	-1.91554539802209	1.78939128643109
choc1276	-0.424801142320755	0.898082760487022	-2.34866035655821	1.32717619132288
chon1284	-1.04480609853829	1.19933393599852	-3.8929081541554	0.679653393717332
chot1239	0.472503388791353	0.879047146032156	-0.979216251585793	2.52191577160179
chug1252	0.284648616699949	0.802499629266809	-1.20078936238543	2.0714149232592
chuk1273	-0.601609699485312	1.09370498156532	-3.20428475262888	1.31867844234871
chuv1255	-0.557298774505222	1.002741380521	-2.81378269156027	1.25871155482988
chuw1238	0.245800108787351	0.737032370982243	-1.17898160370607	1.83981571103636
cici1237	0.238690305615279	0.762063865492908	-1.26476730265206	1.89980233543865
coat1243	-0.575036803967382	0.921518303820514	-2.76141833001572	1.01800361736874
coca1259	-0.60225538736646	0.939406514018653	-2.79607475386722	1.07259733722745
coeu1236	-0.488699131859926	0.913127104854017	-2.57605203335992	1.18415509713866
cofa1242	-0.285771468973072	0.924657615722861	-2.16547448476411	1.62502596546075
colu1241	-0.490404922322111	0.910660131611079	-2.52526920790953	1.19038232038939
coma1245	-0.274127557355737	0.853092925028749	-2.01780533458422	1.48224490652663
como1259	-0.484820829045917	0.91940426861572	-2.56621113105133	1.21286456435168
cosa1234	0.213428302769858	0.787066399648758	-1.28809534784876	1.94530557961467
cota1241	-0.413726881989277	0.805240938352729	-2.14825284978952	1.21059519690324
cree1270	-0.450176206964555	0.90743334199638	-2.44291413573073	1.26062150880978
crow1244	-0.325659804452189	0.897039308471951	-2.195777865541	1.55388225952446
cube1242	-0.527737423054047	0.953762207741305	-2.73767380594449	1.20102578311214
culi1244	-0.55287465037118	0.932237333626124	-2.73447599831091	1.10421104027887
czec1258	-0.838435153212313	0.940794966126648	-2.97724253252733	0.731461217402791
daai1236	0.520703309326806	0.887620593950133	-0.911159288051676	2.64892330862181
daas1238	0.0593095423678253	0.810306458860971	-1.45676354510677	1.86778123858706
dadi1250	-0.348795811049915	1.05545860241468	-2.69978051691484	1.66735588556862
dagb1246	0.491932046480601	0.816068768917659	-0.86972661611948	2.32222999354673
daka1243	-0.434689787867907	0.798807951163844	-2.1637118134404	1.11943788612957
damp1237	-0.44082904722636	0.810264869298212	-2.19606710674022	1.13067745345249
dana1252	-1.0504383586887	1.20089768332205	-3.93798316679828	0.679498872693279
dani1285	-0.839072806561215	0.94681481329923	-3.00527115069006	0.744385149543578
daza1242	0.742033149192846	1.35343284709434	-1.3179535306766	4.09735373794077
dege1246	0.239535428014925	0.758548437729679	-1.28244426911399	1.89689781176847
desa1247	-0.528222945733606	0.951967551528146	-2.73166733568224	1.19182559396073
dhao1237	-0.449545533106212	0.809885305869319	-2.2331700921304	1.09801527355652
dhim1246	0.475560870873702	0.878178134909885	-0.98752236437942	2.53077370931743
digo1243	0.193103580987205	0.723730156040597	-1.27507400482188	1.69618779646538
dima1251	0.291335472788547	0.809892947359211	-1.20191705994812	2.09165399174904
djam1255	-0.239623681334568	1.06574456137221	-2.52191271879051	1.99309803053841
djee1236	-0.604448773604678	1.10701360555023	-3.25582763410714	1.31414637087923
djin1251	-0.242046442020788	1.05810922844166	-2.48563086191876	1.95168017525815
dobe1238	-0.446850895887617	0.79321563789267	-2.17062056952786	1.07059834747133
dobu1241	-0.477558476021096	0.798721950993714	-2.23947554708899	1.00677687693784
doro1266	-0.660249056977302	1.23363147467298	-3.64694962756366	1.39079052414536
drun1238	0.420996407905682	0.860956276378318	-1.05684176159818	2.46585924615915
dual1243	0.231532299065598	0.736590237251927	-1.22018271013183	1.80817140499722
dumi1241	0.336976606763982	0.809941250342623	-1.10258190453971	2.19629185152147
dutc1256	-0.838162798190806	0.954326063699781	-2.97919215797984	0.766428807347021
dyul1238	-0.0256395991343811	0.985672450499762	-2.13729211866274	1.95582091903425
dzao1238	-0.740237619230628	1.25845712652369	-3.74116890285999	1.23828686324936
dzon1239	0.505931514691995	0.872870306456951	-0.920698311393875	2.61142331716181
east2328	-0.720072212240081	0.992962490335808	-3.01485773543669	1.02117675995162
east2332	-1.05173628813512	1.20327114941791	-3.97557196615366	0.602593301044911
east2443	-0.442692420748806	0.802018334900036	-2.17967699856103	1.0468840236373
east2516	-0.015995633651734	0.929677431511588	-1.84717203505678	2.05089109326958
east2555	-0.603267464553553	0.941721147282734	-2.85857280061963	1.09436343887332
east2690	-0.0233326538319288	0.813469067530278	-1.61755802790687	1.73831744044533
east2773	0.418914802550651	0.847191418592965	-1.01923674398253	2.43426614943236
egaa1242	0.301455351328255	0.765007358134088	-1.14851717205735	1.97398010897605
eipo1242	-0.106505626432606	0.898249486647199	-1.9222740441591	1.76045439850097
ekar1243	-0.0271093431991474	0.92103014262268	-1.78418602812417	1.96154423903498
elna1235	-0.250890496337744	0.853268664983091	-1.98426906506411	1.59161152837276
emai1241	0.238740366576045	0.766638045651036	-1.30201478385273	1.88576420575261
enuu1235	0.21473905863331	0.786707224968361	-1.29932240045516	1.91343326685506
ersu1241	0.225911467220148	0.791015163321216	-1.29609219315857	1.98302477252629
erzy1239	-0.776447979126394	1.0016729232608	-3.11985427459663	0.896755069405166
esto1258	-0.784955883713046	1.00367890106944	-3.14953257959672	0.907394682960076
even1259	-0.727281625711668	1.14748065356595	-3.4654168469883	1.16065543740202
even1260	-0.726978937236536	1.14941875423082	-3.48208793932657	1.16508116225015
fala1243	0.477057438946234	0.873981184727458	-0.971697445747397	2.54896646327689
fare1241	0.477458523061186	0.81237580340855	-0.890703040483687	2.33397091281454
faro1244	-0.84202113886481	0.951960542621527	-3.04151761546681	0.761369833249726
fass1245	-0.685757026358546	1.19237306360773	-3.55955720215555	1.28459219650107
fiji1243	-0.448036513738802	0.810584975183356	-2.21943838852616	1.06297691778615
fili1244	-0.41450705906708	0.80462659302149	-2.16618615781006	1.16205785606572
finn1318	-0.783822352260816	1.00294363941709	-3.11383970301638	0.913203287574001
fonn1241	0.286871833313633	0.764557022880716	-1.17733736720951	1.94542923322004
fore1265	-0.799377657891052	1.02654839830597	-3.18448318175945	0.886835343700443
fuln1247	-0.533743968921209	0.957839040067647	-2.7319253494363	1.20666452077607
furr1244	-0.29030329716884	1.27003389314783	-3.3462599621554	2.06622362144407
futu1245	-0.419049522548656	0.802666688339906	-2.14394572993145	1.17549668948207
fuyu1242	-0.772672794700253	1.22551644619921	-3.67820996306325	1.22221911982945
gada1258	-0.314404761720537	0.80160681009323	-1.98623302348388	1.38635864031682
gaga1249	-0.5551345623696	1.01342040121916	-2.81164035705426	1.29715624469966
gahr1239	0.442897621871078	0.850809610516544	-0.96226042873373	2.42718165532285
gali1258	-0.847209554269989	0.952691275250436	-3.0088398273427	0.711048904273414
gali1262	-0.575517098580531	0.947080457218107	-2.7805354369798	1.10460756241063
galo1242	0.32784744472274	0.826224624941425	-1.17109025159094	2.22412786853186
gami1243	-0.468494395488449	1.06610398862028	-2.926572660466	1.47143794855699
gamo1243	0.507928155644926	0.959884130657054	-1.16901689669724	2.75726916096458
gang1266	0.487203496027129	0.872548450566958	-0.941796245941602	2.58976626798308
gant1244	-0.192833111854963	0.937657357741757	-2.17084846572318	1.6873206788848
gapa1238	-0.474139441502702	0.813713605202031	-2.27426580681102	1.00173623051383
gayo1244	-0.432751098331698	0.807404838877295	-2.20334554366661	1.10314076258078
geba1237	0.323400591037903	0.817791652770868	-1.14089102450202	2.18741537936202
gebe1237	-0.449392577903658	0.81273702764589	-2.22298841331737	1.14267604553711
geda1237	-0.459053435628569	0.799862586223028	-2.20888850737968	1.04572716994166
gela1263	-0.455445892213813	0.812315994172105	-2.24554949485258	1.08467767383679
ghan1242	-0.46898969924431	0.811471246349576	-2.27343392896921	1.0627820947018
gheg1238	-0.786817734639604	0.957394375137136	-2.88776270798807	0.903871854047055
gilb1244	-0.465949927344081	0.817930670723626	-2.28246111764363	1.06807168478232
gily1242	-0.548566758714854	1.19842182012723	-3.29417352652792	1.65666339778027
glav1244	0.125325495020741	0.836955345354327	-1.38751511278229	2.04505350473347
gogo1265	-0.596559443958883	1.1444981850692	-3.22010515024937	1.38705956781951
gola1255	0.373450629599527	0.789814921195909	-1.05889930635885	2.1225904569103
guan1266	0.258719775875262	0.792540745514818	-1.21058713511234	2.02869938869105
guat1253	-0.495899206857529	0.93816152696818	-2.59193780298719	1.21908237507406
gube1234	0.319762923990084	0.782229680647032	-1.12014718907125	2.03208946385377
gude1246	0.0974365907635334	0.81630280462295	-1.44341192440302	1.97829401564838
guhu1244	-0.105986566508783	0.903006654095334	-1.98514185489409	1.74362624297958
guiq1238	0.223052296071023	0.794104452351834	-1.29349252703258	1.96178544032135
guma1254	-0.47292483283901	0.813421135100534	-2.23943527066711	1.03792794256717
gunw1252	-0.237386956187027	1.06714716084196	-2.51104418950973	1.97558760435409
guny1241	-0.466041224970811	1.07038602246034	-2.92432599435084	1.53221357737251
guru1271	0.0363918083319515	0.810265276223983	-1.52312308643176	1.82128188598208
gyel1242	0.230019082478904	0.734511294217112	-1.24947236262424	1.79821179382686
haaa1252	0.202454046633354	0.730838467174445	-1.2597260433557	1.77170508167049
hadi1240	0.048457606862519	0.803154501573382	-1.4563202020718	1.87923951328165
hadz1240	0.0052435348079381	1.28337495754466	-2.8212097683698	2.64440544211373
haka1240	0.484463589140592	0.880385355090024	-0.946180369015054	2.59753877312806
hala1252	-1.04282777053644	1.20580863051139	-3.99814207844783	0.68532846989025
halh1238	-0.555639183437126	1.20073956965812	-3.34595435774259	1.60767014576329
hali1244	-0.468353016097536	0.811647111564578	-2.25647893225805	1.05560280401935
halk1245	-0.482104213423755	0.920952416983212	-2.53514562772548	1.23697191786852
hame1242	-0.475588822184054	1.29714821801395	-3.61501483750053	1.73804963557206
hang1263	-0.601258880519502	1.11882168276694	-3.19005331624573	1.29503312228831
hani1248	0.21413437139564	0.790925202295409	-1.32710887072569	1.93937921078609
hano1246	-0.444998193971513	0.804956032542797	-2.21317332726003	1.08406322758333
haro1237	-0.444615642704609	0.798189430186343	-2.19957622810603	1.07985710073335
haru1245	-0.201872636525247	1.06009209291896	-2.43796286698052	2.04795294601917
hava1248	-0.559535761717935	0.931648215838701	-2.6087312557394	1.11061119692491
heil1246	-0.469655264281383	0.930638724130308	-2.53893336353964	1.30777297552591
hela1238	0.508456905793231	0.870685222909195	-0.887085415785707	2.6365904309605
here1253	0.332345713398981	0.754316104444775	-1.07966887991307	1.99852027165813
high1276	-0.494737980238937	0.947849566942178	-2.67569867510327	1.31461799983637
hind1269	-0.833382311426768	0.939485401849258	-2.93815774520603	0.739785097587808
hixk1239	-0.578871672243714	0.952678509341302	-2.78308291131303	1.10286646216226
hoaa1235	-0.308196077999305	1.31154806946027	-3.4246894528543	2.13060981593828
hoav1238	-0.470065684809626	0.804393886163347	-2.2459284206799	1.06158363199416
honi1244	0.232857636593015	0.789249496563923	-1.30684738057732	1.97350580172678
hopi1249	-0.255986826898566	0.858856154645215	-2.01469051924369	1.55933726142159
horp1239	0.229135411374918	0.792987189248525	-1.28995672234408	1.99928963128536
hote1245	-0.447729935078782	0.794697639222932	-2.20861226723214	1.02873190396875
hual1241	-0.532263395336177	0.929207144161955	-2.62603635468518	1.15318220973201
huam1247	-0.562709605501333	0.939360406118148	-2.74519647242855	1.10941937231613
huar1255	-0.247907634283873	0.851909386023029	-1.98140911333988	1.5372826026284
huas1242	-0.548261025054814	0.948914233367467	-2.75003613733839	1.13992463447126
huic1243	-0.252153907918506	0.857378574926469	-1.97370494572701	1.57007304829395
hula1244	-0.0538444635839526	0.79748444504146	-1.65910738426307	1.63851525597086
huli1244	-0.0418287144296656	0.92207594634536	-1.82594488339509	1.97809887531279
hung1274	-0.779265308298759	1.02230018086803	-3.13463644757778	0.940085682464588
hung1275	-1.04452011363839	1.19450315748276	-3.97411155616217	0.666781915572892
huuu1240	-1.05013181700062	1.19694703158817	-3.93656111965519	0.651788965036425
iaai1238	-0.440368810344627	0.796164766934473	-2.16984783518516	1.07740038638716
iatm1242	-0.596829323248574	1.10837896679464	-3.1520740263741	1.29040563921472
ibal1244	-0.30204031097321	0.799415487371496	-1.98460731042251	1.34993272606697
iban1267	-0.29307638465723	0.802504396954595	-1.94082038725333	1.39784359038838
ibat1238	-0.314745947575586	0.798257572309885	-1.95149912423941	1.36534366387385
icel1247	-0.841618173275406	0.954466108624617	-3.02657537719102	0.763323467038898
idii1243	-0.573193446458386	1.14907298176127	-3.27708524119487	1.4337273199193
idom1241	0.248679196948531	0.748418888967824	-1.2332946008017	1.89005983812786
idun1242	-0.478770552633915	0.802223204533194	-2.26801614411954	1.00873084466964
iliu1237	-0.450357709090155	0.808693297391574	-2.22612820989022	1.09625294498468
imba1240	-0.530549984949804	0.928284660861952	-2.61733663654677	1.11000077644196
ingr1248	-0.785446553079509	1.00436981853418	-3.15415461393487	0.912566930753566
irar1238	-0.450434560278608	0.805001707097771	-2.22544828423373	1.09613599182177
iris1253	-0.829121333614013	0.951466334203491	-2.98907117004381	0.742732150134111
isco1239	-0.432598387239061	0.906142486334049	-2.35043289176103	1.32679568804465
isin1239	-0.325313558999139	0.795188761465103	-2.00242974235408	1.31084943086411
isth1240	-0.242860943031716	0.861164385957905	-2.00596210920491	1.55717128622124
ital1282	-0.847892218102138	0.95312504380721	-3.01410181402575	0.71986232071115
iton1250	-0.265306040778574	0.931504611186366	-2.15121647149508	1.69351948500709
itza1241	-0.555994152942356	0.940787327732032	-2.69811471469894	1.11798396409872
iwal1237	-0.448903341647421	0.795185891185053	-2.21212312033837	1.08984963241254
iyoo1238	-0.0296998801794882	0.915282241727795	-1.85314338352685	1.97608368713182
jalk1242	-0.0517405553703542	0.988390475246161	-2.19975063536591	1.92337679443142
jama1261	-0.548699054077825	0.933839547318041	-2.71632437835217	1.1245396272825
jamb1236	-0.443659344786946	0.80462626584583	-2.2312033312912	1.09128484748056
japh1234	0.220411707543172	0.789251261041025	-1.29782786530811	1.9303585892618
jara1266	-0.441631624563959	0.798563882201542	-2.21797792169323	1.08256592109145
jina1244	0.0454079756474396	0.802271324397957	-1.46262182584696	1.85511223553228
juku1254	0.246989076886464	0.758010123700258	-1.25681263443195	1.92153049061098
kaba1278	-0.66705571211789	1.12408731106958	-3.2505753234959	1.30915503445483
kach1280	0.318963374136904	0.825962708093811	-1.19148248143331	2.15461492870791
kach1284	0.471668931696256	0.939224127039615	-1.18556886818368	2.63095877762904
kagu1239	0.194336930585851	0.724448016360432	-1.28291313770809	1.71171799228331
kaik1246	0.50298719453845	0.878978686268761	-0.956530529230216	2.61454034279062
kala1388	-0.415102863425325	0.805790587388493	-2.1469901243655	1.14365923487631
kala1399	-0.515247180818411	0.93164763480344	-2.6356025926571	1.16108282587394
kamb1299	-0.448473085621975	0.808020477889331	-2.2693511103112	1.07572224950194
kamm1249	0.360437970711545	0.776728256713632	-1.09479659342352	2.1008796575795
kana1291	-0.492143268413605	0.947156345363291	-2.662858551608	1.25286842107462
kani1286	-0.0919881402655396	0.912188751285106	-1.92302924870015	1.87632782619136
kank1243	-0.326132127650575	0.797981179734369	-2.01205160472561	1.33473228021105
kaqc1270	-0.555031506440896	0.949146874452511	-2.69693434821365	1.12667751674751
kara1486	-0.462110189513836	0.803803454879594	-2.23547637900824	1.09109752076391
kara1500	-0.452232537474252	0.908054574678198	-2.3819980451064	1.3320190139808
karb1241	0.462021626224859	0.851606393928013	-0.967044170572761	2.47151977302652
kare1335	-0.7852497258078	1.00724208276713	-3.16517135068144	0.92552024744938
kari1311	-0.59082862331368	0.917288377706895	-2.65993708910759	1.09167223064903
karn1252	-0.462291554706006	0.799829149863381	-2.21722654468215	1.02681199429149
karo1304	-0.462796572583976	0.935615365689832	-2.55163736778983	1.31848452040947
kash1277	-0.819893677272379	0.934029520585106	-2.93538228497332	0.76349243916067
katb1237	-0.358735190821882	0.79220120921782	-2.01170703846711	1.25530482170059
kats1235	0.194580782426403	0.786441990676388	-1.31880216057763	1.89738011106592
kava1241	-0.413757282087717	0.829837322227726	-2.19327265031546	1.21565401898676
kaya1315	0.323479346496305	0.817791452944099	-1.16715444155155	2.17213959797265
keap1239	-0.483737476658927	0.801165772624834	-2.21997678937263	0.9797460143374
kele1258	-0.458182907497226	0.80064651567047	-2.21605111779464	1.04771650633258
kele1259	-0.325679965494043	0.793699008570508	-2.01419760974554	1.32471564980171
kemb1249	-0.432946072255727	0.811851258093638	-2.25238254645375	1.13033924618798
keme1240	0.254120577468572	0.764105956346515	-1.21739654341484	1.89248624437602
kenu1236	-0.288234036666937	1.32101353667757	-3.38733621642298	2.11826194365173
keoo1238	-0.446933614779309	0.807815773744793	-2.23362284809037	1.09337587064787
kera1255	0.0333965732416837	0.816850429854028	-1.53982553399213	1.81589890206506
kesa1244	-0.178847962927903	0.937496270594311	-2.1149247045475	1.71747480894082
kett1243	0.399216209723648	1.27414502347344	-1.70335342620463	3.47508417497829
khal1275	0.340510985379545	0.80759273549107	-1.10770914756555	2.16479355279397
kham1282	0.517359374238766	0.874025528377523	-0.910981197937157	2.61852188329486
khan1274	-1.05013182745704	1.20126082164055	-3.89390859196191	0.698589109139891
khan1277	0.47855701125634	0.86592425193231	-0.963037601510424	2.5401029774021
khan1278	0.247618562291356	0.773267453000477	-1.27263909808038	1.95140844647611
khas1269	-1.05085459662346	1.19943150415331	-3.9014857741192	0.659911958061726
khez1235	0.512847943426172	0.881153765100555	-0.903614037452555	2.59736602613469
khmu1256	-1.04902095141476	1.20438435841965	-3.97270859379917	0.634981977281107
kich1262	-0.553646546317021	0.950610666132057	-2.70083492490268	1.13816400386937
kile1243	-0.735404518573233	1.14097782801401	-3.43119593302314	1.17110186691277
kili1267	-0.480075510775407	0.803316327191171	-2.24263532332111	0.998517895726592
kimm1245	-0.739509828986052	1.25816918851044	-3.7460536171521	1.28608392835695
kiow1266	-0.501820637009463	0.928992532118745	-2.59133027156127	1.19621043446983
koda1255	0.857442821500037	1.13290208622252	-0.818019447546968	3.544715016846
koho1244	-1.04113840249353	1.20489373308694	-3.95011009371006	0.700063121966645
koir1240	0.442876554102587	0.852112566040618	-1.01093354429168	2.43732832683535
koka1244	-0.476838543151366	1.06821515322658	-2.95124678010156	1.53683177012089
koko1269	-0.47094656105396	0.803567228677868	-2.26739104719883	1.03431367554046
kola1285	-0.448896509895759	0.799705653908539	-2.19712662261971	1.0499745787642
kolb1240	0.350139229377698	0.774555233495935	-1.06543483147833	2.076188333477
kolc1235	0.224091208974418	0.733023000729232	-1.25650607970986	1.81675437469147
komb1274	-0.0538979751285428	0.917488545141493	-1.87155579059573	1.90384349215241
komc1235	0.251411931035569	0.762903994487512	-1.24734743200709	1.95682355210957
kona1242	-0.740520731015448	1.23238491895939	-3.62484263249469	1.23878994439971
koon1245	0.22840066792274	0.733796500815379	-1.2246769048895	1.81231101870101
koor1239	0.486749789993423	0.952208434602286	-1.18223394945687	2.64674495558287
kore1280	0.272605181069549	1.22767380957278	-1.82189043566422	3.26338414901313
koro1298	0.494806975931919	0.81475794529055	-0.852181657104996	2.39160978974664
kosa1249	-0.112761264391652	0.906068499777279	-1.97791825015391	1.78098867539818
kosr1238	-0.465371973189249	0.818544346679591	-2.26723426625123	1.06400875306051
kove1237	-0.46262322411211	0.806836891971579	-2.24483861066044	1.02986254053106
kuan1247	0.351310920349905	0.759172423465665	-1.03468050205936	2.05237308609223
kuan1248	-0.467528024689974	0.807901340482339	-2.2542049027466	1.04443266041662
kuku1273	-0.463663450716865	1.06545986371915	-2.86510144938508	1.50690233639716
kulo1237	-0.380518691011176	0.824486181886701	-2.14609097609732	1.26600076006025
kulu1253	0.347962454166014	0.819255874898145	-1.10430480697699	2.20971822919006
kuma1276	-0.430437886066269	0.795224323539165	-2.13665389173814	1.10492795469399
kuma1280	-0.108605284893105	0.914502232136027	-1.94751377578011	1.87992546050548
kumb1268	-0.467770851397127	1.05937462047649	-2.85517934285791	1.54507603931795
kunb1251	-0.237537760852747	1.05969014760117	-2.47163578459979	1.91151704557256
kuot1243	-0.669798818235943	1.21383984337835	-3.57001787117574	1.35206083506883
kurr1243	-0.484950780953312	1.05645340696699	-2.90725028201899	1.46895132188778
kusa1251	-0.470561220294711	0.804856523542768	-2.25075855298359	1.0354092443879
kusu1250	-0.523154100214234	1.22938407562716	-3.38483371606663	1.77115579463455
kuvi1243	0.811179683406889	1.10639303912251	-0.847383791352773	3.4435061930233
kuyy1240	-1.05356774935084	1.20395955140313	-3.98746108047081	0.62569711723454
kwai1243	-0.457115501551464	0.804537586789343	-2.19598075266902	1.05567565298202
kwam1249	-0.1132926957356	1.27400488357542	-3.03424708636704	2.36386182220884
kwam1252	-0.418932401449237	0.798174909453821	-2.13015283659857	1.09429631902094
kwar1239	-0.459141654620642	0.803640203603722	-2.21340256863784	1.04632624926715
kwin1241	-0.607814237367054	1.21290064042347	-3.36537197214927	1.48885998223661
kwom1262	-0.574581706577141	1.09421796371976	-3.13537040438858	1.34009304993217
kxoe1243	0.436050724941921	1.16280696409961	-1.6758704603261	3.12030350486725
kyer1238	0.514441290006771	0.871089714416517	-0.882805028880786	2.63470754551305
lagw1237	0.0459369898665304	0.801422076065933	-1.47924538420543	1.80805250284336
lahu1253	0.199021297259474	0.789488843450918	-1.33849698731562	1.94284961464179
lala1268	-0.48610479700294	0.803293892360728	-2.27808054383489	1.00243442780248
lama1277	-0.454331334559701	0.810565400804213	-2.24737483455182	1.07251929833489
lamk1238	0.43872817799872	0.854025523466223	-1.01931156647626	2.42269907683019
lamo1244	-0.462720245093578	0.806151169626788	-2.21562785701325	1.05316138927126
land1256	0.326216957406112	0.784869631355647	-1.1366605461285	2.06588239558278
lash1243	0.169874436069068	0.782774275901643	-1.39627988054894	1.84476585304127
latv1249	-0.837503408615118	0.947188112107959	-2.96132144267223	0.753991354807367
lega1250	0.217015118737595	0.73952749366436	-1.26779647251646	1.78333417405018
lele1270	-0.460687740273977	0.802553366437641	-2.24702247477802	1.05362349833951
lemb1266	-0.0461091426569193	0.909976278023346	-1.82176625205868	1.93142988896355
leme1238	-0.444269296576897	0.794834653131625	-2.16652831320777	1.1211498339154
lena1238	-0.431941251080846	0.800156996914772	-2.18093295924353	1.10026110125685
lepc1244	0.351046319880876	0.82385788839759	-1.10070623767946	2.20283635672203
leti1246	-0.448841849177723	0.796268409327707	-2.23536106144279	1.10556093260616
lewo1242	-0.440371714833683	0.803000387701657	-2.19282731385777	1.0663812024065
lewo1244	-0.45357468396732	0.808044432343341	-2.23827323017814	1.07695870603985
lezg1247	-0.526582985752333	1.2011091173625	-3.34377330935866	1.59487659458724
lihi1237	-0.462013685542803	0.816910925299606	-2.26755705792817	1.07998191726791
lill1248	-0.492400514905678	0.921513940196728	-2.5581271475807	1.19978684686933
limb1266	0.349252260729509	0.820150748404368	-1.11311897280793	2.25024251102358
ling1265	-0.355075601688569	0.786821014689149	-1.97676793793051	1.24961300064294
lipo1242	0.192470045324942	0.779760263861119	-1.36016591487798	1.88491157886989
lish1245	-0.0551365442840584	0.799055856385988	-1.62919207868951	1.62120730192894
lisu1250	0.19375147732085	0.779633336314735	-1.30300755858894	1.86482923498597
lith1251	-0.835305986044325	0.955106037428412	-3.01685474888337	0.776898223872936
litz1237	-0.357506081527429	0.788553142058277	-2.01173937938713	1.24936419479014
livv1243	-0.785383044548169	1.00709997752642	-3.18283782902242	0.91306850552683
loka1252	0.247630928068087	0.763665029186879	-1.27903936466759	1.90210079408497
lolo1259	0.191466248695475	0.779726774398495	-1.37100853031091	1.85408098983507
lomb1257	-0.845648135973354	0.948187236477123	-2.97630463437907	0.720845344925721
long1395	-0.45656445349164	0.803401715714648	-2.24246128015726	1.08126286839778
loni1238	-0.458847080048644	0.805288014251915	-2.25694499332338	1.05461646087668
lote1237	-0.462798561577524	0.806568366519997	-2.22050413575372	1.05983340144835
louu1245	-0.461292887790647	0.806601129362127	-2.28116851184298	1.03966396914249
luan1263	-0.45159781108592	0.797619477772402	-2.24456289332298	1.07741293519522
lubu1243	-0.302656201412236	0.80430918905341	-1.98631706088985	1.40576240196509
ludi1246	-0.785162465369213	1.00637375583974	-3.20625729553307	0.917503725164419
lule1254	-0.792042556830122	1.00219927014184	-3.10150112342351	0.878184977387657
lumu1239	-0.176560189742008	1.33288154892922	-3.4357785831788	2.36559780957137
luok1236	-0.272665089159585	1.23507039567287	-3.12642569834468	1.97570068366654
lush1249	0.492532199158346	0.884627597655819	-0.967385003059342	2.62270228097829
lush1252	-0.483752402091332	0.927703142158883	-2.55328425702943	1.23930354666063
lusi1240	-0.463591232749794	0.803779368666011	-2.23180899609289	1.04520087677155
luva1239	0.35360862329204	0.764839310968601	-1.02652449491536	2.07281029228546
luya1241	0.270542809149468	0.740310987469622	-1.17397829921274	1.85477659286846
maan1238	-0.442151567830654	0.799263209971598	-2.24846445175224	1.08835702329928
mace1250	-0.837581441094016	0.93816959753068	-2.92248985907295	0.705719537265736
macu1260	-0.529193585244105	0.950323622992658	-2.73189213448903	1.19860921169904
mada1285	-0.461368766328884	0.807056483447596	-2.23625325802669	1.05269719344883
madi1260	0.758410790165476	1.25507644933851	-1.20138840646681	3.66301806940431
madn1237	-0.285590257723427	1.05939508668778	-2.59203360555331	1.86695197089953
maee1241	-0.353747853943543	0.792196117050661	-2.01450771072233	1.25465657055613
magd1235	-0.569172099293225	0.933734187711035	-2.74323727606924	1.03613612759862
maib1239	-0.568598260577016	1.23563439653637	-3.47345025051621	1.66557506578535
mail1248	-0.305339003085983	1.04898466818224	-2.57485971219735	1.80396465804431
mais1250	-0.472641363523237	0.808490429566227	-2.22570705429413	1.07729243223439
mait1250	-0.823702233493049	0.934234024403289	-2.90578527347141	0.755370112302843
maja1242	-0.36085767769171	1.29166429531701	-3.44810710580544	1.91683008950957
maka1304	0.224997794655764	0.729799051800969	-1.20073654778924	1.80952741515413
makc1235	-0.657052755862221	1.2432753446767	-3.60398697898933	1.41239036661261
makh1264	0.261660464494823	0.733735407788722	-1.1558654631859	1.87212434695509
mala1464	0.861047151794991	1.13911276648006	-0.82189174691545	3.56684757078013
male1284	0.477265293338464	0.958554873353557	-1.19507655576803	2.67029231311988
male1289	-0.460828096360439	0.801077536790466	-2.23867590407539	1.05198871368207
male1297	-0.508901077715589	0.939319708955773	-2.59130454522371	1.20406966181117
mali1285	-0.557079479792011	0.926951925542387	-2.67526895637683	1.07173348408552
malo1243	-0.452497227420623	0.800908498128486	-2.21695319530996	1.07777459279482
mama1275	-0.414366581352205	0.811325961162672	-2.15014430492668	1.16519308411641
mamb1294	0.392210166683146	0.776530138570828	-0.976685742704265	2.13291115947267
mamm1241	-0.558686398753023	0.942304649421979	-2.69135177459786	1.12525166459396
mana1288	0.477165362152314	0.864315868119901	-0.96543111851475	2.5071646052829
mana1295	-0.458638118094367	0.800083137669725	-2.18987215873539	1.03676165013675
mana1298	-0.598172162635843	1.11364129812147	-3.16033075958609	1.2520701828732
mand1415	0.279450001862834	0.805469912649891	-1.23292642493666	2.09705094892191
mand1440	-0.463278210123276	0.822798662012037	-2.2849077288625	1.1137438556636
mang1378	-1.05204202869746	1.19822564449548	-3.85956992930296	0.602747774875732
mang1401	-0.45045018574919	0.80120417833079	-2.19459263150226	1.09046343248268
mang1403	-0.458911015903962	0.804427694579583	-2.22648003438331	1.06155428641126
mans1262	-0.415899329565021	0.807410819858509	-2.18396547391888	1.10304450488807
maor1246	-0.447766812380696	0.798868172113792	-2.19230040049024	1.11791644850394
mapo1242	-0.420437261852283	0.794309247990385	-2.12262067566767	1.12275328326145
mapu1245	-0.496510223391323	0.939318628385185	-2.60781459289414	1.24334340791321
mara1378	-0.828067544043585	0.938299500466919	-2.94112107410577	0.780498298546444
mara1386	-0.709840201022022	1.2057318342821	-3.53484675009441	1.2574041788739
mara1399	-0.350630107237572	0.789169754786247	-1.99096231516208	1.25725768277591
marg1265	0.0682201835821694	0.818845757318062	-1.47750239617036	1.90145864515857
mari1416	0.495986880408336	0.878512316160231	-0.948661239409547	2.59085030859824
mari1440	-0.562068520251956	0.937568792944872	-2.64514391980399	1.10973032437377
mars1254	-0.466728965073978	0.81023310783864	-2.27371766545456	1.09370806011542
mart1255	-0.481826009938814	1.0676746618479	-2.9927274918434	1.5026208335676
maru1249	0.173705301433678	0.790550969365419	-1.40346771589949	1.85858603685997
masa1322	0.103816245572015	0.837895012707557	-1.45741963089303	1.9189454223833
masb1238	-0.417210249864789	0.806561071262467	-2.16387370320228	1.15147486416209
mask1242	-0.421399861417852	0.786033153236844	-2.10231172872668	1.12646757447951
mati1250	-0.416193597838706	0.812916309604807	-2.17814851358915	1.21277179746298
mato1252	-0.421603881433038	0.79468028167421	-2.14094826367072	1.10506770738972
mats1244	-0.439689339323908	0.899731278819685	-2.35696967840804	1.29648316879126
matu1259	0.213603401972969	0.738464081300419	-1.29677481322533	1.80662296085048
matu1261	-0.459087899422511	0.79361967152946	-2.19020463811278	1.01473251319588
maun1240	-0.241202964390882	1.06821056402681	-2.51701267510046	1.90453298169903
mayo1261	0.347450974846277	0.763720566949978	-1.05396218087025	2.03812477857247
mayo1264	-0.165842225843131	0.872776273159274	-1.84945673575955	1.74976105859357
mbol1247	0.331908413927958	0.763985251173121	-1.07247993399951	2.05193904672186
mbul1263	-0.463606343547653	0.804093739771789	-2.27495498853312	1.02407265374418
mehe1243	-0.577120318170107	1.09768229698475	-3.19371673603754	1.33666298379516
meke1243	-0.484576627758935	0.79709194014769	-2.22306328694413	0.982997838135042
melp1238	-0.114850895853226	0.909984247521659	-1.98327114216248	1.82537652373575
mere1242	-0.447028135011177	0.797495826761415	-2.1926384544311	1.08796392569602
meta1238	0.257291228693346	0.756960472184878	-1.22010921285663	1.91057972641852
mezo1235	-0.568858657183885	0.925883671151777	-2.7124426505348	1.06839438359057
mezq1235	-0.557165201848751	0.931425036238091	-2.69217372754282	1.1065633226028
mich1245	-0.242406192606043	0.857288260802086	-1.99682675464484	1.58565139137593
miju1243	0.269480143262463	0.817972954369144	-1.26949802235997	2.07184469718066
mikm1235	-0.544033045544573	0.924861587318686	-2.59516674569121	1.15017499462622
mila1245	0.359627478693665	0.831499270674817	-1.09568709037983	2.26648818751557
mina1276	0.0550065654867119	0.809466286569304	-1.50180593922591	1.8684106510431
mini1251	-0.468659514281334	0.801877849360767	-2.24737984546813	1.01542671539761
minn1241	0.284677757863154	0.819993519554051	-1.22976307317223	2.11681453816055
misi1243	-0.481015473474755	0.802597618073301	-2.25432178550639	0.981640952749598
mixt1426	-0.56982242639287	0.922088324221841	-2.73611459097016	1.05528212870539
miya1259	0.722687730101028	1.20895705189644	-1.07195769128858	3.72864484483488
miya1266	0.0312290709046167	0.807923890447511	-1.57097451507716	1.82520687586912
mlab1235	-1.05071354687963	1.21036014805702	-3.96040621232437	0.653305466187942
moco1246	-0.530024008206852	0.9383955188911	-2.72573168359379	1.16001399866037
mode1248	-0.782483948950845	0.951971454015087	-2.90751611155063	0.878519756279435
moki1238	-0.468143080393412	0.811426539854498	-2.26316295157102	1.07753811924177
mokl1243	-0.432518267729694	0.806447113727866	-2.18991170683582	1.13225217155126
mokp1239	0.233300594265564	0.740079839293837	-1.24757253878014	1.81589311101656
moks1248	-0.775192232867831	1.00045726220426	-3.13740805413795	0.888299464871321
mose1249	-0.5258306030621	0.950188531251205	-2.6926196422842	1.21680497296774
motl1237	-0.444861956564129	0.794266833756062	-2.16694548570232	1.07883711099936
motu1246	-0.484467734720739	0.8094864620169	-2.25342423964859	1.02644125581394
mouk1239	-0.46079206965209	0.801407686503189	-2.20179231263706	1.05294633703473
moun1252	-0.542927461133889	1.10512731896166	-3.13131982515021	1.41392865157168
movi1243	-0.540797126707625	0.936120404721179	-2.66626595834735	1.15719003382955
moyo1238	0.441302728349769	0.858295227225197	-1.03399107870791	2.39731098363919
mpad1242	0.0489042743532841	0.798674449710019	-1.46854811780679	1.80256753693367
mpii1239	0.214520428244397	0.786861216929655	-1.31512976996116	1.95005420702706
mpot1240	0.218065864464046	0.737914264449903	-1.28228954548143	1.78985219699246
mpur1239	-0.674819695648346	1.22771816296746	-3.5791912726775	1.37301634481034
mual1241	-0.439307939839621	0.804125384907916	-2.19263193175737	1.1194915761365
mudu1242	-0.45863908429082	0.800693477092917	-2.22359047592305	1.0303284872794
mull1237	-0.536203118150029	1.10830605410667	-3.1523635706016	1.40185601143642
munc1235	0.520940235985093	0.889162665823028	-0.912670922274481	2.66088953533196
mund1325	0.379918192855162	0.771186825340459	-1.01935171603062	2.11084558050722
mund1328	0.261162048930435	0.764703184546987	-1.21737192783955	1.91763810234692
mund1330	-0.593077378423872	0.932464711884398	-2.74830487272364	1.09030580242745
murl1244	-0.362730067324301	1.28714614784752	-3.50537201299203	1.7971275354117
muru1266	-0.470487083543689	1.05606015995242	-2.81658400115284	1.49773955276268
muru1274	-0.53349757351435	0.932679515920506	-2.6767231572217	1.14965449861859
musa1266	-0.189717136593984	0.934159236216747	-2.18987531085992	1.69028853072139
muyu1244	-0.480345339292877	0.804743320796769	-2.26080098840097	1.01118213598805
mwag1236	0.032034194543682	0.814501052324237	-1.50547898750618	1.76799386013998
mwan1247	0.198560078661128	0.727107816146122	-1.27175771260135	1.743541468652
nali1244	-0.466678359575086	0.814211915409039	-2.26843113356176	1.05565629935992
nama1268	-0.433385900170333	0.802652055744684	-2.16888001558631	1.09470063130439
namb1293	-0.639999522805005	1.14439590043754	-3.41808395208741	1.24806250572749
namu1246	0.246384793008928	0.800160091042991	-1.25872376777549	2.03213483286974
nana1257	-0.732319293579787	1.14583341685646	-3.46728321829005	1.17907926831684
nang1262	-0.454630415423446	0.804285210068408	-2.21599440562854	1.08106044113268
naru1238	-0.474477911006358	1.05165681750694	-2.84959815787676	1.54592417009316
naue1237	-0.452329001718974	0.79389938992998	-2.19788282629822	1.08063437299946
naur1243	-0.4624252417318	0.811398582170113	-2.25008167078804	1.07891602150521
nava1243	-0.196542775124414	0.889486475661491	-1.96721262321326	1.73757918093924
nawu1242	0.281434766156359	0.76715102992097	-1.24922030185057	1.96433765680017
naxi1245	0.238878091938035	0.792864730912899	-1.26048972569378	2.02158849562987
ncan1245	0.253138718028664	0.764262559271542	-1.24082361382928	1.87857551214521
ndam1239	0.221497436284728	0.737100380716273	-1.27180349279491	1.73801914843541
nege1240	-0.442436936384361	0.804039158413879	-2.25292074677706	1.07031723587706
neha1247	-0.469603032729668	0.803382771060884	-2.25302150258721	1.02113747042125
nend1239	-0.19265480889665	0.934189710626497	-2.16630819155137	1.6787115900976
nene1249	-0.797126177010755	1.02405718205878	-3.17577621243951	0.942440545494364
neng1238	-0.446295803310985	0.802306560678829	-2.19184840671264	1.08862721264081
nenn1238	-0.638993311136373	1.15073319194427	-3.42217467054508	1.28326173164521
nepa1254	-0.826838690068503	0.933306876781036	-2.94582013240492	0.773624661173892
nese1235	-0.417781980698063	0.798644154367067	-2.12175795122154	1.19123740437727
newa1246	0.416877807862626	0.844424406257299	-1.02462920580414	2.38549772642904
nezp1238	-0.482735631120369	0.946582833432582	-2.62766203247398	1.24929849196507
ngal1292	-0.237275658718146	1.06286222029013	-2.47591959003469	1.96311498383139
ngan1291	-0.794258173331256	1.02974012862019	-3.14601477087214	0.912405133446537
ngar1284	-0.606339761075205	1.21366421637818	-3.28242748535537	1.47174307369355
ngas1240	0.0339501943448762	0.800098593454486	-1.52285659016386	1.79335147003562
ngba1284	0.347467081963374	0.767217268876318	-1.06559808209979	2.05887715927995
ngeq1245	-1.05039862252616	1.19600294580819	-4.0073455267392	0.641156709870005
ngit1239	0.820293193147874	1.29171803295086	-1.14793715136875	3.88861200200215
nhan1238	-0.4819161006301	1.0705779899204	-2.98024060404498	1.45602732709368
nhen1239	-0.600892022308421	0.939152396078493	-2.81863428857476	1.08415756392233
nisg1240	-0.417593631419946	0.919142705833427	-2.38489828831743	1.33301156785106
niua1240	-0.451045298332217	0.806132647856372	-2.19791039883342	1.11068902835769
niue1239	-0.447727247057998	0.801287815998895	-2.18429655692982	1.09227952801221
niva1238	-0.528624556462876	0.929913626485137	-2.5912578430799	1.20079184879236
njan1240	0.371801220793196	0.774364419381968	-1.05850629426025	2.14415345147637
nkon1248	0.282138249338986	0.766163200055736	-1.24719447545326	1.9433506639855
noct1238	0.337464612595745	0.818774892639012	-1.14073835424126	2.21517399965512
noku1237	-0.449701823355544	0.797673440559154	-2.18755651058384	1.06194220851166
noon1242	0.309290396085945	0.774539935967383	-1.15352182128868	2.01039701055358
noon1243	0.253694469844839	0.759113077210368	-1.22148352240716	1.9101559220013
nopa1235	-0.574061022271013	0.928633082145076	-2.71797886410036	1.05845088316963
nort2684	-1.04907899716513	1.20658341312644	-3.97803921325477	0.630184139696437
nort2690	-0.520614781446468	1.01146206097288	-2.80278626754097	1.38835713689128
nort2722	0.2187324743295	0.787046786430721	-1.31986199784857	1.90641363793453
nort2723	0.211515896754938	0.792480942367817	-1.34904747839869	1.92751694642104
nort2732	0.286390296572471	0.815914246505885	-1.2015577787612	2.13949480645612
nort2745	-0.606068590499898	1.08610856059507	-3.15412338718686	1.30980884352279
nort2747	-0.733856192957838	1.25575959809586	-3.72808072460585	1.28937346314401
nort2839	-0.434233914980016	0.793815240994086	-2.14314897145292	1.08337857500642
nort2845	-0.450010357258482	0.801322934611161	-2.20356436056842	1.08862264016194
nort2847	-0.433792140773456	0.801925073393758	-2.20268592254504	1.07147949722965
nort2885	-0.416329891128034	0.807304049758639	-2.17264877971634	1.17993586082296
nort2930	0.00549926113989411	1.0710475160361	-2.03607570928769	2.51318563418911
nort2938	-0.356298104692415	0.922400778635322	-2.30957396083658	1.41749420496659
nort2942	-0.192501960949939	0.890398597205907	-1.96047085225069	1.75136858662206
nort2951	-0.471283279503959	0.913517623217093	-2.55242971400218	1.23127729600221
nort2954	-0.277003396668514	0.86039560029784	-2.07471080337095	1.50404688207965
nort2959	-0.220106278389297	0.873701475266497	-1.98252552771426	1.62071434232388
nort2961	-0.547760773808377	0.92567968352549	-2.60533118032254	1.12574132768515
nort3047	0.0470251878797682	0.800710944208272	-1.48288270453721	1.82258230711516
nots1237	-0.46329825844643	0.817496546985552	-2.27472036457733	1.07639226396555
nucl1235	-0.696015145754469	0.937861412952376	-2.74611642528077	1.04218540792345
nucl1301	-0.554626917558868	1.01703864058532	-2.83910088523417	1.29442221817774
nucl1302	-0.476006766397949	1.21949744649614	-3.27829792836883	1.84119753479824
nucl1305	0.858863036708204	1.13056500022261	-0.85271996316519	3.52060618741632
nucl1310	0.17831301925386	0.786166899094145	-1.36212419666247	1.85752525972982
nucl1417	0.24399870185281	0.762256587928548	-1.27792999986136	1.95074634308838
nucl1593	-0.611151952000822	1.12561777127713	-3.27437046701065	1.26033712937939
nucl1622	-0.346981021911023	1.07816465350243	-2.70008547217458	1.80635033902412
nucl1630	-0.541137323981722	1.09393025195898	-3.01906524139733	1.36547795566428
nucl1643	0.714875537458422	1.21080102520595	-1.08941573470866	3.68255281313241
nuer1246	-0.268085021413539	1.24867549089144	-3.1254858450808	1.99118525076275
nugu1242	0.25008271403444	0.756798282807126	-1.2363461737064	1.87917952765135
nukn1238	-0.00886786175645352	0.925022847872183	-1.7488809329057	2.08857390102939
nuku1260	-0.446942867295632	0.808404231626979	-2.19460293010666	1.10730792180058
nupe1254	0.243955010731721	0.767209003557433	-1.27082952737962	1.91514516181839
nuuc1236	-0.472804932405358	0.927331084718387	-2.55014383694846	1.28161692402621
nyah1249	-1.04346253149169	1.20343676827786	-3.94121563825121	0.65667383392239
nyah1250	-1.0485082736949	1.20676559581256	-3.97549609821411	0.623220279531284
nyal1254	-0.429003071668062	0.794408933387674	-2.13505630553193	1.09039391242211
nyan1307	0.192606677915544	0.722877219209781	-1.28899973596869	1.7041602387742
nyat1246	0.217039474587921	0.737428864337076	-1.30831853043467	1.7877224742319
nyor1246	0.192895233594058	0.726352539728039	-1.29329882377261	1.70526926973101
obok1239	-0.736486716462662	1.19205127387853	-3.59774336858954	1.19734354271583
occi1239	-0.845094237306684	0.954802411239572	-3.01410843083412	0.735496343857454
okan1243	-0.489863317501974	0.914195827861245	-2.55989207984219	1.22113418876034
okin1246	0.700901805573003	1.19889164556099	-1.10428582639101	3.67393675209998
oksa1245	-0.00847102239927323	0.917213700297256	-1.79308446659902	2.02571649628108
oloo1241	-0.58680426539746	1.1036934864329	-3.19834334731544	1.29126666364173
olut1240	-0.495806427144897	0.941290196326436	-2.63905819246965	1.25524998419475
onon1246	-0.540798982478246	0.936249385921849	-2.67932475607356	1.12220967751437
oriy1255	-0.786231640462661	0.93383475851842	-2.88495268726339	0.825342009610872
orok1265	-0.733504635111263	1.14922983404283	-3.49919154617468	1.15424004540726
orok1267	-0.141842484959218	1.03959762814828	-2.23455345920849	2.0998235173384
orow1242	-0.445398499355775	0.802020060905288	-2.20498506245734	1.1025484777265
otta1242	-0.546438973207614	0.922301259695978	-2.60678151545778	1.09964450713389
paam1238	-0.43483012957985	0.790187697658335	-2.11719268581154	1.09164094921614
paas1238	0.461177446768029	0.809537307253241	-0.926468981525834	2.30427554914457
paco1243	-1.04999245120146	1.19965970755049	-3.99089456209794	0.638904850127433
pagi1243	0.244921915330996	0.737372134842571	-1.24831317858279	1.79533953149048
pagu1249	-0.680522191063987	1.1327101941645	-3.43322661803111	1.13347640693977
pahn1237	-0.731320528153806	1.25718473804734	-3.68197007145522	1.30577398074108
pait1244	0.489195605484836	0.870672667003438	-0.939773872148201	2.56505550118965
pana1307	-0.416264485005708	0.894111487181621	-2.34644812391001	1.35192919738096
pang1287	0.201550621376012	0.728750936268458	-1.26078970534089	1.75061744535246
pang1290	-0.32519662429536	0.79039795012777	-1.99976057137334	1.30996928423115
panj1256	-0.828718121436418	0.943806362023068	-2.98744394470171	0.76831176654503
pany1241	-0.485626182526046	1.05649680598807	-2.92966155248049	1.45470106021525
papa1265	-0.469120396130495	0.806577456154299	-2.25760111999977	1.03957531528555
para1301	-1.05173629393963	1.19562987625128	-3.91739249300328	0.640514054861361
para1302	0.527361020609865	0.891015153529719	-0.876150894572914	2.61472390354941
pate1247	-0.440525233133625	0.799958825277477	-2.19704329452313	1.07924945149001
patp1243	-0.46670092055156	0.809821718984402	-2.25706729169433	1.01246557180905
pawn1254	-0.482407489429566	0.941544142473248	-2.55744513803925	1.29271173035558
pela1242	0.174231313879205	0.793710969702467	-1.40211860278578	1.85533557652212
pemo1248	-0.574722012156891	0.943060063471308	-2.75336105935073	1.06410332056202
pend1242	-0.442215928294548	0.808414324586041	-2.19085175674555	1.12130185361856
phai1238	-1.04840528856896	1.20644126845089	-3.92981115257849	0.631727002404004
phom1236	0.305539665505769	0.807757739352228	-1.17557930492663	2.12017583631952
pila1245	-0.529752800275052	0.938804531817556	-2.68594803539564	1.16955021693498
pile1238	-0.442725859898199	0.801669406647127	-2.17781683742944	1.10551609330966
ping1243	-0.466711918715042	0.80871797965835	-2.25452502944845	1.09400377878813
pite1240	-0.79090226312622	1.00410308682342	-3.11573057338865	0.881930643167095
pohn1238	-0.467797353666364	0.809350334186806	-2.26758979183379	1.07258468634597
poli1260	-0.83829258881241	0.9395090287162	-2.94977260867461	0.7322917294284
popt1235	-0.556615934896288	0.943156940497441	-2.7033071498346	1.13956357056519
port1283	-0.847716044568371	0.95470016604591	-2.99009107016922	0.717079732595638
port1285	-0.424551142306177	0.789061503564989	-2.10333775527691	1.07805456559197
psik1239	0.0439995969286361	0.800287824062277	-1.50055574224194	1.82814402480764
puka1242	-0.446343327583217	0.80180635397448	-2.14704435556622	1.10861747066748
pulu1242	-0.470620183531385	0.812031948585355	-2.26949798659143	1.09837471188696
puoc1238	-1.04724531297191	1.20571467729928	-4.00285741793437	0.640893606095913
pura1257	-0.785625349503083	1.2498607014585	-3.88707042553345	1.18163281127409
pure1242	-0.516022126800603	0.93662638723755	-2.6556200998181	1.18040047053027
puri1258	0.518513952994452	0.876193037815131	-0.885465926563259	2.60310319563585
qima1242	-0.0200357510554169	0.790991607374857	-1.54189478563963	1.76455624521456
quer1236	-0.558035231026532	0.929967760445519	-2.70115299481672	1.10468789911933
rabh1238	0.286605661008344	0.811027561597902	-1.21138354712865	2.09738212233078
raji1240	0.344695125451727	0.812438514051154	-1.10532603488313	2.16953778010809
rapa1244	-0.449438161006304	0.799970571482179	-2.20192820079278	1.0920384460311
rapa1245	-0.448182855937348	0.800329818903046	-2.20686983959177	1.09110040499845
raro1241	-0.448784098238463	0.799339718546091	-2.19836055578598	1.07217711212559
raut1239	0.344788852353495	0.818810249998549	-1.11174330868781	2.22211138465648
reja1241	-0.441398162621972	0.80843158408655	-2.18901219488004	1.1238532886236
roma1326	-0.846946301503581	0.953117864423637	-3.02620551211017	0.716249188416818
romb1245	-0.418292571219588	0.798994594446687	-2.13988512878249	1.10181968500501
rong1266	0.4603583635981	0.851158495423482	-0.952294250240255	2.43956673574113
roto1249	-0.391223679346317	1.03599734196541	-2.71782726401927	1.56336905662975
rotu1241	-0.443941374271806	0.800800522384968	-2.17622430608233	1.08268324751194
rovi1238	-0.469610930395166	0.80651631037509	-2.25987163493829	1.01021615526563
ruch1235	-1.04818314968867	1.20053761172272	-3.91237311739629	0.691867324669576
ruka1240	-0.410768914107465	0.83220287021548	-2.22217251476151	1.2309476342761
ruma1248	-1.05051239564887	1.2012178950839	-3.95481281558774	0.666448125175479
russ1263	-0.838388667239642	0.933177520355688	-2.92327382801416	0.69982614085928
saaa1241	-0.438774845223221	0.79447366937035	-2.16796294143628	1.09624696667579
saar1237	-0.410895100949773	0.839406619016512	-2.22459519573232	1.20524630156817
sabu1255	-0.452841330880159	0.807034622596891	-2.21707159924492	1.08823365644645
sais1237	-0.325101068632661	0.832013670621031	-2.1168791249629	1.39203322445416
saka1289	-0.450178828254184	0.803422866333448	-2.20714466906345	1.09964674159155
saka1291	-0.44380428751498	0.797561747895191	-2.24172508834336	1.05838513035904
saki1248	-0.601650444567623	0.928426702142155	-2.73346931342798	1.06838651744959
samo1305	-0.447972450900991	0.803065487773901	-2.19758881308728	1.0618083907226
sani1269	0.20808731297927	0.793811595629411	-1.31998225991708	1.92574510824599
sanj1284	-0.574457718944899	0.93063258660078	-2.77068781166447	1.06923251866158
sanm1289	-0.531211215335518	0.928438164554205	-2.61009148031385	1.14872697682541
sanm1295	-0.57247769926022	0.93244357541671	-2.74953972920782	1.06785889396633
sant1436	-0.569676586989941	0.925661789060693	-2.72905179146254	1.04935895268315
sant1451	-0.576739935006683	0.925745709967461	-2.71416960718479	1.01603682613678
sanu1240	-0.531864584892501	0.930809439790271	-2.64995690179362	1.15220943062661
sars1236	-0.223954770410365	0.881584399329941	-2.00863862670772	1.64510636583674
sauk1252	0.0150882990904865	0.931538235869664	-1.77816064600562	2.09414339916507
saur1249	0.848365357665018	1.16052625060253	-0.863748471458427	3.62413426511709
savo1255	-0.53511547974118	1.12856195711046	-3.16386601889934	1.47779763781757
seda1262	-1.04485046978184	1.20555516634318	-3.94642042027596	0.71348945419868
seim1238	-0.460824162336547	0.804486162200234	-2.2119971041034	1.07379318052639
seke1241	-0.437972540504032	0.800309898137093	-2.18412315276521	1.09233687366359
sela1260	-0.41357606882216	0.803856901516048	-2.1303856722652	1.17508959320265
selk1253	-0.798244618970638	1.02714772687983	-3.20952234745063	0.897550600337516
sema1265	-1.04980063384986	1.19653093212249	-3.96692202224448	0.647519856410701
sema1266	-1.04686785677363	1.19817351393831	-3.99229575466452	0.658236375183853
seme1247	-1.05112409029648	1.19672673948843	-3.95974612972809	0.628297160052666
sene1264	-0.533883698350332	0.937114280092939	-2.78965127493797	1.11986704678865
sgaw1245	0.323833716336529	0.816491915906287	-1.12620195853865	2.19746479808082
shab1252	-0.35387212103899	1.30387585567786	-3.42100494020818	2.01469640615556
sham1280	0.196046164726152	0.719441681645315	-1.22752285904461	1.69067898307135
shan1283	-0.438465105948825	0.903725383874407	-2.37504895058094	1.32149241116583
shaw1249	-0.54685709049715	0.916678162690721	-2.58344279603068	1.06901049585614
ship1254	-0.411878567804968	0.902529697160212	-2.33413465026758	1.36268608492986
shix1238	0.252303204510176	0.801077507349131	-1.24876165960192	2.02516411014371
shol1240	0.84387341902676	1.12572930438275	-0.855699743116167	3.50872977364498
shon1251	0.218934296027641	0.741143756337501	-1.24304120875846	1.79746153889645
shos1248	-0.275661502507963	0.853498345331871	-2.04560478981677	1.46436865833981
shua1257	-0.563946762647544	0.937116217022746	-2.73288717989032	1.09318820619459
shwe1236	-1.04834824241619	1.20004343938249	-3.92924312072386	0.668795083810921
sich1238	0.196728170585155	0.784934912768838	-1.32729821405935	1.92409850405569
sici1248	-0.845161053072644	0.95230726396539	-2.96808251914693	0.704533297493616
sici1249	0.379018057327862	0.773537076996178	-1.03627797917826	2.11018869036653
siee1239	-0.44180499738989	0.800838154544246	-2.17577748698041	1.10935266459218
sier1250	-0.576085099580679	0.921729198630916	-2.72655963271363	1.06194007240829
sika1261	-0.447510687657517	0.802496750389501	-2.16142564798064	1.10804250884302
siks1238	-0.54988169814045	0.92543576929111	-2.56803678333217	1.12955467956659
sile1255	-0.190295086544335	0.93071778942482	-2.15727106691651	1.70949794897237
sina1266	-0.48218872266293	0.800105600691102	-2.24510424812884	0.991883996304721
sing1264	0.31245929770606	0.825690728631526	-1.19504647731411	2.16064647137538
sioo1240	-0.464162911276688	0.805604134643459	-2.21594945537048	1.04201038112308
situ1238	0.219261837848119	0.784883095940638	-1.30196315010427	1.9060812769457
skol1241	-0.79037416513975	0.999640237866413	-3.1155641744637	0.87677783652937
slov1268	-0.838254733463253	0.942131055787955	-2.96906526581168	0.746995400445395
soch1239	-0.558595279930906	0.936456133582605	-2.79441005247941	1.08574188270645
soga1242	0.193197833119171	0.730952054265804	-1.29629916059219	1.74891177479943
sons1242	-0.471260711161423	0.805945602379589	-2.25242576936604	1.08109232112739
sooo1254	-1.05054666895886	1.20147850800619	-3.93034464864394	0.621441175077687
sout1528	-0.838317863770809	0.940074844558978	-2.96803335950762	0.724701922057986
sout2649	-0.827677872230978	0.944216624437873	-2.92731583879687	0.751884477269549
sout2674	-0.79192499068549	0.999209736777144	-3.12513210314467	0.854420794895576
sout2679	-0.780389499628886	1.01067454144714	-3.12990270041194	0.895648481437362
sout2728	0.217575953805192	0.791388001544377	-1.36259039983597	1.93036170014898
sout2729	0.210298231466644	0.789130759124974	-1.32743304264962	1.90517904314565
sout2797	0.44809958377221	0.791319606012311	-0.888428523227181	2.24355014010508
sout2807	0.239111155394529	0.736819549252821	-1.20375287518728	1.82218688273311
sout2856	-0.436751485898296	0.802822932975811	-2.15591808427141	1.07701311950845
sout2857	-0.375494128978825	0.793823103724292	-2.057801883704	1.2207990019749
sout2859	-0.434005301345176	0.793689936693237	-2.152138710638	1.05746689939212
sout2869	-0.423956762947189	0.798679534042076	-2.15349330550645	1.08944585074056
sout2895	-0.449299999321171	0.807247416895301	-2.24679360615004	1.06915626807436
sout2954	0.710767817143896	1.20667557161859	-1.07494168004488	3.70624282769927
sout2956	-0.313204362695213	0.913808427981204	-2.21418321216175	1.5904696544688
sout2959	-0.197999795269436	0.889386980315701	-1.95649238987961	1.75732905261694
sout2976	-0.219421496794739	0.873187621786901	-1.96958287836608	1.6362125201695
sout2985	-0.488394449109496	0.95685521399889	-2.66974054183686	1.2515609639247
sout2994	-0.522355629051684	0.921309746497457	-2.60905350292166	1.15182217513125
sout2996	-0.53324068175205	0.929233431222571	-2.60538638007287	1.13253513736196
stan1289	-0.848804311304608	0.953358439453605	-2.99544404756537	0.706313545854524
stan1290	-0.843135973962987	0.955037975142972	-3.03235103315894	0.752783946063811
stan1293	-0.840307509562562	0.948369947633525	-2.99320558308462	0.71322096026452
stan1306	-0.441442233208925	0.808184150817452	-2.23038501182845	1.08907016201016
sude1239	-0.477430093583343	0.802793866256957	-2.26604035599442	1.0288848438436
sumi1235	0.48962555869366	0.869030828675679	-0.934004250602983	2.53453077932111
sunw1242	0.339897766233132	0.8101185008513	-1.09321954778761	2.2126949849576
supy1237	0.375412479470863	0.771974371349115	-1.05391840742083	2.10260862188174
surg1248	-0.773792398366017	1.02168257644297	-3.13064930749563	0.927552181498461
surs1246	-0.462199574925794	0.801199832146994	-2.21331658052254	1.06634322381318
swah1253	0.19692882938827	0.735162964297052	-1.30650775212713	1.73382884574453
swed1254	-0.839768074657351	0.946808057137109	-2.97861980968981	0.747507295321769
taba1263	-0.682223589688192	1.1390915670673	-3.47909806262059	1.16041405759685
taga1272	-0.415144963548557	0.80093906248016	-2.12002516882865	1.18838017693797
tahi1242	-0.45072513886153	0.799236377282743	-2.19135703888442	1.09653772089511
taia1239	-0.602804469576107	1.24248478472061	-3.4903074926566	1.53235577644305
taji1246	-0.440881139540702	0.803307218505469	-2.21332255685551	1.08920831505893
taku1257	-0.449159473449295	0.804063285810972	-2.1869436516216	1.12120498737265
tali1259	-0.452792306345333	0.810088125000623	-2.16997424889954	1.09937400356933
tama1365	-0.00757346476561105	0.813465727220571	-1.61898370167364	1.78085782418609
tami1289	0.84128987259677	1.12134306656309	-0.81456804891035	3.50397786207506
tane1237	-0.454473315311238	0.802635831307245	-2.26806110225414	1.10803437690328
tara1313	0.44374828534886	0.863908600606867	-1.03186085691632	2.50375398880187
tari1263	-0.00044453994762216	0.811885693948529	-1.60486801762383	1.76844892878311
tata1255	-0.558392237982827	1.01463220749619	-2.81682023125856	1.32604885474557
tata1257	-0.4354571624503	0.817107756432402	-2.27775917994848	1.15233253389139
taul1251	-0.320733470111284	1.10177706971869	-2.71535146611469	1.87802713411745
taus1251	-0.416481647496611	0.806069167335763	-2.16121965907157	1.11570169357248
tbol1240	-0.365398451637698	0.80287085854142	-2.07697645316782	1.25838768874323
tean1237	-0.454184669349899	0.812187541709861	-2.2825066327418	1.13820627994281
tedi1235	0.503046126148462	0.877438933044221	-0.919833959176753	2.6289947558392
tekt1235	-0.556701579253217	0.942817500884873	-2.69984857482805	1.09095837436367
telu1262	0.835270789925247	1.11910474339471	-0.810792482788898	3.49016303740784
temi1246	-1.04711874169627	1.19222554352017	-3.92516119401145	0.632176364521916
tenn1246	-0.361586000796628	1.28536302208599	-3.54061683486901	1.79304501158426
teop1238	-0.466267304624428	0.808599232197197	-2.21543009661659	1.07422870567782
tern1247	-0.67598165385607	1.13717234519589	-3.4227790526111	1.21373713241554
tete1251	-0.243820461452947	0.85598475050634	-1.97931042494256	1.55628555416789
tezo1238	-0.568532936404226	0.922807136948729	-2.73641754661829	1.05250285475428
thad1238	0.505038066141647	0.876039947764196	-0.91334087508007	2.61767448278464
thak1245	0.47719977600572	0.863987784982639	-0.954203256896346	2.46651432394389
than1259	0.395034423575084	0.836870290671057	-1.03919917094547	2.30678497789068
thul1246	0.341755354963073	0.811933435481755	-1.09212567850592	2.18512050137074
tibe1272	0.515861997381404	0.869735884953269	-0.909550820608528	2.60715290041816
tief1244	0.472471380132949	0.808454831168243	-0.896088547541744	2.405638588247
tiga1245	-0.463889987443184	0.808414459106225	-2.25576217908428	1.06051563157612
tika1246	0.332671124151495	0.765577851586365	-1.09172816104802	2.06022663782054
tiri1258	-0.444511436798528	0.797218147826203	-2.18182942643477	1.05968360047519
tiru1241	-0.364671103152968	0.804331969604351	-2.07407003022165	1.24749765159189
tita1241	-0.45959767725042	0.802256167607697	-2.22734075629603	1.05734232180693
toab1237	-0.457438654682566	0.809734638959539	-2.22987786583874	1.10029748591611
toar1246	-0.213261460258765	1.02417845323282	-2.41807624337796	1.88874428011715
toba1268	-0.48358236663493	0.912658771818633	-2.46539954963836	1.24383181345219
tobe1252	-0.681343332952369	1.13388729654283	-3.47203522182121	1.17943314119165
toho1245	-0.192982903081363	0.879689699990495	-1.93044957809774	1.70702679199651
tojo1241	-0.556844560247898	0.942471610698623	-2.71102264523463	1.12243436153556
toke1240	-0.449118061363744	0.804901283355195	-2.2343546256675	1.07627728079997
tong1318	0.218027128020626	0.736467220429742	-1.25234558920353	1.80863336527979
tong1325	-0.447549026840137	0.799393416135868	-2.20124547848972	1.10692676115621
toor1238	0.193156962375858	0.72037179716482	-1.25726061686346	1.70143535260556
tosk1239	-0.78690414100066	0.957699199197179	-2.94397525357326	0.857038081452813
tote1238	0.218768402429167	0.733066801321148	-1.28476943528455	1.76405745831349
toto1302	0.475891039913357	0.880039134370346	-0.978625830380388	2.52991029938781
trin1274	-0.53688115092998	0.953408821840937	-2.69712769992431	1.22893074915303
trio1238	-0.57211819922143	0.943789552707654	-2.74781466171628	1.09150063327861
trum1247	-0.495618028054319	0.936504294484097	-2.61496315593482	1.22887941260722
tsha1245	0.522514884360334	0.877010109928259	-0.88521554155019	2.60955672889426
tsis1238	0.240887654611744	0.764830860100666	-1.27230617672337	1.90938207321651
tsix1234	0.445825589089205	1.17006195372926	-1.71185861568858	3.18673254189711
tson1249	0.229909258391402	0.732838345667168	-1.22771847304944	1.79743061972567
tswa1253	0.236521147045056	0.732657682383904	-1.21371910806736	1.78886853646411
tuba1278	-0.23727076852016	0.855846023205102	-1.94152352678211	1.6111359264541
tugu1245	-0.450735291558952	0.812669840041145	-2.24554759416277	1.12345631908041
tuka1248	-0.439066951647629	0.804214514795894	-2.16433523371961	1.10991952939076
tuki1240	0.24908132364833	0.741156493981414	-1.20876059636401	1.86867524690572
tula1252	0.445009435804635	0.795535389489419	-0.912644670723539	2.23129002909202
tune1261	0.245264712051851	0.744036218838489	-1.19744928740087	1.89248768413638
tung1290	-0.466105768975829	0.809940590653047	-2.27625903732491	1.07904682496603
tunn1238	0.0402229346302518	0.807940956048411	-1.45371674493719	1.82235462912825
turk1303	-0.54426575100419	1.01577380481163	-2.79677118896559	1.34149250996299
tusc1257	-0.544729091507815	0.941082696397644	-2.73651395822622	1.12419250522323
tutu1241	-0.45191744577387	0.799906285345561	-2.19361934489021	1.08457065449394
tuva1244	-0.447053864456442	0.799047420127942	-2.19433040795198	1.08256210143071
tuwa1243	-0.326668920952432	0.79963597975229	-2.02214913398606	1.36810780225073
tuwu1238	0.288548262675049	0.76150243761129	-1.17675751815155	1.94744859628234
udih1248	-0.735194805628597	1.14734641910521	-3.47863156004819	1.14027366366713
ughe1237	-0.468662552940389	0.805713471888727	-2.24508899326882	1.03196966255355
ugon1239	0.200243843792907	0.78490905971167	-1.32400903445388	1.88030054877083
ulit1238	-0.470352517278867	0.809712088827787	-2.24778721330247	1.10914644613839
umaa1242	-0.440944003967093	0.804625827965737	-2.1934827782518	1.06384092797749
umbu1258	-0.115512721444351	0.915122519631788	-1.98442116651317	1.84987059923254
umes1235	-0.790235810139091	1.00292288937112	-3.14462461851539	0.891441904308362
unua1237	-0.421417978488916	0.794391402247374	-2.13521211207177	1.13402108412548
uppe1275	-0.311936702927333	0.913994774976628	-2.19756316014988	1.61031709034768
urar1246	-0.238463369149052	0.941272902020868	-2.10343895880402	1.77640102850182
urav1235	-0.441446488008463	0.801598723756704	-2.19151257883991	1.10826247701455
urim1252	-0.591781816302663	1.11244018801825	-3.28929379741061	1.2831512092779
urni1239	-0.549607287088828	1.14427816298516	-3.24021979798071	1.48346313050117
utes1238	-0.276339686667792	0.857334957350289	-2.03734048549766	1.51335859588296
vano1237	-0.454314954980686	0.808465747103627	-2.26887692587893	1.09142020670867
veps1250	-0.784803890465947	1.00300216524826	-3.16872636424823	0.904095306114128
vera1241	-0.444705988984806	0.795467190148029	-2.14716617121485	1.10824713110307
vinm1237	-0.370305285812063	0.781166664464942	-2.01644595351612	1.22913493515927
vunj1238	0.202409871104485	0.725019838983528	-1.29836412849143	1.75882273765611
vure1239	-0.440326267710676	0.795066976717786	-2.12700224258333	1.09532749380265
vwan1235	0.201014821880074	0.731459615914159	-1.29580472586471	1.71462470448162
wage1238	-0.52443822556114	1.12533950409752	-3.1950155037706	1.50968684693468
waig1244	-0.451631031997302	0.809349897618667	-2.21831715176295	1.05829097833184
waim1251	-0.484811882621283	0.805574518951672	-2.27275053687545	1.01211919386577
wala1266	-0.457459715439299	0.804917275657932	-2.20243345763327	1.05131046022887
wall1257	-0.449786357747394	0.804001511324617	-2.17645725246995	1.09080820571089
wamb1257	0.338744618478103	0.812673424580566	-1.10578833910729	2.19265498117634
wand1267	-0.450429547580177	0.800251176634363	-2.22753688652762	1.07171483012959
wand1278	0.126480527988542	0.832543034265455	-1.36637400334456	2.04638683076535
wara1294	-0.635194626782661	1.14195111141338	-3.42624215628054	1.22484203491248
wara1303	-0.487130724267266	0.936955588052802	-2.58334646475233	1.27799593179574
ward1246	-0.732275146830741	1.22948895310527	-3.68400651551991	1.28038495991541
ware1253	-0.447398355899837	0.813856797696815	-2.26148508171292	1.11107059074687
ware1255	-0.53549029968262	0.944196752908058	-2.66606820737285	1.16789759531044
wash1253	-0.476473260169862	0.941151407389862	-2.54518580655657	1.28790487276712
waya1269	-0.574591208673489	0.945298397753477	-2.77687233831015	1.07109934519071
wayu1241	0.349857403700406	0.812388255510312	-1.08510280542143	2.2274385481345
wels1247	-0.833690842168237	0.95282379443952	-3.0188880986784	0.723054250216805
west2354	-0.839307570631422	0.948879299631463	-3.02637733455401	0.743594616068098
west2369	-0.827531123854067	0.951029000180413	-2.97742821029824	0.769117493143826
west2396	-1.05039511698195	1.19829796472227	-3.91603538224187	0.658110009401788
west2397	-1.0500244729556	1.20398228756076	-3.94996851576795	0.630381586789524
west2415	0.498339786035007	0.874010652976926	-0.941815571588816	2.58089816067116
west2418	0.410275626610142	0.834140059355142	-1.01996160662734	2.37024010940257
west2430	-0.730994264913725	1.26054741222918	-3.76204309885566	1.26879576090626
west2516	-0.435844677903304	0.801820120180937	-2.15256321313858	1.12986254295985
west2519	-0.441943773398798	0.793401176823266	-2.16226301778439	1.10063601018696
west2557	-0.41543843838157	0.799641718763228	-2.10529718445286	1.16892685300159
west2560	-0.43855299165317	0.809567596384897	-2.2241168187678	1.14130392330379
west2594	0.013585884033257	0.936625619649263	-1.75662056567044	2.16790912369178
west2615	-0.190362967925501	0.888688138159582	-1.93387625993611	1.72220054619756
west2635	-0.556184845127481	0.945074020447443	-2.70675802221699	1.13825130121461
west2644	-0.573300968305186	0.928541072976363	-2.73383217951364	1.06701477797889
west2650	-0.439978436763037	0.806794779790036	-2.16183772864658	1.1104914403579
whit1269	-0.433735842423688	0.802672203759833	-2.16934092838501	1.06328366392455
wiru1244	0.0499533588104953	1.09626123956761	-2.00046048483723	2.6298418754022
woii1237	-0.450966056817928	0.801548834843049	-2.24406735355137	1.07810868396832
wola1242	0.483075205677992	0.946739132772981	-1.18699324280915	2.62728626737113
wole1240	-0.471423467793324	0.807981842529175	-2.26664619464466	1.09815804793576
woli1241	-0.438966397836454	0.803193468700723	-2.21424502904653	1.07421637883058
wuch1236	0.284928811381821	0.809774746891416	-1.21736304963703	2.11778865126067
wusa1235	0.196283788981389	0.791973139534139	-1.32203962725255	1.9456210930331
wutu1241	0.279198450306355	0.809628095415465	-1.25848680283315	2.0938493727792
xamt1239	-0.0192934708702397	0.792914099369776	-1.53470188256843	1.73585892892058
xara1244	-0.443980519977794	0.802889029278608	-2.21475275768855	1.07421869087716
xava1240	-0.427930660922216	0.899614381323054	-2.3401622866178	1.28038292556154
xish1235	0.192781504987517	0.784968068096565	-1.33739835611041	1.91742909899967
yaka1277	-0.439122428274239	0.817533015923506	-2.22774366656342	1.1426323784661
yaki1237	-0.484300326287266	0.94077109315397	-2.60506195562055	1.29689041408672
yako1252	0.346308700586868	0.772363670160652	-1.08360106285277	2.06319900083335
yaku1245	-0.552587186042672	1.00766402443118	-2.80404697745309	1.28524268716235
yale1246	-0.243945459204377	1.05109546533896	-2.49210157916663	1.90180451004451
yami1254	-0.303131641083647	0.795228631399467	-1.9375319774557	1.38836451285108
yami1256	-0.438145223763206	0.902939744733327	-2.38501666218044	1.30218786409021
yamp1242	0.385963400383127	0.834894758000802	-1.05456920349091	2.34598699485748
yano1261	-0.529785347242488	0.934141582536845	-2.6512042807067	1.17939614678075
yape1248	-0.456604055670899	0.805093748222519	-2.19518296016785	1.06975238568321
yaqu1251	-0.166393382663576	0.875914357398866	-1.85365840787278	1.73932014869433
yare1248	-0.608685260082951	1.22474129454433	-3.45208309776988	1.49048230427987
yatz1235	-0.572311345188963	0.912330503105456	-2.72044190669732	1.06293210693923
yaul1241	-0.53958917689034	1.1441624599478	-3.14727229709313	1.4588725752838
yaum1237	0.00406666294356134	0.92470827776643	-1.74406568591118	2.07978591917448
yawu1244	-0.590923872840893	1.13144479197899	-3.32295679541162	1.37710779002736
yecu1235	-0.290524080394838	0.923265541657992	-2.19735555660133	1.6274752892319
yems1235	0.543427871910307	0.989804732628791	-1.10943640663242	2.84741030810185
yind1247	-0.485899697501749	1.05866315552794	-2.93239202457409	1.47445422063967
yoga1237	-0.307082659762625	0.801655451873294	-1.98624383869566	1.36642356527882
yona1241	0.721456936172906	1.21181188276729	-1.06690076357209	3.75308386891201
yong1280	-0.0455840690496117	0.917797994633825	-1.86196764042641	1.91990278539272
yora1241	-0.437855983625225	0.90052707511715	-2.38891839527768	1.30074228429126
youl1235	0.207697502509994	0.794390155898415	-1.296976769008	1.95942891023701
youn1235	-0.729748028302227	1.26158936194843	-3.76818625657141	1.32483771629979
yuca1254	-0.557119627587707	0.949689392507347	-2.69904034955687	1.11452033756112
yuch1247	-0.301409651211057	0.914103751357016	-2.16096036234013	1.6614475677288
yuec1235	0.286106991790677	0.808160466600504	-1.20325075005767	2.12579096190489
yuqu1240	-0.602528025186017	0.933540590084209	-2.76506128134231	1.0779639901103
yura1255	-0.531132470781234	0.944631642195655	-2.66850193831229	1.14138548524184
zaba1237	-0.46913359054653	0.807577703276324	-2.25073086660436	1.05822277956631
zaca1242	-0.574367379633542	0.929304141099753	-2.74538210557527	1.07091077922611
zaiw1241	0.172169077203683	0.792429449180956	-1.36390429976423	1.85213080486704
zakh1243	0.266022012170662	0.824165988374558	-1.31655295444794	2.04938689646265
zarm1239	-0.18467004863539	1.34111031073776	-3.32626608428592	2.31906345180995
zaye1235	0.321355505884436	0.822320977542656	-1.16806616092088	2.19076863122571
zays1235	0.477027300427732	0.947503600519351	-1.18778514126277	2.62250216445111
zoog1238	-0.572960465665882	0.919684953566207	-2.70884893073547	1.04575055404566
zuni1245	-0.484928112787024	0.944010404078108	-2.56005781949577	1.24513807768602
