Estimate	Est.Error	Q2.5	Q97.5
abar1238	-0.678369756538078	1.08448525634261	-3.05275981595457	1.25597164380346
abkh1244	-0.153726714050914	1.28570538198518	-2.86081907707364	2.34095937805279
abun1252	1.19005045013293	1.29681664726202	-1.03057570662902	3.99744832511633
acha1249	-0.447915717610081	1.07910679358008	-2.77390634591735	1.54573179735761
achi1257	-0.148269573651468	1.26468370572498	-2.77693100158957	2.26469760536355
acol1236	-0.301645862967778	1.2688602927773	-2.95648325410048	2.06959077016087
adze1240	1.62706969382074	1.04961409039406	-0.216681409471038	3.83748909613724
aeky1238	0.8237205621001	1.15476529966608	-1.29501818623756	3.29524200151445
afar1241	-0.319620396214714	1.22804640182805	-2.95073794285715	1.99520742480126
aghe1239	-0.75948575940889	1.10054797140618	-3.14419942839855	1.205464169199
aghu1255	-0.228325510487374	1.1989800957411	-2.85051699242228	2.09936289750198
agob1244	-0.438399548326856	1.18153451808531	-3.01958375972023	1.74526628071107
agua1253	-0.101856885133447	1.28379343339836	-2.79809012916336	2.32639836322308
aheu1239	-0.189730097915375	1.32941303059781	-2.9496593818352	2.3770337841572
aime1238	0.297243931441392	1.16667060350678	-2.03586756319186	2.68129208914695
ainu1240	0.991032562238223	1.27077978999592	-1.276027363826	3.81093881455082
ajab1235	-0.376811767249802	1.21768831576918	-3.07306797983874	1.86672410580327
ajie1238	0.574638895769677	1.13065185638698	-1.54069267936118	2.95862374609407
akoo1248	-0.796622653324491	1.24034346919797	-3.46649196967065	1.47339721455555
akun1241	-0.168366999646431	1.28429499129452	-2.83544453438003	2.38381664351328
alab1237	-0.261996937285505	1.26447702998959	-3.02009671621945	2.15811041496055
alab1254	0.749233118922662	1.10797635072947	-1.22651388399418	3.13359836071034
alac1244	-0.40118876557379	1.23984148987614	-3.11507771388781	1.88425063422432
alag1248	-0.591572812027642	1.25820238230431	-3.31145501448139	1.73777749275364
aleu1260	-0.266330704105314	1.24761201639707	-2.94309335192956	2.10868894253299
alor1247	-0.204263676481686	1.30055618358802	-2.99580558789319	2.27782397908338
aluk1238	1.26658930759054	1.29544187320206	-0.950099854607526	4.08315462703159
amap1240	-0.294536995336035	1.16889225379289	-2.77335120661586	1.96156238283911
amar1272	-0.18541520426596	1.18500673933649	-2.75035123321652	1.99706615027713
anei1239	1.21185425229135	1.19862343256805	-0.940479592408283	3.75857269948487
anta1255	-0.101172369754946	1.29582511091311	-2.81808263903099	2.46957072403678
anuf1239	0.288306447931384	1.24529679765114	-2.16708570082863	2.78839070350554
anuu1241	0.473480545160918	1.10935165544211	-1.72403622482225	2.71768320649465
aona1235	0.621311374368296	0.947068585576103	-1.14148564095749	2.5926572530418
apat1240	0.0162197678287136	1.08742383546196	-2.23260170900651	2.09953638425411
apin1244	-0.0270169123993354	1.24638190039041	-2.68016842327677	2.35987241992678
apma1240	0.746906277090058	0.969034087353356	-1.11869722232027	2.7199856112302
arak1252	1.35694440362272	0.980747536478977	-0.430496259657691	3.39261457287514
arao1248	-0.161354854143452	1.28589513961501	-2.82971230527013	2.28521124958516
arap1274	-0.172166538526153	1.2976594783487	-2.89512718504794	2.39298938258912
area1240	-0.450615839949152	1.23051702618209	-3.08984255843668	1.90299968800606
argo1244	0.895272383921787	1.24290378365361	-1.31487917027893	3.6484746588534
arom1237	-0.128421563887047	1.2994280073621	-2.81516545266236	2.4348373649909
arop1242	-0.685093459688068	1.20005373448883	-3.27204381015077	1.49511276968336
arop1243	0.778782216144017	1.07929966389191	-1.2357381454708	3.00384364777019
ashe1272	-0.163236484037802	1.34704386154207	-2.95371439111998	2.54239767075026
assi1247	1.10839566930075	1.27530786989092	-1.17470430415373	3.86467556559234
asut1235	-0.461065330619772	1.22320835909074	-3.05032701699308	1.84760772193586
atam1240	-0.328173736096983	1.28110235473457	-3.05653144370784	2.18349542649283
athp1241	-0.403212395544537	0.94754064130034	-2.38370746694755	1.37359869364564
aton1241	-0.293127515702942	1.14705274115219	-2.6640047185195	1.84623741838834
aulu1238	1.63378361621093	0.895394975690566	-0.0218178737040208	3.45408878775171
awad1243	-0.043875029107834	1.11912524000274	-2.36285529441838	2.14713310010292
awad1244	0.848478817324708	0.957943595488349	-0.939594656170138	2.77668778660332
awar1248	1.69729232262336	1.03873011494303	-0.116764736565168	3.92887025899253
awet1244	-0.241058979050507	1.30222273575927	-2.96409672420271	2.21838604315517
awtu1239	-0.692683079102279	1.13268279542557	-3.12209668841169	1.3592586331657
axam1237	1.44781985398291	0.887759056484076	-0.178184454540276	3.22714126278009
axiy1235	0.250518596346789	1.04071457953451	-1.75373463175057	2.35525676158103
azha1235	-0.226839332690746	1.06566417042269	-2.47152753311745	1.87920983194503
baba1266	-0.737933554231764	1.09760649826894	-3.14105795985348	1.27010923876936
baba1268	-0.340485494040312	1.28901100175866	-3.14626651538913	2.14104015329698
babi1235	-0.323993781818599	1.25674956346038	-2.98268106546545	2.02348838472097
bafi1243	-0.726740913872917	1.14915160142301	-3.22269393191201	1.38119899924067
bafu1246	-0.784697390517994	1.10738107435593	-3.22250639385726	1.21396252607316
bahi1252	0.212296581671823	0.810449610777876	-1.3715097533525	1.82440491275616
baim1244	-0.651443278531219	1.20968056788575	-3.25642426917287	1.51015165123138
baki1244	0.55660361329915	0.944994092092266	-1.31904592476267	2.41979818738264
bala1311	-0.192028676001997	1.2873049310569	-2.86381256301252	2.27497083234366
bala1315	-0.107510756833274	1.31470601056654	-2.85096753609906	2.50242760590687
bala1316	0.310056563874671	1.17399255298326	-2.04738771252201	2.68652215487701
balu1257	-0.375278929265556	1.20724892819493	-2.96820662400847	1.90893052261859
bamu1253	-0.566724242332639	1.11746111628269	-2.96770736285403	1.56329891444407
band1344	-0.20941355597882	1.26971293902556	-2.93279518030567	2.23446035313381
bant1288	-0.0733923563850538	1.27454743670484	-2.78942893151713	2.36638640657186
bara1369	-0.102479997470405	1.29962355362557	-2.86120347505566	2.38573612909117
bari1286	-0.182999435422161	1.18398889163121	-2.70810573058632	2.00344836902398
baro1253	-0.569619125470168	1.22031579062789	-3.1780586043145	1.65283005785207
bata1289	-0.117002674764602	1.31574375074998	-2.88015462474584	2.43649103986958
bebe1248	-0.358146534400058	1.22971160482002	-2.96204292129704	2.00142394567586
beka1241	-0.151768735350224	1.29796782739403	-2.84251660766808	2.38554075394855
bela1254	-0.0828850398055695	1.31389008696233	-2.86775647843907	2.53996705581976
belh1239	-0.453052623074559	0.914970401622721	-2.38630173491432	1.22993542373506
bell1243	-0.214331187645853	1.31194898590141	-3.03019959109953	2.37047312226318
bemb1257	-0.162544914359307	1.26942178365399	-2.87971270444596	2.31336433728023
bhoj1244	0.336925899267634	1.14423511819811	-1.90838696591551	2.61526779459133
bian1252	0.777966917631133	0.993235023125841	-1.10564659695502	2.81163059812292
biao1253	-0.253342676805803	1.32613464031263	-3.02898011745449	2.34233598161872
biao1254	-0.216277767253471	1.33227718036114	-2.99844361787511	2.33982604684527
biao1256	-0.221804416893585	1.32050933396942	-2.97579575463411	2.36765288301106
bier1244	0.590402916852993	0.930000244344527	-1.23072072578173	2.41135194856536
bign1238	2.26682369401671	1.06761074503922	0.227135894408346	4.46960914366589
biha1246	-0.277320870499464	1.25624205927571	-2.92075341420731	2.1691119616678
bini1246	-0.410068595682947	1.25488510149873	-3.09391330448036	1.91222111124962
bisu1244	0.429524645733488	1.11375162836542	-1.68655590565859	2.7972891767813
bitt1240	-0.453240004826304	1.19204032225474	-3.02709278781525	1.79707209596236
biwa1243	-0.812471127560258	1.15815795663368	-3.41107698812225	1.24465613825726
boht1238	0.0504645918715377	1.19859858998729	-2.40826099969532	2.44358187820818
boly1239	-0.0276498346902767	1.22388731142944	-2.48164648161835	2.4100185968032
boro1277	0.762677740489967	1.21550675869107	-1.46205281135931	3.40990598336896
boro1282	-0.180397332158413	1.24337668568026	-2.82140394794556	2.22251031292576
boto1242	1.70447110987997	1.36294417588845	-0.559503061578737	4.68840468889854
boun1243	0.322056814533604	1.23593588842167	-2.16051049826619	2.80983131257783
bret1244	-0.0887126076964373	1.3193965919103	-2.76770964937473	2.50906746255287
budu1265	0.131515568974358	1.19301400766724	-2.34544886430824	2.45489910436538
buga1247	-0.265237155660969	1.25619823817435	-2.91364201693695	2.15536587295864
buga1250	1.22366641426554	1.06834841902327	-0.688176974088448	3.46724325709694
bugi1244	1.42379844261076	1.41930042107207	-1.03006095664316	4.5221470011271
bujh1238	0.893327001679255	0.926110157013944	-0.827403791202383	2.79417644055175
bull1247	-0.134935612823088	1.24968151159742	-2.74073248637713	2.25871901268024
bulo1242	-0.217374069952622	1.3489613941211	-3.13372783187067	2.45890838195087
bumt1240	1.25349413111404	1.20826932406334	-0.800939023845211	3.89999129131996
buna1276	-0.656894247265726	1.24624761662712	-3.39450846242816	1.59086796665683
bund1253	-0.285852898480424	1.26767750884712	-2.88432694956619	2.15096996105705
buol1237	-0.159298480762399	1.29958023070479	-2.79320236055277	2.40178251256969
bure1242	-0.465285411980153	1.2514510401032	-3.17282083845083	1.87477548833077
burj1242	1.03920359242895	1.25531614637952	-1.10121595081017	3.84445270018269
busa1253	-0.563009725205189	1.21964082457261	-3.28465695542073	1.67923552121722
bush1247	-0.16266615745691	1.27182273589889	-2.81094948344846	2.30912876252378
buwa1243	1.41388424387552	1.03466810570821	-0.437261152239709	3.54652670158583
bwai1242	-0.811764510686809	1.2023854062569	-3.41016773077414	1.35879420715563
bwat1240	0.610742527962823	1.16138523880466	-1.62474510117853	3.05737381039847
caac1237	0.553692970923226	1.19090271515361	-1.74331959151598	3.05275928784271
cacu1241	-0.361903991800272	1.22593530951471	-3.0533109136934	1.95523537927541
cahu1264	0.0246234596579568	1.22002551232953	-2.51128367320509	2.35032146495609
cakf1236	-0.549792565122658	1.28635679113701	-3.30595830766087	1.84984428602452
caml1239	-0.141631751077941	0.841961758952313	-1.86059140753215	1.50741110441284
camp1261	-0.0669315907395881	1.31837415192714	-2.78007772145391	2.46669315329914
cane1242	1.27367260494473	1.33897614546146	-0.969990308098362	4.14206960072477
caom1238	-0.252767281219419	1.31255630631877	-3.04428131354435	2.33040557677835
capa1241	0.618417166564808	1.1937841429283	-1.62632518325281	3.12000515833716
carn1240	-0.0795482114961118	1.30440577827914	-2.8583789955424	2.48778843067713
caro1242	-0.091377996919953	1.27771373750365	-2.71604236910122	2.40483758230944
cash1251	-0.0372359769301317	1.22637746913602	-2.54596959509423	2.34218116484193
casi1235	0.984433129084605	1.12889599694552	-1.15687946915034	3.31309110828745
cemu1238	0.999113142240437	1.23163182507232	-1.19857321825827	3.67710423372246
cent1989	-0.169243261769666	1.33545142834514	-3.02291603083498	2.41290465835238
cent1990	-0.0892513550625039	1.30220894236783	-2.81108969249128	2.46282593648884
cent1992	-0.262263111826339	1.29397663043963	-3.01900433119864	2.26078834920001
cent2084	2.32830942884423	1.39747536261932	-0.0383925279496609	5.36153518615069
cent2100	-0.200211433956887	1.286203134861	-2.9205972039562	2.25165482044855
cent2127	-0.0876709863892236	1.3375955132337	-2.8470826046716	2.62762443578377
cent2131	-0.137199260553215	1.15671474691555	-2.58081114253032	2.0950077945363
cent2140	-0.316587110904315	1.22512537316208	-2.91472803569476	2.0113754673707
cent2292	1.79597446165061	1.1017490173174	-0.166756919842188	4.08628102000933
cent2314	-0.221282190831108	1.33626953696309	-3.1220210725949	2.3164425540845
chak1270	0.279624248569306	1.07809623000546	-1.92444960462394	2.43339724238652
chak1271	1.3322655316266	1.25122596400393	-0.898514933569203	3.97634959735091
cham1312	-0.107008037892351	1.31715576731623	-2.82503591229542	2.54568462882341
char1269	-0.300740843461813	1.15624006492715	-2.68311961727898	1.88928463573387
chas1234	-0.551539458702448	1.09101130333929	-2.90745128383026	1.41655742691991
chek1238	-0.470603213855298	1.23335105856321	-3.07224761678619	1.87411529771472
chen1255	0.0236404103588067	1.16764390294315	-2.28455298104709	2.3712637291069
chep1245	1.33501456848066	0.981555963556185	-0.3866621995588	3.39568286358949
cher1273	0.0110140670113762	1.29585832357349	-2.5774529309876	2.62123910137015
chey1247	-0.203178802599191	1.27630699760015	-2.90328854209288	2.2870272527039
chic1270	0.176488678099859	1.20575068900022	-2.24821644713862	2.66013840868521
chil1280	-0.37574793994698	1.23470260246033	-3.08233726532738	1.99235439379773
chip1241	-0.0853553637215646	1.29273752687538	-2.77431317076941	2.41479865015915
chip1261	1.09399956836913	1.28296195577512	-1.16374725610405	3.92387535607234
choc1276	1.01741944220625	1.24440138257099	-1.15413003089966	3.73238321027041
chon1284	-0.216400547228132	1.31509528664741	-3.0547387729491	2.30076045764167
chot1239	0.41158406257154	0.812444302141161	-1.18975747306993	2.02643958113197
chug1252	0.404217090554562	1.05990492503428	-1.69014880371574	2.56405179423869
chuk1273	-0.257745683536696	1.27769547000879	-2.98562261745522	2.20107048582832
chuv1255	0.309064499804038	1.15956625349916	-1.92285336096031	2.70886398855571
chuw1238	-0.048122307619314	1.28257833777731	-2.73080185778432	2.45352795307493
cici1237	-0.410578789782476	1.29375898924055	-3.1936200380519	2.024176601744
coat1243	-0.492823332422443	1.28556642245499	-3.26815652434192	1.92484921146566
coca1259	0.441041461332569	1.32228272223592	-2.13483578429882	3.14672642430565
coeu1236	-0.220992451689443	1.26922662335042	-2.94331588908415	2.20066962252229
cofa1242	1.19744523907949	1.29066261685014	-0.994727341153039	4.03494087992792
colu1241	-0.213993661295995	1.28399859689902	-2.81703738995795	2.28555583916584
coma1245	-0.317425074492378	1.23597019664485	-2.91852795031199	2.06271187291177
como1259	-0.264583235253179	1.3464962045649	-3.10333424081615	2.33467399213101
cosa1234	-0.502098846998131	1.14155840739126	-2.91121207368921	1.61663722127399
cota1241	-0.332771137283316	1.23410866624943	-2.98997173238735	1.98271160828584
cree1270	0.0626173553359632	1.20736795243874	-2.40785680247746	2.42842772183019
crow1244	-0.307030789434889	1.24339476975594	-2.94209665759536	2.04201011683998
cube1242	-0.269935784150618	1.25676775385923	-2.94343667925619	2.16724511189707
culi1244	-0.262418668021946	1.28430855410372	-3.02189958220625	2.19399202887287
czec1258	-0.0814256215726639	1.35788239383131	-2.96833781848439	2.63168778095231
daai1236	0.845673733224046	1.02059787410765	-1.03336074491633	3.01130339190632
daas1238	0.666528227665714	1.15073706345914	-1.44981496151904	3.04700102259571
dadi1250	1.12236719768392	1.08859250758248	-0.79432956022112	3.48839731007791
dagb1246	1.23857882878171	1.28822520451416	-1.02351339996006	4.03329553146864
daka1243	1.03410740612538	0.884806445557557	-0.619365095985582	2.88284576722865
damp1237	-0.199352869695379	1.28543678305946	-2.88640077016857	2.28337768666998
dana1252	-0.128723940340276	1.21560586950968	-2.69382252260315	2.22439031971994
dani1285	-0.0689404852122851	1.28902429470946	-2.69652212423968	2.49550286467976
daza1242	0.798338343152407	1.28288407317939	-1.45764570000425	3.69281310999285
dege1246	-0.477287001368452	1.23317849739667	-3.1717652769462	1.83210762135794
desa1247	-0.353066215039142	1.21853424911605	-2.95368021296733	1.92573958206053
dhao1237	-0.17447002859272	1.27212159231934	-2.80975273118239	2.28433978397576
dhim1246	0.620249561926479	1.03307758085396	-1.25136020858975	2.80679216016421
digo1243	-0.370625898618798	1.26773934365806	-3.11793720701199	1.9806871034085
dima1251	-0.457804015048023	1.06697178813864	-2.79139814972898	1.4731811378059
djam1255	-0.254912516011162	1.29204942724144	-2.8985918677891	2.23072479115624
djee1236	-0.290591229591893	1.31474299295496	-3.02180381150161	2.27090525282236
djin1251	-0.137796550407078	1.3271692264243	-2.91428817468702	2.49889377851491
dobe1238	-0.0202978611323389	1.28054352060416	-2.69916740844016	2.55810754976452
dobu1241	-0.745148927917216	1.21572179670917	-3.37914370944834	1.45210860392796
doro1266	-0.906444377688828	1.19110055336122	-3.52377682073965	1.16580744893091
drun1238	0.622874436670034	1.16633083300056	-1.52239365406353	3.13979831052966
dual1243	-0.708204593721589	1.25694809948135	-3.42191819966895	1.58223141560786
dumi1241	-0.0522053123813104	0.843924543047524	-1.79620828260091	1.61247190352953
dutc1256	-0.104623419050311	1.31907039743932	-2.91191495644491	2.50729340397349
dyul1238	1.6186166803852	1.16462428654542	-0.407413392230275	4.143902331767
dzao1238	-0.225381562407904	1.31565779216933	-3.01092319493406	2.4050488110885
dzon1239	0.49008929335985	1.03818170880311	-1.49572170122982	2.65326408046397
east2328	0.762087500093	1.16414771042722	-1.3997635562653	3.27832556489927
east2332	-0.226432165635745	1.3075462165144	-2.97562567384175	2.25648104410054
east2443	0.757077711855288	1.03338833799682	-1.17938230083459	2.86472102310697
east2516	1.14740738891137	1.12260618700873	-0.797403309336706	3.59518012723494
east2555	-0.163569526412234	1.28485216254976	-2.90842714686184	2.35301453323194
east2690	-0.112949702144095	1.32225485964595	-2.87938872619066	2.43748870139366
east2773	0.827793058238672	0.886874423831253	-0.833079668564942	2.64144364366841
egaa1242	-0.16843049046342	1.28459017014446	-2.85910796362489	2.3184588709363
eipo1242	-0.248228986473989	1.17251275403301	-2.67152053936057	2.00424338360999
ekar1243	1.23025529474765	1.30299001557664	-0.970478699597532	4.08855434380308
elna1235	-0.369854701667322	1.24469279711701	-3.07791678299027	2.00560421406161
emai1241	-0.42135979198362	1.24378335156842	-3.00350292134658	1.82649822493444
enuu1235	0.0144650486271502	1.03736648325232	-2.03687971360767	2.04198969647746
ersu1241	-0.704070671782058	1.15749954769386	-3.21003038477949	1.35620986806786
erzy1239	-0.0622088645866928	1.32888361304178	-2.8129286409928	2.53487764040584
esto1258	-0.145715174007618	1.32720035809436	-2.95532039322288	2.50077501319781
even1259	-0.203034687854171	1.24639789610617	-2.86576738174405	2.21699286878008
even1260	-0.0767703214514705	1.28195726742943	-2.77039559047813	2.44111715509072
fala1243	0.281113826925312	1.08238271491778	-1.91629489180337	2.38896692440942
fare1241	0.423646181912402	1.18149082621326	-1.90273007799377	2.89823682063743
faro1244	-0.0670469677038898	1.31119361685129	-2.77374582141147	2.53281479930778
fass1245	-0.63793047716579	1.21424243051989	-3.26499454889983	1.53786766683276
fiji1243	-0.154028000865634	1.33023280064488	-2.96302535665601	2.49539920511775
fili1244	-0.190118825786043	1.28020822656391	-2.88656878999328	2.26032530716952
finn1318	-0.114058706587751	1.32337025096062	-2.98343397124544	2.46209221026187
fonn1241	-0.379435136804364	1.22207830971052	-3.04864045413919	1.87660026699826
fore1265	-0.226675767233963	1.28204902223644	-2.94653126768588	2.17705325842633
fuln1247	-0.16604227150243	1.29296460429629	-2.8523110192139	2.29587764389285
furr1244	-0.390716094025832	1.25378930420415	-3.12851263298954	1.99918957404569
futu1245	1.71405675985112	1.31359803763999	-0.475360170394935	4.53972469393043
fuyu1242	-0.645221339743875	1.16382167096688	-3.25081105569316	1.41932004611962
gada1258	2.04394629834099	1.15941055181145	-0.0236010922144803	4.36280223234054
gaga1249	-0.0812056214764267	1.30375855376884	-2.78169389673934	2.48859089945964
gahr1239	-0.336579944011329	1.26097753311716	-3.07291636614368	2.0048895065043
gali1258	-0.0920755839149433	1.34594955603394	-2.82367187130691	2.65114312545645
gali1262	-0.163032616820235	1.28003517267738	-2.81500497095349	2.35975386659673
galo1242	0.342136913698438	1.03117571936008	-1.7169516007549	2.43790184248368
gami1243	-0.15290801794885	1.24698977589627	-2.84194219221348	2.23696992909796
gamo1243	0.103972207543604	1.03709923262356	-1.97157192197784	2.19571658487392
gang1266	0.273652334368795	0.829495493780813	-1.38678768080806	1.86987841667828
gant1244	-0.594485615846299	1.0808695003572	-2.95595082886825	1.35194110370993
gapa1238	-0.804266940955109	1.21621684772133	-3.45769923499343	1.34891437843789
gayo1244	-0.15501705691421	1.27810299951433	-2.9192197279549	2.33749271943152
geba1237	-0.222357558844125	1.21435253891408	-2.83847508821544	2.09129381998933
gebe1237	-0.149815098328238	1.32048510078214	-2.89060275307168	2.36544432317281
geda1237	-0.256994946655972	1.04511653491885	-2.44569642385067	1.73060891055302
gela1263	-0.536401779940533	1.23830249425985	-3.22735150511817	1.79239460670525
ghan1242	-0.349546336570385	1.30777654822059	-3.19577030517695	2.14219565185449
gheg1238	-0.14517325383067	1.34075375519668	-2.9462714345054	2.46669864050497
gilb1244	-0.091816410041905	1.31053456012884	-2.81922526027881	2.4973638392237
gily1242	-0.255524668331819	1.24763257863159	-2.94679708825068	2.14192122028022
glav1244	1.76441889835573	1.16473798149405	-0.234976413860586	4.2522344797439
gogo1265	-0.0886081722767471	1.19502694859361	-2.54205676626827	2.25447693762211
gola1255	1.28023992583404	1.33509356528818	-0.994278488371583	4.26116301528608
guan1266	0.0495389489826257	1.04467277911165	-2.00425259765444	2.15172789519303
guat1253	-0.101602479150943	1.28624769173923	-2.7683502705427	2.43215511871611
gube1234	-0.198129011254334	1.27923620971733	-2.84686150930125	2.32391100196524
gude1246	1.57076807495962	1.19342783034782	-0.44111682862056	4.17795881618036
guhu1244	-0.201425964073118	1.11349425802234	-2.56535610028011	1.92441837843852
guiq1238	-0.509295766289701	1.11296364907703	-2.91351896231425	1.52315138744509
guma1254	-0.737035015413057	1.24002424718924	-3.4825947504839	1.47217920049825
gunw1252	-0.347258718017285	1.2931536534241	-3.10645875180687	2.14852688823214
guny1241	-0.0741863878779786	1.33719258754456	-2.87687811177333	2.60998705242267
guru1271	-0.541871399182897	1.2609814393745	-3.3320484292754	1.80148922597179
gyel1242	-0.366396797052365	1.3121231851077	-3.1858042238613	2.05476106597485
haaa1252	-0.22498872357858	1.26486949563741	-2.91742022762482	2.17823756141235
hadi1240	0.626055399578471	1.02980990373855	-1.29439533932768	2.92775274552572
hadz1240	-0.463656095910995	1.25011168730254	-3.19593669553547	1.86807841232592
haka1240	1.37542937326796	1.14052580749429	-0.591721454697127	3.85540085560449
hala1252	-0.255663964414954	1.27840301040204	-2.93964811753223	2.22044347655711
halh1238	-0.278178669390824	1.26034899011613	-2.99390091931142	2.05771514221681
hali1244	-0.38971140566042	1.27478301528846	-3.16075883653141	2.04796320350023
halk1245	-0.256122250057019	1.28270997587679	-3.00518792801012	2.20526761884425
hame1242	0.181004794280016	1.10703689059163	-2.04594034763386	2.49449522994968
hang1263	-0.69546912612911	1.13118988054525	-3.23721833416028	1.33011004034388
hani1248	-0.325445720546927	1.1192115774161	-2.69572530090489	1.78628718290906
hano1246	0.652179716157356	1.02303743257241	-1.32237787754042	2.73205662988584
haro1237	-0.217830854398061	1.29723567839668	-2.99751128899318	2.31970657164593
haru1245	-0.630683646044984	1.0937774131965	-2.90505778051745	1.3530356683364
hava1248	-0.191282142980781	1.24329349459371	-2.87251260464171	2.20882674225746
heil1246	-0.179958251491487	1.28898683299804	-2.86142380948048	2.33932246532819
hela1238	1.0997455592492	0.930257037043048	-0.543678472633635	3.02740564990619
here1253	-0.142759945911484	1.3113309547131	-2.98732392452411	2.42831359798086
high1276	-0.217351292395942	1.26562690444249	-2.84178834757825	2.21994812957013
hind1269	-0.283604460431923	1.25491507547301	-2.98897943576198	2.1068355702182
hixk1239	-0.0936213376218061	1.32488659426045	-2.88934807020707	2.52087121342115
hoaa1235	-0.257059114633357	1.2354797600515	-2.91221472966577	2.13088557312636
hoav1238	-0.428250372099038	1.24498676826205	-3.16877673452691	1.85816414635736
honi1244	0.167847316334655	1.05021503798968	-1.86585939561772	2.23183657381843
hopi1249	-0.313290531908288	1.19079000022411	-2.82848398947643	1.91452780828627
horp1239	-0.162725554684459	1.05099587034045	-2.3584078985297	1.89481758052428
hote1245	1.17959138378198	1.00978408168973	-0.683707075002015	3.26487113751319
hual1241	-0.213896354342971	1.24547034198257	-2.87988793352185	2.1209473435847
huam1247	-0.149432223588981	1.24499415349401	-2.79255408571517	2.29735958971182
huar1255	0.219742895392145	1.24736997385212	-2.26948962573818	2.80508963204054
huas1242	0.0913488716017278	1.2787867578152	-2.43500623665033	2.62474041036015
huic1243	-0.393875959135869	1.20371843028716	-2.99557322384263	1.8581772804491
hula1244	-0.331801578150058	1.24119841226061	-2.94144942498116	1.95271669698298
huli1244	0.409029866561695	1.16080036928798	-1.86732028344597	2.79773738651626
hung1274	-0.229389868823593	1.29339906745908	-2.99693067428996	2.29209468020421
hung1275	-0.15966676707783	1.30901955666462	-2.96187529939948	2.4334154759573
huuu1240	-0.403670499586914	1.13643827576557	-2.8539094462137	1.7644177266333
iaai1238	0.262152743276794	1.25988613565023	-2.30559535857007	2.78721387526315
iatm1242	-0.65335358420007	1.13958471988292	-3.13083470334812	1.42552532885659
ibal1244	1.69643721647726	1.15666250977428	-0.282117044098709	4.21643254277005
iban1267	2.28982068931732	1.30928194462374	0.0158567253177917	5.05816316412609
ibat1238	1.15615048065783	1.29207364617644	-1.23401094006129	3.9953385478518
icel1247	-0.0559125342339178	1.34854453245086	-2.86551524468669	2.65784259879679
idii1243	-0.519900832098998	1.15749155284251	-3.07060044197872	1.61833220168526
idom1241	-0.464193706171785	1.29919518860474	-3.33205507621433	1.99910027447248
idun1242	-0.80141355429346	1.2191618871166	-3.4797591849122	1.39962036073908
iliu1237	-0.235862609016181	1.31682731094636	-3.01463123314459	2.2416996619084
imba1240	0.281645414054032	1.21461414648687	-2.10984739508707	2.69341094060101
ingr1248	-0.130447509139251	1.37486957124419	-2.99809479201394	2.50069003506584
irar1238	0.0919657167962712	1.256107843932	-2.48061753645043	2.65801049217035
iris1253	-0.110541239818997	1.31031734047747	-2.84778512720302	2.46117649747136
isco1239	0.503763423430583	1.20463682838486	-1.82854801081312	2.99507416526072
isin1239	1.40772013914975	1.09331562387773	-0.533067021885946	3.66851586665452
isth1240	-0.260716536340286	1.24106095426698	-2.91268416999427	2.11939419156145
ital1282	-0.0861757842745697	1.33468764519435	-2.87198587007371	2.52432422807699
iton1250	1.38850036943178	1.40661975664593	-0.979452698533374	4.49670476375891
itza1241	-0.15824103657814	1.2927297384915	-2.84311465065277	2.35602343447815
iwal1237	0.879304324564854	1.00537235169804	-1.01271257513671	2.93416246351804
iyoo1238	0.804510565328512	0.929346477137107	-0.969234151716823	2.74614603349512
jalk1242	1.06957010576962	1.08736832017899	-0.915400569514337	3.36506145577045
jama1261	-0.183249437526236	1.28146144000268	-2.80681232534489	2.28709889869478
jamb1236	-0.0708271715735864	1.30406014306651	-2.71838186280137	2.53259819382691
japh1234	-0.358627571413633	1.06846620205519	-2.66533047272004	1.64104764291359
jara1266	-0.277291808224591	1.28081266615431	-3.00809645976411	2.07846405473214
jina1244	0.755023158335713	1.12396466791187	-1.40162922250819	3.02661627331821
juku1254	-0.504589870687258	1.18320194892392	-3.0299150402285	1.75156214744733
kaba1278	-0.300489626842853	1.26364068656017	-2.97763257303321	2.03055110411614
kach1280	0.636051778936731	1.1434908901275	-1.48916378142923	3.11740050191119
kach1284	0.137802368724964	1.01995989418178	-1.89834983630926	2.2407538285945
kagu1239	-0.360604191770347	1.29748434453421	-3.16099080124744	2.10154978922312
kaik1246	0.547181009263896	1.01869897541353	-1.42494671075913	2.70505710702091
kala1388	-0.366098456090254	1.25737410147524	-3.10969795932566	2.01818620704417
kala1399	-0.271962043949425	1.27063760836854	-2.93137679315752	2.19675986602574
kamb1299	-0.166072897274377	1.31567732895335	-2.91469019442291	2.37005799181588
kamm1249	-0.231684895380081	1.27117408113958	-2.93026221792022	2.19595292423798
kana1291	-0.145334010207852	1.2890743831044	-2.83833970237976	2.40380852390822
kani1286	0.693525332714676	1.043193689261	-1.31500192009853	2.79173990454404
kank1243	1.64479295242918	1.09858795083719	-0.256784034384369	3.91574899180065
kaqc1270	-0.266843257586662	1.2445544560774	-2.93366344386462	2.08453115162898
kara1486	-0.474570883505774	1.21964824268491	-2.99877127300996	1.82309711731106
kara1500	-0.176384998227218	1.25680385862267	-2.78491017061279	2.25664582682558
karb1241	-0.465603475267701	1.08221902866089	-2.86457969681326	1.52513246092697
kare1335	-0.114571436357809	1.35708964655242	-3.04918777759259	2.55204421980581
kari1311	-0.00859789279015702	1.33534878694404	-2.76987381789467	2.70395424723575
karn1252	0.421169570708867	1.10736718973131	-1.8322693524419	2.60963938373117
karo1304	-0.168094132018949	1.30323828022041	-2.89037668632127	2.39861382954147
kash1277	0.266829463695465	1.3041123871226	-2.32898127104055	2.98368333009097
katb1237	2.15667973532084	1.01217109340644	0.21454575168684	4.21279103694441
kats1235	-0.37551574121189	1.13126718988187	-2.75228305176875	1.82150230077626
kava1241	1.26888769466375	1.27585919758202	-0.987840991265796	3.97322412960292
kaya1315	-0.259957903976074	1.22322106663955	-2.85194639382214	2.0584735094953
keap1239	-0.779667907072303	1.25962319722119	-3.53579382998902	1.44891380353385
kele1258	-0.377136794842338	1.19958289373479	-2.95350264475354	1.89853067629443
kele1259	1.57902846701445	1.04441196604711	-0.275727768194157	3.72445042483902
kemb1249	-0.181461504381655	1.28136544573051	-2.92340422703867	2.41137650950112
keme1240	-0.48823201754249	1.08010021185293	-2.80343139030388	1.51318852679854
kenu1236	-0.354357290218268	1.22727949901399	-2.96188011448619	2.00099024455893
keoo1238	-0.187542685583399	1.32481139859485	-2.97344294894905	2.35885815107975
kera1255	1.19691138147369	1.15629592446818	-0.941104985001744	3.60493371837074
kesa1244	0.0835471980548189	1.0125590013992	-2.02581728703632	2.04456138792806
kett1243	0.949861871759878	1.30357003598472	-1.31967588523992	3.85463921791588
khal1275	-0.419122163138983	0.900242501338662	-2.26533518720486	1.28320685645576
kham1282	0.982460803631476	1.23717878086587	-1.16199349774829	3.73683222564402
khan1274	-0.339743304296706	1.27651318490111	-2.99686409251062	2.13925120543405
khan1277	0.281400727107423	0.915254476517793	-1.51266091183892	2.14518195524473
khan1278	-0.562679798028585	1.22677806090476	-3.23705561175051	1.66655254475515
khas1269	-0.376756841947708	1.27029311723075	-3.09598953230516	1.99712936734604
khez1235	0.327176226997766	0.920382663520291	-1.45668118114703	2.19253823886848
khmu1256	-0.200583440746577	1.25841982504546	-2.75281103907749	2.23320628295175
kich1262	-0.283286514740829	1.24849597841982	-2.88710711727113	2.12805251705742
kile1243	-0.321700240199333	1.26684239572481	-3.04860400935318	2.07048022645377
kili1267	-0.560558813037051	1.29529799825229	-3.36208193983109	1.80658791610841
kimm1245	-0.333555909795709	1.26753565392045	-3.09076198012792	2.05051570225331
kiow1266	-0.33874937085433	1.27328234446207	-3.08464381919353	2.0588810044079
koda1255	1.25407225852335	1.30414877200716	-0.969868917385693	4.1354528259736
koho1244	-0.205746077028032	1.27298446692474	-2.85411773840938	2.28229600733125
koir1240	0.00880955242931318	0.93283610281945	-1.87609152192601	1.8285885246056
koka1244	-0.158371450730501	1.28945294481624	-2.79477330357064	2.40078768254073
koko1269	-0.456193752972027	1.26543454771333	-3.16474782956271	1.93622874689592
kola1285	0.104300405163662	1.27336826633303	-2.54715141907687	2.60741711209335
kolb1240	0.364928103246929	1.21903928868139	-2.09220986022354	2.88387206165299
kolc1235	-0.488064960015028	1.27088765305148	-3.31167543211485	1.91029322774798
komb1274	-0.1806612482679	1.16617004748312	-2.64143973585555	2.11540049239237
komc1235	-0.688289030097107	1.05968604032314	-3.00949218573409	1.21554075268794
kona1242	0.774728185430139	1.13647872658106	-1.32543335581458	3.16774723784853
koon1245	-0.376972649742245	1.28596501812507	-3.20566553337137	2.02958314466901
koor1239	0.455269941106045	1.08648517970957	-1.55376935219204	2.77009795862021
kore1280	1.00736836105951	1.29497049099828	-1.29970874461479	3.89904200980239
koro1298	1.12730241341664	1.25438290139804	-1.1083240348481	3.77482729115417
kosa1249	-0.117875226859935	1.1694421743027	-2.43991302757799	2.18044543664787
kosr1238	-0.101389991408857	1.31376403021268	-2.86168890526507	2.43570753516763
kove1237	-0.397913583410278	1.23433440928568	-3.03905890715051	1.90660273877299
kuan1247	1.30619691906606	1.33879987504374	-0.907416680786698	4.24635173511911
kuan1248	-0.535576998347082	1.24338230068764	-3.23198981179526	1.81796422034961
kuku1273	-0.164020359802947	1.2922392537628	-2.79388864287865	2.41359118090741
kulo1237	0.973345697295687	1.19417411652701	-1.18391273591028	3.53203826871008
kulu1253	-0.453871195404739	0.90594450631745	-2.32032598204917	1.23467770449659
kuma1276	0.346226718483424	1.17822535940003	-2.01935656298447	2.72669193695289
kuma1280	0.066567729226356	1.03935419325065	-2.06006747106619	2.10747483157655
kumb1268	-0.15921684808727	1.29508603626391	-2.87243540226691	2.40728596981607
kunb1251	-0.315183254164002	1.29053964736821	-3.02331855085872	2.14272985466517
kuot1243	-0.545818100014101	1.22904421473084	-3.3065939940307	1.74986651619156
kurr1243	-0.139788839136625	1.30390136158845	-2.85481605213434	2.41447380265024
kusa1251	-0.424364935933865	1.23451636276841	-3.15964581836357	1.86481729298836
kusu1250	0.123223256324336	1.06529990783842	-2.01815827363731	2.26253579192776
kuvi1243	-0.336578237088776	1.21585632945075	-2.90343514176636	1.98858291583347
kuyy1240	-0.221629965901876	1.29152072104755	-2.90183122531621	2.2430365652712
kwai1243	-0.490774561374891	1.23147970329543	-3.19881510318904	1.76098535156542
kwam1249	-0.017021281633047	1.27240522865465	-2.56569221187441	2.54243623550471
kwam1252	1.40488054003223	1.1191799001548	-0.565402699913731	3.77602655368518
kwar1239	-0.501265748077947	1.22107007127622	-3.15933918846008	1.74546233117457
kwin1241	-0.0928501070318544	1.35986054021812	-2.91242960622859	2.53576615162916
kwom1262	-0.573034415510466	1.10816740601487	-2.95577691549253	1.43130340643915
kxoe1243	-0.158674897575727	1.28193498697225	-2.77664674458066	2.31816117060154
kyer1238	1.07309217684554	0.947228399281002	-0.61991516155991	3.10074705727104
lagw1237	0.628949424500871	1.13516992726946	-1.59184584153418	2.91471358540736
lahu1253	0.0687006895884967	1.05933400480762	-2.09327647969354	2.24925168080504
lala1268	-0.545150091666365	1.17560585351212	-3.13514521370072	1.61941784667458
lama1277	-0.211774050893122	1.28882563428685	-2.90041356833239	2.27995668435861
lamk1238	0.556983834427001	0.876857134307766	-1.12132126781607	2.33399911612974
lamo1244	-0.346401649811248	1.22761471734388	-3.05894158687791	1.98914241877237
land1256	-0.215329498587219	1.28332687140504	-2.83148274686479	2.28272033325032
lash1243	-0.439355998816332	1.07103500690491	-2.67716242266842	1.57992109215633
latv1249	-0.122733664055165	1.3346538690255	-2.8618327315978	2.48575339800691
lega1250	-0.173357949119517	1.25919332412124	-2.88951997780777	2.20275883061584
lele1270	-0.371819672961827	1.20124987596919	-2.9698539054594	1.93459289584923
lemb1266	-0.541808572916615	1.16330503612739	-2.99918915930684	1.6940626800101
leme1238	-0.162523104299471	1.20544723653874	-2.69910720496941	2.11009464992831
lena1238	1.17350092553685	1.06601282425623	-0.715572495470608	3.41008276354891
lepc1244	0.268277569036218	1.00165110899542	-1.69305830976584	2.30511159981893
leti1246	-0.217470854639657	1.28215144754536	-2.84587395490092	2.26619202446779
lewo1242	0.382546238081725	1.00757347912903	-1.63403640654344	2.37868940827423
lewo1244	-0.21091338059728	1.28676609615783	-2.88254519668846	2.30039707306277
lezg1247	-0.189261621558946	1.24875219936349	-2.79362946990594	2.23418296739929
lihi1237	-0.474791927393282	1.25295020796882	-3.1630043211963	1.91031846236468
lill1248	-0.296151656665835	1.31338147579418	-3.03722949079839	2.20696368440808
limb1266	-0.332257843367067	0.927083378856478	-2.22853635755291	1.42255568143332
ling1265	2.20268771344679	1.02386573819373	0.240208539387274	4.27605968316123
lipo1242	-0.916462629510442	1.16992196805226	-3.42916194132925	1.16331279053728
lish1245	-0.293515912277739	1.23288436274489	-2.95597528717856	2.04310200037431
lisu1250	-0.328501667568641	1.09103610124075	-2.56080342571899	1.73425270520509
lith1251	-0.114582307619488	1.29737687125598	-2.83387896469035	2.38490132896412
litz1237	2.310618372985	1.0657609808399	0.274611866252264	4.50368298500177
livv1243	-0.100290933173638	1.34364652465781	-2.9350966233905	2.4850948830804
loka1252	-0.597315853305591	1.29402564055194	-3.35714317707674	1.81090969423219
lolo1259	-0.928896212838526	1.16350930221774	-3.47477154598479	1.09656517124208
lomb1257	-0.121668498900766	1.3428141560694	-2.95483732433502	2.49035666631379
long1395	-0.430801695950685	1.25232249102252	-3.08301246412311	1.97904011074343
loni1238	-0.3656139212961	1.2193352990692	-2.96776399378236	1.93085490199729
lote1237	-0.364322909811967	1.30475461554144	-3.17466658461094	2.10522062578649
louu1245	-0.377103437474511	1.20139343614018	-2.91348300538434	1.84568506621579
luan1263	-0.197031315409062	1.26575433095764	-2.87055216843138	2.24987235389589
lubu1243	2.11000663618695	1.22666855055731	-0.0765411614720396	4.72988775353329
ludi1246	-0.124170973181003	1.31389824384951	-2.8412973337098	2.4274566847558
lule1254	-0.147842581703801	1.34626986331225	-2.91300789808455	2.46018238093033
lumu1239	-0.166343834492025	1.29305143366844	-2.91637988509128	2.38078218427035
luok1236	-0.224975258874392	1.26243801027096	-2.78971241612778	2.20877737398983
lush1249	1.27513713427067	1.13295000065452	-0.659731379932427	3.73621369587767
lush1252	-0.222623917693306	1.3090309188743	-2.95736864816534	2.30989836716111
lusi1240	-0.33830203390027	1.19807792842218	-2.94583240215698	1.88073236292188
luva1239	1.22461328974852	1.33413900932948	-1.07431866484869	4.15397311483552
luya1241	0.162200900949211	1.25776989758171	-2.43025512519201	2.7332049646014
maan1238	-0.0804364848703388	1.31498070864099	-2.82525834449445	2.536791918632
mace1250	-0.165037579857187	1.31764771841024	-2.909072730529	2.41631159098198
macu1260	-0.244462004933492	1.25671197462559	-2.94335065869381	2.13029352446648
mada1285	-0.578836591347809	1.21467722169476	-3.14094301204722	1.66695369672807
madi1260	-0.302483759947792	1.27410083214262	-3.06330926635716	2.14815864867552
madn1237	-0.448709169882193	1.25010450167106	-3.08402673351181	1.85536153726747
maee1241	2.22306703151882	1.05461270075835	0.194317558628625	4.37009319472706
magd1235	-0.483859794005095	1.24271988789988	-3.19323880487834	1.83826925021351
maib1239	0.628724073436856	1.2446530135807	-1.69757890749086	3.23988278685606
mail1248	-0.662214981092381	1.26309959345879	-3.39137811199584	1.66893458185513
mais1250	-0.833164625480896	1.22832623273409	-3.4444439727623	1.36227305896766
mait1250	0.0485710243350123	1.10485613175336	-2.1921382408671	2.22559463100398
maja1242	-0.444951378377412	1.2316795749114	-3.13482981968918	1.81229020113515
maka1304	-0.460383212588967	1.25074697837906	-3.1745028896099	1.86922616909043
makc1235	-0.173007338279058	1.32996791802412	-2.96989086269224	2.44129644634719
makh1264	1.30372118263029	1.32443069388868	-1.01734355509417	4.17712640263687
mala1464	1.03755378101029	1.34024912629199	-1.32235848639744	4.038717781293
male1284	-0.113951599041359	1.04072433495809	-2.26835090882634	1.95041015867466
male1289	-0.0471948075804991	1.15387611762028	-2.57089705435521	2.15096554723403
male1297	-0.280255882068551	1.26382112693917	-2.9629742031731	2.06200250982971
mali1285	-0.395977646814171	1.23866859451612	-3.05865274485544	1.90960519791497
malo1243	1.57693777668263	0.968979912186861	-0.169562531182559	3.61039766427234
mama1275	-0.205969341855584	1.30448348749554	-2.93155163415248	2.39366608767251
mamb1294	1.53650386672445	1.19351158331385	-0.505912648378056	4.08593633168179
mamm1241	-0.30663744784103	1.26344902596032	-2.96291409326476	2.09354776866693
mana1288	0.405236960125441	0.938523180171854	-1.45141691612357	2.30061570259585
mana1295	-0.763844627799022	1.23296978945595	-3.4647552370235	1.41818107554656
mana1298	-0.564916561673232	1.11411744194683	-2.98247072970424	1.49372050381604
mand1415	-0.134521686222361	1.27089185092306	-2.82082014427967	2.29261056115845
mand1440	-0.499354957199052	1.24774595557902	-3.18677625475388	1.86651655533332
mang1378	-0.447351601468113	1.21847572308424	-3.04558266838113	1.87921496306479
mang1401	-0.0897783267541612	1.30011842477874	-2.79107425209444	2.39968960067206
mang1403	-0.381014048998865	1.28693428157995	-3.10294195583086	2.08815584578656
mans1262	-0.264415104077613	1.28704721138356	-2.91007157054889	2.27714050543516
maor1246	-0.078721317882587	1.28132261535943	-2.7529939082858	2.42557688037405
mapo1242	1.59965519135162	1.07678049962791	-0.275933960813451	3.87984326936312
mapu1245	-0.0793919890471809	1.28865940291876	-2.73923211311784	2.4383020672544
mara1378	-0.114176017248922	1.23125597294186	-2.76370235887541	2.27602977609601
mara1386	-0.408596835132688	1.24487785868601	-3.09209335706854	1.91124356045897
mara1399	2.31109580724092	1.07419421855524	0.243242132141493	4.50838983471911
marg1265	1.10471251917934	1.13081479212128	-0.961865686339632	3.44264730059675
mari1416	0.555581081217527	0.823767324315712	-1.04619760023868	2.2100714733222
mari1440	0.383086122928951	1.18483761088561	-1.99015961904016	2.79411055947197
mars1254	-0.089406173912045	1.30864491454618	-2.8539838263969	2.53435084101856
mart1255	-0.133630612061627	1.28249110539063	-2.82907506860437	2.29995734196021
maru1249	-0.847018940076437	1.21723255335363	-3.56609880681367	1.30540412918679
masa1322	1.31094258100916	1.22835307171086	-0.837788415365566	3.96741688202413
masb1238	-0.181280318303271	1.27371457713605	-2.80370121822806	2.27530457519332
mask1242	1.22005847688142	0.871625207510082	-0.40031245116816	2.99025177141457
mati1250	-0.342696015739085	1.24733390213045	-3.02709690756224	2.08660123169054
mato1252	1.83313593848163	1.05799243340191	-0.0432217797839165	4.07518635072042
mats1244	0.00802796447651698	1.29946958185687	-2.70175883591694	2.63337296474958
matu1259	-0.254839897304448	1.25203515727622	-2.90050000936282	2.14565623763238
matu1261	-0.412803805225484	1.10717349444529	-2.85818080009713	1.66206475195855
maun1240	-0.30014841543664	1.27666970227015	-3.01029282463516	2.16037014611854
mayo1261	-0.096868810180125	1.24628930901468	-2.71492519994866	2.38178371214002
mayo1264	0.993520841208686	1.2584403578131	-1.2677157463082	3.72163781358811
mbol1247	1.2951443791431	1.31943045061836	-1.00197961193828	4.15804261402118
mbul1263	0.274111853801016	1.12458381283615	-2.03127382475028	2.49115224557609
mehe1243	-0.707340037926567	1.1360571250699	-3.20781898490646	1.34287954679164
meke1243	-0.13159365959187	1.07940700391263	-2.40274995075564	1.91559194421988
melp1238	-0.066450464141939	1.0624812691241	-2.2278743609785	2.00748028667792
mere1242	0.832487440258082	1.01843992184448	-1.08257102363876	2.89492981495967
meta1238	-0.81999431149368	1.17959309780633	-3.32000161634686	1.34250367800436
mezo1235	-0.227712199545422	1.25964655831304	-2.93203709842233	2.22674064899638
mezq1235	-0.139764883123629	1.28634131951211	-2.85206694222351	2.28731306984126
mich1245	-0.193980308097145	1.31672105657036	-2.96672012738252	2.41996357300166
miju1243	-0.0690931546013251	1.09752537260642	-2.27198707687431	2.1067398144539
mikm1235	-0.0843633375935221	1.31874732265084	-2.74555814242392	2.46057947344146
mila1245	0.723669693011321	1.11411998206388	-1.32634885974571	3.06791029325809
mina1276	1.42281998970005	1.06365048174226	-0.462848052141332	3.66932845782566
mini1251	-0.536258157289287	1.25234237904271	-3.25428951408592	1.81295587751164
minn1241	0.03336999137624	1.27008829482415	-2.56217284870477	2.48554100778957
misi1243	-0.380001162291171	1.21918112215746	-2.95840814484073	1.94813748770956
mixt1426	-0.475626647538473	1.305212731367	-3.33985375939371	1.9300145553632
miya1259	1.04415997874189	1.26566899962542	-1.22921762553557	3.82797109991362
miya1266	-0.541442120561334	1.25028729400241	-3.21968022411384	1.71958252480434
mlab1235	-0.292920031177012	1.31137769260123	-3.04133071243269	2.24035163416097
moco1246	-0.094123522466884	1.32330060587798	-2.82809209693094	2.48175184418307
mode1248	-0.0819770474945083	1.30993219195089	-2.86060739478136	2.55211301880677
moki1238	-0.139862113204963	1.29091406050163	-2.90318321626159	2.32817267655513
mokl1243	-0.108938844804126	1.30517220798278	-2.7937230844872	2.47530955889682
mokp1239	-0.681865969422452	1.30977728960695	-3.44203715752243	1.7226506461125
moks1248	-0.0872843156328714	1.33444667275607	-2.84700422031783	2.54413256365984
mose1249	-0.135888173848505	1.31362926878502	-2.85913315959252	2.41073581406677
motl1237	-0.178130444842634	1.21220052202056	-2.72501006879056	2.16948287298581
motu1246	-0.803989740574688	1.22864176951959	-3.52949828952418	1.37840371009845
mouk1239	-0.332438922517621	1.21147107676244	-3.00071266847477	1.96275738265085
moun1252	-0.788824668861931	1.19137538357253	-3.32875495958914	1.29197326072161
movi1243	0.274375517595144	1.29020052807818	-2.25038778103949	2.93785335454996
moyo1238	0.283005261243331	0.850254014933939	-1.43397196234425	1.98078509466958
mpad1242	0.324310052108254	1.16458357951357	-1.97592634447523	2.66305243138056
mpii1239	-0.40233593750357	1.22804199535858	-3.06544898504454	1.88400579188257
mpot1240	-0.266419634532603	1.24840616334069	-2.87518698633679	2.10567004253808
mpur1239	0.654817454092003	1.2234209424812	-1.65234058891759	3.2867020427174
mual1241	-0.154977730547607	1.31776206432806	-2.93901152443315	2.46498963943616
mudu1242	-0.326779374072499	1.28947995118151	-3.06398586632219	2.15246871455492
mull1237	-0.430328752823074	1.2739460091358	-3.18421762459792	1.93098869665216
munc1235	0.980063622161542	1.12539445369671	-0.960404153197394	3.47184838244139
mund1325	1.24253060627466	1.09724995769513	-0.733464221075379	3.55780951980096
mund1328	-0.655781272282334	1.08027094188886	-3.02588913674903	1.25755579349808
mund1330	-0.179801721625782	1.29891392522713	-2.92354513384792	2.3398869239909
murl1244	-0.313602423244462	1.26934935390318	-3.01978901156226	2.15664795422688
muru1266	-0.0825352530089586	1.33559287428315	-2.82183842066072	2.63258425496042
muru1274	-0.0875083579702177	1.2651203726768	-2.70512356049973	2.38430302708142
musa1266	-0.48283238221997	1.08074386797182	-2.82691255747725	1.45646995437968
muyu1244	-0.329069107070817	1.3343396463811	-3.08161146027692	2.22976118163159
mwag1236	-0.55626152011919	1.29561749051529	-3.29855454986354	1.85030350099699
mwan1247	-0.0448619202713802	1.26686617957409	-2.7112756086195	2.39031147309877
nali1244	-0.512834316464125	1.21560025891687	-3.12958734640288	1.73591412870903
nama1268	0.216216140323158	1.1160998857511	-2.09746087411281	2.38045614977207
namb1293	-0.583698355103769	1.16922776449195	-3.14661240411226	1.50783927042073
namu1246	-0.740054244093979	1.07731432316716	-3.04916922601868	1.17075957545048
nana1257	-0.340721888009753	1.22303333377192	-2.95950849320991	1.97537415116437
nang1262	-0.238529231404367	1.30662694735067	-3.03531525449844	2.33289874303986
naru1238	-0.147572747305741	1.28649624215222	-2.90326108162972	2.36476946391614
naue1237	-0.23815025242253	1.3087423033418	-3.03014160102613	2.29581256912384
naur1243	-0.0846573148312967	1.32225262249222	-2.81810226554368	2.51628428145835
nava1243	-0.403708372919473	1.2063163621438	-2.96395315107347	1.88706838035142
nawu1242	0.188769143709404	1.23152218939109	-2.30327380287885	2.65609761524038
naxi1245	-0.255043287528684	1.09512813026996	-2.49234020014078	1.82435693334945
ncan1245	-0.49688355419375	1.05727384469568	-2.76961287293749	1.46791694192068
ndam1239	-0.332595622840747	1.24445628824111	-2.99615729389152	2.00695331481492
nege1240	-0.208246241900544	1.29471843127127	-2.94257753813556	2.22261698920162
neha1247	-0.344553657223139	1.29376706565845	-3.06067764990438	2.12118806783266
nend1239	-0.739031061470464	1.09711436132096	-3.12275525645491	1.17773726311423
nene1249	-0.218437646280151	1.2487127469699	-2.84670117877283	2.180966497327
neng1238	0.114957136402808	1.25527097178632	-2.41767832316909	2.56275419657603
nenn1238	-0.565556130120998	1.1588360756177	-3.10788710223974	1.49365585543559
nepa1254	1.31389969662972	0.942815657103839	-0.398366592188078	3.28217574464734
nese1235	2.12165861438834	1.03700568233411	0.141194669717168	4.24471019838242
newa1246	1.37086014817848	0.982555950411394	-0.374103368849785	3.47077191510702
nezp1238	-0.173693574698633	1.32447762108088	-2.89607293704951	2.40068136916409
ngal1292	-0.337085960905638	1.27704670154557	-3.02669105527161	2.12069114437287
ngan1291	-0.238339812318443	1.3122743504972	-3.05025068465113	2.28896405862145
ngar1284	-0.1023170390086	1.33312073287008	-2.82811423110044	2.56846827401611
ngas1240	-0.570796132370119	1.26678220698732	-3.29260053465815	1.81678930037105
ngba1284	-0.21130353596846	1.26125400718312	-2.82267469858376	2.21312473885104
ngeq1245	-0.25735367952895	1.24857151253327	-2.79082162618279	2.14513836694206
ngit1239	0.925964978160459	1.28295662971222	-1.3346178999683	3.70952904473986
nhan1238	-0.0432231214835787	1.35138132407484	-2.82880652481623	2.65644543214781
nhen1239	-0.162453732163285	1.32304937198596	-2.8731680326047	2.45047371814532
nisg1240	-0.115243003346784	1.30220315880555	-2.78468166826113	2.46198353175417
niua1240	-0.0578271169487254	1.29040519949246	-2.63725046082176	2.53341381275441
niue1239	-0.0794702936142274	1.3180912938102	-2.77350559896351	2.50856605165465
niva1238	-0.107370728057362	1.25294387323334	-2.78624254951346	2.37092620343082
njan1240	0.55004988908967	1.23057393115798	-1.73153185839363	3.2102949934442
nkon1248	-0.30525812708599	1.21245438197924	-2.92242204676983	1.95553418666607
noct1238	0.821925397805711	1.02719511077211	-1.06614554662207	2.93773212289528
noku1237	0.388609340967957	1.1137421941482	-1.86373859649689	2.55604617507298
noon1242	-0.227640501610974	1.29905816394734	-2.98540864319808	2.32073158695619
noon1243	-0.488843628366413	1.05658705198979	-2.72565273800178	1.51845321858311
nopa1235	-0.478138227935329	1.27276785833248	-3.31285683661551	1.91474419278509
nort2684	-0.208998699723668	1.30286875378086	-2.94161589912311	2.26344935696121
nort2690	1.16980691536958	1.29874638489097	-1.1467744346004	3.99635821238144
nort2722	-0.700678124441072	1.12296096463439	-3.14916863775886	1.3080127300923
nort2723	-0.434543846952599	1.03841209654714	-2.63158188962318	1.53560648787373
nort2732	-0.439007079677324	1.19373053969439	-3.06240588575978	1.76985448847312
nort2745	-0.268172937086265	1.24993084331713	-2.89856639376155	2.08068436129141
nort2747	-0.212376190789007	1.32232947760573	-2.99885099256306	2.41325772825377
nort2839	0.834051669137817	0.908882155658182	-0.865594564617422	2.69019708794615
nort2845	-0.082921789696762	1.29734906073598	-2.77506745453596	2.4649379994511
nort2847	1.15738217299263	1.06395870828807	-0.757279218604066	3.37434074091868
nort2885	-0.224483429494904	1.33817314296425	-2.97701822526958	2.41137978951733
nort2930	1.4431807260678	1.19820971967069	-0.590505891504867	3.99671551128455
nort2938	0.349183147131155	1.15700567127898	-2.01476148559933	2.65551883308152
nort2942	1.08964236906512	1.29885512895528	-1.14717257494725	3.91751487380469
nort2951	-0.452155389155905	1.278044250651	-3.21844942162312	1.87776346315431
nort2954	-0.485396475297323	1.23292951874244	-3.13966230843208	1.78776214969559
nort2959	0.123836359170482	1.26330321259451	-2.39948970003311	2.67811767613988
nort2961	-0.0884993591652011	1.30990338222112	-2.84921118414312	2.45774563532225
nort3047	1.32723340312171	1.07098190298154	-0.595475766296043	3.55673560001514
nots1237	-0.548508951583421	1.21016952273315	-3.29819682295717	1.69118569542202
nucl1235	1.37292613643906	1.43151768000335	-1.0065931373782	4.65990755239046
nucl1301	-0.272906819145865	1.22400078235233	-2.82772227228353	2.0438863042411
nucl1302	-0.0840818601193255	1.20498371189784	-2.57834261802182	2.29507449828999
nucl1305	1.09184610673051	1.2885851769867	-1.10984440641341	3.99960377871547
nucl1310	0.82746933217119	1.01795737665387	-1.06012512198325	2.98643953630828
nucl1417	-0.542348527567186	1.22108903950912	-3.23193109055035	1.71495644994319
nucl1593	-0.620176329868862	1.15274778427177	-3.1276198708306	1.45716503170304
nucl1622	-0.37616717818917	1.28487381510051	-3.14994027169267	2.0450672670818
nucl1630	-0.901283886186629	1.19602839725806	-3.53070918179638	1.16690896671781
nucl1643	0.913210740188249	1.26585245495496	-1.31471644396886	3.6871494184886
nuer1246	-0.237300396673314	1.30938604452599	-3.01019764955866	2.26023317533198
nugu1242	-0.708745790631841	1.14513215469053	-3.20286196378137	1.39103672782945
nukn1238	1.84691985952606	1.05627733103951	-0.00737918754683277	4.03779631613502
nuku1260	-0.0806391694137482	1.31772008586759	-2.79637907964327	2.49097470640815
nupe1254	-0.467926734381732	1.28864034719018	-3.25409068266933	1.94640509799591
nuuc1236	-0.196939896718824	1.36252532049105	-3.05880960183081	2.4626176573718
nyah1249	-0.271501151998365	1.27605030125875	-2.95445882129503	2.13848897149635
nyah1250	-0.193443075575988	1.29647271370045	-2.99488286461525	2.28506191495467
nyal1254	0.0913711173784843	1.27015778666661	-2.46866358773722	2.6125567669173
nyan1307	-0.0420018444845634	1.22979125288257	-2.58546500937044	2.34887343526005
nyat1246	-0.424448987453903	1.22901837851061	-3.02481521305147	1.93931912811855
nyor1246	0.125855080878093	1.21865782081881	-2.36164695992843	2.52403099436783
obok1239	0.464835992025513	1.16699005067235	-1.81917408543936	2.89085876065167
occi1239	-0.0463244205711188	1.32581040726784	-2.84219985704707	2.62585727316191
okan1243	-0.222844096949002	1.32143940392281	-2.99945984026532	2.33585881474326
okin1246	-0.00455890189520986	1.18694955863487	-2.42091581535251	2.3600148516814
oksa1245	0.767591569178817	1.16830417688252	-1.36978979746207	3.31473673758728
oloo1241	-0.718834181405161	1.16078788928617	-3.19782033555814	1.38540773586607
olut1240	-0.269258154283872	1.2460703240496	-2.92761006281652	2.06314412890588
onon1246	-0.156004441697685	1.35881056295817	-2.96690263203895	2.44967358523861
oriy1255	1.20125332601015	1.30692797540442	-1.05436136783151	4.04325394394656
orok1265	-0.236170534950893	1.23394263368502	-2.82195118419233	2.1981398689875
orok1267	1.24583494786705	1.16956496814706	-0.777634762190038	3.77958698025302
orow1242	0.350508710219439	1.13569927565184	-1.81098790044568	2.66808962056555
otta1242	-0.0933888661571535	1.3517321902661	-2.9054001684373	2.51715165009882
paam1238	0.583888014047698	0.92222665373043	-1.21568805071466	2.42041174729351
paas1238	1.10395125410557	1.18851090291647	-1.02146985890169	3.63130794346369
paco1243	-0.196109627952873	1.25863547184848	-2.78548282754653	2.32271585196511
pagi1243	-0.24584864883916	1.27149938139477	-2.98165263792902	2.19786992487133
pagu1249	-0.43286103121488	1.2307219114932	-3.09193211007982	1.86602410169501
pahn1237	-0.319655719162079	1.28071391513819	-3.00934329626399	2.09826635718992
pait1244	0.787038978307237	0.919499649411322	-0.914061433288266	2.76195630215195
pana1307	-0.184428350247462	1.31986543347118	-3.00291738849637	2.46714760997397
pang1287	-0.342036536818291	1.24725092497463	-3.02220091462617	2.03786490614069
pang1290	1.57394025562791	1.20420217647252	-0.471835663515214	4.18509167475544
panj1256	-0.263314532598341	1.25245864233652	-2.93386500839888	2.07003662961863
pany1241	-0.0962760670980036	1.29422774706613	-2.8182289456318	2.44029702602369
papa1265	-0.429563033600521	1.21634254612453	-3.07372001195502	1.79617348412622
para1301	-0.373818354035759	1.30636141147787	-3.08018975599808	2.14927656968823
para1302	1.16727597964269	1.14404291688446	-0.805727564279613	3.66717523977915
pate1247	1.51473159666851	1.06362668216118	-0.351491351193401	3.73195968007204
patp1243	-0.535930717364821	1.23306411973503	-3.2311019709176	1.70991227003582
pawn1254	-0.156917604304313	1.28423292702559	-2.80177529374978	2.3443202498034
pela1242	-0.569313677980033	1.08334464231572	-2.92171853020349	1.38909049647574
pemo1248	-0.188091428022203	1.28322116461945	-2.88654516615344	2.28097777012129
pend1242	-0.199897290495923	1.29758043940778	-3.02794887651334	2.212595286055
phai1238	-0.240990880694813	1.31209531366891	-2.98169268176342	2.26310085424941
phom1236	0.809394894857167	0.990271450993384	-1.00043151928075	2.89020717324516
pila1245	-0.0900689787878374	1.29628450483794	-2.83720261181396	2.37889104404536
pile1238	-0.19947155960215	1.31920587198533	-2.99695481796396	2.43420822705096
ping1243	-0.130069836647656	1.32419638117452	-2.91898903414946	2.50468488895917
pite1240	-0.176515215326521	1.32270360065314	-2.97198122056966	2.37683173078994
pohn1238	-0.106538508738934	1.30467365757094	-2.79358684237206	2.45472455616047
poli1260	-0.0913700004798925	1.33573596191204	-2.86356233043981	2.55317241209392
popt1235	-0.340743946359599	1.23394726416592	-2.96585859355262	2.02189165471458
port1283	-0.0929165294308474	1.34430851879096	-2.78573406112699	2.56909771454178
port1285	1.30146656162478	0.875154783768703	-0.286385219658922	3.07200695997679
psik1239	1.44838771839021	1.08541389788607	-0.471329571076038	3.73751436380992
puka1242	-0.102461167936059	1.30707048437765	-2.83627417057841	2.50479545639114
pulu1242	-0.0988469107011661	1.3039283296953	-2.85342248097605	2.44388532289816
puoc1238	-0.281286831573778	1.27398019024547	-2.9594878823386	2.19613164035049
pura1257	1.33733477992407	1.14759797409981	-0.666314891117883	3.80984237128929
pure1242	-0.343351165994275	1.26477428080022	-3.06591544204756	1.96346781272657
puri1258	0.868563345067259	1.22095907182845	-1.2815787528787	3.57675080823361
qima1242	-0.368053568074867	1.20410833724232	-2.92014870696272	1.87517444565982
quer1236	-0.210106363995906	1.27461574190321	-2.83638547277736	2.23614000253668
rabh1238	-0.288862235545498	1.14464357357691	-2.78448062794362	1.84811042939505
raji1240	-0.422234221253497	1.13304351173062	-2.86643875729547	1.70413152037755
rapa1244	-0.0925780005755243	1.3129650664637	-2.83855300868768	2.50520923575903
rapa1245	-0.0663446567852361	1.31838713533709	-2.81115557798922	2.46161133972554
raro1241	-0.0921086225313393	1.28869882883127	-2.71483890761799	2.49511020949063
raut1239	-0.488127564854968	1.1605874835028	-3.0309348451182	1.62575515297614
reja1241	-0.103261399549802	1.34004996599	-2.81881011707595	2.47153546962272
roma1326	-0.105998850390671	1.32821893037539	-2.84200001837784	2.4558982187271
romb1245	-0.138666852180269	1.27789336628645	-2.77662699583869	2.39791669140767
rong1266	-0.209220739102972	0.947482170055419	-2.2530724204447	1.59329217536275
roto1249	-0.433646717673657	1.20351278971651	-3.06471203262773	1.77613086008208
rotu1241	-0.0760953973647879	1.32758226955884	-2.85224739012421	2.57553056446374
rovi1238	-0.427881911026741	1.23478681677277	-3.14923341621279	1.88324949952974
ruch1235	-0.120076583136798	1.31909831306309	-2.86411541010171	2.56412136655547
ruka1240	0.879980157481945	1.20719063002304	-1.45041525028634	3.42557989920771
ruma1248	-0.311817756927666	1.19964148084911	-2.87654822953123	2.03211285221945
russ1263	-0.0327481669201375	1.32286892841754	-2.71634353380217	2.55806271740108
saaa1241	0.704158316351983	0.953861976484169	-1.13653475880385	2.62344025930264
saar1237	0.75079493570897	1.17167517453267	-1.51413608059005	3.15639703531618
sabu1255	-0.187246164209839	1.28634831199331	-2.88702996648882	2.32083407293384
sais1237	1.45160242804597	1.32595297547511	-0.849755203756244	4.25018405603401
saka1289	0.620480356607294	1.0336330310136	-1.39903090067604	2.69175745923544
saka1291	-0.100732039282444	1.25397374987244	-2.70244337854521	2.29819722740772
saki1248	-0.015192820011644	1.26392562031841	-2.60531136385132	2.47815931537908
samo1305	-0.0826794309529421	1.32281729694204	-2.87741378384203	2.49449520689358
sani1269	0.0236332335328788	1.00735431946536	-1.9374395563812	2.03153255416916
sanj1284	-0.523267544213207	1.24750082817167	-3.30846561565252	1.7377792922346
sanm1289	0.0974946193668868	1.22456604670144	-2.42415715016297	2.48605780569923
sanm1295	-0.503124430016021	1.2312529165906	-3.20958676228121	1.72723786148923
sant1436	-0.466823623416874	1.26540532973715	-3.20184761997846	1.89291762364124
sant1451	-0.433991476963951	1.32297090174912	-3.27803191978065	2.07249939780873
sanu1240	-0.195508097475007	1.27953771715683	-2.91665401186614	2.22682745915513
sars1236	-0.308089456973284	1.21129505969503	-2.80996019785983	1.91790653268891
sauk1252	2.0547986359653	1.12083954291724	0.0591029937398716	4.44019400283837
saur1249	0.914244059352488	1.25536410122602	-1.22037628973258	3.72203366739643
savo1255	-0.528648446243126	1.22277255380859	-3.20176112339597	1.76790408231353
seda1262	-0.231979023794504	1.28718151638414	-2.94022144575249	2.30461511265813
seim1238	-0.255653607189014	1.28292149912332	-2.99026179323507	2.24303989001746
seke1241	0.740829550495833	0.965143229025459	-1.1260287757583	2.70404688830796
sela1260	0.27260345471489	1.29034345365066	-2.25213717625884	2.90032542452368
selk1253	-0.202101565888423	1.28401926137143	-2.89451405172338	2.24303319081686
sema1265	-0.175129629331871	1.27194235610131	-2.75421076231702	2.30507069285495
sema1266	-0.207108098696782	1.29434835657403	-2.91724180159737	2.26538408234203
seme1247	-0.190608756211588	1.31135063697426	-2.94139187794139	2.35981793350136
sene1264	-0.208301932918111	1.29431762640601	-2.92919075433013	2.29795872906797
sgaw1245	-0.245797501913141	1.28029327494485	-2.97560068975755	2.17614523309618
shab1252	-0.448526512449124	1.19259677242193	-2.98643109235914	1.77397576939766
sham1280	-0.451371715994162	1.22908450925476	-3.02081142139303	1.80458532889514
shan1283	-0.0182081239034118	1.25977654018875	-2.68792115318857	2.51810442780187
shaw1249	-0.0729511652341063	1.29686725905382	-2.79929826863008	2.46376533899349
ship1254	0.994845470148906	1.24031426834231	-1.25934648214418	3.60608690631863
shix1238	0.331639964855166	1.07497460660932	-1.76969811997981	2.58502179636797
shol1240	0.53460456654118	1.17718696092494	-1.78411389197662	2.99023476662589
shon1251	-0.176782840150589	1.28293320555319	-2.87919255177653	2.26247408220643
shos1248	-0.345861926152887	1.25266703846668	-3.04523861364357	2.02337146563729
shua1257	-0.171915914004468	1.22336407348345	-2.72277239542985	2.15513460455945
shwe1236	-0.487876266204949	1.19101662736433	-3.05307684978341	1.72077816090313
sich1238	-0.737749547019184	1.15432093077342	-3.21158686894638	1.37458048443339
sici1248	-0.0680188826302651	1.30122139436604	-2.71504798881705	2.49165234237498
sici1249	1.16021546437684	1.08310975272994	-0.75412821736856	3.51739360294559
siee1239	0.678529261675022	1.10543580299882	-1.44601596177111	3.00780682839323
sier1250	-0.456168104974626	1.24405291342601	-3.21496296318854	1.83725404280274
sika1261	-0.208297410693728	1.32183221496213	-2.88924740086669	2.40542785409702
siks1238	-0.157556776398407	1.31712557806011	-2.87740633659828	2.42154244638105
sile1255	-0.693118367027991	1.11645077451059	-3.1024075710505	1.2659860125785
sina1266	-0.875460743525859	1.20770170400218	-3.52712601591551	1.24803701138529
sing1264	0.659366672394175	1.03423326525957	-1.30467729856052	2.80354676064739
sioo1240	1.25950854952519	1.04459636192531	-0.607415975479329	3.45188958294828
situ1238	-0.470042097853348	1.06555422535229	-2.77287102756155	1.52672075867213
skol1241	-0.218777302994616	1.27904661873875	-2.92866914325578	2.22913941950228
slov1268	-0.101422958801078	1.27774888876537	-2.70387889456721	2.3969380451635
soch1239	-0.340158142977682	1.26498015013234	-3.00675899795199	2.05131753818961
soga1242	-0.199829303105889	1.25813412282718	-2.79381054042564	2.20967425637176
sons1242	-0.0778274555730073	1.32748146831919	-2.87077644973928	2.50071802851092
sooo1254	-0.24380417517036	1.30190258805659	-2.97821601206645	2.28314138744209
sout1528	-0.111233112381338	1.29909077620247	-2.78132219329543	2.44156493287979
sout2649	-0.195665941304407	1.26939250045707	-2.82994787440029	2.23558778783984
sout2674	-0.238410460967231	1.25824195390177	-2.95743647919981	2.19733436418311
sout2679	-0.15874227172971	1.31345233040797	-2.88132074870118	2.40076653464351
sout2728	-0.68788513285489	1.16044000157846	-3.18716383530698	1.44575515421359
sout2729	-0.209239986632419	1.04504186620945	-2.35317281582432	1.81089588337903
sout2797	1.83048622467868	1.18097691884516	-0.183842138911002	4.37603426433441
sout2807	-0.137476910403614	1.26116640900059	-2.81471300881662	2.357524511236
sout2856	0.168835147928081	1.13616474534715	-2.16999465393528	2.39844077100268
sout2857	1.75306011858181	0.965186369352847	0.00274635636070806	3.71982089778491
sout2859	0.68829365559484	0.907964785682401	-1.06534879701273	2.51565550818594
sout2869	1.31196299115975	1.09519452094969	-0.62836025318612	3.59432170109402
sout2895	-0.0940872132918529	1.3250185748906	-2.80787489635735	2.54354505297191
sout2954	0.686266582501921	1.20727240994197	-1.57396025645362	3.26033072426496
sout2956	0.890892304031988	1.20994216044049	-1.30726097376926	3.50094784273125
sout2959	-0.321787468791857	1.26386859185691	-3.04798645568558	2.02486849220698
sout2976	-0.288522814313537	1.28840022431829	-2.91480547545158	2.23752697171255
sout2985	-0.339142946931337	1.22208486799102	-2.95298724632967	1.95101478270715
sout2994	-0.193848567737004	1.22669628474992	-2.78056637646528	2.11662250221954
sout2996	-0.187815077489418	1.29986080498075	-2.94695058628415	2.30106695036641
stan1289	-0.0586779263454074	1.32519767110564	-2.76083481548941	2.61188902746692
stan1290	-0.0798873298158476	1.33796672698771	-2.90507350141293	2.5285206969718
stan1293	-0.074874368646871	1.30284099298058	-2.75244711124695	2.46541404599756
stan1306	-0.220164214543977	1.30675415830623	-2.97688369635798	2.28773182863254
sude1239	-0.210970281487975	1.28365750790889	-2.91632610261685	2.24000680441839
sumi1235	0.526553460728002	0.921894901251893	-1.19360016652533	2.41069916675816
sunw1242	0.515567965306967	0.838565374259192	-1.10045848969057	2.24040488116479
supy1237	0.278033980145317	1.10773545260511	-1.93230911802417	2.53130772905977
surg1248	-0.226025074300802	1.24985937026782	-2.87887963011822	2.15363754609964
surs1246	-0.488680355271502	1.23049433299759	-3.17412097917117	1.74224859156879
swah1253	-0.321335194942956	1.2967927487698	-3.08769279869423	2.11664804424424
swed1254	-0.0864327629682767	1.35933194921555	-2.93025893990864	2.58523139742014
taba1263	-0.421468496073597	1.2402893137065	-3.07716674977135	1.91067482560027
taga1272	-0.376105452661962	1.27503087710559	-3.17980799183819	2.06553666818351
tahi1242	-0.103629522360911	1.31130057670132	-2.72998723279556	2.48211602739872
taia1239	-0.84863244952704	1.21996000734079	-3.54417974702913	1.36365823548925
taji1246	-0.200462436202721	1.27868328923253	-2.98979529980683	2.17178282935387
taku1257	-0.214063520409092	1.30098451490456	-2.98469276939731	2.322820160269
tali1259	-0.44780570539932	1.23370489754077	-3.11062806381619	1.9533668328361
tama1365	0.838167710091256	1.18706527036169	-1.39340595302453	3.38728528934071
tami1289	-0.24158003940038	1.21712509922578	-2.88754359921194	2.09774110795129
tane1237	-0.271400442773296	1.26679802084418	-2.86959554811349	2.15162328304896
tara1313	0.398448622357498	0.806883613777525	-1.19841433097904	1.98318003238474
tari1263	-0.128597396554845	1.34635221048246	-2.97404934100134	2.48120152269363
tata1255	0.558441493543982	1.16828333512294	-1.65233494527696	3.01242971232598
tata1257	-0.190028239048084	1.32639904535611	-2.95892579341134	2.35682672791306
taul1251	-0.516565756780966	1.24971083257489	-3.26027098785594	1.82631191255139
taus1251	-0.129842833443214	1.31350740147004	-2.89101631271766	2.39501281188034
tbol1240	-0.323080726019749	1.25844313698214	-3.00555691683147	2.01616624855387
tean1237	-0.274656594396373	1.27274625122936	-2.89971718386464	2.17219451388175
tedi1235	1.14061730765494	1.0322726693188	-0.726212869362875	3.37552628739674
tekt1235	-0.328492026013959	1.24161609253667	-2.97157941625134	2.05929644236069
telu1262	0.56484353219093	1.19438408695604	-1.6367724416935	3.06721805119462
temi1246	-0.154341715312302	1.30856210221801	-2.96878956038761	2.42346991121024
tenn1246	-0.264692794441532	1.32718167149661	-3.07177694768404	2.27888121012406
teop1238	-0.416056048475238	1.22282986297552	-3.10020707925312	1.85851945129454
tern1247	-0.357085821209309	1.27096850150752	-3.01716811997924	2.08252399537501
tete1251	-0.136549125725184	1.26346020558852	-2.74727119906578	2.39236186640332
tezo1238	-0.398431565577218	1.27034211607678	-3.09651877234368	1.97929117296125
thad1238	0.767615166520419	0.896352084572306	-0.890394982430853	2.6519574254623
thak1245	0.440927766953558	0.927666387423526	-1.36897461916257	2.31477956998516
than1259	0.433574536902203	1.01422499747341	-1.53206333152108	2.48994913125
thul1246	-0.357473746013069	0.940857783932557	-2.24354449983109	1.44372773034806
tibe1272	1.15142094334001	1.21434420217276	-0.926862933164689	3.90656732772066
tief1244	1.90442092822096	1.22900388579546	-0.151551137641681	4.49537665894409
tiga1245	-0.429303354113476	1.2261540083447	-3.0209670844946	1.89341177972972
tika1246	0.119198899752534	1.15147323507855	-2.13072871140567	2.49606933177323
tiri1258	0.181364943121559	1.14874842691369	-2.13343355395548	2.43770458431842
tiru1241	-0.348901791371733	1.26546573174201	-3.03927031132781	2.0475268452626
tita1241	-0.380760355546447	1.21554696450969	-2.9504178904501	1.9139735232931
toab1237	-0.471895261841088	1.24104819604532	-3.08205964409365	1.85948508597728
toar1246	0.272771205689242	1.08078767807327	-1.91376799696234	2.46772733572883
toba1268	-0.07815955985108	1.26416184104227	-2.68240794116372	2.48576197173167
tobe1252	-0.401732901444617	1.22297152239741	-3.04037260450223	1.85465655367908
toho1245	1.61166493782238	1.39710981155107	-0.674905921009646	4.72166224224408
tojo1241	-0.281735997244984	1.27107637051126	-2.87224039195494	2.14500459336648
toke1240	-0.0877360286272196	1.32938520474495	-2.83744928267143	2.52909191024095
tong1318	-0.160863264537569	1.24434128293824	-2.79348812692005	2.26154438966463
tong1325	-0.0955604073851778	1.33579234088339	-2.91019995335987	2.59484433958321
toor1238	0.295240252062156	1.18966379951543	-2.05081159402236	2.67132441476228
tosk1239	-0.130457831536062	1.34060860079265	-2.97496762388522	2.46576394764466
tote1238	-0.069701164167962	1.25183501698204	-2.69084801984323	2.35661056425023
toto1302	0.816168275581149	1.08346060724819	-1.12926432223951	3.13098641759653
trin1274	-0.0661261830403176	1.32863464502764	-2.81311099627363	2.5667496540967
trio1238	-0.0971381643734804	1.29228930774149	-2.7368259295298	2.36907037094459
trum1247	-0.265749742240251	1.29204206787002	-3.13085139299234	2.15352753398362
tsha1245	0.804011076807998	1.09454344761473	-1.22328559147085	3.15039156757632
tsis1238	-0.542259181899998	1.25968680352202	-3.34423150229127	1.80152468664054
tsix1234	0.807815114697822	1.30119038730947	-1.49942814633007	3.62666003025096
tson1249	-0.170915618886903	1.24249299231656	-2.78177017928302	2.24536625849281
tswa1253	-0.251151284605129	1.25365997827075	-2.90775568242025	2.17935881859019
tuba1278	1.36564002436033	1.38313969407883	-0.971672241396462	4.42242249733622
tugu1245	-0.246628782664082	1.33349516185604	-3.01614569472849	2.41131963220532
tuka1248	-0.100149188826118	1.28158462269716	-2.70664460191542	2.35923918886185
tuki1240	-0.597373871616786	1.15278588772278	-3.09841893974119	1.61248227268582
tula1252	-0.0812902770972605	1.27143962808521	-2.79571595364117	2.39525915700181
tune1261	-0.834172082141994	1.16752387653945	-3.4306214210043	1.2862044301373
tung1290	-0.319408980484252	1.24214769650738	-2.90897203940711	2.15429650965529
tunn1238	-0.407769134629922	1.23249421642477	-3.03495109454715	1.89439279944367
turk1303	-0.105398692855079	1.30187650577125	-2.82575065225161	2.44644775833027
tusc1257	-0.305738260522712	1.26643017243144	-2.97286107479216	2.08314836685055
tutu1241	1.4145712498322	0.960515395312513	-0.343375345092034	3.40597334957625
tuva1244	-0.100413258206124	1.33348333953551	-2.8691946193118	2.50383071719966
tuwa1243	1.53299949359795	1.04314441640864	-0.340710623805782	3.66963796149299
tuwu1238	-0.30556515617281	1.20231365392946	-2.90481286950154	1.93395230197593
udih1248	-0.289625053842275	1.23732052796282	-2.91268515342864	2.04869963286629
ughe1237	-0.404645721130652	1.26467347310024	-3.14130723961381	1.94872410712611
ugon1239	-0.380736524352544	1.23760902493847	-3.03951648744347	1.94153197421074
ulit1238	-0.120051119024245	1.35212297606016	-2.91669051776903	2.53937936702315
umaa1242	-0.00938090905934823	1.33122912660789	-2.75088802621551	2.66837896246146
umbu1258	0.577256345836681	1.06389235816455	-1.37812796196102	2.80617071825345
umes1235	-0.282234738717747	1.23064866346383	-2.81932819683139	2.04291941823484
unua1237	1.95686947187334	0.956532451720646	0.137030936651082	3.88279527044831
uppe1275	0.563314240120232	1.27075963641192	-1.87881983178222	3.26225566673501
urar1246	1.44131432159688	1.39334546883598	-0.946818758551385	4.5650804629791
urav1235	0.548494592014545	1.11801593249009	-1.59808323023659	2.86100591319641
urim1252	-0.74068593921098	1.17344976976571	-3.28501629185955	1.36452962112231
urni1239	-0.391237957553786	1.24787848220768	-3.06003724055048	2.00983881386897
utes1238	-0.338196888564323	1.237851962335	-2.99476451387219	1.95515333872428
vano1237	-0.273244533017425	1.27623436112211	-2.89379722067718	2.1401448377308
veps1250	-0.102319082759108	1.31410900672368	-2.83444734613732	2.50802140137359
vera1241	-0.131620637990551	1.19371217091582	-2.6766896034499	2.11321399711523
vinm1237	2.25785497803917	1.04552598198033	0.268375474975274	4.38862307618626
vunj1238	-0.374851231494863	1.25671852853989	-2.98925559046367	2.03894097126944
vure1239	-0.129180989118546	1.19214394628515	-2.66423268395003	2.1297085624716
vwan1235	-0.306208140159212	1.278180407603	-3.02225118913618	2.14111971870495
wage1238	-0.367301624886934	1.32206663957098	-3.23979545156107	2.20647762877816
waig1244	0.242616029785942	1.30087279754525	-2.36404766858037	2.88676189464213
waim1251	-0.358441545120245	1.16612487613081	-2.87752101229544	1.83646183466688
wala1266	-0.510108418613722	1.2223108366207	-3.20365859833216	1.74077947108391
wall1257	-0.0908268907684318	1.29387538751416	-2.72852048113842	2.45077936065752
wamb1257	0.0142610099012263	0.843114189178164	-1.64213027321917	1.68502629194133
wand1267	0.114897805585703	1.27367925887702	-2.46225332153232	2.62982448958016
wand1278	1.74582212651751	1.20088018996918	-0.274637092220996	4.37217850133178
wara1294	-0.554530998063301	1.22960664864246	-3.28877507217881	1.63465330120267
wara1303	-0.115342522935815	1.328722943601	-2.8727432224412	2.45898918413456
ward1246	-0.239914515951727	1.37568983998178	-3.14077948336155	2.45097874368974
ware1253	0.0707025062694133	1.24745149413903	-2.46310120360551	2.49413225745807
ware1255	-0.134652951419395	1.30297509811577	-2.82865552387383	2.34508591559959
wash1253	-0.459834657141888	1.22324025420959	-3.04461807366539	1.79657946036274
waya1269	-0.118444275560376	1.32371878161444	-2.99756459970403	2.49947053672812
wayu1241	0.598569735914578	0.867100301480427	-1.02103567080042	2.39374951685974
wels1247	-0.113244979818199	1.28080319387454	-2.77274421000035	2.48908874336414
west2354	-0.0873256350108212	1.33667007819358	-2.77578299855659	2.45947451970353
west2369	-0.211431868897584	1.2759026639288	-2.91262273308027	2.19766781606094
west2396	0.0481532988240918	1.2846439984241	-2.54112449970034	2.61291955940336
west2397	-0.234145746664955	1.294803655158	-2.98666325010095	2.29623152239327
west2415	1.32638556632711	0.943645948345496	-0.377589120209542	3.28213726648896
west2418	0.660597171198773	0.988761220669781	-1.19025624735323	2.71866381677266
west2430	-0.324339847174113	1.25773837689438	-2.98660946136155	2.01695752799853
west2516	0.27228905527331	1.26513205165272	-2.29383435737235	2.76790890509184
west2519	-0.1632932385359	1.29990624997911	-2.90535936295649	2.33759625881674
west2557	-0.227841758723814	1.30551011682944	-2.95723357210995	2.29449669494482
west2560	-0.201116992638073	1.32160339868378	-2.97524372122567	2.37920404456897
west2594	1.03305637467292	1.2444252128739	-1.13046995899689	3.72619158270427
west2615	0.956894405750231	1.27544655958196	-1.30699122856227	3.70797543770157
west2635	-0.343250089322117	1.22478945054255	-2.9368772789973	2.00863679957526
west2644	-0.497136737638436	1.25023357944757	-3.2183932698919	1.84181322307023
west2650	-0.194848269701869	1.32336110081638	-2.95907265560352	2.39040680140904
whit1269	1.30699218511834	1.08554272678632	-0.630608712112864	3.61896642105151
wiru1244	1.14913831922791	1.10253945564381	-0.776866044681987	3.49480089480184
woii1237	0.122994136123246	1.26834899663889	-2.38962146580016	2.69323284398386
wola1242	0.110349086449841	0.998163128331094	-1.87078328073271	2.08144177688212
wole1240	-0.0823032647577747	1.30438925502967	-2.90550352517612	2.49775319479505
woli1241	-0.0186402488528329	1.2977231943179	-2.63406653904456	2.6203712089687
wuch1236	-0.122951506738832	1.29753358223058	-2.84783455646005	2.41512918373292
wusa1235	-0.616295678284183	1.18685439229642	-3.12947312794219	1.63951346436065
wutu1241	-0.432769358661738	1.19439815899701	-3.00334324630132	1.82278406020443
xamt1239	-0.290629146175503	1.17688954639538	-2.81747931534983	1.94773031943443
xara1244	0.179404731396087	1.18531696198457	-2.23027672924125	2.47951846550375
xava1240	-0.229122060447531	1.27573856454064	-2.96103182032043	2.10874790678209
xish1235	-0.873889738777906	1.18878388313993	-3.48809551244547	1.18784304620503
yaka1277	-0.230916077353307	1.274868340905	-2.83932350308484	2.19645378658975
yaki1237	-0.150023968885929	1.30451588173167	-2.84395387803568	2.37597496799371
yako1252	-0.271637000542579	1.28162772171854	-3.00350385290889	2.20417868803665
yaku1245	-0.2725319574309	1.26748652243989	-3.0266043002252	2.13385122018388
yale1246	-0.555097775735685	1.15179510601903	-3.0164896332311	1.57830726816249
yami1254	1.55648176624669	1.38637333706927	-0.780224937727543	4.72297475000075
yami1256	-0.287814254515829	1.27178987042988	-3.028191638815	2.10115226706134
yamp1242	-0.0195693180655061	0.892789201593508	-1.79703688279961	1.78443347015904
yano1261	-0.237132266131942	1.27224975586601	-2.98009864346923	2.24115288409652
yape1248	-0.109184750432334	1.28822407335623	-2.79886297454228	2.43346801406821
yaqu1251	1.29729146999547	1.2668530913606	-0.883064327606745	4.10425894193189
yare1248	-0.877760168745265	1.21455875844318	-3.48561874061804	1.27491409014471
yatz1235	-0.476580179854669	1.26155112555822	-3.29083769748094	1.86004137960133
yaul1241	-0.839604856161829	1.16662656509784	-3.43748343835233	1.25376865692079
yaum1237	1.99741595298241	1.09016116251891	0.046776030045547	4.32224480617237
yawu1244	-0.0758001606046443	1.29386473458073	-2.70376654325751	2.41768561651436
yecu1235	1.27083335798721	1.38133134582387	-1.11012286652647	4.345687586022
yems1235	0.671626059367947	1.10300955928514	-1.37002768142248	3.0589755426396
yind1247	-0.153945839349231	1.28126411303338	-2.8249708381826	2.32968747178904
yoga1237	1.41320286146027	1.08726740370742	-0.556166424857966	3.69119462916841
yona1241	1.3020696730496	1.31298335437898	-0.887774016178194	4.25590825351432
yong1280	0.248137561606381	1.15846149107255	-2.09986033622757	2.63769630795237
yora1241	-0.270558685284843	1.26231371035381	-2.90534627232852	2.20841387827797
youl1235	-0.436186400062019	1.1275312879667	-2.84178028518427	1.68117883160262
youn1235	-0.232309670874092	1.36478875683198	-3.08092799997455	2.38694000002436
yuca1254	-0.104112766105466	1.3202261624063	-2.89981296657916	2.55419998990183
yuch1247	1.06580358313156	1.28149744702715	-1.24484119572988	3.82416307164883
yuec1235	-0.254574831708821	1.30342209023494	-2.97340804619433	2.24747760880186
yuqu1240	-0.219999788300851	1.29393913531986	-2.99755504152751	2.27614690365045
yura1255	-0.212167290592467	1.28200768695638	-2.88819040087401	2.29633135875792
zaba1237	-0.408692785661135	1.29362059482368	-3.24942092353625	2.04280015172528
zaca1242	-0.469671875678075	1.27052195744581	-3.22886194496613	1.95257161365274
zaiw1241	-0.671358152742694	1.16296017692158	-3.18402358111839	1.47049664471403
zakh1243	-0.0427110348672097	1.07616492198663	-2.27397201931165	2.07840888505602
zarm1239	-0.163763868692131	1.30764229768955	-2.93738150432393	2.43682783844072
zaye1235	-0.161717777894018	1.18097129586732	-2.67016753933728	2.08867817137552
zays1235	0.0579403719777994	1.01431725638448	-1.94869800934947	2.11423239945785
zoog1238	-0.482565771128699	1.26323488767889	-3.3188941532566	1.84713821263892
zuni1245	-0.116493501267645	1.2095513362742	-2.66606842965195	2.25990807138331
