Estimate	Est.Error	Q2.5	Q97.5
abar1238	-0.442472161516265	1.09841366540165	-2.72668508262954	1.66713219247794
abee1242	0.936704042886794	1.41172775412008	-1.615066511243	3.90818522549363
abkh1244	0.396207147965183	1.52275837311383	-2.48871077812972	3.49475085451644
abua1245	0.47615539769371	1.36587339546729	-2.14663711989044	3.36047900082412
abun1252	-0.776407487139759	1.50380978369713	-3.98750028402742	1.97776286475493
acha1249	0.182808962930313	1.2501111953231	-2.22129716616747	2.62585389957918
achi1257	-0.466010880938223	1.34136212439677	-3.16695993914104	2.03523962493422
achu1248	-0.0946636043480846	1.4355398489074	-2.9719738151262	2.79150693836459
acol1236	-1.14787462891817	1.3929003953008	-4.15056338049956	1.40001665074867
adan1251	-0.194814001385232	1.45154964338071	-3.10732156624731	2.6335523487578
adon1237	-0.652243737468677	1.20125872654392	-3.09584542757204	1.56895618538975
afar1241	0.3958261559426	1.52920564626197	-2.45401002078326	3.73344098572693
agob1244	0.558050963232991	1.50350562473327	-2.21664196685274	3.73563595643575
agua1253	0.343206015594691	1.51708350993335	-2.54124319786621	3.53523354097921
aheu1239	0.534164206003779	1.35441925826077	-1.96131138358081	3.43670174553926
ainu1240	-0.89713190480852	1.61173060920095	-4.33018253300772	2.09319647725733
akei1237	-0.974442046183546	1.00359520353738	-3.0518707438562	0.899000208842205
akha1245	-2.25692304094363	1.29249653920613	-5.0287260492856	0.0130843902072665
akoo1248	-0.784602440074514	1.38676206671164	-3.72591442559635	1.780204242708
alab1237	0.216414165058435	1.52698380889392	-2.70216997713124	3.32263006592967
alab1254	1.13611603046845	1.48931949255267	-1.52031866846766	4.24528447510765
alac1244	-1.78769422793855	1.47409405311984	-4.92486274395066	0.75452384418008
alag1248	0.466750742772811	1.47519501370904	-2.2833384738204	3.62143030675022
aleu1260	0.300529550772305	1.46341649524912	-2.50175462946036	3.3695189192979
amam1246	0.38616012600781	1.27916164514597	-2.03819649864419	3.0060296225686
amdo1237	0.562751479464444	1.4986893554646	-2.25718086017835	3.73681856569867
amha1245	0.576239339362234	1.51446154594661	-2.28831588622401	3.80884885793225
anei1239	0.18920179271546	1.21131426879888	-2.13273528203662	2.62173469316215
anfi1235	-0.723851586342031	1.42867768947883	-3.75563024997116	1.93816654372555
anga1288	1.03719701629579	1.34950217656154	-1.41583480021822	3.87440363957214
anuf1239	-0.949673078525572	1.42736444437583	-4.02208437659599	1.65108615042201
anuu1241	-0.533053723689349	1.25496209882741	-3.15008641772429	1.8955357520231
aona1235	0.857922475059562	1.35861854526681	-1.76915984239625	3.71362342048728
aoua1234	-0.964239826217691	1.49477097702352	-4.16835944996297	1.76597861286988
apat1240	0.127878332195727	1.2202564143967	-2.26317710947448	2.59326512656839
apin1244	-1.12000399487901	1.48991459804876	-4.383733279012	1.51411566856171
apma1240	-1.680593931934	1.14911002992273	-4.14454442032745	0.386810929738368
arak1252	-0.945849348844666	0.931891596205996	-2.86565024987074	0.81714297608449
arao1248	0.362074335497648	1.48456206244957	-2.47612105264256	3.41938453651011
arap1274	0.218514176068996	1.56094973189291	-2.84303308211198	3.48405086295722
arch1244	0.470979185823888	1.58817068395019	-2.52782685779336	3.86737539578783
area1240	0.575386411319314	1.11222089344658	-1.57797129570635	2.91662421701319
argo1244	0.584258078140801	1.51288392559289	-2.22962041525056	3.87290826373642
arhu1242	0.43343760493694	1.46801037854212	-2.32548871929487	3.50692729683153
arom1237	0.947607499547326	1.39529368242115	-1.53191907868295	4.00573310263134
arop1242	-0.182118806648888	1.26756070718399	-2.7622339599837	2.30745387808369
arta1239	-0.781780872252283	1.09045184538561	-2.99918057107334	1.25060223366262
ashe1272	0.398046875320287	1.51039932116793	-2.58762262525671	3.58223718868247
asoa1238	0.792607857683428	1.3045426422118	-1.57685578676098	3.54257811306231
assi1247	-1.17506771943295	1.42264400884813	-4.28334238324802	1.38070359307913
athp1241	1.57777127423507	1.42567391139917	-0.935723102373312	4.68521930811906
aton1241	1.0459816359757	1.4453458310135	-1.64146261513877	4.0396353520129
awac1239	-0.986969337659791	1.43861652014074	-4.05496006330759	1.65727431649364
awad1243	0.698229229788172	1.49759794968807	-2.087272006918	3.97000422025669
awtu1239	0.0966005566586753	1.3281582050671	-2.60487712339248	2.75894412674909
axam1237	-1.73216758955919	1.05075575151055	-3.99160523994916	0.116890159419003
axiy1235	-2.17812604858255	1.43837500268312	-5.2787847857474	0.297033768496635
ayiw1239	0.00269462692124476	1.16586835881194	-2.33184346849287	2.31737861249794
azha1235	-2.31710816256134	1.44229417152853	-5.47161572775271	0.211884923906821
baba1268	-0.50158735036076	1.35076990836747	-3.27130524009609	2.08297246200599
babi1235	-0.908911470992589	1.4360945987912	-4.04943977307065	1.72747976773358
bafu1246	-0.65328257584695	1.19175275039066	-3.2026367258076	1.53970922587384
bagi1246	-1.18593283818933	1.24433458907201	-3.78804794971803	1.11820914780587
baim1244	0.733768031628886	1.47300177501007	-1.99112436992092	3.86579642872154
baka1274	-1.02019099533736	1.42354791886633	-4.04681647168693	1.57441270543877
baki1244	-1.49609526751454	1.09464672053552	-3.78835313873695	0.476154298601698
bala1315	0.828094124956901	1.43223827460698	-1.76660786727379	4.01657826389228
bala1316	-0.116384866402725	1.1514023903964	-2.44283155368651	2.12545226610565
balu1257	-0.521959359457082	1.12257172148992	-2.8051175244118	1.62553260966506
bamb1262	0.322032656723502	1.52467778569265	-2.59095130676148	3.45567061670578
bang1354	-0.817605420913556	1.39218973595952	-3.81225330210792	1.73706727453015
bang1363	-0.278876443591475	1.43773399000281	-3.12833784321696	2.5593921921514
bang1369	0.583023556229268	1.32134195675748	-1.91806998701535	3.41000062386349
bant1281	1.61852712412293	1.4153688346589	-0.831913653637482	4.74788605352974
bara1357	1.25900189535807	1.46654991090506	-1.41897552735646	4.50828041885986
bara1361	1.08658934922402	1.3782004190522	-1.46859287411595	4.0543157911574
bara1370	0.36443865703199	1.21721923755544	-1.97039482053081	2.82907553744673
bare1279	-0.247473785085604	1.35409212981324	-3.0054790891869	2.4162751887138
barg1252	1.2210138156883	1.23298805224346	-1.01796199804937	3.81119979212617
basq1248	0.115108454570143	1.55466562497839	-2.87179937110031	3.35691423331279
bata1289	-1.1286016441483	1.46032002819215	-4.23700086894818	1.46814817982912
baur1253	0.240987944273854	1.48099795907055	-2.62448785374727	3.37692728224375
bawm1236	0.412292443475299	1.33802689175328	-2.07148962429535	3.21683751205756
bayb1234	0.968155319281238	1.38296315728827	-1.50531682928612	3.88562742344515
beem1239	-0.518289157131969	1.36923381391794	-3.32919975302889	2.10817859117962
beka1241	0.975739496184553	1.35256758990444	-1.51212774405898	3.91366462743172
bela1254	0.260586216452031	1.52521150851781	-2.64486064335221	3.52054632681964
belh1239	1.60160056638684	1.40939995060496	-0.86993728358248	4.71664811695112
bell1243	0.312225557811013	1.53701910002031	-2.6777863434404	3.41006615409823
bemb1257	0.808104352093609	1.42401896389548	-1.80155141258499	3.89130139932265
beng1282	-0.918585291466392	1.42443991233716	-4.03571799181995	1.65330574518936
bent1238	-0.219320574799627	1.3714658468138	-2.97478317139012	2.49112672996722
bhoj1244	1.04571950885994	1.49247789770186	-1.63631531923437	4.33131040340826
biaf1240	0.884617955323536	1.37343773677398	-1.61805260935075	3.76141822003962
biao1253	-0.658939225238773	1.4454829405798	-3.70848338287311	2.05581579303257
biao1254	0.619367847504183	1.4293877250246	-2.07492436476486	3.65511661265448
biao1256	0.164747787920073	1.40412341386996	-2.51210308605414	3.0611539202044
biat1246	0.94247880257129	1.22883813603197	-1.27366280052945	3.62571724995503
bidy1244	-0.189304015780617	1.36486228896892	-2.99585181701507	2.46568768897462
bili1260	0.20643937094274	1.50532816921674	-2.68416377043322	3.36979866777179
bini1246	-0.0739025991186861	1.33829075172318	-2.75824711073155	2.58275687499768
bira1253	1.10222151752923	1.56781412290117	-1.70479512006899	4.51744108118341
bisu1244	-2.79313129303537	1.46213022446762	-5.9993507590714	-0.281941896092499
bitt1240	-1.97771872711781	1.25357227045369	-4.68543366143	0.261029727749837
biwa1243	1.01682611064624	1.47600688372796	-1.68777233511348	4.26482635050523
blan1242	-2.28796904456103	1.42149104523119	-5.43583520062656	0.17840719887572
bodo1269	0.970396829883717	1.52166332534888	-1.83029967263287	4.24314373027151
boht1238	0.658417427192587	1.45604974972434	-2.07222118758688	3.6172557299732
boka1249	0.894876567686395	1.35633901572268	-1.57920911578677	3.77650092527115
bola1250	-1.67210278860481	1.36440727682993	-4.61463710086601	0.665437998322194
bolg1251	-0.727141437574195	1.4105222254732	-3.74790862435796	1.89108430360593
bolo1262	0.23838223849322	1.33980448046793	-2.40692822100132	2.96953444570257
boly1239	-1.81906497707315	1.48434105536048	-5.0888225658825	0.697583987795156
bomk1234	0.761309676570382	1.4781805491277	-2.02690478955001	3.92583835755521
bona1250	0.656914053873484	1.47043137228079	-2.08759781766837	3.79132505023665
bord1248	0.447140495241318	1.5291530202434	-2.39222660669151	3.65991816665062
boro1277	0.740481298180678	1.50011224282073	-2.0090626387828	3.98397586749849
boro1282	0.160831599814455	1.46648359578191	-2.72130486376118	3.2420764422954
boun1243	0.836469366931113	1.41060851826797	-1.75712782996581	3.85383317750047
brah1256	0.0928637565558305	1.56604955192149	-2.96769298785209	3.24985696456582
bret1244	0.260573408790433	1.48602562012595	-2.52300037958327	3.34688875774007
brib1243	0.346153259183271	1.50194006728337	-2.49091881802714	3.55936301688953
buga1247	-1.50160950653713	1.29531392125111	-4.22166055138318	0.846039305823991
buga1250	-0.893692224178125	1.19537410295943	-3.39573080348087	1.34518853810257
bugh1239	0.861604977739645	1.21784723514801	-1.37172410745706	3.41758686320205
bugi1244	0.932429206931118	1.46442577826846	-1.69648189106129	4.05009407570299
bugl1243	-1.44184358031061	1.52370803259111	-4.71530431166385	1.33035244652541
buhu1237	-0.321135520197348	1.17390421056178	-2.73660899593894	1.93258905991191
buka1257	0.802342482231944	1.17636574882521	-1.36428304132431	3.30898323201546
bull1247	1.15590333907279	1.46340305930729	-1.46112335337938	4.27113525954497
bulo1242	0.496651156574373	1.36649280923326	-2.08232455590181	3.32602267559099
bumt1240	0.72577213465985	1.52982184196309	-2.09057232043386	3.91933429582467
bura1292	-1.10082411806266	1.32532082111128	-3.82596818524619	1.35624324458293
buru1296	0.3483250113168	1.54506762313056	-2.74953064955765	3.54813393135453
bush1247	-0.814833669140461	1.38793601722916	-3.76567442230959	1.69633900628789
buwa1243	-0.821050736592772	1.2458131987824	-3.39552778912634	1.51352608718995
byan1241	-0.718670224623734	1.2973706560216	-3.31859839239072	1.68447788208609
cabe1245	0.407955697440107	1.53874054398184	-2.4948810148859	3.6782574394804
cacu1241	0.665160675282289	1.4394499291596	-2.02839432408144	3.694291160159
cahu1264	0.181860719299596	1.53301604905416	-2.77386065475587	3.36997784836371
camp1261	0.742134623573263	1.42349378738438	-1.84042109975545	3.77301787305622
cane1242	0.437231740892852	1.4169812201996	-2.25589371557908	3.37815382239253
caom1238	-0.693739875816513	1.44400084769195	-3.76657508035597	1.94385452842841
capa1241	0.393567548742734	1.50012673913849	-2.46910498105921	3.47389072102383
carn1240	-1.0907044867675	1.44964507808294	-4.22063451884044	1.50488192345446
caro1242	1.09233453765992	1.40762419282959	-1.44154502349074	4.14598950402159
cash1251	0.431851201810883	1.49526036938437	-2.34852733096466	3.54948607455594
cemu1238	0.443520385220193	1.25514455863288	-1.95909401103844	2.99349749816484
cent1989	0.496022758328542	1.40417129171738	-2.1831189454298	3.41764991256239
cent1992	0.248622486895848	1.31315131734461	-2.28479160824699	2.86976691603899
cent2050	-0.541567360135758	1.28503234825878	-3.15437830474163	1.94826958604454
cent2084	0.274686961920325	1.14355549983829	-1.94087093964057	2.61530889659977
cent2127	0.199386753918019	1.53787007386634	-2.75839987664035	3.44204896404761
cent2140	0.63786149943579	1.43538553207618	-2.07442437385614	3.69132508395967
cent2142	0.278690299215673	1.56357566515636	-2.63280215871216	3.54640626074548
cent2150	0.264879510000286	1.51344583719863	-2.62483064523267	3.35871110181657
cent2292	-0.0758032819698627	1.10013524491883	-2.22552057021713	2.20782542060668
cent2314	-0.93307018472015	1.45126943622333	-3.99537707751473	1.72424526803095
cent2322	0.0137318785397776	1.58445637328136	-3.20876304443695	3.23122069845707
chad1249	-1.39656231115149	1.46038380701939	-4.59175169938695	1.1809407615946
chak1270	-0.317291956635229	1.30038169645043	-2.9678977284701	2.29179939824557
cham1309	0.532958011766426	1.58319806078386	-2.49710255778983	3.86987069218905
cham1312	0.770506768698992	1.45817156592515	-1.90768798363873	3.86226377133499
chan1313	0.983960765773382	1.36011602375202	-1.46398820006492	3.92575630096787
chec1245	0.362426823724188	1.60954426037229	-2.74303382223851	3.70756228577532
chhi1245	1.6041846493532	1.41922346764823	-0.89768740111873	4.73974128453782
chil1280	1.00476106255657	1.46273935755614	-1.72256815992031	4.103544220118
chim1302	0.0668365151107049	1.5259574455774	-2.85599593764214	3.28504899647724
chip1241	0.232157837567585	1.51815941431996	-2.69321237696177	3.38379414764486
chip1261	-0.711235356120447	1.42345836195057	-3.6474463750361	1.93628202547141
chiq1248	-1.35160548423358	1.56438048780633	-4.730021801276	1.42277393947035
chir1283	1.09166637436986	1.39504409930685	-1.4188253276255	4.05702613814651
choc1276	0.402254362357016	1.52917729823947	-2.48430295549246	3.58556584684229
chot1239	0.983968482142995	1.43320289822526	-1.60453014903622	4.11892324319968
chug1252	0.618775628633654	1.40736734502274	-2.07220467727974	3.49971575911925
chuk1273	0.164972766055977	1.54445855642332	-2.89148715711436	3.34459322546271
chuv1255	0.0582948281149354	1.56818757186286	-3.0300727419831	3.26957779106101
chuw1238	0.608868514064327	1.46164189833966	-2.11369898332785	3.73900432823816
coca1259	0.401598400307324	1.52685541813068	-2.50661421790108	3.61154655679723
cogu1240	0.428264963709204	1.47738121422289	-2.3218580710142	3.55249398030421
coma1245	0.169331372308441	1.59606398642407	-2.89440865236423	3.49143809261333
copa1237	-1.5592656804245	1.36266021072422	-4.41946025173909	0.920413396949395
cori1240	-0.913777194817036	1.36278452230492	-3.83854849312461	1.56447454914291
cors1241	0.615880321674847	1.42375499102739	-2.05086879401122	3.56327733229379
cosa1234	-1.61225602260204	1.16041682244386	-3.93464095379865	0.528754632493237
cree1270	0.398784902065929	1.51747373424817	-2.45087660852182	3.61636766846461
crim1257	0.0255701868749529	1.60914596674476	-3.23545021707532	3.28740436607634
crow1244	0.310141211794311	1.46070820209554	-2.46452718646078	3.35235387903378
cube1242	0.609559665581817	1.47029297883612	-2.14169988655836	3.80084290426669
czec1258	0.253172058948816	1.51431071527657	-2.61411485547312	3.47613094156843
daai1236	-0.438800711233782	1.19184149374467	-2.78437661559347	1.93416440103987
daas1238	0.788359618649015	1.55605295026997	-2.05556346230415	4.17987263960094
dagb1246	-1.14132142498679	1.46892904989337	-4.43956069915996	1.48351554809434
dagi1241	-0.0224290744205051	1.51883925919609	-3.08472291847625	3.03054121726575
daka1243	-1.79767868899152	1.0856007100456	-4.11146046549506	0.164799953972669
dana1252	-1.1638102407736	1.24226911869802	-3.78707285178242	1.12480703146332
dani1285	0.311844971767714	1.45343162071997	-2.44904168742221	3.40428004510203
dara1250	1.2187277912612	1.45339005684808	-1.36727683062637	4.40188931083497
darg1241	0.397112793875151	1.55914287912711	-2.55929729573028	3.74521559483711
darm1243	-0.760135008104173	1.29827077238592	-3.41124045655931	1.66379267681593
dawr1236	1.31096320117181	1.57146330096532	-1.52032460644577	4.76957569507527
daza1242	0.215309088644808	1.4405087093499	-2.61378636293541	3.16805402384585
dege1246	-0.575536743163195	1.2403565134117	-3.12352785870866	1.73751075064812
dera1248	-1.07101570522773	1.31466650241998	-3.85867747461997	1.30879553902785
dhao1237	0.412752131330499	1.21396742073565	-1.93403436569627	2.88802877252878
dhim1246	1.36514651988549	1.45407134899903	-1.20538581982852	4.62026135125724
dido1241	0.574497132321085	1.56900602909142	-2.42914411346623	3.87534579925079
diga1241	0.841330964556466	1.36753786111843	-1.65291999813941	3.76810199644584
digo1243	0.586270706520114	1.41378564636227	-2.09998911419905	3.60725936386467
dima1251	1.05101793544985	1.44691593943118	-1.6011491638684	4.14763392644837
djam1255	0.30210712215163	1.51688404927881	-2.56477439693342	3.4544810671966
djee1236	0.543939103270271	1.56034893532138	-2.42305179090867	3.80051824688465
dobu1241	0.265649549952136	1.20587512558323	-1.98512173331218	2.75281443109651
doro1266	0.628759188752471	1.1738286977639	-1.61090011353115	3.04346223963915
drun1238	-0.220444395107284	1.29542227499862	-2.81246918937718	2.3395526321628
dumb1241	-0.507769691150327	1.27544374570491	-3.24277034013487	1.92482357966956
dumi1241	1.56208977289925	1.45154400911763	-0.994430176075909	4.70105745857755
dupa1235	-0.0676469545768758	1.12817839173238	-2.30670771571835	2.23620512773765
dusn1237	-1.62152594893835	1.45663554687288	-4.82327360917815	0.902555911228824
dutc1256	-1.66304615486726	1.5088922258775	-4.91726944485611	0.992175819219017
dyul1238	1.22653010452513	1.32438966482829	-1.16104678459033	4.06907417474994
dzao1238	0.589122742491632	1.46297506989774	-2.20654552667632	3.73622156986771
east2328	0.057259062407326	1.59061638823084	-3.03155477257755	3.27618152602382
east2342	-2.27433130819787	1.4878266933503	-5.58886462916585	0.309105362222277
east2447	1.04363097942735	1.40277872338165	-1.47953273352174	4.11951905591543
east2485	0.762396361033501	1.26494472950101	-1.63997626415777	3.45750385531355
east2555	0.10562246138369	1.53280717908994	-2.87211035984035	3.34529899502279
east2556	0.487733913539131	1.31239467560939	-1.97059402999788	3.2711654593495
east2773	1.520048332838	1.46726914840187	-1.02727400326063	4.77211839692947
east2782	0.844948620895722	1.40470106765516	-1.71638080468578	3.93400694435766
egyp1253	0.488120794911963	1.48885842392484	-2.27373874405453	3.58969075369752
eipo1242	0.00382224200207684	1.44601989728652	-2.8344766641276	2.87827699040094
ekar1243	-1.81431504679654	1.49326276957691	-5.06265557337278	0.769737513848636
emai1241	-0.804759982334845	1.30277693738693	-3.61103805592077	1.55490403350458
embe1260	0.440922222402267	1.49720866638409	-2.37871898293303	3.56000678542968
enuu1235	-1.54869564931693	1.18100746163749	-4.04818583824124	0.570162306586
epen1239	0.115296445632473	1.52959817615621	-2.85824853468215	3.24831880268488
ersu1241	-0.348069468516509	1.33491856890708	-3.00030609152853	2.27957691244529
erzy1239	0.0637084200076762	1.6492065844127	-3.18864160807696	3.3408487010165
esee1248	0.338135563936864	1.50946123864366	-2.55741890899764	3.43380298575155
esto1258	0.074369292296515	1.62127627978388	-3.09615879523908	3.26380003005633
even1259	0.0337814605819983	1.56656606645775	-3.10041071702058	3.18306650277808
even1260	0.0388691637277443	1.54408497406827	-2.9558763178139	3.13062286391789
ewee1241	-0.987023951152381	1.34976491053348	-3.81959682132717	1.52635228630773
faro1244	0.436557790863578	1.3836655275141	-2.2345234534477	3.31994990639866
fiji1243	1.31799749496102	1.37230252312092	-1.10973706251431	4.2290812576938
fili1244	0.128872737193023	1.1712443293292	-2.22030162572366	2.4379026381796
fina1242	-0.274536266867269	1.06317658406634	-2.37553408646779	1.86620165462516
finn1318	0.00481505563881747	1.66491770236056	-3.34351699109177	3.31111027855375
fipa1238	0.794237939772653	1.43490326867064	-1.74089083092483	3.82662236348172
fonn1241	0.235390178355799	1.3331429131978	-2.36156111921189	2.9807290604441
fore1265	0.0430335029048283	1.58468602326828	-3.13377524808286	3.20602988361883
furu1242	-1.05048485741637	1.44587232010223	-4.26772893669955	1.5518811932724
futu1245	-0.509364617955751	1.24880955991462	-3.0968188756965	1.88136730509754
fuyu1242	1.0383521067104	1.31696338730505	-1.38303607293089	3.78392007387828
gaga1249	0.0616245550720279	1.55323241871353	-2.98682210200709	3.17500376976126
gahr1239	0.624483119527637	1.48763766292118	-2.15643158612945	3.76301202299679
gale1259	0.0610985744545551	1.42487006285137	-2.71202782502728	2.96268428113041
gali1258	-1.06787104903419	1.43954097166071	-4.15570551044071	1.56209033355346
galo1242	0.900253927060632	1.39844944230814	-1.63133289909112	3.87908467747046
gamo1243	1.30921805570116	1.54211667186711	-1.47009382490096	4.6229791633602
gang1266	1.03373739161832	1.43085521701434	-1.53295796573486	4.15834661887259
garo1247	0.999408661477049	1.47067680121386	-1.70742324556668	4.09187981887347
gata1239	0.683246749044105	1.45402837474899	-2.0509909172278	3.81544951289232
gayo1244	0.144086545126572	1.34639670351724	-2.47467945416116	2.87837057678462
gbay1288	-0.422182782401595	1.56505111619909	-3.62938924974961	2.59463236549299
geba1237	-2.24173970679844	1.44324011726264	-5.41689421632176	0.252904788946714
geda1237	1.01739432922019	1.16853634025873	-1.11540194213517	3.47939194123163
gela1263	0.655856399061278	1.1790158969946	-1.61332040848443	3.09522753863026
gheg1238	0.705438685642798	1.48656628900956	-2.08164238155201	3.98637724015893
ghod1238	0.47323000461142	1.58397517601144	-2.55057927066749	3.75330354783924
gilb1244	-0.731760729675493	1.43186950220538	-3.79360207512235	1.92743228129546
gily1242	0.369231070682054	1.48582586011274	-2.42150070132669	3.45277811280769
gira1247	0.930258117051745	1.24611356048279	-1.41540715388079	3.49979872489249
guah1255	0.322955991372736	1.50142636481903	-2.63828188242853	3.46139512717755
guan1266	1.00015705573561	1.43046158164865	-1.63555925945123	4.09110243292631
guat1253	-1.04778466516862	1.48766866080466	-4.25078487270522	1.67561869971737
gube1234	-0.722392455255485	1.4471905121009	-3.87893383384276	1.93683299822993
gude1246	-0.636039884952486	1.2413529407524	-3.29376077541388	1.72975492293622
guer1243	-1.95379886144694	1.47459729975136	-5.13209914399172	0.609606774873584
guhu1244	0.490765162278569	1.31825501507518	-2.02154581063409	3.23340866276376
guiq1238	0.585768664717153	1.41148883221476	-2.02558452018833	3.49048351347964
gulf1241	0.490496308628985	1.45822670102759	-2.24769414960841	3.57425371058653
gumu1244	0.696719829036046	1.55294455069319	-2.22640812816313	4.00058670050085
gunw1252	0.530755882341897	1.53543364254353	-2.39944796237229	3.84481304245023
guro1248	-0.497092347058843	1.48017693412432	-3.61221867811476	2.25999340735352
guru1271	-1.07057418587756	1.34310642995598	-3.98827572677442	1.34276875518725
gyel1242	-0.922832588107494	1.44343336508813	-3.98146504777322	1.75336888577098
haaa1252	0.699464728013036	1.42277832664753	-1.91972875573806	3.70330781900667
hadi1240	1.23241535902527	1.49578626923475	-1.39880276574932	4.44369784757793
hadz1240	0.512728474299776	1.56102080761391	-2.46835761298259	3.69630119069986
haka1240	0.639989531236668	1.3899787260926	-1.96277159326138	3.56606275204222
halh1238	0.114682901077123	1.61267248448454	-3.06886052437856	3.44074658069139
halk1245	0.438005092892266	1.56370289239485	-2.42836460451663	3.74226070297476
hame1242	1.02217629229254	1.53762672550453	-1.72785961847466	4.44166441360708
hani1248	-2.10551503227875	1.42137501724509	-5.19258690555061	0.352350942011618
hano1246	-1.48200789020195	1.19973361774004	-4.0825998229422	0.664728292495035
hass1238	-1.37310014116847	1.45126262640151	-4.47494385974606	1.24590287387211
hehe1240	0.734502995354522	1.4042601139473	-1.83622972137645	3.70208608502558
hela1238	1.42415820119338	1.4615542506872	-1.15374270173781	4.71931473536462
here1253	0.778155431777743	1.4155275890407	-1.80804019104019	3.81814412250023
hida1246	0.279099481645432	1.48195784984343	-2.5723462380696	3.34790132822941
high1276	0.392091684602727	1.46676489916541	-2.40776630853965	3.34715170398923
hind1269	0.368519295646251	1.46878253560806	-2.39312109563569	3.4171720583448
hixk1239	0.389655603839103	1.46599744455641	-2.37506847998928	3.56805907817362
hoaa1235	0.108405268660087	1.41533287982778	-2.65888374505046	2.96054191430747
hone1235	-0.61353637175973	1.2211286870568	-3.07149409139351	1.72376368377851
honi1244	-1.21310170396048	1.1901818321374	-3.73144013950651	0.988761382708302
hopi1249	-0.282665470218018	1.46449664410221	-3.14294639493613	2.65012473890847
hote1245	-0.812178286814459	1.18512532316173	-3.30233489794827	1.37817103953421
hual1241	0.424521703051625	1.54487625267629	-2.49184556603723	3.68778798089685
huam1247	0.29690665212322	1.50355987367987	-2.52456120119499	3.45337081975843
huar1255	0.187931727870623	1.49736544491005	-2.63677209097299	3.30525530807629
huas1242	-0.53508751245903	1.3660496401339	-3.35309131373177	2.04108390824592
huic1243	0.171137403845021	1.5396630290629	-2.83483443673809	3.39357096547856
hula1239	1.04742600020682	1.18714888231463	-1.08254415544089	3.54340799144819
hula1244	0.320275498468728	1.5059136982759	-2.52621381573418	3.52235426199543
humb1243	-0.6943744497332	1.44225120112152	-3.75769894155208	2.04234887774049
hung1274	0.0727541986490322	1.63413567555329	-3.10685445846756	3.35921280407268
hung1275	0.654410401585914	1.3944110261252	-1.93931495251736	3.58712866621551
hunz1247	0.576112749042923	1.58948202657741	-2.48909947304708	3.91372166225994
hupd1244	0.640064577549631	1.43819669530544	-2.06290398878764	3.66763652867784
huuu1240	-1.35203053667174	1.07855961372846	-3.55175320378785	0.688311964287871
iaai1238	-0.890539633628162	1.21598411228641	-3.50308715466093	1.27094800863167
iatm1242	0.852938938506028	1.48253452206855	-1.83403553529628	4.0570333500387
iban1264	-0.572700481284557	1.38781885094668	-3.49972646472431	2.0392340914411
iban1267	-0.267983696834566	1.07980199365489	-2.43835386626295	1.84343473929004
ibat1238	0.68642324507707	1.37187620133222	-1.79888583523207	3.69264198470515
icel1247	0.450185353019247	1.47303633721749	-2.31566012976742	3.5974232126583
idii1243	0.667437734018937	1.48520007617672	-2.12135781561902	3.82545413352289
idom1241	-1.13253322959599	1.48637303493648	-4.37574991340474	1.5599836227964
idun1242	0.307204064680892	1.23274900117868	-2.02431615736028	2.85048355105325
ikkk1242	0.237415032786889	1.55690680680374	-2.66931802024274	3.39539717546198
ilon1239	-0.816307447170476	1.09586011601673	-3.12124143992584	1.25142637645364
imba1240	-0.411780217064848	1.41975041588885	-3.26258882933897	2.38303773174798
indo1316	-1.07801096547257	1.44043019311392	-4.15436245393338	1.54790885700041
ingr1248	0.0416924815777544	1.60567726987243	-3.10078274128655	3.38243245590467
ingu1240	0.439644630409104	1.59659720852043	-2.62395030799396	3.8057077644029
irar1238	-1.32117846742017	1.38476263931947	-4.34601096047335	1.15266539420442
iris1253	0.311477254348575	1.47415662600525	-2.48301136234063	3.35937212911377
irul1243	0.114866569875696	1.54522355646514	-2.93380047824634	3.26045026753628
isco1239	0.432189601653733	1.5494711022519	-2.4528324062236	3.58086348614116
ital1282	-0.952835141474696	1.41434106281794	-3.98654615862249	1.60954725927089
itza1241	0.504062667788286	1.40766765631459	-2.18163595951134	3.45035950758348
ivat1242	0.8182552558037	1.44801377353324	-1.87501245026844	3.9242384759468
iyoo1238	-0.19453978627105	1.2059811972592	-2.66180938586721	2.17081397883995
jalk1242	0.59764287126607	1.31698354649829	-1.92062175047075	3.30645732800044
jamb1236	1.00499855117803	1.37514963191226	-1.51755188177971	3.95391309802954
jams1239	-0.676093671510265	1.30761536903866	-3.36350370292263	1.79522365864364
japh1234	1.10167449528892	1.38841241907213	-1.36815046498502	4.03707082551734
jaqa1244	0.370490120498374	1.49212451979126	-2.43681107803402	3.45022986704345
juan1238	0.887301462907807	1.4582513218879	-1.68657845239315	4.09680325500693
juku1254	-0.131400081719574	1.12609912748904	-2.36850199661213	2.08545724773525
jurm1239	-1.14136725050604	1.43041051533067	-4.25332909224876	1.3895271610242
kaba1278	0.395055995379326	1.53782391204398	-2.54720033520439	3.56820751374341
kaba1281	0.675941725659672	1.30741188255269	-1.77543385869124	3.39089616225925
kach1284	1.22811387260039	1.50964401281156	-1.57700748360776	4.44416980687685
kado1242	-2.70726701649201	1.35912782510809	-5.61459870768095	-0.341891476075661
kafa1242	0.956304235031656	1.5181288306146	-1.7863247311865	4.27990401575869
kaik1246	0.82195517120601	1.4209995765219	-1.7728659514653	3.84742729621544
kaki1249	-0.234820420817973	1.30903859631047	-2.95130856608725	2.29712391449932
kala1399	0.215266018579649	1.52410106214043	-2.71807149509342	3.41379270611744
kalm1243	0.119147858325649	1.59174140776511	-3.0354532614427	3.27413395986308
kamb1297	0.483745470293399	1.43736098426875	-2.15606291009473	3.50499044939719
kamb1299	0.96907902470831	1.36240133157612	-1.51758998549474	3.9113633841306
kamm1249	-0.516310813871303	1.33371299348011	-3.32342161072558	1.96576077635793
kamu1260	0.525984266113574	1.4927479239414	-2.35194118845538	3.70643600583913
kana1286	-0.210574543087051	1.15086788696959	-2.4872945385395	2.04776103040977
kank1243	-0.068056344121077	1.10895338901114	-2.21596812179712	2.19103242297681
kaqc1270	-1.05427751908859	1.49739476471918	-4.32209657373085	1.58227842698497
kara1482	-0.931878233940725	1.44002134316058	-4.04235654326139	1.6903794908674
kara1486	-1.65211281698722	1.33128426056514	-4.46574379631646	0.666591470195717
kara1500	-1.02589688173255	1.51594014154556	-4.37897473210736	1.70413213957683
karb1241	0.978681877296584	1.43976449584452	-1.72803828433671	4.05163993392445
kare1335	0.0233490648274011	1.60980181919586	-3.17021867224133	3.24541346673446
kash1277	0.546641819448323	1.48117923524216	-2.14274264160595	3.68178082971529
katb1237	-1.45378607578843	0.989588735322767	-3.49795252470322	0.356441689209775
kats1235	-0.418496978748892	1.27487893094044	-2.93405542766088	2.12061547483705
kaya1315	-2.38005260891729	1.51488163996681	-5.74068344619653	0.223314197034569
keap1239	0.897820589141737	1.20531718469948	-1.30635718433441	3.45891970823952
keig1242	0.185406946437044	1.49296494936555	-2.70423694414783	3.33416336763108
kele1255	-0.831751140831275	1.41867995313068	-3.91168627188111	1.79506592071518
kele1258	-1.04937394187808	1.18049367228915	-3.57737953214778	1.09782112318843
kele1259	-0.648809898676028	1.05116542626032	-2.77592606705358	1.34430733836785
kemb1249	0.545961082828244	1.13409859112759	-1.5670912423792	2.86217416008006
kenu1236	0.315673864831659	1.53323508581561	-2.71121896912864	3.47136019601566
keoo1238	-0.0607697021330669	1.25644615005917	-2.62058030914657	2.38862342346759
kera1255	0.515843471857547	1.17597521068559	-1.77370029761508	2.8677894181149
kesa1244	0.294487591922278	1.2571181599147	-2.20102186169967	2.84331126861346
kett1243	0.167193501961485	1.57577268269456	-2.90644540959723	3.38656707283735
kgal1244	0.677292860301607	1.40372737442701	-1.86937006205785	3.74530513852133
khak1248	0.0527563419404269	1.60172042550327	-3.13874599575928	3.33729053140769
khal1275	1.52080050384816	1.40788779161887	-0.938262270710894	4.64368221317293
kham1282	0.193988946489093	1.51076292990182	-2.66069947252462	3.36444312842644
khan1274	-1.26710442106344	1.33419312906643	-4.11298989746474	1.1140520242569
khan1278	-0.242600476606339	1.17597168897814	-2.55556233778478	2.05242818809843
khar1287	0.798934439292434	1.48598449376027	-1.90844924730516	3.89939748944433
khar1288	1.11534670466858	1.40595756271829	-1.4078850503655	4.24099573270156
khin1240	0.36233069999307	1.54598525088617	-2.55316269847289	3.58105022363747
khmu1256	-1.74667448762619	1.42065644496657	-4.92311445349004	0.713783048688991
khva1239	0.564040110237888	1.58311216879285	-2.49482468667441	3.91682653041742
kiku1240	1.09751349168828	1.4267142905103	-1.5303020548321	4.18858269268065
kile1243	0.132740539479789	1.57743545820143	-3.02308156015711	3.33768826298562
kili1267	-0.647531725385921	1.28650456345862	-3.31143135255693	1.77641951622215
kimm1245	-0.659415759758884	1.15057748217951	-2.98245518948692	1.62655640192996
kimm1246	-0.0300775650171493	1.26182611254462	-2.61256476931774	2.39555795196793
kina1250	-0.625007249404445	1.34519665294963	-3.47182402021687	1.825258770168
kinn1249	0.561778194037433	1.4670911299373	-2.20438159573879	3.60518070575832
kips1239	1.19524950987746	1.49846513515638	-1.43392229355857	4.47331684629371
koda1255	0.130814172093303	1.53761881102767	-2.92465021497349	3.27976899849651
koho1244	-0.853030905652869	1.3840892588185	-3.8096358321511	1.67711602956673
koir1240	1.1070409538931	1.39595339959826	-1.37505064545868	4.15985975779173
koko1269	0.907042152194752	1.31877067757753	-1.49713181071067	3.74468573818854
kolb1240	1.11988302260448	1.38125957453584	-1.38001783591976	4.01559393328865
kolc1235	-1.02756600249456	1.42374690120302	-4.15412749258976	1.5268072883761
komb1274	-0.904841303095905	1.43019056565813	-3.97905579798512	1.75256437016714
komi1268	0.0239233617248267	1.63102251914648	-3.29550907831625	3.27517500362862
komi1269	0.0655255490524298	1.64043120294124	-3.14107328130416	3.41120721272777
konk1267	0.389676855933755	1.50314836082575	-2.43522452548754	3.61994116472203
kony1248	0.956278119014242	1.38164993019908	-1.58884031108423	3.98238050354309
koon1244	0.804340846267717	1.4062356348222	-1.73840636724563	3.75586574100214
kore1280	0.227038949425073	1.56752097087233	-2.79729661860302	3.48120725657746
koro1298	-0.796182839705663	1.295288049628	-3.4884938242664	1.58662558374308
kosr1238	-0.830721107950886	1.43772882000532	-3.90942442735801	1.77090598006615
kove1237	-1.65080729153766	1.38447324613785	-4.69097160764522	0.737372708790884
koyr1240	-0.528864907945203	1.46062020375496	-3.50494488536774	2.20792044080139
koyr1242	-0.545630833730014	1.48207075039204	-3.69134981620589	2.30477786558282
kryt1240	0.345630673202971	1.53799218743326	-2.53364348027951	3.54864899577004
kuku1273	0.182528367725697	1.55662261598056	-2.80697181456848	3.36204545633802
kulo1237	0.145135623474538	1.20647056039359	-2.21984894943675	2.58742156994608
kuma1276	0.0511789204263601	1.14518490940881	-2.22760751460434	2.30824607820425
kumb1268	0.124916601443135	1.64356735048423	-3.03836524649406	3.44021838236273
kumz1235	-1.62983794612558	1.54103682597869	-4.96165631147991	1.12467357395441
kunb1251	0.576282358157925	1.53699616864149	-2.29361079606754	3.78262673978665
kuot1243	-1.49926092161151	1.26152663959051	-4.16201985158118	0.740949641836443
kute1248	-0.417434460537049	1.11561029479771	-2.70893923290688	1.71767058242871
kuyy1240	-0.972702877650981	1.38902946952543	-3.97705659667737	1.59907186285758
kwai1243	0.0653931963658999	1.08633642616894	-2.06950425944586	2.22494718997105
kwam1249	0.0561053877212825	1.50823570992155	-2.94748549626761	3.08607559711732
kwar1239	-0.137302549053348	1.10990155030032	-2.35009163666333	1.98268822758735
kwaz1243	0.412763428375701	1.50547669441713	-2.46542268090702	3.61038442334715
kxoe1243	0.412301403413433	1.56273533488693	-2.58998262785804	3.66917673184259
kyer1238	1.30422497363818	1.4669594129053	-1.30430960045265	4.4989308450443
laal1242	-0.605519578125747	1.46413612543865	-3.70192775894681	2.18206846143377
labu1248	-0.902128907812762	1.15869957377806	-3.35868465662356	1.20301165026551
lach1248	-0.874192231461266	1.18566779325522	-3.34211715598151	1.36188203882162
lagw1237	-1.16692575860889	1.28575366996923	-3.8817421421656	1.15915027631369
lahu1253	-2.8172146377344	1.39525364803018	-5.83663259976648	-0.392609920770934
laiy1246	0.985565357223315	1.42960948521669	-1.54731124672118	4.10911857975563
lala1268	1.30149242875401	1.27604490809816	-0.959260536204636	4.02161887347247
lama1277	-0.442483404486209	1.13194740036538	-2.71734867162282	1.71286702105861
lama1288	-0.815736511997888	1.2013844346858	-3.39037586957409	1.44252123732782
lamb1269	0.294090816498669	1.48658468211121	-2.5673157824259	3.34742508972144
land1256	1.16025606788316	1.43325917940557	-1.36294514727446	4.27830305099977
lash1243	-1.47390021482326	1.36387426105271	-4.33340490283419	0.898104863591871
latv1249	0.295052602689189	1.51066312558543	-2.60436452286529	3.47017174208807
lave1248	-1.327105706245	1.38458683418078	-4.26262683767322	1.15322601085691
lavu1241	0.806829277277149	1.46976710707892	-1.92243301720233	3.95383377966987
lazz1240	0.349438350559578	1.62806938590821	-2.72953616974088	3.81026217315864
lele1276	0.791487387639845	1.22634150641075	-1.53629021485996	3.33961736219064
lena1238	-0.323173263712839	1.20699660412915	-2.75811993790193	1.97699849754534
lend1245	0.637414620472092	1.37110360853222	-1.90117387420029	3.45010913148182
lepc1244	1.30710255021654	1.43380789055898	-1.1985425848602	4.48141552820613
lewo1242	-1.25117901575482	1.0962832793082	-3.55892815411371	0.731071780328504
lewo1244	-0.275894048266465	1.13637131879185	-2.49436898310301	1.94859691277342
lezg1247	0.394590213689952	1.55934997422185	-2.61127630986684	3.67308977775002
liby1240	0.500434802658067	1.46068903491456	-2.18270344070453	3.67008704975585
lika1243	-0.0257849592786191	1.26985044065698	-2.70783616678944	2.43976037223086
limo1248	-0.128626952628753	1.08108870494828	-2.26221085086448	2.02076812469969
ling1265	-1.41550103645878	0.964034619503077	-3.41330482794661	0.364687484962285
lipo1242	0.363625798096939	1.26157921981836	-2.03652667636482	2.97776301041511
lisu1250	-1.39242912728931	1.17889259749191	-3.85043967682316	0.756462013895896
lith1251	0.35714807691627	1.50441509819287	-2.52228103551498	3.50853542647682
litz1237	-1.21664701248649	0.938449164393571	-3.10329611022313	0.556340558928662
livv1243	0.0267455586026082	1.58682508826182	-3.1972368140695	3.27088530990115
lolo1259	0.230644008659401	1.2860336024375	-2.22257306712177	2.84947339872024
loma1260	-0.47029600201059	1.5149289377668	-3.63391872443035	2.36276197103234
lomb1257	0.0864855746658292	1.31415154447984	-2.52108114663511	2.68796228169525
loni1238	-1.03901587348044	1.18207801681404	-3.53075352287243	1.08008783423504
loth1237	0.937169192236232	1.36583572369616	-1.52583860238103	3.80650940192579
louu1245	-0.756139815305359	1.11380888543158	-3.03789591356502	1.33110179233747
luan1263	-0.854363564117609	1.39129954543617	-3.78374882379589	1.75818037530589
ludi1246	0.0365667344087795	1.56120785093446	-3.13017633198273	3.16546241864591
lugb1240	0.353834798473903	1.35801965359776	-2.27004576856616	3.18315627694616
lugu1238	0.584698149921563	1.40284916697537	-2.05431022052743	3.46681797180307
lule1254	0.0316392581955476	1.60087216883864	-3.14587966769062	3.28006024967846
lumu1239	-0.364347392001374	1.51007065894189	-3.47539991689172	2.58403096790671
luok1236	1.05975473424505	1.49315263745595	-1.640310605936	4.27090302551093
luse1252	-0.443323431736889	1.31686537581619	-3.17863742769022	2.05074211491595
lush1249	0.532724380010645	1.38929207968562	-2.06042390638146	3.48558140031997
maan1238	0.80396668206367	1.45925243166919	-1.86855811709898	3.9683269176755
maas1239	-0.0768828132097391	1.33619271099019	-2.85911485301281	2.53875724531325
maba1277	-0.578038742547231	1.50368847987697	-3.81589394062378	2.22298194027817
mace1250	0.775203173161535	1.46703688232693	-1.91621889011258	3.81057858697764
madi1260	-1.055374587993	1.37478323858168	-3.94347540256066	1.46096024367144
mafe1237	-0.991992882161224	0.967180923441496	-3.00059882956276	0.842183349146063
magd1235	-0.618692425437043	1.28438272238761	-3.14554014159104	1.89229339081495
mail1248	-0.451746761578248	1.27080521660618	-3.05632630672513	1.99332158590039
mait1250	1.29174477809841	1.49241715847866	-1.35468790885093	4.60270535960622
maka1304	-1.030937119711	1.41415404440319	-4.15394513073027	1.48913416624338
makc1235	0.282828091841699	1.40633385529906	-2.43972594813604	3.18213942481777
mala1464	0.105463877057764	1.56612877564681	-3.07805436317041	3.32264250463912
mala1479	-0.746300244638374	1.38731761696155	-3.65877181977773	1.80317012616129
mala1522	0.42753806662734	1.49067013212835	-2.3586350562306	3.5436045491969
mala1534	-0.0761588140661252	1.11513864079306	-2.25912896652055	2.18316563576165
male1297	0.294887520641597	1.49910864246635	-2.61626123608982	3.41854905672486
malg1251	-0.889571819849888	1.26327349237032	-3.45538506071361	1.49712371108989
malo1243	-0.842508385443333	0.916311486528622	-2.70842011564825	0.916683543505289
malt1254	0.579512360148315	1.45440030076856	-2.2020739503707	3.62954621298235
mana1288	1.12055070383671	1.41876816186914	-1.46684153429942	4.19606172779765
mana1298	0.675722522251664	1.44212581173403	-2.02718762403237	3.69579508962747
mand1415	0.395208988930932	1.46672547813879	-2.35627315731244	3.51483690686183
mand1436	-0.407728875531521	1.45198444352292	-3.38318226532823	2.34441717841689
mand1440	-1.37196170359217	1.32135820040486	-4.26140813512137	0.995235938754055
mang1378	-2.00851548990615	1.29191774792544	-4.79251795745474	0.284708163940464
mang1381	0.34442012046496	1.56520995257222	-2.5758210427235	3.61349179206051
mang1394	0.801680949789637	1.26960314148171	-1.55613961966668	3.43080529789052
mang1401	-0.747363777228938	1.41061914603773	-3.81952920878582	1.83031999208059
mang1405	0.792913683504509	1.33114096193584	-1.70851405202843	3.62142242375078
manm1238	-1.34879965494392	1.09553985214772	-3.59581861048082	0.722679356726267
mann1248	-0.470342974483557	1.54095529516454	-3.69663722843735	2.43302982771439
maor1246	-0.737464674169392	1.39252800502209	-3.84594722217976	1.86100635670054
mapu1245	0.325646347553458	1.50692382308723	-2.53470887682151	3.42178770951608
mara1378	0.308944172080936	1.49436258571751	-2.51369618141812	3.500429660239
mara1382	0.102010184077278	1.30392196530971	-2.48263506591062	2.7835409129706
marg1265	-0.495645416692162	1.24141687269104	-2.96438917574501	1.93855035101694
maru1249	0.179514024736787	1.37219757250821	-2.45724878320659	2.95452221901999
masa1322	-0.00703576206502356	1.19520517780744	-2.4516686746987	2.32288255523519
masb1238	0.228624874559968	1.18487845735054	-2.04891209619352	2.58855718270904
mask1242	-1.77328253842133	1.05682748312657	-4.07008653248364	0.122279782231555
matb1237	0.590014475805932	1.40377937075695	-2.13874589543709	3.50686577067286
mati1250	1.08759037187418	1.45327327776405	-1.49428596780553	4.3306559922923
mato1252	0.00212754789133626	1.115118929228	-2.21516890625976	2.21075302943362
matu1259	0.491916086603623	1.39725014658409	-2.10885557621235	3.48686553435969
matu1261	1.20412926485361	1.22024936364795	-0.990637852747169	3.76482250147562
mayo1264	0.195864060348483	1.52605217308022	-2.72692408600517	3.35873136240969
mbay1241	0.953115074721591	1.18942655618307	-1.2612314441919	3.45949314397195
mbul1263	-0.985193959663191	1.33595001648395	-3.82483120579711	1.44276050880361
meen1242	0.798544677927073	1.567471084273	-2.03832761097497	4.17268320416065
mehe1243	0.40552752212403	1.3489858548807	-2.1807216244988	3.17242755945214
meke1243	0.77946455920397	1.2552799530185	-1.53591014465889	3.43519409773183
mele1250	-0.816582944694532	1.24385481865811	-3.3956960601079	1.50567195368547
melp1238	0.86115739912424	1.43611192095547	-1.76669980092252	3.98193209260135
mere1242	-0.99627089355789	1.00697697546863	-3.11257784707787	0.90563265607271
mezq1235	-0.09849310530627	1.30366399739043	-2.65437396368402	2.49833897183778
mich1245	0.185202863054684	1.51624607851641	-2.74522823654464	3.36714907677918
miju1243	0.781367667437704	1.36071391255502	-1.7235593124037	3.651338930757
mika1239	0.189859317157287	1.53405761398242	-2.74223990074217	3.35519833046559
mikm1235	0.147198309803884	1.58134128174364	-2.89696338879902	3.50656647433903
mila1245	1.01689785885668	1.41545746457883	-1.57126470290803	4.0029958037606
mina1268	0.910111997677103	1.41797983903641	-1.67799878915266	3.93535194905246
mina1276	-0.666366436391923	1.23384923142799	-3.19159508506293	1.63063002976985
mini1256	0.467376662804305	1.50153163969615	-2.38554050245688	3.61463186368935
minn1241	-1.40804377023409	1.48908618526963	-4.69868094589047	1.17042417215503
misk1235	0.49883337251863	1.44956989537465	-2.29485549898926	3.52150974912195
mixt1426	-1.16805042560924	1.43902255837595	-4.25227758488141	1.41472759892208
miya1259	0.281035283836068	1.5460777933579	-2.74495040015079	3.46449187866297
miya1266	-1.40568261725756	1.42549341047127	-4.47236188591562	1.06956113931836
mlab1235	0.340754321338011	1.37975682737564	-2.21761100427147	3.23311314105234
moco1246	-1.29348144612771	1.51466262354821	-4.56064078388227	1.45567779422598
mode1248	0.332938560879205	1.5499034866584	-2.62826293713512	3.50077127722951
moke1242	0.772378667379059	1.43595474001397	-1.88380256774567	3.85087321950431
mokl1243	0.807337770926555	1.47196753849493	-1.90477735086341	3.9551827762753
moks1248	0.0328726407041357	1.59869768101534	-3.06231560192048	3.30417221844765
morm1235	-1.95671200498855	1.48281037129802	-5.10213568994449	0.651104956828725
mort1237	-0.734793098179517	1.43242400635466	-3.83227423805571	1.95610369279111
mose1249	0.325258497510578	1.51297827717254	-2.59649356855796	3.43762937309266
motl1237	-0.271102005451846	1.18932057994875	-2.7090205603305	2.01025180082668
moun1252	1.10721690267469	1.29769624281529	-1.26921743250561	3.91957998595266
moyo1238	0.985872853359249	1.43318729355439	-1.57613628305853	4.17139122157394
mpad1242	-1.36884714722841	1.42566534883464	-4.44213731830684	1.1530966541023
mpii1239	0.267575668017445	1.36770184601497	-2.36019320031571	3.12915870942318
mual1241	0.787690205244463	1.25744132008815	-1.48266785127095	3.49028970342152
mudu1242	-1.56118967064889	1.45556296648056	-4.69586792954736	0.989693867421894
mull1237	0.333333679782731	1.55308053758516	-2.68950925740384	3.61513011353853
munc1235	-1.18509052687729	1.32110275977009	-3.96170873328689	1.17943900611242
mund1320	0.821731866713202	1.50237695427192	-1.92743252891801	4.0290312506148
mund1325	0.792301581366203	1.20802460471697	-1.42654608572125	3.30769955858844
muru1274	0.340684611142493	1.455098950796	-2.39001082853306	3.39948680696906
musg1254	-0.212983262661885	1.21608758931614	-2.61968473899492	2.20116118558859
mwag1236	-0.634457766043623	1.24441930657875	-3.20917144405373	1.70414296477183
mwan1250	-0.444376331563907	1.47965961847513	-3.59528269140645	2.35799591578904
naka1262	-1.39231374941925	1.42191317135612	-4.52440945197085	1.02443346667895
nali1244	-1.61018157709908	1.28181113493425	-4.29809254692516	0.665747894907229
nama1268	-0.792670043929164	1.11617857074757	-3.08387117371662	1.30962447238233
namb1293	0.720032853108543	1.49708381001924	-2.06481828989224	3.89515393008293
nana1257	0.104714550389809	1.583364461076	-3.0361213533561	3.28506732703547
nand1266	1.01896708322118	1.53732647019371	-1.82287092650235	4.34946949598535
nang1262	0.201818674707751	1.2382322652219	-2.14490626215183	2.74425716705468
naue1237	-1.06655850117975	1.44406622530568	-4.08759354732337	1.45717465619226
naur1243	0.898548469894652	1.38521686866513	-1.67515060578101	3.9239067689553
nava1243	-0.914623776335488	1.44101774981965	-4.04133590319518	1.70473689755191
nawu1242	-1.13381428431681	1.44464642698535	-4.25805653404111	1.4308956023328
ndog1248	-0.750737567023323	1.43456668913627	-3.9401822123797	1.84271918895756
negi1245	0.271679191655433	1.56158837166793	-2.79546713092317	3.52661184549421
neha1247	0.664209477125074	1.38940793952284	-1.92201825924738	3.70347339507763
nend1239	1.16053989992866	1.40067071648447	-1.36670404296362	4.15123663833549
nene1249	0.0269791147509966	1.61947096854976	-3.23364539187365	3.26430244349147
neng1238	0.439071540062771	1.31307093527423	-2.03081969668336	3.21119516041869
nenn1238	0.716434430892736	1.48269510404553	-2.02803529314515	3.87558418351344
nese1235	-0.797930194985822	0.918515724125018	-2.6448718141696	1.04338105589519
newa1246	1.39960707840666	1.45384054300149	-1.1288222083627	4.55514582536912
ngab1239	-0.166688790408127	1.4213300160047	-3.01273905411923	2.74851426239107
ngam1268	1.18175906016796	1.26141504541774	-1.11493526200109	3.90574777224456
ngan1291	0.0532265758321558	1.56866742942378	-3.04749828206677	3.22697293328996
ngar1283	0.247328245404104	1.54585698102078	-2.72093618298739	3.29047054853833
ngar1284	0.180655332720935	1.56495963282305	-2.88903130517827	3.42214184597336
nhen1239	0.442304463566284	1.54644613876067	-2.48441915876346	3.76949873445647
nige1253	-1.0707046162664	1.40571728962868	-4.11158016569702	1.43164631133237
niha1238	0.215666272177939	1.60382747463845	-3.05964670779488	3.50593756419374
niua1240	-0.585320347619882	1.38395526969211	-3.58579330102177	1.88301072695164
niva1238	-1.13126384558638	1.49958800643107	-4.31160166778954	1.59076035253274
njan1240	0.00696783385404138	1.19240018607395	-2.43236985748305	2.33624037584232
noct1238	0.980891602134919	1.42166234027843	-1.59701639324918	4.02485024748719
noku1237	-0.979039417849042	1.20052821539494	-3.49685140900493	1.21681516105598
noma1260	0.0932893432102646	1.35042905864233	-2.45678553059947	2.81286931706442
noon1242	-0.825245086969065	1.43851343577708	-3.81891761394846	1.76439050234613
noon1243	-0.0575018871364415	1.11430536183758	-2.29828814431255	2.18430072300855
nort2671	0.0336124137351368	1.63308676486067	-3.26511183175667	3.38327018399597
nort2684	0.0252979472578473	1.39057110131245	-2.72390381408326	2.89843754193014
nort2690	0.0187818284318582	1.61366223304436	-3.17147502627977	3.33494902637132
nort2697	0.511150205009075	1.52412209172977	-2.35559259033359	3.7535402505014
nort2702	0.276280432838602	1.51629597520705	-2.65192997898438	3.40461757195391
nort2722	1.06023958493928	1.39960100997946	-1.4404911575079	4.05226289694438
nort2723	-1.36237810775521	1.32870907777669	-4.15274503633033	1.03936082819364
nort2732	-1.73009985684917	1.49214686432378	-4.94225220705982	0.87434726116887
nort2745	0.251526713227666	1.50230149646657	-2.69467795937287	3.40160529072728
nort2747	-1.15750068363247	1.45900646413362	-4.27722932937704	1.45802725128359
nort2774	-0.878216789589887	1.458892172013	-4.08575379193908	1.77888130594036
nort2775	-0.545073810451843	1.42636852969967	-3.56531637229363	2.19506220863954
nort2845	-0.750948619591963	1.40412711683273	-3.83065721598348	1.84161925526821
nort2885	0.991703504027024	1.43687272054859	-1.57814825292391	4.08358265134776
nort2930	-0.973700112299459	1.44121530672024	-4.1079079344207	1.65026118047811
nort2938	0.434956617404274	1.47552002311271	-2.33650188372492	3.59434399093645
nort2942	-0.69812449859562	1.4746057044004	-3.86453017744352	1.99928570080597
nort2951	0.535334239373808	1.50627043898055	-2.31923582374414	3.81266262130284
nort2954	0.400898721415651	1.58472710388643	-2.59394019764493	3.74599629888826
nort2957	0.606790023862679	1.32832676508979	-1.89331019438759	3.3799503428523
nort2961	0.268554092858878	1.51225574822784	-2.60117607544151	3.43092514085439
nort2972	0.358132457907177	1.55187768849161	-2.62385600424589	3.62123684743052
nort2980	0.417214710703668	1.50004099313911	-2.44840063219412	3.5948438278039
nort3139	0.481814628216518	1.42433222785057	-2.17209237288306	3.51183820856384
nucl1235	0.574321738481304	1.4574191691098	-2.09452177914872	3.66958188043529
nucl1301	0.0546786041029183	1.54204923419823	-3.03643130853728	3.19227190212427
nucl1302	0.512034955626356	1.54999669675746	-2.413527040382	3.66326657898872
nucl1305	0.130087698319696	1.56040047532947	-2.92523116018413	3.25387471794681
nucl1310	-0.478932408563636	1.18235489192024	-2.8090533740872	1.89430312353086
nucl1347	-0.874250802934291	1.46500049989318	-4.09405282589231	1.84605250105848
nucl1417	-0.395653781659455	1.16457521870383	-2.83076280991758	1.86969418375728
nucl1458	1.11513651606081	1.49191145352516	-1.60982023502264	4.28208338502564
nucl1593	0.0957361704241621	1.37860345879179	-2.62037994046472	2.86067918749726
nucl1622	0.446768608644384	1.52780452840167	-2.42206073095635	3.58918022889657
nucl1643	0.269463343072943	1.55164171326745	-2.69325478289624	3.49455441677295
nucl1706	0.317277462007924	1.50278629702734	-2.61741334522421	3.38202987715727
nuer1246	0.258671791002439	1.44343979808454	-2.49749997951098	3.26543602202205
nukn1238	-0.124025427226438	1.1195731936856	-2.32078313519655	2.05648730098055
nung1282	-1.26428965751277	1.23121606080381	-3.90288280468428	1.01524343355094
nupe1254	-0.946376422767357	1.49774260630173	-4.15595725934163	1.73447544715168
nusu1239	-1.50223907102434	1.21770266152817	-4.00809819599382	0.694705504516353
nyah1250	0.664504662449789	1.44580015397459	-2.10143361586316	3.67741441473727
nyak1260	0.972925795800368	1.38227530985628	-1.47369789720467	3.96555316938629
nyal1254	-0.631814719281156	1.31184822672272	-3.39873993320481	1.9085119434018
nyam1285	-0.85434431928889	1.29633121089005	-3.5782464098817	1.54770999463596
nyan1307	0.410965758158673	1.3491828705091	-2.15350671273273	3.13833237716916
nyig1240	0.211151196727352	1.56450701117515	-2.89823146536242	3.44284969574226
nyis1236	0.157496760243637	1.20833282134925	-2.22710915955996	2.56830065141043
nyor1246	0.398472314416294	1.32560773921429	-2.14940779668859	3.17253964671458
nzak1246	0.325366161278694	1.1932213271936	-2.06607996925735	2.70352567106866
occi1239	-0.931000449151723	1.4438825864289	-3.9735078615479	1.70003642469802
ofay1240	-1.25927567142062	1.45728800449424	-4.31141125215041	1.41420240635083
okoe1238	-1.11487268165637	1.38855593756562	-4.07765242626992	1.33675805679311
onon1246	0.345533045103853	1.522058394623	-2.60260960060609	3.47794007324971
onto1237	0.880428105657965	1.40479347450698	-1.72043533642983	3.9376043274032
oriy1255	0.86997254471413	1.46952032725927	-1.77607870730119	4.00853336078092
orok1267	-0.91966317332973	1.39732102729748	-3.81729083477363	1.68475107828521
orok1269	0.608199535461079	1.37238464182822	-2.04024705906933	3.50013307271856
otta1242	0.240060587302149	1.52764630137943	-2.73624723599468	3.33666492412242
paaa1242	-1.33134761911322	1.4208308968783	-4.40120665265313	1.16359941953567
paas1238	-0.904986609587491	1.42636372994891	-3.95114937871672	1.69643043487311
paco1243	-0.0344903633870264	1.29479247721515	-2.56499982932309	2.55826444614137
pahn1237	-0.390150900934995	1.17036201850104	-2.70108071954628	2.01805067113811
pala1344	-0.786590721648365	1.41264678649339	-3.8475422909073	1.81933241361822
pamo1252	1.17252355463357	1.43824783239954	-1.33605056068497	4.35280390760061
pana1307	0.459666854759373	1.43669251044421	-2.28866675673287	3.45606135313557
pang1287	0.92443568010982	1.44277527486035	-1.63691221035273	4.04167786316602
pang1290	0.200925479644046	1.27433087956077	-2.1951999138621	2.82489378012653
panj1256	0.459504178447317	1.52480672506212	-2.37852465935866	3.78082203179689
papa1238	0.634476102989865	1.44229362288575	-2.08273453896247	3.67962483283015
papa1265	1.08355581972399	1.31253695351276	-1.2949059208028	3.87545434515027
para1301	-1.52860418872366	1.39267132823542	-4.47739583033615	0.891462397951686
para1302	0.99090559218906	1.38023120345504	-1.56526472939161	4.01840642893797
patp1243	-1.07994444589457	1.31627128208753	-3.92817339017139	1.28971772806545
patt1248	0.630437489770098	1.48443501960536	-2.1394354715319	3.82765193101427
paul1238	-0.988024761964546	1.33109945696414	-3.85465158195919	1.41000221970852
pech1241	0.502812792778727	1.5357238750672	-2.46562923464615	3.72888898110392
pela1242	0.121887155151152	1.21185759025726	-2.24927481951397	2.49433934923239
pemo1248	0.320918545308335	1.51363487726177	-2.48447458365704	3.51759193259349
pend1242	0.919058968772256	1.40891823386552	-1.67716338377891	3.96466613155163
peri1253	0.0919309010785206	1.58267538351683	-3.03617163971889	3.27195042576203
pila1245	0.279969761871348	1.44179358266769	-2.52143219257624	3.26726722416325
pile1238	-0.0131082397797771	1.1602231539367	-2.32186675781062	2.25827113009961
ping1243	-1.06962848516679	1.43891258817875	-4.06334304985392	1.47029207860931
pite1240	0.0414022739144011	1.58892348261954	-3.16719584795327	3.28127577385843
pohn1238	-0.795018221803848	1.46073552034978	-4.02308619712441	1.86866484551144
poli1260	0.236584400475932	1.5231292101122	-2.68668430723558	3.42401068589544
popt1235	-0.676121152723698	1.37657344467553	-3.59124179903679	1.87505661727894
port1283	-1.04534210831294	1.42477855381067	-4.09751278085485	1.49608189375028
port1285	-1.7662993701403	1.05261197175792	-4.06715870445968	0.11269746596462
puka1242	-0.976447354227946	1.41499198325287	-4.08378017360684	1.5790022756728
pula1262	-0.354090394370738	1.44854557654631	-3.38091099786004	2.41248282766802
pula1263	-0.694326737719342	1.47371559100394	-3.75041762204016	2.05843270823842
puma1239	1.60461790841403	1.41690822184014	-0.86396574339242	4.67373678875644
pume1238	0.336020300403365	1.50684013960558	-2.57606348291293	3.42630431148924
puoc1238	-0.215163530692789	1.28001176508932	-2.77032444574387	2.34690888264482
pure1242	0.0815212000373133	1.47287666793575	-2.71551566281439	3.07982105626976
puri1258	0.584628956085031	1.49559189624796	-2.20907946493261	3.71334799772189
quio1240	0.640836077829429	1.31305273284548	-1.79261565769202	3.39520707756903
rabh1238	1.10031551635958	1.43087947802282	-1.49593670453987	4.25071255548671
rade1240	-0.695630640831106	1.40929940246253	-3.68573443383268	1.94239771772958
rama1270	0.0478232455944695	1.44380051187488	-2.76585122335499	2.98953537948714
rapa1244	-0.753450693267417	1.41951877871455	-3.76006087292173	1.79182189536435
rapa1245	0.948179397790864	1.42158985551745	-1.61629481276995	4.00981285996538
raro1241	0.933811820439376	1.40617237274809	-1.63849355673913	4.00116764230843
remo1247	-0.817430713637708	1.36592625184526	-3.7495695398245	1.7173200475744
renn1242	-0.55014447821057	1.35898332614579	-3.39355306396841	1.96466754610714
roma1326	-0.550015406798657	1.33306177847075	-3.32537865378125	1.95967004134044
romb1245	0.307490028646255	1.29884800208502	-2.22005856495008	3.00105021927119
rong1264	0.0339218684007919	1.41672871960895	-2.72564882745682	2.9775424113951
ronn1241	-0.688448816901046	1.26109419288294	-3.31816339380581	1.68726980444349
rotu1241	-0.955517603917709	1.45793048622403	-4.07450692543396	1.6565037929175
ruch1235	-1.7433076573291	1.46887510605313	-4.953553395403	0.76413384298489
ruka1240	0.131821712824279	1.24003542255552	-2.25863836018137	2.5944316564994
ruma1248	0.0976350078743622	1.23172277118793	-2.32412727583702	2.58528656083162
rung1258	-0.863885925409844	1.54292804519352	-4.19145446055988	1.94924828897432
rung1259	0.447680272838343	1.26323277036397	-1.94053003294006	3.03469569102103
russ1263	0.224010062627801	1.48188463853523	-2.55173338553303	3.34708391001981
saaa1240	0.933617898894915	1.25807278492128	-1.36524910288635	3.66614359897727
saar1237	-0.286686401945466	1.15916048657701	-2.5946901382359	1.99385814718626
saba1267	1.28142664731967	1.36254217053355	-1.12548519279478	4.26855472535786
saba1268	0.442925720955645	1.53075152231579	-2.46150956760618	3.65612276975424
sabu1255	0.854698983625291	1.32524140633672	-1.54016972853103	3.73292247017403
sais1237	0.430755324024322	1.36330975822986	-2.18098944358108	3.27488174155899
saka1289	-0.881463793897668	1.05751880909179	-2.99285559314501	1.12884638254341
samo1305	0.902255779721938	1.43550478240232	-1.68823898477864	4.00348281874117
sana1295	-1.40352309272918	1.4809982159164	-4.61036275234065	1.30791415520454
sanb1242	0.224701566942568	1.49962948234458	-2.58911501214418	3.32781451536274
sand1278	-1.15677526639794	1.4579871652226	-4.32679058369007	1.47610676906176
sang1321	1.06095289204938	1.35211869318677	-1.45635142383556	4.04488675775223
sang1331	0.836619427576758	1.42942488198763	-1.80918254244301	3.80342417597243
sani1269	-2.34610124736392	1.43129883845582	-5.37997875352705	0.0662390756806066
sanj1284	0.173694215001365	1.28051643089083	-2.28359398986044	2.76679437501893
sanm1295	-0.934479364299383	1.27129563785669	-3.55973457853759	1.43429201255995
sant1410	0.971115089700231	1.49378576223653	-1.77043338581663	4.25776357455194
sant1436	-1.75018181039265	1.41161425595984	-4.76263499066096	0.779728358695821
sanu1240	0.377429340437785	1.51311655971481	-2.54945956831734	3.51358873719601
sapu1248	-1.063505370009	1.33973229995696	-3.83024206444601	1.42155940524257
sara1321	-1.11382315811101	1.46182286316183	-4.23314966919135	1.58557711921536
saur1249	0.894308051732596	1.49392939094326	-1.86277924365583	4.06213049127242
seda1262	0.136762330697563	1.326018544894	-2.43195097564002	2.87898694606627
seim1238	-0.52628145331775	1.38617759553787	-3.52048018721885	2.05711290497894
seke1241	-1.68947212715856	1.14997035969342	-4.1181662337783	0.391802630434549
sela1259	-0.752127773609853	1.40310652557803	-3.75602791833726	1.89058762379529
sela1260	1.04710036939388	1.41932790110452	-1.4889622662949	4.10757942338853
sele1249	-1.20747848325057	1.36404732927837	-4.16943593932352	1.22827216475597
selk1253	0.0584234805377704	1.58238748696443	-3.12409008143187	3.27334854567074
sema1265	0.106813635348227	1.39597969786775	-2.6057569054096	2.91943375912502
seme1247	-0.267824842108578	1.35068889390751	-2.92752107161938	2.43717614563033
seri1257	-1.0728145828159	1.50649842739084	-4.34109825266128	1.65007476893909
seve1240	0.270069911784191	1.49781754020157	-2.57391759042586	3.40308482332172
shab1252	0.261247066114099	1.51750692634696	-2.75829253029188	3.36207429144846
shee1238	-1.32930770550385	1.50944201358904	-4.65555592968316	1.29586054028194
shil1265	-0.979086785399463	1.46889846259317	-4.1404787617972	1.7032843682061
shix1238	-0.824496970740887	1.25827080080273	-3.42187987061771	1.6047503278321
shon1251	-0.955702557555645	1.41472049023391	-3.96691303180235	1.6146740687856
shor1247	0.0780172407807575	1.58005079509524	-3.02465881718219	3.30767795393956
shos1248	0.145351923531377	1.55729566835468	-2.8334847350913	3.41032808597084
shwe1236	-0.283950455077423	1.21348644923554	-2.79274781753638	2.05883206680345
siam1242	0.506770896215773	1.2897237521523	-2.0021091800301	3.08635139903505
sich1238	-1.53133270117335	1.36116017950929	-4.44275855738616	0.909336255687376
sici1248	0.806144513870584	1.40114752034199	-1.82210139234446	3.86298204278757
siee1239	0.0524545069486936	1.23221771995818	-2.31793005104153	2.55497982609348
sika1261	0.944592474109916	1.35538867502288	-1.52505849427473	3.80530121893883
sina1266	0.888432906583722	1.14204898389335	-1.21366501164755	3.28340987309509
sing1264	0.967946224099144	1.44151968488865	-1.64837216076713	4.08085076616035
situ1238	1.13247116622618	1.39963183664521	-1.36894374898917	4.15016598918391
siwi1239	0.487520088447619	1.48371436633414	-2.28903821622338	3.62221784535876
siyi1240	0.897290081639287	1.41867644574238	-1.735240339532	3.90983478559248
skol1241	0.0204756570772647	1.64263096927384	-3.23193980088068	3.33085843547659
slov1268	0.165797964196625	1.49692615697429	-2.67551034191984	3.16124898235524
soch1239	0.692180971330751	1.35688603181546	-1.80382654088199	3.56060636274801
sons1242	0.955299516821884	1.40161790044887	-1.60513269713198	3.96898813683732
sooo1254	-0.39639992775792	1.30596365879229	-3.05318002633619	2.13341317217264
sora1254	0.739483467299614	1.45702687672273	-1.89822021702135	3.87240065774134
sout1528	0.300420940373284	1.55368086086889	-2.62788152964098	3.66560462895556
sout2649	0.446377650503466	1.49147196763953	-2.29909429955237	3.7103491020915
sout2674	-0.0527363739262206	1.59573359291809	-3.16641541202471	3.27998714072756
sout2679	0.12136468609898	1.58796812390257	-3.00201779526292	3.29666016683913
sout2728	0.990597131962241	1.41902448258006	-1.61869050760361	4.04874882603237
sout2729	-1.21495883523325	1.2338744512589	-3.68989072744283	1.06355720583744
sout2782	0.645925181058459	1.21395867712276	-1.66888547053142	3.16349869193858
sout2807	0.604566251500972	1.47194924721691	-2.03651220055704	3.78657398760158
sout2895	-0.91675509541711	1.32031625566933	-3.75978474569834	1.4790490480998
sout2918	-1.50595504296491	1.36234408901578	-4.44177770896765	0.836930292821145
sout2956	0.43924581133039	1.46686991175842	-2.29172973040857	3.53411154235922
sout2959	-0.709546251296675	1.46751816358939	-3.86473286712942	1.95461192401938
sout2985	0.659762805347947	1.44570251557492	-2.08477936237629	3.76920797834675
sout2994	0.290694256352777	1.51146422284103	-2.60784374713586	3.46552759965698
sout2996	0.325332641648938	1.51787745341307	-2.51998199190197	3.4360788977704
sout3236	0.611180542528562	1.50586915021958	-2.21577625404587	3.85622181245973
sout3261	0.431963935331632	1.54962053458982	-2.62405444424286	3.74226232346247
stan1289	-0.951616421266937	1.42590429219427	-3.8936799212989	1.66934296688656
stan1290	-0.994092765953638	1.4637048368841	-4.16077996295391	1.69589602003857
stan1293	-1.28536603060011	1.49690340710612	-4.53688842270889	1.39063287214803
stan1306	-0.806857411691099	1.41515193654799	-3.83298162502043	1.71747771547643
stan1318	0.42887487087586	1.49188834183126	-2.42298320622705	3.5780811984383
sund1252	-1.05026403534226	1.37788324057483	-4.04423604756984	1.40996010507463
supy1237	-0.43566799439003	1.4156132232757	-3.45081340250165	2.18881409059557
surg1248	0.0522602892129406	1.57792248124799	-3.08198095000416	3.31087806967527
swah1253	-0.453680347431909	1.3106991192128	-3.15317507574657	2.06432373142226
swed1254	-1.32551326893705	1.44757866152107	-4.41845167597451	1.28723654949005
taba1263	-1.2591722953072	1.55816683383911	-4.57779399091311	1.55436801285377
taga1272	1.06449643066683	1.42402245988063	-1.46411260806108	4.16266518283281
taga1273	0.948203571468088	1.39649759839317	-1.5816737918625	3.94936942962264
taha1241	0.41577269414939	1.52387941313695	-2.48629641728466	3.69799806183875
tahi1242	-0.751086226411902	1.42496623023719	-3.85098972615159	1.8456294539171
taji1246	0.975728312235142	1.41931064051584	-1.62421419378681	4.10864503996089
taku1257	-0.543498851561141	1.34116497650791	-3.39286353346331	1.96287402667043
tama1365	-0.695617162822376	1.28093762468434	-3.355488602513	1.76180106151972
tamb1254	0.999306579815599	1.23215060967541	-1.2049905493501	3.61459942013456
tami1289	0.0979295412205594	1.59433947350022	-3.00799961172433	3.29014687879043
tane1237	-0.955511614086204	1.30486078078796	-3.78000733048317	1.43087527711761
tang1347	-0.979362215671474	0.938471227476764	-2.90562889353292	0.777512540795679
tang1373	0.575448451001162	1.47521105876284	-2.14747610974376	3.72947652309101
tang1377	0.942258080104398	1.42761887554815	-1.69628326686037	3.97727830802413
tari1256	0.53486871941484	1.5048185219831	-2.35447486381548	3.81543652510619
tari1263	0.460364899796426	1.46286781755756	-2.28500832041684	3.5541386495922
taus1251	-1.47838916362427	1.3660572018408	-4.37341736521553	0.957123238900356
tawa1286	0.581213096967696	1.52981775475566	-2.21735629678197	3.89476098135493
teda1241	0.366122086101916	1.53745513224527	-2.48331857824195	3.58146405399338
tehu1242	0.340543220848523	1.49491473813577	-2.54946455054203	3.46461333230504
teke1275	0.58425139396951	1.37534836012656	-1.9823511506692	3.52012536333741
telu1262	0.168865815144653	1.6289107815766	-3.02475752658002	3.56308612274149
temo1245	-0.682692165674132	1.34520317474285	-3.48004088839831	1.84379750727129
temp1235	0.378117632897972	1.178851177591	-1.88192595803065	2.76604897988852
tenn1246	-0.306507145486301	1.48896763515817	-3.33854668964578	2.64520535555824
teop1238	1.18688619400282	1.34552870766277	-1.15172664528933	4.11042551971798
teri1250	0.271457753567079	1.4638343309686	-2.53533703800241	3.28374960421854
term1237	-0.229131461841509	1.28035844433543	-2.76656677934981	2.20519119588618
tern1247	-1.42427851994447	1.55425001314285	-4.79129235025252	1.35059388711756
tete1251	-0.437089025050245	1.40785796780746	-3.31323382323238	2.34426680349483
tezo1238	-1.0991517216575	1.34461928375138	-3.89321127669897	1.46965351973715
thad1238	0.984716172240478	1.43192854679852	-1.65547113151834	4.03487699931917
thak1245	1.0495028117345	1.41803576361017	-1.48479161142609	4.08090026605692
than1259	1.07123181993972	1.49596669446487	-1.61473351863473	4.30042977363361
thul1246	1.44831261804618	1.41870272558304	-1.04266841350482	4.56186878866436
tibe1272	0.629140533404471	1.56365377202267	-2.41156094595494	3.92103143483094
ticu1245	0.265264526282542	1.54360935503275	-2.67952791100058	3.43719193373477
tief1242	1.07178889069225	1.29066925303933	-1.31873731371661	3.77956140190427
tigo1236	0.309908727392644	1.13999226965209	-1.84069252563476	2.64346927651984
tika1246	-0.388608315606643	1.28785617503925	-3.01058035186202	2.03690366032762
tiri1258	-0.00112879114125126	1.16900156033215	-2.3351904516388	2.2815133812013
tita1241	-0.956362997079624	1.17612832040193	-3.46443813835073	1.22424016613684
tivv1240	-1.05025864634678	1.37093411980779	-3.96690186173133	1.46549164225153
toab1237	-0.163656310260254	1.16583639214051	-2.50535600225248	2.10153849894039
toba1268	0.178103714174211	1.51213740880626	-2.80117455792048	3.26776356042954
tobe1252	-0.653801591161689	1.51430884435658	-3.74039595129207	2.25991965131876
toho1245	0.0426503634725142	1.50067913216516	-2.9196368930989	3.07331808719431
tojo1241	0.00397199536690689	1.36712892179646	-2.74275590858211	2.75394892674549
toke1240	0.896648978693682	1.37715876341478	-1.64232651105618	3.81121155037604
toll1241	0.43142802770108	1.55548361184051	-2.49673597033668	3.69160343664597
toma1245	-0.498076711402137	1.5171080304518	-3.68722871671577	2.38890373165432
tomm1242	-0.136743710707587	1.39302537482978	-2.9520353418611	2.64168285873314
tond1249	-0.433256607075395	1.39104996759411	-3.28754872937788	2.30412862927591
tong1325	0.91865412662156	1.35954129657378	-1.57558778656454	3.77508582183461
toor1238	-0.27175605956251	1.28390114731484	-2.94226292572164	2.1791310105471
tosk1239	0.787307730961213	1.44001643397076	-1.8424436834236	3.87127216113063
toto1302	1.21950112437432	1.49689445154218	-1.43213744630806	4.58479042212429
trio1238	-1.30283071115965	1.49730240519214	-4.48737332126621	1.40667265110303
tsat1238	-0.777764686215801	1.42988622805931	-3.84639873702728	1.84403427594442
tsix1234	0.855055873223531	1.459390065789	-1.85307891230566	3.97928408870248
tson1249	-0.664592055339676	1.31422588817749	-3.36684482947286	1.85772813256569
tswa1253	0.350113116274239	1.32477727313748	-2.15405542680781	3.12300142648612
tswa1255	0.111013898747665	1.2820842101724	-2.36406183360284	2.71516538690252
tugu1245	-0.98315236990672	1.39039057459719	-4.07587084881621	1.52301235306702
tuka1248	0.885979388581511	1.43728803398003	-1.7192774653299	4.00305185888018
tumu1242	-0.960369466708161	1.40662443221884	-3.95273766438828	1.62690166610759
tung1290	-1.37768875754371	1.42526787341068	-4.4232354317226	1.1777698087049
turk1303	0.0565497286537779	1.59989789530197	-3.1663958053297	3.26362961288102
turk1304	0.0211320058958952	1.56956800317921	-3.18512271174437	3.24883623960069
tutu1241	-0.947295725363764	0.942794211444049	-2.88351128260051	0.852773210673672
tuva1244	0.904817036423184	1.44363149962575	-1.71739384140336	4.01899217125531
tuwa1243	-0.754105438852929	1.05507763816411	-2.89981477563553	1.21945152374953
tuwu1238	-1.20114857821474	1.35701313762843	-4.09470908304523	1.19121143190141
udih1248	0.126784267146094	1.60902166309534	-3.11148457459978	3.48693344339662
uduk1239	-0.191999473726011	1.48599342896777	-3.22627941602198	2.7526436331096
ukra1253	0.232840496672901	1.50944726382416	-2.68131644133383	3.42255052108168
ulch1241	0.286659689613006	1.52750898740719	-2.64857453399146	3.46011430047941
ulit1238	-0.899820827215654	1.38331405725172	-3.94697561983338	1.66342465859396
ulwa1239	-0.966967959651054	1.4258719430016	-3.97488023646906	1.60622380574058
umes1235	0.0470040901943564	1.61767711850041	-3.14677770153777	3.26411991970868
unua1237	-1.59535329547903	0.990447562041759	-3.67982097164574	0.206264003092701
uppe1275	0.675089453656987	1.33914172452048	-1.77228402891424	3.51773843652433
urar1246	0.32784452012919	1.55066208818167	-2.64854029529487	3.48124037170106
urim1252	0.425606484537804	1.33024741250242	-2.12919404341407	3.13342442303075
urip1239	-0.965973072606656	0.918761542936393	-2.81079207049541	0.828857491203875
utes1238	0.152437763520053	1.55186733979405	-2.90790596293093	3.44586086406717
uuuu1243	-1.6737652531489	1.21774733244032	-4.3548350149248	0.52100994173321
vano1237	-0.910271357994651	1.27935418901644	-3.59279236694919	1.45693611754377
veps1250	0.0560395018640088	1.61201687631847	-3.17730993913057	3.24864286769594
vera1241	-0.691641011200849	1.14488099526454	-3.1017130390721	1.42497317614538
voti1245	0.0589632754915487	1.58290727477646	-3.01971775725074	3.35458364600741
vunj1238	-0.649618339976477	1.40378513654584	-3.56652621817491	2.04706651984041
vure1239	-0.686882335868534	1.14454162838821	-3.0952751630467	1.43311971654872
wage1238	0.416723961412012	1.55721763689213	-2.54301733888034	3.69295537650909
waig1244	0.66709257457558	1.38938422268554	-1.9084447818414	3.66696525575866
waim1251	1.14469152630053	1.25961950952641	-1.14552140246835	3.8390002607435
waiw1244	0.375707609659666	1.48127313790731	-2.39386798304194	3.47589869908446
wall1257	1.01545664312772	1.37522178046997	-1.50167583285848	4.0387797127303
wamb1257	1.56871519346098	1.44126091520092	-0.921911507895304	4.8789895117467
wand1278	-0.740787176563398	1.20209000401777	-3.14286230128113	1.54000582439034
wang1291	0.187123869446918	1.54358440774342	-2.81922899825466	3.35130427430285
wann1242	-0.409607915339437	1.47811482427107	-3.54927560517438	2.40069066952797
wara1294	0.692897974906594	1.52172238072077	-2.13617245051156	3.92810324549625
wara1300	0.863554708319199	1.39968487279056	-1.68997319389875	3.92062281860988
wara1303	-1.22360274767867	1.55469714205308	-4.6399587832143	1.54617425117394
ware1255	0.399749173402541	1.5183301874491	-2.49304361974327	3.60195667829606
warj1242	1.17798254559958	1.41046893742495	-1.3916982207988	4.28922331414832
waro1242	-1.50363023512453	1.42793644369849	-4.6115643377673	1.03088667310091
waru1265	0.214775421701622	1.53251065611718	-2.76700272878822	3.52374479353083
wawa1246	0.398804201531412	1.26701585787651	-1.99755322063187	3.01769142308941
waya1269	-0.133531059355357	1.45415866465814	-2.99378559415638	2.78907316349735
wayu1241	1.54120550331939	1.44687055343473	-0.940239633970933	4.77722184711331
weda1241	0.0844645711186508	1.14824171399666	-2.18005766641312	2.39848435478934
wels1247	0.0989079833678411	1.45598183397667	-2.78513297163494	2.96869889301926
west2354	-1.61757304951772	1.50868880339805	-4.91607152878825	1.01689543126829
west2369	0.267973972809939	1.53793081513161	-2.727517589237	3.53009128673792
west2396	-2.12445179196209	1.46247331207444	-5.31098627166597	0.393307185886264
west2397	-0.110696011209441	1.29059900606644	-2.80154308717015	2.4260158803395
west2418	1.09618003554094	1.42942415457357	-1.49001938550671	4.13267937222703
west2430	-1.77975144134919	1.50428517061538	-5.12406097397967	0.743171572020244
west2516	-0.906446613154943	1.24831764328279	-3.59426254924427	1.33274084563145
west2519	1.32015417105186	1.37913526358045	-1.18790281834934	4.40448810600943
west2548	0.17599756965504	1.31840338883073	-2.35627479342392	2.92063651406402
west2560	0.964364916521725	1.20959912346112	-1.23327617304362	3.55547846426212
west2564	0.26932556823162	1.21233409455637	-2.13748735857572	2.71082736800812
west2594	-0.0477224948326477	1.44886008988854	-2.90548159075587	2.91283859655678
west2763	0.437055603074619	1.4700967263474	-2.38641097093654	3.49219606253049
wiru1244	0.296142435629569	1.4024310713468	-2.51450523910088	3.18321825274841
woii1237	-1.46559632594605	1.42527810886162	-4.55992419608918	1.05048712973022
wola1242	1.2716131960757	1.51214780544611	-1.50756259334355	4.50972439565358
wola1253	0.94381874473239	1.45820723461404	-1.72380292305124	3.99877366359326
wole1240	-0.720310004515465	1.3882719489015	-3.71709043254908	1.83216927552702
woli1241	0.910217141361664	1.44831473928687	-1.69438344423605	4.0612288079507
wotu1240	1.13091186134857	1.46838461638745	-1.55037195265874	4.33602075760198
wuch1236	0.373955852635176	1.45065726214416	-2.38921965133876	3.49513351367242
wudi1238	-0.618004296802159	1.24395919477554	-3.12371369151553	1.75398315293759
wusa1235	-0.808597073272593	1.29522455016886	-3.55853444004877	1.67052316092959
wutu1241	0.689444480914973	1.4420180928925	-1.9263777972274	3.83020172985717
wuvu1239	0.556347480929892	1.35364092373218	-1.92652250131881	3.41910067106515
xara1244	-0.249841423904316	1.15955898458514	-2.66087306262501	1.99811759919238
xish1235	0.448262615953797	1.36802291042401	-2.16086506558249	3.27285477806066
yaak1241	0.882178090018869	1.47881953061378	-1.77535290243275	4.05985458776213
yagu1244	0.41595573471111	1.49352559773774	-2.50330362774051	3.47909313763098
yaka1277	0.81256418847179	1.41889749267941	-1.8371958785539	3.9207422397346
yaki1237	0.278988119781341	1.56822308023297	-2.65793539017973	3.52094341200118
yakk1236	1.42870667818726	1.41371361013617	-1.05774472504719	4.48761328731638
yaku1245	0.0582809683212831	1.57882850347625	-3.063333374816	3.26710712086001
yama1264	0.299539074732715	1.50138362700221	-2.57154212323491	3.33440703232622
yami1254	0.684404087945177	1.37753574689397	-1.84375134317939	3.70782567327489
yano1261	0.429500217921551	1.48761571362529	-2.41325083731261	3.55351530333902
yaou1238	-0.245605623472676	1.46921170496281	-3.33604908368321	2.5083778813611
yape1248	-0.94935568080949	1.44648268179398	-4.08518052009866	1.58325672462214
yatz1235	0.401989623730887	1.27604380427384	-2.06077095966982	3.04188299389701
yaul1241	1.03657397697649	1.47426705437694	-1.62127657590675	4.26400980911872
yawu1244	0.209110947981502	1.56805947902673	-2.80838521945997	3.43169276484293
yecu1235	0.693508542221869	1.46257892230955	-2.01130261543759	3.73865030839444
yems1235	1.17858425527266	1.51206470757519	-1.48545983396062	4.33024878928975
yeyi1239	0.959049045624446	1.43627217553384	-1.64738274453823	4.10324492702815
yidi1250	0.228217627179288	1.49754681094646	-2.67133602574918	3.33238732791184
yind1247	0.190746534930209	1.54385153084996	-2.81623905873117	3.37514486473623
yoga1237	-0.818771678697568	1.08751949574043	-3.0823317022444	1.21772130797947
yong1270	-1.19606336370207	1.24290730133532	-3.76387107760729	1.02737403119407
yong1280	0.394836194968179	1.48307453580935	-2.39929239652706	3.53646371739819
youl1235	-1.26341631868198	1.08317121772591	-3.49255180944101	0.771013661631263
youn1235	0.284089060100494	1.36788509592884	-2.41620331476495	3.02227215317818
yuca1254	-0.822797710566665	1.44872167178959	-3.91485404059839	1.83783159720326
yulu1243	0.43760603418298	1.37171459580288	-2.18552643326593	3.28022579461644
yuqu1240	0.104643663030695	1.51926868830692	-2.87711313403769	3.2284997017534
zaca1241	0.622791882538629	1.34167693634939	-1.93453153930601	3.50021535405478
zagh1240	-1.377092016564	1.55852147512112	-4.81747409945596	1.37054356005213
zaiw1241	0.00863752838663893	1.24617520381664	-2.44452137077828	2.55006499465045
zapa1253	-0.992872551639948	1.44677634210506	-4.05323663078721	1.66367701472427
zarm1239	1.39219001491309	1.50872450524472	-1.21807426618298	4.63113569378779
zaye1235	-1.65529993444933	1.27262471668297	-4.31698101149646	0.615782846057174
zoog1238	0.431145603977629	1.26792637778812	-2.03417471855451	3.08433901656937
