Estimate	Est.Error	Q2.5	Q97.5
abar1238	-2.01749941101662	1.72481136315138	-5.7903548182894	1.16066839666903
abee1242	-1.76402140703596	1.60803003076713	-5.04816411705163	1.27206194309247
abkh1244	2.03216062928405	2.91861349515987	-3.08707689568831	8.60627981959816
abua1245	2.51928846068237	2.78366923162281	-2.40153018221682	8.50020938570438
abun1252	-1.44330461812458	2.58285112054445	-6.94639568181039	3.2958976239222
acha1249	0.15554031507007	1.63402035243424	-3.13959460474729	3.36841031007084
achi1257	-1.87336755809007	1.61325724946839	-5.2570677480176	1.08027084216466
achu1248	1.82844932239221	2.16649771404357	-2.19253728990269	6.5007877708873
acol1236	-0.579349448126816	1.81515822970714	-4.26566631546976	2.97531385358055
adan1251	2.13863903015241	2.83601195486536	-2.96845935934697	8.46261539239911
adon1237	-1.66374028389611	1.65286938189045	-5.02895298124819	1.47004353217971
afar1241	1.33808716033272	1.82182815290914	-2.01517263449871	5.16974972230435
agob1244	2.62354858015396	2.70369579406458	-2.13112799891917	8.43961734059866
agua1253	1.82291333941215	2.16615283430795	-2.19112694978599	6.40405213359786
aheu1239	-0.631048219793078	1.67356797850311	-4.0202244531284	2.59984661634624
ainu1240	-1.96387015864407	2.94861031355377	-8.43495305401535	3.18920333491214
akei1237	-1.84505459142704	1.64279453922674	-5.34456837677287	1.19084434791125
akha1245	-0.27883760207352	1.63551489664547	-3.64483170154513	2.79250984136906
akoo1248	-1.80627444225243	1.63249509715653	-5.31308021233786	1.20866484300707
alab1237	1.51795307885727	2.11280781988273	-2.40716466607856	6.08763022041151
alab1254	1.32508525123262	1.8009190934884	-1.97335686511636	5.20420185442894
alac1244	-1.01189099874692	1.98144147479225	-5.14356881930487	2.80591506883748
alag1248	1.24958163642112	1.80786206718616	-2.11738545533639	5.08207266485314
aleu1260	1.4904172180936	2.17789598387136	-2.60947636776065	5.95821432274566
amam1246	2.89286313336295	3.17153503092853	-2.46878402058641	10.1474291978719
amdo1237	0.912139132800933	1.70118410193349	-2.34788530592548	4.35719508312803
amha1245	1.09599591775262	1.75488139597551	-2.24188670771377	4.74094840998754
anei1239	-1.29574715014602	1.58437911806837	-4.54693986753057	1.77482555472363
anfi1235	0.561561824787191	1.95922726310641	-3.24854929652814	4.57777844175066
anga1288	0.711410972412603	1.70019101040922	-2.61498791318876	4.14080158805398
anuf1239	-2.080478768773	1.64081163998467	-5.53814480001841	1.01039197987544
anuu1241	-0.322734870298525	1.74970315421313	-3.95499225088282	2.9753822784582
aona1235	0.740835810030373	1.7146272444682	-2.67905200353732	4.14696516256826
aoua1234	-2.67320946534537	2.11500929566757	-7.20339125021765	1.13764148425088
apat1240	-0.373681425810854	1.68802617685507	-3.91253295301702	2.78598213162598
apin1244	-0.715988089492302	1.93965878047545	-4.72364709137384	2.96953286885199
apma1240	-1.76895784195444	1.64684896542818	-5.33564289270372	1.26589394862284
arak1252	-1.87213383547414	1.64077236714704	-5.31335889990752	1.21059964276205
arao1248	1.97352287243361	2.17912567587397	-2.07016695080199	6.56022253813038
arap1274	1.98536222779973	2.12888100684294	-1.88680783614727	6.6416245833305
arch1244	4.67838450605518	3.31458979572494	-0.573232825363135	12.2925881286896
area1240	-1.5381734519668	1.61734269682806	-4.84820067849552	1.53624589451095
argo1244	1.08808410747693	1.7486553296822	-2.23655850146112	4.78372209697516
arhu1242	1.81010228196005	1.90594414174457	-1.88533133566265	5.78957958573335
arom1237	-0.911095338745805	1.63124529408777	-4.25699771506144	2.18029360955388
arop1242	-1.93598069958568	1.66573888958212	-5.49556667484669	1.18530256817253
arta1239	-0.962342944537338	1.59856319838264	-4.25281713520018	2.23538670725799
ashe1272	1.74151723078149	2.2241483205026	-2.32503899164973	6.38432594911389
asoa1238	-0.499637037159532	1.62690407436603	-3.65582329716802	2.82081335338112
assi1247	-0.208560974988798	2.02455588975241	-4.37652907028332	3.60634736832462
athp1241	0.921789034415515	1.72959462682287	-2.54199872608464	4.42901354349185
aton1241	0.553416960300701	1.74009597727647	-2.93146088772616	4.0330311508909
awac1239	-0.904151124159914	2.20741230950326	-5.57693655850631	3.12687856545725
awad1243	0.646759601704886	1.77671196894923	-2.73665281460485	4.33507653027818
awtu1239	2.67221481097321	2.76672279953556	-2.20258813772752	8.59584902385392
axam1237	-1.7468543691285	1.64265445515788	-5.20436722507257	1.34905171187827
axiy1235	-0.467025651941963	1.66726801272272	-4.04784819591943	2.58573691795279
ayiw1239	-1.29353344366704	1.63664635442906	-4.66952891415684	1.8585658261265
azha1235	-0.448446661719547	1.66121185376116	-3.92651596258039	2.56099605111616
baba1268	-1.74603128340362	1.61189488159249	-5.09023011375915	1.22022676535472
babi1235	-2.07409321805548	1.97863040336281	-6.22815530565977	1.52730497359967
bafu1246	-2.09303601992737	1.76452151245402	-5.76759158235843	1.1171614438648
bagi1246	-1.18498509526436	1.56803610058614	-4.45077287817722	1.78391782755249
baim1244	0.90996228303799	1.71449817580844	-2.43344516123096	4.31922585114929
baka1274	-1.26304362374314	1.61364192592688	-4.64474061376282	1.76707372422584
baki1244	-1.78921564262619	1.62920334792981	-5.27620519632156	1.20976895935281
bala1315	-0.705889299214152	1.6374628285132	-3.91131433325215	2.67876868732437
bala1316	-1.66951904325639	1.62113737226944	-5.12765585567816	1.30255275055508
balu1257	-1.56402125687705	1.59731353902203	-4.96847912038108	1.46577904533457
bamb1262	2.38704605565145	3.79040802127319	-3.92868127740912	10.9397839224383
bang1354	-1.4243534927965	1.56269490838751	-4.81551791777067	1.45625646620561
bang1363	-4.55392855479056	3.42722765125112	-12.1524643768945	1.07418060963002
bang1369	0.171082018669502	1.72746381344687	-3.33200258346272	3.43469732007797
bant1281	0.875600095143826	1.73671718290187	-2.51705426040463	4.34395651749055
bara1357	0.928567305027618	1.72264777391615	-2.5088701573214	4.39873653428033
bara1361	-1.78796482539448	1.59826995110213	-5.1072721575561	1.24381982123155
bara1370	-1.03312751928099	1.61657340531814	-4.28997422509386	2.15218303672006
bare1279	-0.659236681213345	1.6649037687797	-4.04899164898562	2.49044850670031
barg1252	1.07998348944787	2.06114647458501	-2.95274030327846	5.3145726546411
basq1248	1.52020832759178	2.89597991682935	-3.64524006387204	7.80859649592135
bata1289	-1.40041673548154	1.62427105864752	-4.76441462128049	1.7644064775021
baur1253	1.75000699592827	2.17003238271067	-2.12473373915612	6.41070652631732
bawm1236	0.786089712216144	1.68447370350761	-2.61381519717798	4.12492043394143
bayb1234	-0.982609458277882	1.53910231641992	-4.08667666151065	2.12513707356499
beem1239	-1.28514278991079	1.56841204671324	-4.58432065832701	1.6981526286473
beka1241	-1.02559082956071	1.60929635670799	-4.18074041525662	2.18590211464167
bela1254	0.464855055580066	1.74128070490324	-2.84507262119054	4.06098018207139
belh1239	0.921464766899792	1.72901233100651	-2.60359387323815	4.43441951530643
bell1243	1.35662411023188	2.22373268000286	-2.93561195256671	6.03251815643989
bemb1257	-0.577158612132846	1.5548615176519	-3.65713941546978	2.56231405625512
beng1282	-1.8007772425686	1.62864928088739	-5.21076927673345	1.1730089135079
bent1238	0.334842847691361	2.24717519201385	-3.94680797311409	4.93307130600462
bhoj1244	0.713202685343771	1.77912734235383	-2.69792125119514	4.30448444650961
biaf1240	-2.02860018578774	1.63642602696861	-5.45926331550841	1.0997718542472
biao1253	-2.48588279481207	2.05321924472141	-6.81629870715456	1.24791008169598
biao1254	0.00843237746993283	1.83158743941982	-3.63853883774962	3.74757911125837
biao1256	0.0568359498239122	1.80418552219941	-3.52307758495715	3.6889597466472
biat1246	-1.04443039283431	1.60263891243796	-4.1604036802179	2.09473811336796
bidy1244	-2.47666772590715	1.69694207456628	-6.1239403751714	0.592313100635777
bili1260	1.21586101716886	1.8218750741556	-2.19350308911197	5.053403019736
bini1246	-1.75648251467722	1.63846947015844	-5.1513796844774	1.36620278461104
bira1253	2.3302234802151	3.87272300037654	-4.00376046779635	11.1965192088292
bisu1244	-0.181996171916275	1.63291600157821	-3.56180911295528	2.8680168229892
bitt1240	-1.31950065852985	1.60261364991256	-4.63220946389525	1.65042675593348
biwa1243	2.63859973959318	3.00761889386195	-2.77977479323459	9.33985696006277
blan1242	-1.30254266205455	1.59868491838548	-4.61907801848352	1.65276965883593
bodo1269	0.546682274527459	1.72569050020396	-2.9038355987912	3.95572392152768
boht1238	0.894852612754166	1.68376971042497	-2.27646996089687	4.28478327206035
boka1249	-0.321017391559639	1.68227198980828	-3.81084491280281	2.839544570606
bola1250	-1.81830346429265	1.65601844439859	-5.33561538357295	1.30065411623225
bolg1251	-2.56127002515769	1.70603058675693	-6.30241829249361	0.376130446027772
bolo1262	-1.20023348268332	1.53622498214965	-4.40611299778533	1.72557492840577
boly1239	-1.3832794301372	1.70899110145087	-5.01128446301106	1.72641603585875
bomk1234	-1.44922626620239	1.59655554409079	-4.61485635128042	1.72820489068446
bona1250	4.20837867638973	3.18747259567891	-0.901543443680681	11.4484324243211
bord1248	1.60597110577913	1.83134248539273	-1.98898380697278	5.44715493681424
boro1277	0.673021243559332	1.95706261457434	-3.14818256156112	4.73947364681314
boro1282	1.10966930652016	2.21048033976877	-3.06389477324316	5.85129202515421
boun1243	-1.78587447959245	1.62012048146267	-5.14957620476893	1.36229496499297
brah1256	4.45618559118016	3.15228710530365	-0.588730007626337	11.6032156480952
bret1244	-0.227044539254933	1.71328794636432	-3.61640946358274	3.23563231094897
brib1243	1.70679671671346	1.859918903749	-1.86134950620904	5.58124361778107
buga1247	-1.38840438606616	1.70632535954433	-4.9792626905202	1.71881656922838
buga1250	-1.84840543588303	1.64555786514349	-5.27683287058324	1.23709217703539
bugh1239	-1.29120660978963	1.60684902605224	-4.61360641338738	1.84571235413779
bugi1244	-1.05579144107204	1.64180524060287	-4.35200061784128	2.19808038802733
bugl1243	1.47176669642217	1.81193772185518	-2.0622208822891	5.1573061780568
buhu1237	-1.58971985391593	1.6425178826108	-4.96474524355733	1.55245900203432
buka1257	-1.0342032837659	1.59036828410223	-4.09925675029781	2.17315627282256
bull1247	-1.44697015772798	1.59216156484287	-4.62047348478342	1.71247721083196
bulo1242	-0.816676850706997	1.6577605517908	-4.23759043764592	2.31083987760114
bumt1240	0.798297858307567	1.72842615619584	-2.63852487299634	4.19341425087612
bura1292	-1.16125576268235	1.65333588544968	-4.73987688188975	1.84753268307365
buru1296	3.08274947670515	3.60971166025895	-2.91453794142647	11.2376011108644
bush1247	-1.48389564054672	1.58098546647323	-4.815901872447	1.37945888698531
buwa1243	-1.57804980685788	1.75441907128834	-5.35287975234665	1.54514948300888
byan1241	0.49348614309065	1.67534253777872	-2.89283913561729	3.80109219662354
cabe1245	1.71021473062786	1.85877638306227	-1.85874818512365	5.54925669233301
cacu1241	1.51969171802905	2.25938129191048	-2.82677968409648	6.23537684518375
cahu1264	2.62444493403363	2.06845267998371	-1.1895454219305	7.13327801364891
camp1261	-0.95985307732742	1.60471007873577	-4.31576550580849	1.98710089341883
cane1242	-0.478130311622587	1.92969509491098	-4.38386099901048	3.21297869638922
caom1238	-2.40078967088254	2.0497077912872	-6.77373817945757	1.30413742380867
capa1241	1.97029664751385	2.15286777579745	-2.04324022255235	6.51366234273858
carn1240	-0.970826601328511	1.71796805092288	-4.58244154281094	2.28383687681928
caro1242	-1.85369480445353	1.57828656087633	-5.16139511920267	1.15825358003168
cash1251	1.96971031421306	2.16261947111032	-2.01728314568314	6.55118684691117
cemu1238	-1.37958482871466	1.59787439753485	-4.68390537282709	1.68315591236368
cent1989	-0.336318746405537	1.69161632813322	-3.70781533702355	3.05360500028635
cent1992	-0.814554772137031	1.65904736981055	-4.22850185168095	2.30661829281173
cent2050	1.0549852319548	2.06528122796934	-2.8719906510872	5.33962638305264
cent2084	-1.27295884670807	1.61628920639516	-4.5915674562218	1.83408248441522
cent2127	1.48031061214874	2.20823723113821	-2.73558603798576	6.05059293223892
cent2140	1.35494810558503	2.20971960323907	-2.76449214672222	6.05801067309755
cent2142	1.36711419025189	2.09952286372639	-2.60839403136763	5.77206375782422
cent2150	1.79381976263839	1.89498875328123	-1.84938567750913	5.67324456382376
cent2292	-0.906467887361027	1.60257803451479	-4.06986595521095	2.36556709056048
cent2314	-1.155060019218	1.71408728555985	-4.73129896143297	2.09449824714282
cent2322	5.38575196725923	3.219994442476	0.297892173495581	12.914328388784
chad1249	0.208200969521137	1.5520285834656	-2.92162478271808	3.24452168816066
chak1270	0.362319986958326	1.68528911548063	-2.98341939389664	3.71049124954459
cham1309	4.70637773560628	3.30493173929819	-0.533315141370119	12.348881883096
cham1312	-1.16084487518944	1.62330239875815	-4.43479166673602	2.06101131845987
chan1313	0.542852237486331	1.7716561006172	-2.96130264529311	4.02556076502545
chec1245	4.68512943730798	3.32486547736769	-0.61703303707141	12.3321863772354
chhi1245	0.915057485816151	1.73045078942341	-2.53272363703403	4.48784544809186
chil1280	-1.71467262018386	1.91842616524743	-5.73980888468284	1.84021919245016
chim1302	2.0092069784329	2.14750914440201	-1.89618910663994	6.62687295041157
chip1241	2.07528192267153	2.09524415049037	-1.62327452177224	6.59513844475487
chip1261	-2.04921355024829	1.9655365261642	-6.1525667641281	1.52700446682481
chiq1248	-0.838168726022544	2.21138537624234	-5.59690560080289	3.18022156877864
chir1283	0.702098047021372	1.69651170962055	-2.7235543251598	4.06475859497994
choc1276	1.52103349116795	2.0914820861003	-2.36685564391273	5.86552132795579
chot1239	0.70403884834652	1.73401363820261	-2.795504008103	4.07844468226351
chug1252	0.377732482566232	1.78080390846536	-3.13208529795649	3.90746092237156
chuk1273	2.24168806070235	3.06026142252265	-3.00145449560188	8.95414887212963
chuv1255	5.02219909564129	3.22801694218162	-0.189211417978753	12.6208653849592
chuw1238	-0.36502301337929	1.48948511802614	-3.22990125167654	2.71955801129369
coca1259	1.54138195104967	2.06295453062597	-2.34205854132532	5.90284951081031
cogu1240	1.80599977398754	1.90710568393561	-1.88251534808417	5.72847112553403
coma1245	2.60945623916609	2.05745726807945	-1.12068792515299	7.14175930781292
copa1237	-1.03013394757329	2.00991071717959	-5.30959464040544	2.74219878752949
cori1240	-1.98332280681412	1.69556908350724	-5.55433590921993	1.03509221459408
cors1241	-0.964229012531455	1.62286885548374	-4.3077192982735	2.09978486737198
cosa1234	0.0111667570182709	1.59997074666495	-3.24756515031168	3.06073481416324
cree1270	1.54470270757985	2.10087690498881	-2.33675453971417	6.02177502030964
crim1257	5.02925685018235	3.22970678370419	-0.156445334011875	12.8539299772554
crow1244	0.264196403463682	2.02791211539033	-3.72502090864732	4.22340007813073
cube1242	1.07603660045036	2.23930114920157	-3.10860452352032	5.80193205693777
czec1258	0.462101587215767	1.74853796635006	-2.90174325217818	4.02785868733845
daai1236	0.447998021814919	1.67777292829575	-2.947702750527	3.69460898320015
daas1238	1.34966748504477	1.8105371094068	-2.00445016509338	5.18398727573899
dagb1246	-2.36332345810312	1.69074348547477	-6.03137655656491	0.672009291429202
dagi1241	-0.488553517862475	2.42574269137714	-5.3631314134835	4.39330955460478
daka1243	-1.74315267700782	1.63883277480405	-5.0990673139698	1.33107557255173
dana1252	-0.985738000073265	1.59625515442524	-4.29351667714115	2.04102902489357
dani1285	-1.07408426527897	1.69721267751928	-4.60020690585129	2.11873753163202
dara1250	0.705753083480366	1.78661580327797	-2.68828647451598	4.36593035719177
darg1241	4.6891713370913	3.29546090877299	-0.537098419290063	12.3665819150027
darm1243	0.406036541737357	1.66962143802549	-3.00628053203797	3.62640462835464
dawr1236	1.08984072403738	2.05983778890769	-2.74873289945414	5.33209684301778
daza1242	1.07490193370887	2.06271257918579	-2.76947751337537	5.37067467094871
dege1246	-1.95171877684307	1.6838358236514	-5.56846745803841	1.16448220009933
dera1248	-1.50890431862316	1.73073938945573	-5.24341371412592	1.60165926902007
dhao1237	-1.08204270764941	1.60248510619263	-4.20374417652544	2.1308625468137
dhim1246	0.413737765442891	1.75963994914199	-3.09447280405438	3.86940580844371
dido1241	4.69850291489362	3.27548209109672	-0.433508578205432	12.3870869817668
diga1241	-0.0165761154938885	1.73802015548138	-3.71858374715648	3.2599830272542
digo1243	-0.610758307256902	1.50099890837928	-3.60906654359826	2.40114740456974
dima1251	0.543228950077572	1.71011364727047	-2.87381098194095	3.96707491996047
djam1255	1.86532318726695	2.61483516221164	-2.93986743494212	7.43944043208868
djee1236	1.81754062100823	2.69853040030358	-3.21863776245733	7.60280724714347
dobu1241	-1.18434829784792	1.60624208076777	-4.44753449314369	1.94981915580793
doro1266	-1.59884233780745	2.60266759917449	-7.18137023712787	3.3678481830838
drun1238	-0.0195611994745801	1.7110484534157	-3.5772875800386	3.2731269432695
dumb1241	-1.70821905639243	1.59906711561508	-5.03662974298704	1.32405206235793
dumi1241	0.915037374990308	1.73338827448391	-2.50752208329007	4.43395936188088
dupa1235	-1.05916067083345	1.61263508365334	-4.36596873315698	2.09494909071853
dusn1237	-1.73982885926304	1.67978042721894	-5.20473987027219	1.39409838057443
dutc1256	-1.38030250183653	1.7455355852263	-5.11907589908097	1.83147216752968
dyul1238	-3.69644399074339	1.93913810025707	-7.85984518038808	-0.153178732445179
dzao1238	-0.00542846419777043	1.82123776830201	-3.6358470404376	3.67033959344528
east2328	5.39984437094345	3.21134248742496	0.320926689839098	13.0202736007393
east2342	-0.921037733049401	1.82794014556304	-4.79944832575032	2.37390986254876
east2447	-1.66533264132287	1.55278450970438	-4.87556714897411	1.27527604206405
east2485	-1.10308181143056	1.6384759341022	-4.39033692325188	2.06337049488684
east2555	1.52884827325814	2.07687059062954	-2.34578763974026	6.00599217048398
east2556	-0.0976631323729507	1.82320238487774	-3.68466665603084	3.62675974282692
east2773	0.933287875889726	1.722617608098	-2.3600793689968	4.40255631652141
east2782	-0.847845542545711	1.52240761892498	-3.8563480202694	2.11085958473971
egyp1253	0.341187728340424	1.54391981874295	-2.75496742443595	3.30831835283611
eipo1242	0.909997682806257	1.95650093335287	-3.01037213907537	4.78687910607803
ekar1243	0.178419805501698	1.96305667988514	-3.86377227968066	3.88469722652533
emai1241	-1.83942977744296	1.63644058297123	-5.18628004699289	1.18789281408638
embe1260	1.69085851177238	2.14023637903585	-2.38627498892054	6.24971050278935
enuu1235	-0.24139499392382	1.62526690779915	-3.59211250886102	2.80722592596438
epen1239	1.69080675291784	2.16144687190223	-2.43742450167317	6.20457363483685
ersu1241	0.476463109795706	1.6742740010045	-2.90432498030031	3.79936573144201
erzy1239	5.42763075446349	3.18250590653415	0.410332100032319	13.1026199750914
esee1248	1.97469005443278	2.17423537361139	-2.01747921197586	6.46359926516195
esto1258	5.42181099613346	3.18710409641693	0.394062804318346	13.0820812145262
even1259	4.29865059770968	3.14649312904516	-0.840788858230806	11.3986404190305
even1260	4.30443422725481	3.16392379885377	-0.751185950347126	11.5926778364781
ewee1241	-2.1300123869106	1.6586113963182	-5.63347430802816	0.889382601216985
faro1244	-1.05165836580398	1.66570615332682	-4.51418718210126	2.11821722447319
fiji1243	-1.54100318168854	1.57378274806325	-4.68003101143248	1.4588148466071
fili1244	-1.32472847857653	1.57618190000202	-4.49305338519187	1.71136579816079
fina1242	-0.89999760545869	1.60232699512633	-4.07374325026229	2.38911009414655
finn1318	5.42698224557554	3.18437463980784	0.36337417903827	13.0906746590458
fipa1238	-0.500625626860486	1.53311902189416	-3.55698878343631	2.58460313360079
fonn1241	-1.66251213952268	1.60708113509135	-4.95615835467683	1.39113514689358
fore1265	5.3651059252222	3.21863506025968	0.143199763919356	12.9168310611796
furu1242	-1.2209018594535	1.55310478460461	-4.44835014196184	1.67671736199985
futu1245	-1.92373200349305	1.57255635892773	-5.27251383753428	0.938738591600689
fuyu1242	2.86535924085161	3.18486857452206	-2.6387148265501	9.98497776472449
gaga1249	5.04096579172842	3.22681341765998	-0.112621397544408	12.7966778070633
gahr1239	0.722250135881424	1.70983043457487	-2.66200816396462	4.20458177941715
gale1259	0.145173413295586	2.09628325585566	-4.23659994918372	4.15406776449082
gali1258	-1.41911137779556	1.62282749946919	-4.88570725755473	1.56359888405896
galo1242	-0.273730128611428	1.68379542436299	-3.76077138597732	2.91351207522351
gamo1243	1.09395147010371	2.06245822116381	-2.75930199369377	5.34529713444221
gang1266	0.624220825183513	1.68327904571725	-2.70912383970451	3.97562795236022
garo1247	0.525787731094138	1.74695140289481	-2.98753417988639	4.04053408807371
gata1239	0.0311383509342919	1.72059374057744	-3.20183864341494	3.58181657955996
gayo1244	-1.20409322482398	1.62519548355185	-4.5069329999236	2.00264846383103
gbay1288	-3.73175674897889	3.42771548323198	-11.7249296189091	1.82901754616596
geba1237	-0.95275910058672	1.83595206144557	-4.9770809789491	2.28870021958958
geda1237	-1.26044823258436	1.59005802019594	-4.46351303315659	1.82021956179526
gela1263	-1.27137130586419	1.60239291991897	-4.54409515082609	1.85422110803302
gheg1238	0.49966085706666	1.84424216523934	-3.02833877088337	4.3622035075208
ghod1238	4.69572465883555	3.29265063116004	-0.547873689793458	12.4825815986875
gilb1244	-1.94549721487823	1.62983179934421	-5.42923852745051	1.11557395370159
gily1242	2.32096858701707	3.34399697514782	-3.56122686776551	9.83163206377973
gira1247	1.06549531182011	2.07787603196266	-3.05120369497158	5.24090358287526
guah1255	0.971171970113839	2.20150453113156	-3.13883713968054	5.69802061822126
guan1266	0.261524487050553	1.66297512621513	-3.14442183498478	3.48407698218754
guat1253	-1.01674759301496	2.18245636217453	-5.69351905090149	2.96659243619331
gube1234	-2.49235023288145	1.67937134640072	-6.13849687416592	0.541339196286974
gude1246	-1.53168004944175	1.74163425102549	-5.25774975127042	1.60579162609997
guer1243	-1.09138208412612	2.03948933810621	-5.39798638027602	2.68192929668963
guhu1244	0.871994767742796	1.96126741213243	-3.06100751664839	4.76789466737403
guiq1238	0.448672520882526	1.6738473398329	-2.91707066561156	3.78527900892759
gulf1241	0.365676645449424	1.5355656316052	-2.67141289998662	3.46754197328997
gumu1244	2.12294546773813	3.14947616794628	-3.09290168468338	9.24247142136494
gunw1252	0.837715990605301	2.57616881132388	-4.19972819266328	6.21789883357354
guro1248	-4.30672763340268	2.05721059239933	-8.72786246660834	-0.701115877004547
guru1271	-1.57817316431305	1.77809635911892	-5.40720709690609	1.72527412534022
gyel1242	-1.88545905763678	1.64103375037859	-5.32948820429537	1.0997532160997
haaa1252	-0.517615734028298	1.48852444426021	-3.39692553064063	2.51892803244053
hadi1240	1.32092254200918	1.80426205190963	-1.99538427441486	5.10796939552213
hadz1240	2.63586386576031	3.77250745801472	-3.5495420487877	11.3507147024691
haka1240	0.778120697110342	1.68986778434345	-2.59530159823775	4.18766505303275
halh1238	4.2113301209553	3.2016661153134	-0.942777676165036	11.7005951363569
halk1245	1.39120532511073	2.16869681680198	-2.67383880622088	6.02501478486749
hame1242	2.29911394798881	3.73520952483447	-3.99593767602458	10.461072076837
hani1248	-0.285059708731397	1.64415649605617	-3.73181530704574	2.74454068548903
hano1246	-1.79178946000795	1.6390160650486	-5.23489951248064	1.21772050173395
hass1238	0.216320169231379	1.54053520397542	-2.91184375555518	3.15322016583396
hehe1240	-0.450850031495343	1.50180529558613	-3.33514240787865	2.61382291974043
hela1238	0.905003700548337	1.71257487452215	-2.42497306355278	4.34675038701586
here1253	-0.882161774350232	1.56210369775699	-3.97465191965496	2.27438591933509
hida1246	0.257746529923854	2.03362884078464	-3.80176500399177	4.32583033340041
high1276	1.12302771231611	2.21463938588579	-2.99361904009653	5.75814076147087
hind1269	0.659350051732613	1.79329206259126	-2.76651475160721	4.32574606704781
hixk1239	0.772553938166304	1.91468502368749	-2.96822837042516	4.66537732609703
hoaa1235	-3.74216658208914	3.29217850916443	-11.259425107601	1.73647344779253
hone1235	-0.924337854649654	1.53332777575285	-3.94022084666963	2.18121403415803
honi1244	-0.0885964535220611	1.60439061810759	-3.31938772255364	2.93172806939962
hopi1249	2.62753185722811	2.06410447176818	-1.1068796681436	7.0535160190501
hote1245	-1.85328987054738	1.65462688952203	-5.32009376812168	1.2564242940119
hual1241	1.98677074835425	2.13689374206422	-1.93674707314297	6.5493303666894
huam1247	1.82801850697683	2.15865456553471	-2.18956075129353	6.41280446865861
huar1255	2.58979133683997	2.06178262341057	-1.24533950512568	6.95687341111984
huas1242	-1.21448991781089	2.0358613506643	-5.40399120676087	2.60003722385717
huic1243	2.62444683732073	2.06558698501368	-1.15260856580987	7.08277123428945
hula1239	-0.939122401663748	1.5671485758744	-4.05074587761146	2.15899873028538
hula1244	0.911652983468746	1.65980173353981	-2.17479458040795	4.38537108615058
humb1243	-3.2443832805465	1.96921490356195	-7.45043530804978	0.320155390252873
hung1274	5.36955470090705	3.22471945246974	0.286327342079274	13.0405269590501
hung1275	-0.640812675632916	1.67458969741176	-4.03223281357488	2.58268124280687
hunz1247	4.69060225064169	3.26697473280936	-0.546163031015749	12.2050436143191
hupd1244	0.959987140650112	2.22108304912019	-3.25744171188519	5.55619179323206
huuu1240	-1.18278158731182	1.59020000494348	-4.48809283524094	1.76408768365232
iaai1238	-1.70528105950024	1.63115867637075	-5.13074157718058	1.42565619651997
iatm1242	2.5080663407714	2.84188685647238	-2.50523876463422	8.81338729321341
iban1264	-1.67131411467445	1.57417487894825	-4.94140488490019	1.29105057815036
iban1267	-1.48195475627667	1.62541147869973	-4.89870067299058	1.59280608795478
ibat1238	-0.954804856077017	1.59012411587152	-4.12445619500625	2.22878613019582
icel1247	-1.05180930584558	1.67252124001063	-4.58526382802191	2.05069919226668
idii1243	2.62247257101783	2.68687331305038	-2.13537305157428	8.49305103702965
idom1241	-1.96726079732526	1.70793870709662	-5.6893504694911	1.20489106997733
idun1242	-1.16988498849492	1.58542505203145	-4.41385449077021	1.88737005668348
ikkk1242	2.5391759748301	3.56223236261527	-3.340461944969	10.6623516980486
ilon1239	-1.26956252124978	1.61301690589939	-4.67519071036071	1.84792673661468
imba1240	2.01062654918108	2.14360756355839	-1.92097731763665	6.62437456054464
indo1316	-1.76946250881604	1.56550688444872	-5.07351599134539	1.16094836929955
ingr1248	5.43198481327824	3.19084373080359	0.400956842930715	13.0392866327079
ingu1240	4.68273448790505	3.33576786713039	-0.627925842725669	12.3819406651385
irar1238	-1.67773034408157	1.63105853537189	-5.07410209336311	1.39789531507392
iris1253	-0.275236414522638	1.7292309437208	-3.76305469756088	3.14599589663557
irul1243	4.49833476635638	3.10414084407654	-0.424315232578159	11.6251077892203
isco1239	1.97277874537494	2.16633578450092	-1.9972574527544	6.6008987793082
ital1282	-1.19610624658846	1.61910589443611	-4.62854158027045	1.79007261981855
itza1241	-0.767118346481161	1.92452573753359	-4.72184920692609	2.86397538138453
ivat1242	-0.950705453511263	1.58842227549719	-4.14905109845766	2.22627842042086
iyoo1238	-0.210489175547501	1.94265064891084	-4.33724004046774	3.49549646138751
jalk1242	-3.9884326973739	1.98123316083058	-8.21905028364584	-0.356009537454017
jamb1236	-1.72147773470711	1.56572154192181	-5.04070889363594	1.21793075588577
jams1239	-0.646671738967204	2.19868167467906	-5.14748685989304	3.61039818612259
japh1234	0.271977158702887	1.64828096862328	-3.12711842414075	3.44942565235631
jaqa1244	1.37446975553028	2.09524830670341	-2.59821423324532	5.823793723854
juan1238	0.0333243179788731	1.69266441146157	-3.17506542353062	3.51974339754066
juku1254	-0.942201466187016	1.54603370702025	-3.96760638520102	2.17448851121108
jurm1239	-1.25612465222336	1.6123496545802	-4.65051447926497	1.7173460197391
kaba1278	2.01104544171919	2.94851496525619	-3.12281924313569	8.5810370971129
kaba1281	-0.953056151592907	1.52825251087205	-4.09507802229264	1.97298863006258
kach1284	1.04081624151809	2.09325632598225	-2.92984677700788	5.35039616162774
kado1242	0.277366599706225	1.69972656381255	-3.17222915986647	3.6315859293397
kafa1242	0.710142034646736	1.96845285698426	-3.0181703195777	4.79177667041581
kaik1246	0.781382995696157	1.71597056050951	-2.61473250447952	4.18210580432688
kaki1249	2.64414129152305	2.89961958508239	-2.47916250277027	9.05891083596238
kala1399	1.4764312952842	2.2104623135467	-2.61809245835309	6.05913174117094
kalm1243	4.21008537287182	3.18581913580869	-0.88402875442082	11.6545386969713
kamb1297	-0.602704931061131	1.51425246620691	-3.60028279306531	2.45938896180075
kamb1299	-1.18825901089187	1.62388343140953	-4.48480965845708	2.00051909389965
kamm1249	-2.46997401708593	1.71484993988511	-6.14224200093677	0.559284986255571
kamu1260	1.77606148417066	2.78545504006299	-3.26865749354936	7.94144386504195
kana1286	-1.80863098396481	1.7594466811774	-5.51375714431438	1.41868707370809
kank1243	-0.942420209348179	1.60573717966358	-4.15365491186213	2.25735668838391
kaqc1270	-1.1587939600519	1.99474668499895	-5.38530953507892	2.53857067368796
kara1482	-1.18771033514042	1.56608574707232	-4.44443594503183	1.80330003053391
kara1486	-1.8680626860802	1.65276231862234	-5.44369603300578	1.23731069642838
kara1500	-1.04346018111619	2.04178002503982	-5.35849881610361	2.73041335062746
karb1241	0.678714342952793	1.74057324460259	-2.79320319526775	4.19298993308942
kare1335	5.43294314161115	3.19314208714029	0.411888687132414	12.9782681623905
kash1277	0.672932942157246	1.77740787784913	-2.76658736995884	4.31809090186626
katb1237	-1.76203865771305	1.6337935410362	-5.26409751634017	1.19903119866448
kats1235	0.0870239157172622	1.63079212398096	-3.24954697641169	3.29264545817989
kaya1315	-0.980673755161548	1.79871589219472	-4.83217051694194	2.20888936758406
keap1239	-0.938172709739861	1.56461927817913	-4.07109589161572	2.19267622959269
keig1242	2.767021152928	3.74208646466986	-3.24231948648481	11.3438304554921
kele1255	-1.44251571702673	1.57628057005481	-4.74729586945291	1.44284010894406
kele1258	-1.876514027542	1.63921021498314	-5.45577383590085	1.19561140441434
kele1259	-1.33052079669615	1.62191927244063	-4.70543945664444	1.85582862909696
kemb1249	-1.33164028395636	1.57294693285895	-4.53470359483781	1.62255928154794
kenu1236	2.94286276407231	3.68910969925318	-3.09505579998683	11.4882004766103
keoo1238	-1.59928857211187	1.63260290798943	-4.94953671546084	1.46430034165216
kera1255	-0.584061010574714	1.63533535173799	-3.9755407267127	2.60717594772943
kesa1244	1.08683671938485	2.04785263130302	-2.90757055279805	5.18852141178247
kett1243	2.47103688146217	3.66365534454573	-3.83655428221849	10.6127580675227
kgal1244	-0.271264128025687	1.49069305207804	-3.17466597676268	2.74188680253053
khak1248	5.04070268372146	3.224560186201	-0.132318155225282	12.7145346202316
khal1275	0.913919424888283	1.73361033072073	-2.442839905229	4.4438497845776
kham1282	0.913822185630547	1.71288573109586	-2.37875982429958	4.37455149479784
khan1274	-1.32187637209716	1.60542057211767	-4.66882624334417	1.67383050369145
khan1278	-1.21377710067743	1.61108484362301	-4.52010841558097	1.93442407425494
khar1287	0.036712129940109	1.70325716886613	-3.21248446008337	3.480908767376
khar1288	0.630816026751763	1.68682861066671	-2.72279814598834	4.02227056972679
khin1240	4.6909877473793	3.29695376458622	-0.548374564194369	12.4100582348798
khmu1256	-0.770406463716344	1.66762557045721	-4.17367435260571	2.39996460239968
khva1239	4.70143459681776	3.29461199926654	-0.524151937971916	12.3571229982978
kiku1240	-0.591268699867454	1.50515713076444	-3.54041424737878	2.40549830829081
kile1243	4.31959347173789	3.13920396126695	-0.583832112681562	11.5002209377591
kili1267	-1.40812016479803	1.61075958031622	-4.63314157259831	1.69682288301297
kimm1245	0.0694456069470032	1.79538561325435	-3.53043111260281	3.77295113263743
kimm1246	-2.58254184378122	1.7144411199501	-6.29013388934498	0.430319390784037
kina1250	-1.21974452833224	1.57565606511883	-4.43942282196568	1.76168843158625
kinn1249	0.723765786853631	1.6952555387227	-2.55735823359219	4.07013906934686
kips1239	0.0252787469008929	1.95736246640571	-3.72577392748308	3.93276514898041
koda1255	4.51069963345331	3.12381462981533	-0.461538142886857	11.7871918354514
koho1244	-0.962308407445055	1.65845851438615	-4.41080071077693	2.15032262829437
koir1240	0.72002706589578	1.68357926368834	-2.68456840400092	4.09252398682162
koko1269	-1.41018712936881	1.61210990628935	-4.71498081910316	1.63045452280946
kolb1240	-1.712094124933	1.60136265131395	-5.02811059124057	1.40040747701568
kolc1235	-1.94064025955087	1.64897459142042	-5.37043665157836	1.00813354739661
komb1274	-0.0983633870729565	1.92975326246762	-4.16538941555081	3.57259394130392
komi1268	5.37915526823092	3.22317724251078	0.223946500940772	13.0205872272749
komi1269	5.3788880631352	3.22083506925467	0.242555916313363	12.9940870315943
konk1267	0.707258902784518	1.77050645138463	-2.60940680476297	4.3440778288449
kony1248	0.522829876146235	1.75862856380363	-3.05724659115214	4.07067448245298
koon1244	-0.855893276716291	1.52991684657046	-3.86350568884083	2.11000861573994
kore1280	3.08822414216461	3.45027610997606	-2.80959614938381	10.6952804354306
koro1298	-2.36835183115415	1.69063641151937	-6.07225466259778	0.691846425652991
kosr1238	-1.90375937623979	1.64481120255007	-5.35957700340387	1.17854462021808
kove1237	-1.68239306872963	1.64618189637018	-5.13964637078058	1.41396463091653
koyr1240	-3.25733443538953	1.9735454043388	-7.4062704148956	0.380670105148842
koyr1242	-3.25700143019409	1.97061395762007	-7.46493469364628	0.304244097386594
kryt1240	4.68133342065847	3.31508643524159	-0.619789231533522	12.4220517916084
kuku1273	1.89181593024013	2.46070143564045	-2.73224196759235	7.05223418272433
kulo1237	-0.73060946157285	1.73427451882277	-4.15762524179413	2.77871616938991
kuma1276	-1.40645666038597	1.60133775479673	-4.74075175957223	1.67400999276506
kumb1268	1.89294637449523	2.44928947305403	-2.70004555466642	6.96881904680342
kumz1235	-0.166293953215613	1.74597425992341	-3.66534475616707	3.2206918549513
kunb1251	0.841490028784699	2.55850694964414	-4.11208827333465	6.1277270707798
kuot1243	3.013801114331	2.84022775350627	-1.98676740964929	9.58024093293603
kute1248	-1.38904201651862	1.5642495942991	-4.59222128393307	1.60298908456789
kuyy1240	-1.01163365848016	1.64164545421791	-4.42113231627741	2.10283907129357
kwai1243	-1.78474135238454	1.61756825337676	-5.19745892090029	1.22015623095929
kwam1249	3.61917131557082	3.55208622183354	-2.1064443831511	11.7958879402413
kwar1239	-1.77540430547742	1.61620140474839	-5.27694223343989	1.19752380978461
kwaz1243	1.17039951589609	2.25475251167162	-3.22066049827421	5.92845443903703
kxoe1243	2.53854971401561	3.35850134974216	-2.90548808965441	10.3770914659136
kyer1238	0.903060646393183	1.71446973096837	-2.39987659972457	4.30347861371335
laal1242	-3.56477474726485	3.45491016258385	-11.490658928852	2.22123557614692
labu1248	-1.83434404478733	1.64456346300219	-5.27861417831919	1.16064986403865
lach1248	-2.67987631472145	2.10320251375962	-7.14667045626849	1.10901612200067
lagw1237	-1.36873578709666	1.7167615955748	-5.13919561596588	1.70905958151227
lahu1253	-0.295796273169977	1.65814791253622	-3.84804202288217	2.79668969629704
laiy1246	-0.647945508764096	1.62003046438561	-3.81506062319264	2.5676299264316
lala1268	-0.979205234671712	1.57685406673666	-4.11496336074091	2.05880728764238
lama1277	-1.57143415694621	1.64086178058257	-4.9717744709116	1.57858016986302
lama1288	-1.33208292636358	1.71256260398324	-5.00311756997715	1.80008198395738
lamb1269	0.632577875623933	1.77964178372504	-2.72474560768453	4.24444146522984
land1256	-1.49462170599116	1.59952056865211	-4.69059107792476	1.64189479321322
lash1243	0.0426935922722511	1.64543841469249	-3.29383011582041	3.24978481989596
latv1249	0.317776795313642	1.7595969496115	-3.09531576653066	3.92743440124114
lave1248	-1.09683904763653	1.68074944722935	-4.64103575196644	1.99503321392602
lavu1241	2.32149575405684	3.13349001334912	-3.31152103999438	9.37457610932312
lazz1240	4.30816147225222	3.48200737767757	-1.41596891808516	12.3528977846348
lele1276	-0.5920797301136	1.63474410288511	-4.01071927805704	2.51226220776522
lena1238	-1.59592635936384	1.60200146391356	-4.99701637660251	1.46683322263519
lend1245	-0.607086591523016	1.64967379593899	-3.9393756040003	2.7418475849894
lepc1244	0.792629551697789	1.75276828542901	-2.62959039184777	4.36710333778039
lewo1242	-1.79405478246222	1.61737985496021	-5.22871045911415	1.16983883375106
lewo1244	-1.5010607738013	1.64712056809468	-4.89718715621096	1.70283825428146
lezg1247	4.68756406679389	3.30126428079882	-0.588299832955618	12.5120465262945
liby1240	0.36725369256317	1.53477374086332	-2.73625620339571	3.41671310810126
lika1243	-1.66165574575969	1.63655721371937	-5.18302609700575	1.38743609624387
limo1248	-0.995684889537756	1.5852775927332	-4.17764630401276	2.25175913089009
ling1265	-1.79778385865511	1.650380374302	-5.24717358103416	1.27596924360711
lipo1242	0.107023004555783	1.6135187950914	-3.17116529497646	3.21086353559039
lisu1250	0.188736485502486	1.61810080248903	-3.07832390779284	3.37969914688607
lith1251	0.327747185374825	1.77309469954442	-3.08959546115852	3.94489763046485
litz1237	-1.80504189609933	1.64122755645858	-5.28742719847994	1.25753841703273
livv1243	5.42964864903839	3.18692811967466	0.409615790493528	13.1367526823077
lolo1259	0.111893448641978	1.61976231981467	-3.10944959857681	3.24224527510384
loma1260	-4.06029104932363	2.01125064465491	-8.37688093793097	-0.43386555788407
lomb1257	-1.14442873809757	1.6024331683698	-4.50091081650997	1.78911196927907
loni1238	-1.87383905420671	1.64106925887835	-5.32789858856678	1.24070111716011
loth1237	0.736306539127001	1.71278565541335	-2.67083602355209	4.18451845077654
louu1245	-1.6333163570921	1.60513422219486	-5.01067243279405	1.37524841568248
luan1263	-1.98124137147589	1.69745260880279	-5.62239926090505	1.2019574973642
ludi1246	5.42950400726135	3.18374096293566	0.409332268291772	13.0455460959919
lugb1240	-0.764610794278162	1.6905047396392	-4.10923204661789	2.61735842187946
lugu1238	-0.56218900159727	1.50557166017152	-3.56930273853045	2.42752450088536
lule1254	5.43439716135032	3.19753837992478	0.484728313602441	13.2521697178482
lumu1239	-1.35073044204536	2.39555096895234	-6.29008841198054	3.27118342742664
luok1236	-0.482493424385453	1.8281099693748	-4.12712491225583	3.12559586503538
luse1252	-1.50335800531735	1.56794121287697	-4.89571708306621	1.45133626794581
lush1249	0.788963224894226	1.6947203786652	-2.59791188282729	4.15690759905509
maan1238	-0.946363863980863	1.63579264376668	-4.25546052905109	2.42844726710867
maas1239	-2.62953122930874	1.68689162442359	-6.3362997242187	0.406461227076949
maba1277	-3.83727441865075	3.11706087514561	-11.0534131855252	1.29273214244885
mace1250	0.418628089095772	1.75073644708701	-2.91259771133609	4.00959124170599
madi1260	-0.980578836700197	1.68911053145842	-4.34436526272458	2.32613647065858
mafe1237	-1.74754950398326	1.61387007907742	-5.0336466040361	1.31902846824816
magd1235	-0.675491033470857	1.9230930774442	-4.553132505287	3.03842052607563
mail1248	-1.35576341710314	2.50789445816089	-6.80086704518468	3.10922252318904
mait1250	0.70416904654753	1.77062530514998	-2.70322923328701	4.28495960569133
maka1304	-1.93290716070628	1.64800384823596	-5.45087534565216	1.0300036200276
makc1235	-2.18632903233659	2.00982676092291	-6.30823309461203	1.41438270551524
mala1464	4.51838480636017	3.11316146955499	-0.428833909624572	11.5832316490051
mala1479	-1.76435603423656	1.5616814728361	-5.13004563459863	1.24857824344839
mala1522	1.80893579575507	1.90344891778435	-1.91441308979293	5.6885867268511
mala1534	-1.49459237272686	1.62586001194722	-4.94510131966215	1.5373263847536
male1297	1.8073684395348	1.87650091883031	-1.82551089001821	5.65063684759548
malg1251	-1.02674904123409	1.64981705220749	-4.60371207833327	2.00442705198343
malo1243	-1.4625525232646	1.62281755179916	-4.81709578441743	1.61992360177123
malt1254	0.356485270598953	1.5460449841114	-2.7492404450232	3.43586836062998
mana1288	0.802024349385394	1.71038170403976	-2.49331992519018	4.25065949059848
mana1298	2.49386941242341	2.84503169113764	-2.58967781087259	8.62809583512398
mand1415	0.443164860848712	1.70360746048054	-2.95023814399515	3.78421888898131
mand1436	-3.88935737487035	1.94557523292142	-8.06368739678449	-0.332477364596476
mand1440	-1.7658594591247	1.64504082464722	-5.25553887612442	1.29065481663282
mang1378	-1.38249927520794	1.70803765301559	-5.01796168064585	1.73801853824441
mang1381	2.42033915948663	2.93160740533128	-2.83606864181158	8.68222022366332
mang1394	-0.500353050348578	1.62468510160216	-3.67200070852997	2.76470868412515
mang1401	-1.84126544416468	1.55559837903049	-5.00006620061145	1.10847947969638
mang1405	-1.23287594608406	1.62986384467107	-4.51675465049776	1.97996909772379
manm1238	-1.23120936220057	1.60026175769526	-4.56676746545351	1.76239039428797
mann1248	-4.29921267996163	2.05345560540087	-8.62302331023431	-0.725924004213366
maor1246	-1.81383247637942	1.54803441295055	-5.02975183679606	1.09927212614152
mapu1245	1.1836649091468	2.21262638622834	-3.02203685441079	5.76816439819889
mara1378	0.699847897374041	1.79174048139305	-2.73486725477144	4.40464565896743
mara1382	0.785648826245979	1.70653340996477	-2.60021859134697	4.2620781099431
marg1265	-0.891389467184883	1.63686631383242	-4.27331892896041	2.21403620387255
maru1249	0.250776034034919	1.63354310589855	-3.0705521283665	3.46348016622101
masa1322	-1.55490198473385	1.76903981133198	-5.3353017432543	1.65250626849723
masb1238	-0.997084436179391	1.55307320590639	-4.11237779249009	2.07298311779259
mask1242	-1.73268253014989	1.65422153463235	-5.18247345119343	1.39094715664876
matb1237	-1.21300584036984	1.61875224263409	-4.51013026081254	1.9783868583693
mati1250	-0.91744019549629	1.60004551623982	-4.16170442630534	2.29187556813316
mato1252	-1.22805285166891	1.59433992188039	-4.46411724780572	1.90239834875795
matu1259	-0.551643893464208	1.56924820661276	-3.60857461852804	2.51142652369301
matu1261	-1.27786859965174	1.60361104213638	-4.59772066817261	1.77501933537354
mayo1264	2.58511157830575	2.07361211033177	-1.2476499348013	6.99038246560986
mbay1241	-0.984427197099181	1.53645244983144	-4.1311511912512	1.9513279704258
mbul1263	-1.65243801186091	1.64405119080734	-5.07737738626488	1.5507986860513
meen1242	3.38990694179915	3.58149579768121	-2.34587542349493	11.8740131800664
mehe1243	2.67430050382475	2.76363624236437	-2.06926875780314	8.69351438408126
meke1243	-0.971321642434077	1.5672970478262	-4.07590139503596	2.10517789280799
mele1250	-1.91263471873599	1.57609392958101	-5.2335771608727	0.968614376573787
melp1238	0.738584562934035	2.01110054332217	-3.27315992352773	4.66953050281957
mere1242	-1.78107102721023	1.62417564398304	-5.18511473535979	1.23478926919817
mezq1235	-0.0832117408270894	1.8297786995954	-3.65177545732622	3.64400976563373
mich1245	2.63937795406254	2.03005722541818	-1.05753256574595	6.99528174001541
miju1243	0.302716098194571	1.77372118512716	-3.34281296285579	3.73610927919474
mika1239	1.51912886795087	2.10039239775861	-2.38875621623586	5.98863420106596
mikm1235	1.99438064080523	2.11986368917302	-1.83495421581965	6.48166155854034
mila1245	-0.230039224887025	1.73252922137728	-3.84808280010637	3.04343167914651
mina1268	-1.63048062141484	1.57585191043821	-4.92142602375918	1.36706941584659
mina1276	-1.57901987430186	1.75254387551743	-5.42036665685402	1.5987427118422
mini1256	1.25166975132015	2.15145316688181	-2.77812788170645	5.7932448779405
minn1241	0.0627487174113801	1.70219894501431	-3.37416938703896	3.27853249450292
misk1235	-0.00995405044625573	2.01806705131713	-4.09234480467552	3.87931132520707
mixt1426	-0.904269140107779	1.96976153876193	-5.05088561315069	2.86389866881698
miya1259	1.9652346219736	2.8077411951276	-2.77256910101168	8.21088695300212
miya1266	-1.59872830160687	1.75433822426379	-5.38863476915985	1.58196794237048
mlab1235	-0.639221089951133	1.6408562503742	-3.97745773467617	2.55493313660628
moco1246	-0.180186849983916	2.02733433449397	-4.42651568405353	3.73989896428447
mode1248	0.3570313534598	1.85633864062528	-3.23114995844517	4.14272950043681
moke1242	-0.897444792853601	1.59949222125796	-4.09777227609555	2.29522480394279
mokl1243	-0.895842885984891	1.59536720139158	-4.0530283215803	2.41135529744289
moks1248	5.42841144697346	3.18243689911025	0.428577699808765	12.9970909641151
morm1235	-1.72341537386541	1.66847222276489	-5.22392840031414	1.4042559406306
mort1237	-1.92657469270077	1.59331350776338	-5.29310212039696	1.07083114947686
mose1249	0.960856946958558	2.17671682532984	-3.15845635791358	5.42578723919224
motl1237	-1.54658716312061	1.61390546393074	-4.84838038833261	1.55524157161225
moun1252	2.2616723369627	2.85155577593359	-2.91895147824026	8.41234331056717
moyo1238	0.707871547957376	1.71388594166755	-2.68794807781731	4.13096226355688
mpad1242	-1.36148041819039	1.71523321008165	-5.07070683065927	1.81426147395338
mpii1239	-0.147050966630085	1.60466283395943	-3.51110277088525	2.88288809323333
mual1241	-1.60533914922276	1.57688705477287	-4.86685237251462	1.39549533664719
mudu1242	-1.78025826134403	1.66448916992717	-5.32541798129223	1.36588572893155
mull1237	2.47914965614686	2.80303679803642	-2.49418077255821	8.59369718334421
munc1235	0.414114419978751	1.67342863674368	-3.00041992614602	3.6085438865662
mund1320	-0.0101947799982311	1.72544509630057	-3.31742919120284	3.5989006044388
mund1325	-1.79781985542683	1.58954385951046	-5.11530954811008	1.21679016994681
muru1274	1.24363509307884	2.1524878326835	-2.81395416449524	5.75854488679903
musg1254	-0.895326790985197	1.64373025966581	-4.35746341080591	2.16316454283029
mwag1236	-1.0658070248173	1.62731736350023	-4.53034816905168	1.95369759568564
mwan1250	-4.3022067085881	2.05594600634054	-8.57642169619719	-0.632206432505396
naka1262	-1.81942354846804	1.65806551048388	-5.35071836823234	1.26701590688587
nali1244	-1.82557038568291	1.65684599176039	-5.34342313390053	1.33648567155544
nama1268	-1.39942405268038	1.60165338416468	-4.72894759864014	1.7398347542933
namb1293	2.75689927262142	2.73247894398275	-2.08280192536214	8.89012701721145
nana1257	4.31628307178272	3.14502439018885	-0.689102662931468	11.3578269876988
nand1266	0.0238052424256597	1.94643290948323	-3.79279449323971	3.91564568641104
nang1262	-1.3141062813844	1.6426766859447	-4.63856831750859	1.90169533832763
naue1237	-1.9758094936764	1.71535809795684	-5.68209740357446	1.11744586500309
naur1243	-1.51342949558884	1.5968827676831	-4.88417690062003	1.54515823644376
nava1243	-2.04373051010927	1.99916123803805	-6.29093192438145	1.59917621222597
nawu1242	-2.06689401466102	1.6273582001915	-5.47626346457217	0.934553868720236
ndog1248	-2.13083628736072	1.6279732167439	-5.55093773222809	0.843405343591876
negi1245	4.30261269367278	3.14417358670676	-0.778843831037507	11.3106184834483
neha1247	-1.23632890177643	1.60847252912308	-4.5333408351118	1.86548933652781
nend1239	1.07226666019364	2.11312144279666	-3.00577539899085	5.30438713788775
nene1249	5.36584099122314	3.21378025628924	0.148210860315112	12.9001578440595
neng1238	-1.31538056441775	1.61780224694918	-4.63687326617822	1.9156342480138
nenn1238	2.73058983000371	2.72066524091444	-2.07275692864438	8.80072748946017
nese1235	-1.40185934389499	1.63497673052768	-4.72432134824653	1.74056513549593
newa1246	0.929660068056149	1.72983477011289	-2.38584342726199	4.45068704745012
ngab1239	1.53218299639846	1.81771263044838	-2.00704930557946	5.25417554798284
ngam1268	-0.957245707385921	1.53178499265892	-4.08355443350122	1.97011681303392
ngan1291	5.37662251715632	3.23904188416875	0.119234173039297	13.082969307248
ngar1283	1.87858639115159	2.64871608908146	-2.92517345100428	7.48904373079448
ngar1284	2.26138933426244	3.38547492921434	-3.72722585095241	9.79799057663277
nhen1239	1.54671008573191	2.05086576420052	-2.34693470482306	5.86384773337738
nige1253	-2.5759666049045	1.69270883633449	-6.27498336433923	0.477888821259357
niha1238	3.62679836466037	3.54175043669733	-2.40743701153937	11.6145177481904
niua1240	-1.69353971805211	1.55139350156016	-4.88808400891893	1.24647190753017
niva1238	-0.579505018105073	2.15891732350989	-5.16979158364411	3.39411514499561
njan1240	-1.94940913044788	1.71393117776519	-5.58722700793919	1.256437613126
noct1238	0.539658661180647	1.75429143698476	-2.91034006944737	3.9638287975737
noku1237	-1.83596348055892	1.63502798109416	-5.35510132857614	1.21988010120234
noma1260	-0.804416334960893	1.58063891229562	-3.98254569256507	2.40573056110509
noon1242	-2.40482807880465	1.7026911130882	-6.05589940363265	0.716745246849538
noon1243	-0.949890063288438	1.63512295707582	-4.17471188668012	2.37181726923397
nort2671	5.43420220168879	3.18318553230569	0.477573268083341	13.1866081942576
nort2684	-0.328526365351191	1.68306899607919	-3.7026585057716	2.94910480959039
nort2690	5.03585075403464	3.23345473939123	-0.100260674707762	12.5843461179244
nort2697	5.03643654899703	3.23490584938753	-0.0827610871632528	12.7047185708606
nort2702	4.49558335339729	3.11408312394021	-0.442136537118608	11.6693409611095
nort2722	0.279156455115156	1.66333351383287	-3.0911012386414	3.60825427035423
nort2723	-0.300282446230992	1.65781361798241	-3.77354722905415	2.81959213297138
nort2732	-0.173519218297276	1.75044649402708	-3.81474207210687	3.13809114914078
nort2745	2.30585380616304	2.96231410674538	-2.91931620668876	9.03807683474562
nort2747	-0.584219025241159	1.82017629112388	-4.38505524883623	2.86272950015488
nort2774	-2.12477215429471	1.62565416719108	-5.54796576193679	0.844030289584089
nort2775	-2.45403739859379	1.70915355788205	-6.20965434872085	0.653737823164562
nort2845	-1.84278558152351	1.55979195022929	-5.03560006280044	1.09202554179868
nort2885	-0.922562052216461	1.60985720034497	-4.16169162023623	2.35930098215945
nort2930	-1.1631103417516	2.51357294974396	-6.4678670475921	3.56029063141809
nort2938	1.47996641981104	2.17422735768868	-2.54376147865135	6.0905483847547
nort2942	-2.13501236577609	1.97810882011875	-6.33712000806995	1.45897384050585
nort2951	1.29456333177798	2.19683065767838	-2.91189799566593	5.82634363715383
nort2954	2.60218810991602	2.0728825584283	-1.05729379587803	7.19225687011967
nort2957	2.64062351919163	2.04066915152574	-1.06360937872585	7.07104073588705
nort2961	2.075890286611	2.09800554433398	-1.69443235737359	6.58348988572496
nort2972	1.68782955116734	2.13690596845832	-2.37077442492776	6.08159718247335
nort2980	1.98976685423955	2.12388536581761	-1.92223569490495	6.50572554321443
nort3139	0.401410167591032	1.55350768765813	-2.6753570574493	3.46876450143309
nucl1235	0.428766827851475	1.85651054000123	-3.21829185760899	4.27189231001768
nucl1301	5.04326699838282	3.23210787533287	-0.138814191993201	12.9196848296057
nucl1302	4.29535309793415	3.49709684821829	-1.46783787596197	12.2836884312338
nucl1305	4.50104970238145	3.09397288492363	-0.41043186259106	11.6195349521659
nucl1310	0.267332825351582	1.64676767566627	-3.04300461156292	3.4811263506443
nucl1347	-2.4905195310435	1.67576176761995	-6.07631166449046	0.57751772176726
nucl1417	-1.93215513005437	1.66649783356985	-5.44839371362968	1.14578957328503
nucl1458	1.00532818031761	2.71774576743214	-4.17638459239813	6.70259623593285
nucl1593	2.17052781320524	2.64662980448898	-2.61534526619745	7.85735777029065
nucl1622	1.5780240272883	2.68485263414071	-3.35942635533061	7.49716237296683
nucl1643	1.97752560942864	2.78536509950466	-2.75445284240919	8.24280206256286
nucl1706	0.880854959418624	1.68897429644836	-2.30974272363799	4.46238575921578
nuer1246	-0.232997158241551	1.86075079837756	-3.89341908080369	3.40775657634228
nukn1238	0.421564468580663	1.92259532587992	-3.50123266009035	4.22548800685985
nung1282	-0.0661245703005396	1.71857584870269	-3.6672435934806	3.21630416899611
nupe1254	-1.89189413486189	1.6580020280571	-5.46615590481955	1.14204777130761
nusu1239	-0.348201959671866	1.6556788452699	-3.8365382239855	2.71984790757565
nyah1250	-0.603905120819263	1.71252009562875	-4.1191877748737	2.7388031932542
nyak1260	-0.519234556680468	1.54311485102587	-3.52423933343292	2.6427419495548
nyal1254	-1.65923389869092	1.61816911078487	-5.09761193245053	1.42714606139219
nyam1285	-1.52802655259483	1.7429038435199	-5.2301629754393	1.5574426984038
nyan1307	-0.582216952713052	1.49270503648958	-3.56241379305461	2.47067143029175
nyig1240	2.59650372030748	2.7742262597276	-2.49530636798489	8.61695592893426
nyis1236	-0.261044415831155	1.68494597206742	-3.7060978230361	2.96164586128243
nyor1246	-0.613168455441439	1.49423321080818	-3.62857016409314	2.43273613570189
nzak1246	-2.1507863698714	1.6125005152047	-5.64148002851463	0.811614953837409
occi1239	-1.34346953595373	1.62442596842561	-4.75882643862396	1.60685115605715
ofay1240	-1.14018610836145	2.05044330929216	-5.44622450082483	2.64740115158547
okoe1238	-1.97696217575251	1.7204148732168	-5.66985767062097	1.22590138454507
onon1246	1.48761128231055	2.22318872516052	-2.66041963089462	6.25285657793577
onto1237	-1.62495738790157	1.56220511412832	-4.81728483955967	1.38625449581208
oriy1255	0.689875042240046	1.75525259868529	-2.63226046838104	4.22056829205723
orok1267	-0.800263646407649	2.46083234638013	-5.98350039872851	3.67771954830207
orok1269	0.902461301694473	1.95277283430701	-2.97493218727956	4.74491402154135
otta1242	2.07158436179763	2.10799723332806	-1.65848218510689	6.61888314709459
paaa1242	-1.58651382263232	1.76659166521767	-5.46841195515197	1.52655669840832
paas1238	-2.4100091351647	1.67528769784614	-5.94773628321634	0.617442709553311
paco1243	-0.812709036118878	1.64415445833537	-4.17680991990548	2.29212746980969
pahn1237	-0.147481631937562	1.79541939074315	-3.74988874830868	3.40871453609392
pala1344	-1.54289675843976	1.65718371871537	-4.98193718162121	1.58048952019439
pamo1252	-0.672585164546189	1.62411082420874	-3.89030762116184	2.60196198477118
pana1307	-0.434611112851709	1.93650170152549	-4.43518072152154	3.36542720953312
pang1287	-0.45324112363753	1.50260252153904	-3.36192795230657	2.58229657590568
pang1290	-1.03191594573882	1.59672906949617	-4.24066697309499	2.14870371783622
panj1256	0.685106897879516	1.7843339153029	-2.79876211439205	4.31281183097438
papa1238	1.16620787566797	2.16075724454907	-2.8971007302824	5.74131071327023
papa1265	-1.22787689737207	1.6169361177957	-4.57775631075914	1.89468099284014
para1301	-1.3168769385521	1.61492610493107	-4.71171780385899	1.67001835902743
para1302	0.755982106050768	1.70918855860272	-2.5733404108357	4.23502620047698
patp1243	-1.73279284107995	1.64592455119434	-5.2198809562402	1.34181452259577
patt1248	0.719330516469259	1.70104422114248	-2.61890579842007	4.11967747161283
paul1238	-1.81057505192799	1.67720640493414	-5.36091807774396	1.24765370900889
pech1241	1.7339672070813	1.97248681393795	-2.09316741762814	5.92750441346633
pela1242	0.248014100647425	1.62727651717276	-3.02491945811716	3.40585728232914
pemo1248	0.73297000513939	1.94454796383714	-3.11267890954906	4.66171521918958
pend1242	-0.712076917407214	1.63349287979941	-3.86987981436564	2.6023185115084
peri1253	4.21033443536427	3.18510596566811	-0.91559045666437	11.6373845022675
pila1245	0.0275977352412677	2.01921949529421	-4.09741718314574	4.0672854880525
pile1238	-1.83561299785355	1.57016179849738	-5.16074617997676	1.02338570479711
ping1243	-2.03653269101785	1.62407079341684	-5.42298679590395	1.01071153324845
pite1240	5.43291856366894	3.19016239824221	0.492898736834467	13.1785344248428
pohn1238	-2.02608709893989	1.61948632738386	-5.42735498963288	1.02770388074207
poli1260	0.452889312341486	1.75236653493633	-2.88552371356073	4.03144517648966
popt1235	-1.06445222294007	2.00779308510854	-5.24686748656592	2.72323729228929
port1283	-1.41805307763434	1.63198743064758	-4.91962932048214	1.58379995137028
port1285	-1.7466337476255	1.64597850975657	-5.21255108107277	1.352900071921
puka1242	-1.7666259275533	1.57442362805283	-5.03865464016763	1.17189201557827
pula1262	-2.66720361438185	1.6572609207832	-6.34041790156765	0.263182012769574
pula1263	-2.66640327088314	1.6765268412579	-6.35111377920114	0.36758672657293
puma1239	0.868438704399254	1.73225568128895	-2.56021994983874	4.42973354208979
pume1238	1.48615550390326	2.24455621439823	-2.74620562718425	6.15943412469326
puoc1238	-0.622563993242097	1.65034218405419	-3.99824649527797	2.57308235291033
pure1242	0.821800045993626	2.1762182151477	-3.4262862542755	5.22927051257925
puri1258	0.881001342041107	1.72155789135394	-2.39941658379858	4.26485808119352
quio1240	-0.117278143357971	1.89520050628977	-3.95245959748628	3.5654648581769
rabh1238	0.558214339974429	1.73088215682419	-2.89061919528613	3.8876762923587
rade1240	-1.90126588474308	1.63434048002753	-5.4118484539548	1.17284741753055
rama1270	1.80936926103903	1.8832491668108	-1.8233821019513	5.65345337212788
rapa1244	-1.81605947896013	1.55153369644477	-5.03726146472871	1.11601228567372
rapa1245	-1.64842404404995	1.53075475568101	-4.82145990789461	1.21553631247005
raro1241	-1.64191117999552	1.53551367778826	-4.79622208441728	1.24403705825077
remo1247	-1.34397961084459	1.60037783290709	-4.65072639569398	1.74498843386042
renn1242	-1.82748275224906	1.57601192632703	-5.13666188561442	1.10520057990998
roma1326	-1.35137451659701	1.62330977822227	-4.75803311986389	1.58255768122632
romb1245	-0.98370789610111	1.55911946078197	-4.12378533500426	2.097609645944
rong1264	0.722804001534885	1.70071430371038	-2.58309312428533	4.18612290512
ronn1241	-1.55342179915879	1.73860365367156	-5.20781720034386	1.60828792293806
rotu1241	-1.78525037118501	1.61830178322053	-5.23545314248311	1.26998123740897
ruch1235	-1.29475793300725	1.60877207015012	-4.60931041442762	1.63781612393712
ruka1240	-1.1166294138403	1.73707551125961	-4.61028220973323	2.30360264565402
ruma1248	-1.16291335513935	1.61037553696566	-4.45376950073336	1.80700669017649
rung1258	-3.82948421065209	3.11738532671478	-10.866596548183	1.19464027248078
rung1259	-1.03570952361978	1.62434602492706	-4.25774337060548	2.18054680754466
russ1263	0.461890955084872	1.72936520634217	-2.89026518337791	4.05320181414541
saaa1240	-1.48608671367448	1.62341696223935	-4.8439956372079	1.60131727386879
saar1237	-1.80750599447648	1.76172900705579	-5.48629150746846	1.49306903820124
saba1267	-1.05225724317404	1.62524691569205	-4.34877235474971	2.10674401496635
saba1268	1.26153517563792	2.15706516976563	-2.832571431085	5.79261003832651
sabu1255	-1.08806343330206	1.58940728545022	-4.27525624480632	2.04697456877436
sais1237	-0.826603822411084	1.74336756980039	-4.27534537461229	2.72940094174823
saka1289	-1.49433188343943	1.60853678455794	-4.88454797792977	1.61232551808309
samo1305	-1.44327597280162	1.53416001649559	-4.5389729605154	1.41560028929083
sana1295	0.186617904368607	1.54367802119607	-2.8242674692248	3.19176465760078
sanb1242	1.60649393568779	1.83763577341828	-1.99080876223213	5.3615026247345
sand1278	-0.498440082744439	2.1406018262397	-4.93794120448336	3.53696870743029
sang1321	0.747270542671344	1.700663498086	-2.61824358790967	4.17494234724763
sang1331	-0.889564608583012	1.5603057558872	-4.01385344045804	2.19041546278843
sani1269	-0.468609350908193	1.66510635353892	-3.98881321305741	2.56231013554068
sanj1284	-0.525714345308728	1.93729671978093	-4.43387637203833	3.17838363424523
sanm1295	-0.661524283313505	1.94029460373667	-4.75146787187425	3.09861239888839
sant1410	-0.0141504483009904	1.72357592359612	-3.3478762908889	3.42152746855291
sant1436	-1.10878782421855	2.00467832563436	-5.29494360075877	2.70083771516504
sanu1240	1.17271329414685	2.14357688576846	-2.923889299365	5.69287127425546
sapu1248	-1.09765613793058	1.67670257384872	-4.61242282776326	1.97868333944851
sara1321	-1.21915255651747	1.55031765063442	-4.51558910852231	1.70960605015918
saur1249	4.45460225630506	3.18141298241662	-0.615444625393709	11.7947037799686
seda1262	-0.738988701268239	1.66167489507946	-4.17830865472468	2.3946697120305
seim1238	-1.7795637585853	1.63262011880042	-5.27755443136947	1.28606256097761
seke1241	-1.76837882930561	1.64817872143734	-5.25634999131926	1.33154531526202
sela1259	-1.74538811161535	1.66294384169104	-5.22629375522524	1.38000881887312
sela1260	-1.05595102020827	1.62916642488009	-4.40918742099423	2.15249799458678
sele1249	-2.09461952405162	1.70571669123892	-5.72653938229972	1.08457515608116
selk1253	5.38535307331124	3.21644850002227	0.184085756086764	12.8567512876068
sema1265	-0.406509701078856	1.68342947665742	-3.77275097638838	2.95389739021508
seme1247	-0.406003706997354	1.68786371798024	-3.72543629499648	2.97183636188312
seri1257	-0.595359104900069	2.24917038666679	-5.29969927243909	3.51611272995177
seve1240	2.07904274216192	2.10822779420368	-1.67370874899154	6.59402934448329
shab1252	2.94200925414879	3.88870361220297	-3.2251406234111	12.0373294085596
shee1238	-0.559843869103363	1.82080291051269	-4.29289480001113	2.90910622153416
shil1265	-0.634906575204415	1.86095092271808	-4.41982248015265	3.0001355153763
shix1238	0.558398885774034	1.67191665408779	-2.79895208481245	3.83244439252264
shon1251	-1.01854312991485	1.5301402958168	-4.21162616347436	1.93375692019942
shor1247	5.03805175821634	3.22541880476974	-0.138744419960029	12.7049569795553
shos1248	2.60020609444976	2.06800698970603	-1.20945936188426	7.06954761989301
shwe1236	-1.30575078292784	1.61276532664451	-4.65880178155855	1.63386949806784
siam1242	-4.86486298133112	3.52268424323292	-12.9845686749565	0.820428389048988
sich1238	-0.424548109071599	1.65633504334931	-3.85825124669279	2.61647567962463
sici1248	-1.12889416478265	1.6156699244875	-4.4631499930071	1.83395135601754
siee1239	-1.26050584395646	1.58135035104305	-4.42737127518695	1.8149935279814
sika1261	-1.56639158770619	1.54420991627555	-4.77249783223788	1.38746913806401
sina1266	-0.953182913102047	1.56892531967754	-4.13553071933098	2.14122193982411
sing1264	0.399444362464417	1.7046230382652	-2.98254922995146	3.73228903739163
situ1238	0.275203369835952	1.65277859924726	-3.02839126498887	3.54264430905111
siwi1239	0.518202347152522	1.76484362792114	-2.86936420365971	4.12663078362628
siyi1240	0.631748972660873	1.70117858330644	-2.8104571499114	3.9364847677356
skol1241	5.42484000663878	3.20302857822739	0.403084350375907	13.1261921548889
slov1268	0.438665996982408	1.74216403488076	-2.88986728213078	4.01676457410398
soch1239	-0.0801635346049442	1.8839169384337	-3.80790969423693	3.59811883328795
sons1242	-1.85699379563603	1.57710485079154	-5.11017843245741	1.19720670004745
sooo1254	-0.995047969337181	1.64411757176248	-4.46617982050104	2.05878528887373
sora1254	0.0278857858196906	1.73213178034115	-3.31017682205716	3.5660431045055
sout1528	0.437980969863122	1.72134170190602	-2.76734822742521	3.95317364150489
sout2649	0.315673539306171	1.76605624362954	-3.04898321615131	3.97552550644824
sout2674	5.42873231754451	3.18808416239446	0.498303189567056	13.0721863499335
sout2679	5.41798252684758	3.18632689147987	0.447853127104059	13.1258822816067
sout2728	0.27980569992273	1.65771363846258	-3.14413232844159	3.59350719569042
sout2729	-0.300555367234375	1.66377975433578	-3.84251847489485	2.82025336495184
sout2782	-1.5250892612397	1.62739591786845	-4.8168041216802	1.61349720797217
sout2807	-0.291579515706475	1.51986002378597	-3.26369825388781	2.82026845013516
sout2895	-1.81893510231011	1.67010174674396	-5.37518370253542	1.32751790612624
sout2918	-1.1995001775991	1.61045978154842	-4.46102604112431	1.92400010453759
sout2956	1.47966955322592	2.16726637729283	-2.45441381331013	6.02346632009617
sout2959	-2.13190022405929	1.97343089713215	-6.36855892388958	1.44053161892503
sout2985	1.33553896335519	2.22052504188628	-2.8863510815854	6.14104277134127
sout2994	1.26049637702281	2.16610126105927	-2.72290411670594	5.87307340728506
sout2996	1.37838235715784	2.09785057337065	-2.54086762988072	5.82236566270205
sout3236	2.12228544917258	3.10623450741195	-3.07040592292405	9.27157685923363
sout3261	4.69716299379646	3.29648805360583	-0.509985290945344	12.349156671195
stan1289	-1.37792638808075	1.63288348558239	-4.8726893317299	1.54821293008488
stan1290	-1.34530540047221	1.63537715979931	-4.85235157816995	1.6042564890818
stan1293	-1.45908703102403	1.74796595495805	-5.1210744214199	1.74810126606083
stan1306	-1.77446169671524	1.57353160018238	-5.14124505349914	1.18286329721754
stan1318	0.39234166825891	1.56593032509231	-2.70862222606732	3.51581573106443
sund1252	-1.79638623602663	1.63891762577094	-5.26816467453282	1.23937320355768
supy1237	-2.48077013685112	1.73356602946891	-6.31812568113706	0.538275465237425
surg1248	5.38359070119068	3.20661867137887	0.353627543670108	12.8796103862431
swah1253	-0.875050123576689	1.51857450580943	-4.02177986440291	2.09244112359347
swed1254	-1.2834377750247	1.7166205168351	-4.92927115130353	1.88787271389813
taba1263	-0.0868193533694397	2.12386518504074	-4.36094761922348	3.89465919431594
taga1272	-0.902419161510779	1.59918871772259	-4.08327164746988	2.30524671303695
taga1273	-1.07688258056661	1.62993990117993	-4.42077773180033	2.04831149953692
taha1241	0.70374864914628	1.74434358610841	-2.59101477020696	4.40655352267136
tahi1242	-1.81804582008632	1.55697871263034	-5.04993753698267	1.08301866349333
taji1246	-0.720189254818416	1.65333130401891	-3.9741456150706	2.68693565101956
taku1257	-1.73875551036037	1.56092063732873	-4.98416707986237	1.17337579850732
tama1365	0.763955358075044	1.71774073365216	-2.48468598881274	4.38130047522477
tamb1254	-1.12435566246484	1.62797803493467	-4.4061111247391	2.07779459186349
tami1289	4.50862446233658	3.09845552866767	-0.316017195927642	11.571369250203
tane1237	-1.84105101420306	1.67139304746486	-5.29592315694058	1.29034406318825
tang1347	-1.87371830015429	1.64034405143406	-5.35684824522097	1.19880397681076
tang1373	0.427008424659587	1.6871082276035	-2.89940378541474	3.7176654041377
tang1377	-0.270127256865494	1.67284308005966	-3.70302069192208	2.90706492941329
tari1256	1.75318680358009	2.18275068149387	-2.32494182493734	6.47680170244935
tari1263	0.504635744248671	1.77428880660221	-2.93220670233833	4.27713170535925
taus1251	-1.22940498010784	1.57711452886856	-4.42947948222261	1.75729209089284
tawa1286	0.735261404450277	1.71560402772292	-2.54598430885686	4.3573347181792
teda1241	1.07119274616112	2.05959729952621	-2.84032510451055	5.39319607685079
tehu1242	0.956946236775802	2.17290800959713	-3.23491760513193	5.36825461165
teke1275	-0.864074004081966	1.54807973995515	-3.96692862455655	2.21372242292145
telu1262	4.49120629508287	3.13427636193091	-0.520906129701545	11.7123984281472
temo1245	-0.334812158195794	1.84148183023913	-3.99240404485107	3.26599460873416
temp1235	-1.29572528221519	1.62011275140669	-4.58475525000224	1.81549342966117
tenn1246	3.4097366251757	3.56880140671943	-2.26553776238509	11.791705696623
teop1238	-1.31451764181836	1.61394995207887	-4.52730354936793	1.78528882742302
teri1250	1.69751205616581	1.85640286680116	-1.83514413959919	5.53368343011687
term1237	-2.05363473045207	1.68328317107364	-5.64556171787932	1.04712583802648
tern1247	-0.182823370330134	2.16128472012002	-4.68387679798814	3.85360729330086
tete1251	2.64436036150047	2.0370037404844	-1.00653726425583	7.11083233691646
tezo1238	-1.07500662799052	1.99209139793761	-5.37990690706084	2.6914370321099
thad1238	0.640910870576006	1.67585030917848	-2.6553243482677	3.9856438480119
thak1245	0.806855437835122	1.71858644842165	-2.48496242311761	4.2773455317983
than1259	0.931720213782897	1.72286473618307	-2.46657696703089	4.39253500644796
thul1246	0.916553155350705	1.73443648365872	-2.54505558288009	4.44061788914418
tibe1272	0.899439115481027	1.71172579617995	-2.43309937038476	4.2963875296277
ticu1245	1.48570235545142	2.27618924768245	-2.80422348356235	6.28213963788453
tief1242	-1.81272009789906	1.62350983205616	-5.13706120668879	1.25462120140551
tigo1236	-0.997749752007397	1.54452611421315	-4.0314142075429	2.15728897308488
tika1246	-2.01948747102774	1.71038352704705	-5.57854405677845	1.13509204861221
tiri1258	-1.41444251076458	1.59630435258221	-4.71072186412963	1.72533697885141
tita1241	-1.88423238396832	1.64648636864618	-5.3919860805376	1.27227096797804
tivv1240	-2.05362996357126	1.75949745275127	-5.85776383869254	1.18393743357418
toab1237	-1.77771201696385	1.62730777272614	-5.28151304954443	1.23090609817297
toba1268	1.26673932206369	2.23256736879103	-3.01357606128952	5.83681016758564
tobe1252	0.14796268186542	2.10089258763667	-4.05700140424223	4.24170006539341
toho1245	2.57045258028761	2.06684629231514	-1.18251682164697	7.03541740358661
tojo1241	-0.68008189426363	1.93700760457052	-4.58997623535982	3.07278004255486
toke1240	-1.44350156035427	1.54532897683402	-4.57875089957028	1.50117813714168
toll1241	1.19518343853672	2.17952480205018	-2.92560731631996	5.70249253318514
toma1245	-4.05832624869356	2.01326274800015	-8.42036497951465	-0.472033992794958
tomm1242	0.318593972339825	2.27358345218276	-3.99723287518087	5.02775839814023
tond1249	-3.25610416889136	1.96778448931177	-7.42393639185785	0.320496318078934
tong1325	-1.55631419196857	1.56208439544383	-4.76209773268971	1.38175324369141
toor1238	-0.666763192722821	1.49273462200938	-3.64924554605434	2.31819605538194
tosk1239	0.496562749592834	1.85487838807985	-3.07997185619232	4.3532173695447
toto1302	0.414969173756099	1.77150313438558	-3.09918583180702	3.85625390109605
trio1238	0.344099797755959	1.90733716452851	-3.4929205225925	4.12418194284604
tsat1238	-1.88762901520951	1.61525182011067	-5.28923219106516	1.12222466988133
tsix1234	2.52232371038461	3.36170754257454	-2.92355091466485	10.3599033703457
tson1249	-0.647086611663296	1.4831485519711	-3.56957460145184	2.35090537614054
tswa1253	-0.26691903619379	1.49091835200863	-3.16639385110502	2.81133345175263
tswa1255	-0.590546146921024	1.48610823143001	-3.57731737590088	2.37334292393496
tugu1245	-1.91949817500006	1.69094176379767	-5.49130170822838	1.22370036518677
tuka1248	-0.706589251650822	1.61082838952456	-3.86276870475941	2.52967489192982
tumu1242	-2.40997920186439	1.67723574618894	-5.95161944334549	0.561594499787524
tung1290	-1.81532774319351	1.64667062633177	-5.33916926701601	1.24044348047812
turk1303	5.03076302820184	3.22843852033447	-0.104475861229406	12.6304304258202
turk1304	5.03747955520791	3.23187369554457	-0.0646639490295181	12.702230667504
tutu1241	-1.75121766633204	1.60732353772662	-4.99242442998587	1.31099840782481
tuva1244	-1.47683216636385	1.53302072798351	-4.61757728114554	1.47805635380543
tuwa1243	-1.18469514709935	1.59805414553782	-4.46483821252758	1.99587200740272
tuwu1238	-2.06498480946939	1.67449491173363	-5.58063944915579	1.04200538227698
udih1248	4.31779177393282	3.13558073432428	-0.622730039583509	11.4412430887545
uduk1239	3.64356133997538	3.52743170269269	-2.01652327197618	11.5625559520049
ukra1253	0.469471493120717	1.73230616202994	-2.88520119420385	4.04302082026899
ulch1241	4.30679017752917	3.13827112059526	-0.69155659466947	11.2558092840402
ulit1238	-1.91526366409298	1.58908991326208	-5.2730249121321	1.08483929001394
ulwa1239	-0.40452538526621	2.01462610901491	-4.47466989476066	3.43156867103131
umes1235	5.42696017919704	3.18625010411538	0.491629981277629	13.0939787492737
unua1237	-1.71574773613272	1.63726788609351	-5.15835086481227	1.32861530811333
uppe1275	1.18149605230123	2.16875126375011	-2.87683510109139	5.72891056742791
urar1246	1.12336425401159	2.25199681442441	-3.22630463211042	5.86394654765681
urim1252	2.50919690709229	2.70433330459504	-2.21597762448987	8.48674797144216
urip1239	-1.48904084047579	1.6060512017427	-4.76124587272604	1.59091249494599
utes1238	2.6091278306619	2.07367127841415	-1.15416552459141	7.12605767148694
uuuu1243	-1.24789302303994	1.60493961426427	-4.57807910429953	1.71926761549791
vano1237	-1.84162641834828	1.67666413522481	-5.4094977967002	1.26877776046781
veps1250	5.4315497841177	3.19251529713453	0.353439076133469	13.1325900375151
vera1241	-1.77853158415908	1.6466967266188	-5.27423278242711	1.24387765926969
voti1245	5.42496847918857	3.1785144488738	0.410381257519527	13.2057002011891
vunj1238	-0.87874955598208	1.50037616896462	-3.92497408087607	2.06657571398481
vure1239	-1.78444013882243	1.62734799453969	-5.19694238710385	1.25571897198992
wage1238	2.28025881356639	2.90180169331571	-3.06769550279799	8.65461482813359
waig1244	-1.21316179233373	1.62527555122092	-4.46543121116159	2.12028708658364
waim1251	-0.978411685436821	1.56779192284543	-4.11433648848452	2.08971957081951
waiw1244	0.771162218004882	1.92175711441125	-2.93424496644233	4.67054758661768
wall1257	-1.6542435663355	1.55106107879507	-4.86112097832392	1.27832543974799
wamb1257	0.915993854877721	1.73300497553664	-2.46513726693204	4.52365276270106
wand1278	-0.95909464993387	1.64388141727753	-4.43516637178466	2.11529050778773
wang1291	1.89008674166211	2.4694427915137	-2.85651839830223	7.05210746760344
wann1242	-4.30033703324523	2.05448040677531	-8.62289102074493	-0.673374939796117
wara1294	2.71677438774002	2.77288151942258	-2.16720529826276	8.88661620801605
wara1300	-0.986714000260113	1.56037970869636	-4.08426426219134	2.1295496520633
wara1303	-1.22002190043427	2.22058208931287	-5.83071801027315	2.77794329482036
ware1255	1.76413054290652	2.17792959501453	-2.34547067518952	6.41326652937464
warj1242	-1.00502211185893	1.60408672310795	-4.31749745005238	1.99524350942564
waro1242	-1.69671584335933	1.64461816801322	-5.15491642490333	1.37547676108341
waru1265	1.91080411827755	2.48291508348943	-2.69109265943528	7.03910590746505
wawa1246	-1.71249108283567	1.66158855029759	-5.11718244303582	1.49119609353957
waya1269	0.62173982446563	1.91469780279684	-3.13645516513236	4.42578694269133
wayu1241	0.919720984896695	1.7384009101713	-2.59410677869053	4.46828122443845
weda1241	-1.10475789405599	1.604123742021	-4.3625148635969	2.06178677699884
wels1247	-0.2286736787325	1.70840152187708	-3.65003306834436	3.21607104277281
west2354	-1.44601612882327	1.73530049768035	-5.11418106027316	1.7511294449371
west2369	0.145320484349927	1.77338777402574	-3.3495411588106	3.71755125497274
west2396	-1.31509904617222	1.62019107486895	-4.6733503057414	1.64096240251744
west2397	-0.957560175423465	1.64626998252094	-4.3936800439977	2.14302084274139
west2418	0.897033861958918	1.74533097187515	-2.5505525392605	4.40793036438743
west2430	-0.571223494827118	1.81872799113398	-4.30025312947237	2.9222695910373
west2516	-1.84738062854624	1.5573101029274	-5.17163722779694	1.01885827088935
west2519	-1.58792189775432	1.58356209164362	-4.82724171006161	1.43887724963017
west2548	-1.31446957687331	1.63084602321075	-4.67828682057133	1.81427009929111
west2560	-1.02679109664524	1.64081237242089	-4.34231844448378	2.23337432868217
west2564	-1.44594819712701	1.64309680682744	-4.83419322822829	1.73543764923523
west2594	0.903015556660834	1.98628106569797	-2.97902641093819	4.94909729708123
west2763	0.84094613997176	1.69971798996512	-2.38331547030789	4.31569945759532
wiru1244	1.66814467961037	2.71000537041324	-3.20380290719838	7.62495943890421
woii1237	-1.74958063459892	1.65570642600305	-5.21559697779286	1.35294146994496
wola1242	1.07397079708657	2.06123752724905	-2.79719234016149	5.29472151503409
wola1253	1.07183188834416	1.76733628117465	-2.20434753417908	4.74445131174335
wole1240	-1.92770189298098	1.59583265752696	-5.28840737407858	1.07918337892429
woli1241	-0.630337606491198	1.61610604488776	-3.75214543887148	2.59703423166438
wotu1240	-0.61642385240222	1.61204849996466	-3.79107202855493	2.64339433674516
wuch1236	0.403759674590223	1.71940392798542	-3.08826022215403	3.78635895936659
wudi1238	-0.317053946877447	1.62829867010366	-3.67213449318685	2.69159691234984
wusa1235	-0.424817844250118	1.64114515027552	-3.82725797114758	2.55782204749307
wutu1241	0.434125960015996	1.69409673471497	-2.9575431539136	3.76024823396377
wuvu1239	-1.44184907483514	1.61748221549224	-4.79122462154071	1.72402660672657
xara1244	-1.66880850750949	1.62004394454149	-5.02727864601934	1.39030295811535
xish1235	0.1282766780079	1.62090440894358	-3.16832074326023	3.27279192782352
yaak1241	1.34180121009065	1.81078567453875	-2.0124176357666	5.16313823552883
yagu1244	0.778942171386074	2.21831640390475	-3.657345596215	5.31582373832667
yaka1277	-0.980123903773041	1.60963439747288	-4.28984091368954	2.22267118970892
yaki1237	1.13356812876389	2.22231314048851	-3.0228791016133	5.84585808964589
yakk1236	0.919615718215329	1.71960379259614	-2.39172669340856	4.4076759686654
yaku1245	5.03947307916417	3.24186688220387	-0.113606266219971	12.7608583772462
yama1264	1.11153093677879	2.17134221498205	-3.05511243353918	5.59932331543528
yami1254	-0.946780441194137	1.59089508315281	-4.14279201452659	2.23398294901196
yano1261	1.17720857574512	2.1670706148557	-2.94314549965733	5.66876975884818
yaou1238	-4.30893048066976	2.05321807828539	-8.74351804727841	-0.68538743351547
yape1248	-1.76774296520345	1.65586064576828	-5.36970676945972	1.37229837025402
yatz1235	-0.525403230070786	1.91537191700865	-4.49054671757195	3.08808719079446
yaul1241	2.45805072905962	2.78929200988647	-2.49174521825589	8.46697081688576
yawu1244	2.59685917200152	2.76029206452675	-2.55936813515682	8.60622548600192
yecu1235	1.18641513251001	2.18435131971741	-2.94243336039369	5.73450348209254
yems1235	1.01686214958287	2.11348012502018	-2.896073210474	5.3874973154868
yeyi1239	-0.926352740557737	1.54172038380903	-4.04279415176283	2.14049204980997
yidi1250	1.90946963227608	2.48418600448739	-2.74883624180236	7.12222275013003
yind1247	1.90130862559092	2.44552055879337	-2.74777570501736	7.0460881003022
yoga1237	-1.36622170749426	1.63045073624498	-4.65360356317525	1.75915551973102
yong1270	0.572210049210209	1.66490252094006	-2.77278011274762	3.91282094126751
yong1280	0.343544573780942	1.91473885374839	-3.59015789874707	4.0546135121805
youl1235	-0.0258122168294992	1.61519678476517	-3.28642007576791	3.1319945188863
youn1235	-0.163062429653372	1.80674679408865	-3.79178495957984	3.43683257832068
yuca1254	-1.02582020532574	1.94488644092727	-5.08193328223995	2.57810928293027
yulu1243	-0.938118657907034	1.54228811954796	-4.0277664982967	1.97216659066291
yuqu1240	1.51858928354501	2.05409434094617	-2.34485520345148	5.82219783326027
zaca1241	2.62059393792134	2.05401952566725	-1.12799872239194	7.02924391075711
zagh1240	0.35513732342715	2.11151576375282	-3.80388791337482	4.55162396437988
zaiw1241	0.177750556029792	1.64218965970698	-3.14115957382218	3.35550359900952
zapa1253	-0.711000506981183	2.15409937609846	-5.34920328514187	3.2593168756732
zarm1239	-3.19425915604163	1.96435533241525	-7.38918878505991	0.401023417537724
zaye1235	-0.974039004091389	1.82057195649063	-4.88839014829305	2.26907074558412
zoog1238	-0.543085160882696	1.93704992047353	-4.50674764698873	3.15842729445441
