Estimate	Est.Error	Q2.5	Q97.5
abar1238	1.552636695556	1.0798784040655	-0.366101466513813	3.9371915415644
abua1245	0.989616313394925	1.08630379322826	-1.05340669715159	3.31008883767432
abun1252	0.839844019800728	1.19174597052952	-1.38710334306313	3.34741795964913
acha1249	-0.842968973877013	1.05241336398846	-3.00869009184	1.12403082678435
ache1245	0.961260614202571	1.27906896927516	-1.34983717997377	3.77581100810805
achi1257	0.195588424500678	1.18096701177687	-2.12668449004354	2.54599859289374
achu1248	-0.184522356180629	1.17615483157277	-2.58004719747981	2.08210431272121
adan1251	0.098032264697889	1.07521478691529	-2.02087640391302	2.3097628567368
adon1237	0.283191843684731	1.03273472390928	-1.69797458797031	2.46976902434075
adze1240	1.06912237452762	0.975031059353487	-0.695029541968693	3.17082251715555
afar1241	-0.555843940373006	1.2353928907955	-3.16143354198649	1.77652105148972
aghu1255	1.26408928031049	1.21008331472263	-0.915635192683255	3.85524649731997
agob1244	-1.29014848215004	1.21937805290454	-3.92118921099618	0.87000311960174
aheu1239	-0.571075916935925	1.20531011526067	-3.03492811366986	1.71484192321272
aime1238	0.354141961112906	1.18734551926462	-1.86990450595862	2.84662355913906
akha1245	0.850460738209952	1.0142885081481	-1.10142332372921	2.95776040368006
akoo1248	0.118031821183341	1.13686562759135	-2.12141680380003	2.39791894994652
akun1241	0.513107853842814	1.12789372523239	-1.65608473279247	2.7966935575169
alab1237	-0.640802553605182	1.23145542239766	-3.27392138430709	1.65711042637153
alab1254	0.205924015328343	1.07219538816029	-1.90321623102383	2.34262630037056
alac1244	1.18118383606423	1.05178493554695	-0.760970721859534	3.41175387227036
alag1248	0.131252909016329	1.11265971701625	-2.08122099374268	2.40593800954512
alba1269	-0.410720120256521	1.16919199682725	-2.82286238234343	1.8561707302545
aleu1260	0.774077635360458	1.21855342375384	-1.48479017993671	3.40117356371784
alor1247	0.157539691893361	1.06646297137113	-1.93538841217485	2.31875152017285
amam1246	0.639589532454506	0.939972433065379	-1.15625013416777	2.58859215007038
amdo1237	-0.86279748620769	1.23787554993822	-3.4837412596885	1.39988586011211
anga1288	0.578432366078114	0.917271840432648	-1.16142647634746	2.45329836457792
anuu1241	1.06016908190982	1.12929146901417	-0.934931513732111	3.45828612087285
aona1235	0.193333894456608	0.940990378240728	-1.66837785041535	2.03717834709004
apat1240	-0.149911610397402	1.00451219054519	-2.16308854112011	1.84348615970989
apma1240	2.0881895649785	1.09758649207756	0.11925567945858	4.41231563834385
arak1252	1.69646680148555	1.03299657202845	-0.156042149951357	3.95231780915415
arao1248	-0.768016142058669	1.17837821218516	-3.20637976473738	1.46293280071539
arap1274	-0.657633641492114	1.28494918641986	-3.3857331848842	1.66976514120333
area1240	-0.87112357338825	1.07993833005879	-3.13784785214846	1.14325085350534
aree1239	-0.0791289577349864	0.971599537128894	-2.01138602730019	1.87240340767903
argo1244	0.787421241533233	1.24017219979168	-1.50137451879657	3.42880014491312
arhu1242	1.37326253007646	1.19665725044993	-0.769305239419206	3.96336933449183
arig1246	0.365967081538999	1.21023035528753	-1.93657117341844	2.91881663600924
arop1243	0.997972717892649	1.06990869947504	-0.944612928230354	3.23864175808553
ashe1272	-1.22711686277425	1.21402208374757	-3.80956568887432	0.937033336557983
athp1241	-0.00784001703898523	1.03052496153519	-2.01227679530753	2.05516261357261
aton1241	-0.153305547865689	1.14171367673724	-2.45325705337294	2.11771139336322
auye1238	-0.242418486178629	1.2075760457648	-2.66826850834811	2.04779094109923
avat1244	0.592647000592259	1.12795948328443	-1.50692216000262	2.94917212133207
awad1244	0.935623812218886	0.959936438522998	-0.842982519734293	2.94924900187233
awji1241	-0.729140204763556	1.23177476395089	-3.30921908114622	1.56833251291183
awtu1239	0.797435215858125	1.02047446272303	-1.16705223194025	2.79622202100037
axam1237	2.06614517239697	0.981973260251523	0.360344015932432	4.14456279179994
axiy1235	0.839863378363886	1.19893872818755	-1.3390997715084	3.44518834685473
ayac1239	0.595134417269932	1.26157412185634	-1.72402616903577	3.21829837774853
azha1235	0.841458688251335	1.16587117555081	-1.32049434958709	3.34244635787038
baba1266	1.24743560544816	1.1076497517363	-0.749693692384103	3.66411844803222
babi1235	0.739784596665029	1.24649384158567	-1.56820157066371	3.34448352822507
bafi1243	-0.971349422253772	1.09206398678475	-3.31905221002712	1.01031454206736
bafu1246	1.36280371226869	1.09811520470853	-0.59311709559405	3.78586813142348
baga1272	0.624832200480603	1.28454261196746	-1.74513216960851	3.42514944593301
bagi1246	0.647108510694707	1.08368042814959	-1.35949079105432	2.92586164290259
bahi1252	0.0181915562846212	0.887139722804411	-1.78877014385067	1.74614150127993
baim1244	-0.601714119381855	1.1671294870469	-2.95444543980186	1.68289914012955
baka1272	0.60704551754665	1.26527964847146	-1.79015094131448	3.27281961982235
bala1315	-0.821666424609317	1.22947614331169	-3.45854631487758	1.49952328572264
balu1257	1.07014934757811	1.20799075690751	-1.08600860900412	3.62658319876404
bamu1253	0.402462487296375	1.06147265264146	-1.60307595994259	2.56137789093883
bang1354	0.375499413333464	1.25374986620979	-1.94235104362336	3.07280884079393
bara1357	0.506866049994224	0.998509347305676	-1.38651328599516	2.59192936579155
bara1370	-0.934607096902686	1.1918676183253	-3.50092251485892	1.23996471125988
bare1279	-0.424925955233795	1.18310777862452	-2.84502871850041	1.82691162723868
barg1252	0.11899344539303	0.92233384290631	-1.73054566021136	1.94466309253599
bari1286	1.13449701273366	1.23422221666015	-1.12615580633661	3.81145176410869
basq1248	-0.424996857017638	1.25347018389173	-2.99559570427339	1.90108677877768
bata1289	0.603965356687003	1.2326937281632	-1.64744174993884	3.2219547749519
baur1253	-0.825607759865646	1.24008686248804	-3.49981214805021	1.42467137479701
bebe1248	-0.902178314028252	1.1799894870959	-3.34482652488467	1.30328944686482
bekw1241	0.61212210152046	1.1654531979175	-1.54033489869242	3.01208476699228
bekw1242	0.608754356645204	1.27799028121208	-1.78110437738578	3.33009903930317
bela1254	-0.477153526609483	1.28413961242628	-3.12477874673711	1.94932716020239
bell1243	0.657923239599147	1.26406885498242	-1.63240599025216	3.33982082596031
beng1282	0.529859218514465	1.27208524120462	-1.84762671039699	3.19351209739664
bent1238	0.517477040386281	1.13682358641149	-1.71388526135246	2.86624941460032
biao1254	-0.937487083328886	1.22755092157272	-3.52764712261214	1.38731850964441
biao1256	-0.893517733579256	1.25035286060138	-3.51685867894213	1.38374097364173
biha1246	-0.162196800764576	1.09288781473226	-2.33499441455282	2.04290972729409
bili1260	-0.645562573359735	1.26075403227777	-3.31124626538228	1.72405574943682
bini1246	-0.495640366576556	1.18698042458291	-2.91373145639579	1.75632186662459
blab1237	-0.332950892850589	0.93381437694685	-2.19485428647764	1.52327961337113
blan1242	1.33907303261461	1.1779251348324	-0.724211653770594	3.85472120671864
bola1250	1.24187916148493	1.2436980634405	-0.941607742425885	3.90887848395257
bona1250	-0.792280658734203	1.198895916031	-3.28527971236873	1.40602399158372
bong1289	-1.07985041839047	1.25297759401958	-3.74518045319307	1.17234544338124
bora1263	-0.5017931543475	1.19290234817772	-3.04162422646163	1.73314857891832
bord1248	1.28843475887507	1.23720732775336	-0.960609159503777	3.91422746197768
boro1277	0.465188657827428	1.27780081448213	-1.90398193739208	3.11444770209445
boro1282	-0.691659766049705	1.26640444713192	-3.39339803471634	1.66993737983539
boto1242	-0.638982109249601	1.18900188936732	-3.20232831148783	1.60143054414131
boun1243	-0.893845771457107	1.22996863944457	-3.53881812668187	1.40980637671752
brib1243	0.197718259309413	1.07515071359398	-1.88650869732567	2.32482508960507
budu1265	0.349469157041297	1.13265910115011	-1.80356360011002	2.66922269562172
buga1250	1.28309591376085	1.08186869690225	-0.675404881386281	3.63293088165625
bugi1244	-1.06143470227392	1.25710284833443	-3.83559380819737	1.21923262095927
buka1257	-1.38750391637469	1.13913590997947	-3.83658931060033	0.624876449039919
bulo1242	-0.182380870445349	1.14266520113722	-2.50203729717224	2.03680418610938
bumt1240	-0.528057688675474	1.15436566207848	-2.97266588268971	1.61227723127804
burj1242	0.485002864580368	1.19061144979533	-1.73957517589535	2.95741277301097
buru1320	-0.249902362263986	1.14543392067092	-2.52649097724351	2.02170296275237
bush1247	0.455087748628452	1.30103839404814	-2.01652814162516	3.22546575667463
buwa1243	0.598819247283698	0.9416323808378	-1.19174896852034	2.52923422513149
byan1241	1.5537127924156	1.17704092164021	-0.477539740303258	4.16480156659086
caac1237	0.305000173218371	1.08558638776204	-1.77856366929921	2.49599603705566
cabe1245	0.424187632299048	1.13085781381822	-1.77827837593137	2.73230578769565
cacu1241	-0.0115465436399615	0.907561469663752	-1.82644381472592	1.77251384615851
cahu1264	0.643750514040553	1.25427527412152	-1.7054033860616	3.26319233136622
camp1261	-0.462663162925181	1.2677523718889	-3.1728939068076	1.89384730337244
caom1238	0.619043777515935	1.19529834985937	-1.68752817927917	3.13439302143482
carn1240	0.917081013458386	1.23114087159279	-1.32580306828677	3.55444533934696
cash1251	-0.906400456307195	1.26305179545147	-3.59519432953374	1.41214587681174
cavi1250	-0.800481969231457	1.20861812867564	-3.39613838584348	1.49669971072922
cent1989	-0.378379067408098	1.1914881893541	-2.86074308188476	1.85641928544712
cent1990	0.924817945629327	1.25399653062087	-1.34130235447853	3.64342498467577
cent1992	0.131826933636096	1.10687339825776	-2.00832219052766	2.31796184552784
cent2050	-0.0742596282826766	1.11628455440037	-2.27828348124218	2.17826459060476
cent2084	0.185144880445914	1.03064737147411	-1.87018527160936	2.21746269972456
cent2127	-0.654496931127092	1.24054656988095	-3.2119158677954	1.67016902831328
cent2140	-0.347665007101489	1.06173298685584	-2.48083371733912	1.67742279813377
cent2142	-0.860608297742873	1.28893296998517	-3.60558298012906	1.45193633876009
cent2150	0.665142001400838	1.28275489525536	-1.70541190512321	3.44388130929911
cent2292	0.338604210753088	0.891354244058879	-1.34788697624509	2.1807157153773
cent2314	0.774654455345673	1.22164114891767	-1.51482280992512	3.41088881137182
cent2322	0.916035149284506	1.26193792529586	-1.41921325270032	3.52557110588523
chac1249	0.969395831924132	1.27035376755201	-1.27624294784262	3.71571410839054
chac1251	0.0308850087555341	1.12108948879786	-2.14461706959147	2.32667525469829
chad1249	0.767500318840775	1.23905693384855	-1.51488810282859	3.43762428348571
chak1270	1.01661234168343	1.15514248320058	-1.06028742772407	3.51460041294271
cham1309	-0.309164146638118	1.03534179351983	-2.4200813561563	1.6321941210367
chas1234	-0.40851553239529	1.04228880435161	-2.46830594846769	1.62543692158046
chec1245	0.760753008783484	1.14459347225428	-1.39356456334824	3.14298785106825
chek1238	-0.221814424164032	0.972771467405327	-2.14665575209622	1.75701683636073
cher1273	-0.647689114058408	1.28166823342154	-3.31936328597349	1.77321518869733
chey1247	-0.837140047840377	1.26720045724349	-3.51798904069894	1.44636069249778
chic1270	-0.568508208343481	1.26187323716417	-3.22588914797132	1.80368460013319
chil1280	-0.597173318230722	1.22744907050594	-3.14011854061049	1.67137214085236
chim1309	1.18815898039482	1.23255954889413	-1.07315196142248	3.89615006201624
chin1286	-0.940933323752123	1.26090136701009	-3.62300850687468	1.31590992120354
chip1241	-0.528213494085008	1.27388078816997	-3.29136482686222	1.85352820385553
chip1261	0.585705074809191	1.25338726426687	-1.74279000561908	3.24267562741952
chir1283	0.842323631818411	0.925259346019813	-0.890192399920567	2.74268839177468
choc1276	0.779134875981442	1.21029756875515	-1.47934139707035	3.34792413028024
chot1239	-0.472543706200008	0.892603750040994	-2.26102086483056	1.2733885424737
chra1242	0.667484586606129	1.2237775121163	-1.56378358142881	3.25229620856951
chug1252	-0.710038268713627	1.17574103808212	-3.26176392058002	1.47072911032754
chuk1273	-0.54064779092134	1.27122870986095	-3.20502366906749	1.84582071145959
chuv1255	0.928088063070146	1.24023164110551	-1.32697566586637	3.52404338060275
chuw1238	-0.96560623330293	1.26787645836762	-3.63914869530277	1.39572116573559
coat1243	-0.650050832947326	0.977377409134875	-2.56056373176432	1.21368152779684
coca1259	-0.643897477503132	1.24812052749316	-3.34544688448259	1.67976072836885
coeu1236	-1.24876581179198	1.26565967505167	-4.05445467186144	1.04102582471296
cogu1240	1.33937555584817	1.19361401135098	-0.793866128977515	3.93904662363445
colo1256	0.964160643627534	1.25052275878169	-1.31606951114936	3.6249257335493
colu1241	-1.04538717295076	1.26937926627866	-3.8017663911695	1.30054998496232
coma1245	0.786720471474151	1.25134716816841	-1.57907389120081	3.38174576180767
como1259	0.366259054321725	1.18011088479863	-1.84525817861093	2.83605449246636
copa1237	0.368235578304951	0.963151149459819	-1.49015887518243	2.29577777733526
cors1241	-0.424846634898057	1.29220263842437	-3.10522708741578	1.99684883795362
cosa1234	-0.0541174593052346	1.00032974831299	-2.09942710606299	1.85447683021205
cree1270	0.867308963488241	1.23518597905063	-1.38947626032862	3.51046029983062
cros1244	-0.101792452661738	1.11395198073448	-2.31112849053846	2.14392835609694
crow1244	-0.93133479240575	1.21766242669738	-3.59716452048713	1.22393723601373
cube1242	-0.322647992585047	1.06490806039855	-2.52029691195228	1.7512395383099
culi1244	0.609726712339359	1.20056175301534	-1.6500300509505	3.1023620825117
cusc1236	0.703469662332749	1.24909382990998	-1.58231259341571	3.42858722298208
czec1258	-0.467285859263567	1.29795610031802	-3.17756621317357	1.91195637476465
daai1236	1.33396516287634	1.24701300343691	-0.844942980780022	4.05365670455216
daas1238	-0.697975525153322	1.21175740158362	-3.25198508610381	1.54199210993331
dagi1241	0.896838232322166	1.2684276625779	-1.35698957423867	3.66316649889503
daka1243	2.13136893592936	1.02951956927387	0.295607519450098	4.33434063043434
dana1252	1.74417865354252	1.20996996906523	-0.351409688724801	4.37754715247295
dani1285	-0.460045914288115	1.27474912845062	-3.23001094327788	1.92824842703284
dara1250	0.637439738465979	1.06452693866576	-1.33778463568834	2.84423422199486
darg1241	-0.809181319685099	1.17767089425354	-3.34229011970379	1.39352810590565
darm1243	1.567929047308	1.17690733709653	-0.441092428497319	4.15582609218756
dege1246	0.584581691658734	1.16816603339123	-1.5268710399681	3.02678685771179
desa1247	-0.250631531103031	0.92568745807696	-2.18635426224038	1.52946388636077
dhao1237	-0.753695137621019	1.21676867224901	-3.31852341829663	1.50402399556552
dhim1246	1.00414928515663	1.08387171162303	-0.96759523711766	3.28101809687489
dido1241	-0.175234378159027	1.05370480705631	-2.31353378101723	1.841076479038
diga1241	0.390728309800226	1.19390113540598	-1.85768127835674	2.8932209472745
digo1243	-1.00833555490103	1.25553108857873	-3.64202630224379	1.27897426945043
dima1251	-0.391243457318804	0.99922013828574	-2.43799679067544	1.49105783406926
djee1236	-1.08207464368767	1.28537072263333	-3.7919732939634	1.20008721676564
dobu1241	-0.742400250385892	0.907822769917834	-2.65632673614387	0.993306766787827
domm1246	-0.721785593097664	1.03858940284755	-2.98380888687287	1.15580991262011
doro1266	0.0361660429154404	0.932724925516771	-1.80791261985787	1.91368247492965
drun1238	-0.258639595245339	1.14799268206793	-2.60522792460274	1.94039459509621
dumb1241	0.55469885782042	1.21167393077059	-1.72956319191454	3.12012723943124
dumi1241	0.111189195299964	0.964323569033534	-1.81324355161278	2.00722514817238
dupa1235	0.752458718645167	1.04312787642263	-1.20840503786492	2.95153850311867
dusn1237	0.849643705806587	1.20087793971438	-1.32649444664582	3.41691193241953
dutc1256	-0.548288022282225	1.26284197770135	-3.15861631614869	1.86576311881675
dyul1238	-0.65009755707022	0.998140254356073	-2.61256933942778	1.31120242422487
dzao1238	-1.06841986085532	1.24770879033124	-3.74910264396129	1.14558754486094
dzon1239	0.751443010475144	1.13741408479088	-1.35529180246328	3.13384935200052
east2328	1.0896650634589	1.24981435121996	-1.19151325661114	3.76780078153248
east2332	0.316192810138576	1.21991341617048	-1.97977122898715	2.8418851999015
east2342	1.63621880010594	1.28440878407211	-0.649069700074903	4.42500951995037
east2443	2.01064827322128	1.14315326765948	0.0361881772414768	4.53244588605047
east2447	-0.883165457765266	1.23855916278857	-3.50499807890211	1.42029082582444
east2516	-0.691336693291406	1.13896340665496	-3.08911055662841	1.435248534295
east2556	0.112135415186831	1.07422182074003	-2.02547410623995	2.26485489196158
east2773	0.400623248204376	0.91429092688194	-1.38745110770161	2.26327305899787
egyp1253	-0.707903345090141	1.25774680488205	-3.42876931262297	1.59495025557823
eipo1242	0.68964972871702	1.14565157371717	-1.48613649209791	3.02216430119961
emae1237	1.82151613294924	1.2102528204467	-0.367166610833275	4.40822948160703
emai1241	0.114239506021752	1.1441258507285	-2.12024167526478	2.51955651710817
embe1260	1.2644720201986	1.24584435005438	-0.97006595023656	3.97394005568763
embe1262	0.779676664813553	1.2708536101273	-1.61604102207805	3.43261944002505
enuu1235	0.836810043429677	1.07657695203298	-1.13767465855946	3.09099156140575
ersu1241	-0.103500099564073	1.14140293164389	-2.42722557117856	2.07276433253216
esee1248	-0.564192635580392	1.17102648845102	-2.9579694187372	1.63281368213292
esto1258	0.421319320443785	1.15032906690336	-1.81236587964058	2.77360081644856
even1259	-0.458476894883724	1.25473962462792	-3.07617626341725	1.93754905374154
ewee1241	0.386174080989104	1.16235215874227	-1.83001003989757	2.84960229372654
fait1240	-0.18383526259057	0.911701761308594	-2.03723787413079	1.57744139153388
faro1244	-0.401847399563335	1.25351930156873	-3.06650934547798	1.97180337264267
fass1245	1.04264553917285	1.10745132179342	-1.02505092958063	3.41972811689375
fiji1243	-1.14309014219613	1.19028410397311	-3.68029486246578	1.0273322213273
fili1244	0.328967717974263	1.1623325751643	-1.87050643225517	2.70435852680331
filo1235	0.469131938909419	1.01080975905619	-1.45594981501191	2.5329884877745
fina1242	0.472627057404102	0.867907113365557	-1.13632139562601	2.31887074306177
finn1318	0.761882310036467	1.23574580866869	-1.55583960575306	3.41530517669743
fonn1241	-0.588835987598596	1.20520924421863	-3.05234390709558	1.70014072113831
fore1265	0.877994855681766	1.26927316073637	-1.48475456887235	3.60293055217703
furr1244	0.52610538346861	1.33544128396153	-1.96371143573379	3.32915565752443
futu1245	1.36202132030636	1.22659149592329	-0.844897453761413	4.0894363534769
gaga1249	-0.906865493613133	1.25679865199281	-3.54135385832777	1.43619787528185
gahr1239	-0.361886119198417	1.18556873271173	-2.78226222572565	1.89739638282831
gale1259	-0.625663301435087	1.24966185150686	-3.22588388301166	1.72542037960373
gali1258	1.16719119687885	1.25235884651957	-1.11420016945011	3.86006998274117
gali1262	-0.670784993818332	1.24587834183165	-3.28420896934442	1.65516792408606
gamo1243	0.254101718235217	1.09268797183493	-1.83660369172539	2.44735026079434
gand1255	0.0348031274212081	1.17121329048994	-2.22044826185446	2.45085361132105
gang1266	-0.24595847758771	0.889994100525087	-2.0551729438499	1.54054125489955
gayo1244	-0.454590269480917	1.18424507595882	-2.89687849284191	1.81872943018497
geba1237	1.59578511463439	1.24014922671989	-0.525716042441719	4.30136635511532
geda1237	0.300028156964877	0.875045033966041	-1.42142495029459	2.04704160006403
gheg1238	-0.581534399838138	1.22351812642671	-3.17372756586234	1.68365821724237
ghod1238	-0.391911017431068	1.06902914887529	-2.62263116090109	1.61263998631479
gily1242	0.478750561201632	1.23677679129455	-1.86642699957966	3.0870868955559
gira1247	0.125484467687739	0.882232194430285	-1.60665955708954	1.84358910051946
glav1244	0.144847071132944	0.926204801820359	-1.7173299658823	1.96282389620549
gofa1235	0.433839176116173	1.15461617320556	-1.77655183899495	2.84554539152124
gogo1265	-0.968213015474985	1.20791557211936	-3.51592600681807	1.30189297065252
guan1266	-0.880950969281678	1.19991889751738	-3.44891130074098	1.27784027085465
guan1269	0.067591257272573	0.950945406565497	-1.8226225877012	1.93872119508421
guhu1244	0.535931307281502	0.981177002710333	-1.33029539434154	2.47666701625057
guma1254	-0.629503999900037	0.889596105497759	-2.43962765880287	1.04239430599615
gunw1252	-1.27556642798642	1.29471548635313	-4.11304017536389	1.06498295932853
guny1241	0.952046703156088	1.23865709492466	-1.3456459533648	3.5162801807953
guro1248	0.645991606407735	1.25037702350179	-1.65642520338107	3.34761231077316
guru1271	1.42899149303914	1.23563042063416	-0.745959977378652	4.10874163305789
gyel1242	0.322011870534793	1.23599255167108	-1.98791226571867	2.89665843596126
haaa1252	-1.07114554304351	1.25370040571589	-3.750200390819	1.16516407934075
hadi1240	0.611664663855802	1.06581862059227	-1.35728443746051	2.84196827224155
hadz1240	-0.363338745213121	1.1778381262232	-2.7442824033454	1.87160248444953
halh1238	0.941124980836257	1.31455113010138	-1.49000512044436	3.77922619819624
halk1245	-0.33746768417843	1.16730854190278	-2.67555289698521	1.96010362261183
hani1248	0.906308212885262	1.18185478531725	-1.30278265281433	3.43417007471072
hano1246	2.02406594497325	1.13279587459163	0.0466554978586276	4.51787599459297
hela1238	0.647609812009105	0.987764465894332	-1.24237200112802	2.72710066750573
here1253	0.416125907338081	1.24048509929442	-1.94550967730297	2.99574934110459
high1276	0.838784353925973	1.14613453912958	-1.26340399726749	3.3076413891812
hind1269	1.02950609069355	1.25971998745975	-1.3498072851178	3.68590165469899
hoaa1235	0.79690016620005	1.28281363195079	-1.54378402763163	3.48786787025062
hone1235	1.13803750159114	1.24508660445187	-1.13649479810527	3.85865986375389
honi1244	0.873961499265662	1.08225985867685	-1.10691725859037	3.19466213881428
hopi1249	0.702132430845863	1.21844764958062	-1.60561597572029	3.24906083717726
huaa1248	0.64249921706535	1.31863098273335	-1.83335432062662	3.400067122914
huar1255	0.54733089149244	1.14133553311224	-1.58557353887095	2.93722276532307
hula1239	-0.512199371203483	1.00975572312069	-2.57082483708626	1.3766535673712
hula1244	-0.619850079781769	1.23214443709392	-3.20434220705943	1.70196434509855
humb1243	0.900414967283797	1.29816868398199	-1.51905898314858	3.64697133784124
hung1274	-0.497422662362241	1.25810529473053	-3.18547376973719	1.90395636334066
hupd1244	-0.224296985571436	0.944536554355664	-2.15692648748264	1.57235083412719
huuu1240	-0.0317935727934649	0.948091076987647	-1.94529827362986	1.79984021978794
iaai1238	1.00124169941838	1.14475606661183	-1.11186683141801	3.48190054359026
iama1237	-0.751475376728366	0.832973208369515	-2.47504287027774	0.828561699370032
iatm1242	1.08752404093498	1.11022631888951	-0.954632520352125	3.36628007792111
iban1264	0.306624452560351	1.20806914922148	-2.03262245334071	2.83126793392121
iban1267	0.732732457029583	0.978459603087831	-1.07261806656509	2.79104705591232
icel1247	-0.39443703534254	1.27827986263673	-3.06494732573809	2.01423675945662
idii1243	-1.40516750528969	1.17457313434836	-3.86490210141697	0.712897699914186
idun1242	-0.555770053351676	0.90608016952606	-2.38071934124209	1.19301736882626
ikkk1242	0.27687177300019	1.25719909031509	-2.03731363124617	2.84746604664529
iliu1237	0.644131118960511	1.19265261046969	-1.5627583442321	3.2097539597794
ilon1239	0.662379386460184	1.00812083235902	-1.17914356283656	2.77504256517098
indo1316	-0.730549564985957	1.25883733239401	-3.42109541951396	1.60519628417441
ingr1248	-0.846697672922013	1.23181862838158	-3.47647460098557	1.45647000500437
ingu1240	0.857487326772054	1.16887704573429	-1.30882587809042	3.31376286753143
irar1238	0.755449828618565	1.22017160782209	-1.47325002853852	3.41699264011749
iris1253	-0.469623478164694	1.30286651004028	-3.22451335662349	2.00793943669242
irul1243	-0.503225203829382	1.32288370074572	-3.28891557927575	1.9652898516588
isco1239	-0.622606846429416	1.19324000433617	-3.07555724923265	1.57804730740161
isir1237	1.06984295129284	1.25543251212625	-1.23596266158613	3.774876482094
ital1282	-0.475131980366727	1.27443588305758	-3.20204485973197	1.84578398844969
iton1250	-0.813135711307962	1.20781907807379	-3.34695858528833	1.42395480001573
itza1241	0.976246604678906	1.25854001184243	-1.39261867197824	3.63181504979318
iumi1238	0.956785572869372	1.08073078672381	-1.08732218010122	3.2190688598033
iyoo1238	0.825932786384807	0.94280264261715	-0.954312672034842	2.81626073039311
jahh1242	-0.35622653986134	1.14640505843713	-2.71923330176667	1.85986418504355
jalk1242	-0.22521383096647	1.07897856528748	-2.32610906593098	2.02314923691504
jama1261	-0.697141702811449	1.22965044097549	-3.32665698372285	1.6553468093801
jamb1236	-0.966837341974343	1.26655807008291	-3.67250172204256	1.39521796843098
jams1239	0.774361284511621	1.18676295068774	-1.45633789869469	3.22452452785615
jaqa1244	-0.733536612386565	1.24381584160919	-3.35298817821508	1.55916530504101
jeha1242	0.594492612207344	1.2195376395587	-1.76307290820424	3.10482392535297
jina1244	0.828823514916802	1.10662138018787	-1.19189538152985	3.19879286563819
kaba1278	1.19170254430302	1.26726204179017	-1.05535346649888	3.82756601906068
kaba1281	0.433164470097688	1.26907686907801	-1.95736834873766	3.03398332323509
kach1284	0.33139348679633	1.10547424880996	-1.78209671537494	2.54529679405302
kado1242	1.39913371692601	1.07186267092488	-0.494217004896899	3.6451711473151
kagu1239	0.141801388545162	1.25841481126331	-2.26834253197475	2.73977703013713
kaik1246	-0.191417292297775	1.07225334419755	-2.40860995384821	1.85942728105532
kaki1249	0.41304876281093	1.101052628983	-1.68824021222613	2.70958094714555
kala1399	-0.657722141078139	1.23293693208292	-3.24327252963835	1.63340498097273
kamb1297	-0.998407323855948	1.24282785276518	-3.64250255016067	1.3178364647851
kamm1249	0.654043215893753	1.13226610938296	-1.53881907304864	3.05582879682229
kana1286	-0.281924593635821	0.955251840668725	-2.1442657306549	1.59355496094855
kani1286	-0.0730238974566214	1.05786190886638	-2.22353342078689	1.94525893157987
kank1243	0.298988956205481	0.947302984681359	-1.50770513156375	2.2074981348435
kara1486	1.13294075161412	1.24396633680828	-1.07862935452109	3.82012701827521
karb1241	-0.445024542950675	1.03704016860506	-2.55712555526994	1.50004888393538
kare1335	-0.447599359531055	1.23677307170046	-3.03023958049931	1.94274716463831
kari1311	0.857330878483664	1.25261375707984	-1.455313948869	3.49909550812486
kash1277	-0.699544621245231	1.30373075477069	-3.48540857602831	1.71363709944977
katb1237	1.94914274438483	0.914823036166673	0.314776450640517	3.97497395680409
kats1235	-0.11612112436793	1.13560962763696	-2.44919245147566	2.08688391033562
kaya1315	1.6383678081858	1.24694017115696	-0.497718930612049	4.4087838461987
kele1259	0.380982004738266	0.864152879010207	-1.2525341202795	2.19469353972639
kemb1249	-1.4442854930573	1.1447998011755	-3.85642052578796	0.591545638590768
keme1240	1.5427089979021	1.09307108635887	-0.368914792685794	3.94008696892093
keng1240	-0.0254191061803708	1.19961248036568	-2.39183114283787	2.37835619673111
kenu1236	-0.71139238765273	1.28993232106575	-3.46166616797599	1.71726040997177
keoo1238	0.0541048251610624	1.12831983514737	-2.12216004375499	2.33227385062862
kera1255	0.985237553491881	1.10483830414692	-1.06432528153779	3.31816452532105
keri1250	-0.921009903390676	1.24420850804043	-3.59657652632583	1.38699713142218
kesa1244	0.0296292294585172	0.911416840837345	-1.76222797537231	1.83551224923346
kett1243	0.719112938753981	1.28251055283701	-1.6998998300058	3.45529239015385
kgal1244	0.692454083683181	1.2958975647635	-1.71418379364337	3.47730468469002
khak1248	0.661841227106867	1.31057784451781	-1.79366502021924	3.41838395369129
khan1278	0.604259384758652	1.1332492422155	-1.46949225097296	2.99286131043224
khar1287	-0.686337372635603	1.23495871986384	-3.31375402290592	1.61460887258661
khez1235	0.708987443746437	0.897166255436249	-0.977628504379701	2.49937842909082
khin1240	0.494911697252327	1.07825474516844	-1.57168046649407	2.70791885693972
khva1239	-0.252959170446695	1.05347181759271	-2.38857333445417	1.75425018929467
kich1262	1.2268121598067	1.26467767802075	-1.09845438197542	3.96079655257649
kiku1240	-0.189265046145345	1.16850336596696	-2.47053343191163	2.19630114463982
kile1243	0.78854393228079	1.25496059324815	-1.60688729753843	3.34449089824777
kimm1245	-0.122470059982205	1.04680865531277	-2.2291973370238	1.90674475805874
kina1250	0.641761808644676	1.26296265622634	-1.67562985919393	3.34398851103001
kinn1249	0.643650271041956	1.16885355779064	-1.55417522703034	3.07792145438574
kiow1266	0.763372001488393	1.24798966507139	-1.53865361705716	3.4400747820071
kips1239	-0.187399994896028	1.19881073471002	-2.53269986659122	2.19183425804656
koho1244	0.515530237567764	1.14661155584425	-1.65352113524681	2.88281041931866
koir1240	0.802030830836697	0.929068135882733	-0.920894398416915	2.70673449194826
koko1269	-0.314131048414779	0.93772333676517	-2.17513045561247	1.54577430096505
kola1285	-0.747398848948668	1.23519552469986	-3.39828373047882	1.53562587746755
kolb1240	0.321541744246202	1.19530923745668	-1.94425525619938	2.77659933313766
kolc1235	-0.0468028977831037	1.21319339298447	-2.36421094493888	2.41004047513177
kolu1245	-0.72356458204278	0.838225785783052	-2.45840028364781	0.858884609539432
komb1274	1.26910549232546	1.22521953412165	-0.9372399775164	3.92202956208781
komi1269	-0.540295930337974	1.26395864518108	-3.2385404249173	1.83576770520079
konk1267	-0.509064882333655	1.29680308065604	-3.34107775806099	1.8748004063787
kony1248	-0.0834645765094044	1.00035520818872	-2.05603748904259	1.84642497295001
koor1239	-0.185203765407263	1.11520749504392	-2.38376095961883	1.95435987214674
kore1280	-0.530902264164926	1.28523129767039	-3.30147574640951	1.87001824816628
koro1298	0.905562412434676	1.24015402527877	-1.36389739474339	3.56667650497887
kosa1249	0.854625861294121	1.15527131056125	-1.28427083495494	3.24957536545516
kosr1238	0.58496926225328	1.24364141600163	-1.72242890860482	3.24294714729156
koyr1240	0.507335961019389	1.25769867081141	-1.96932419025475	3.14670562297514
koyr1242	0.577073435740272	1.2827953552621	-1.78808926309452	3.33920590846184
kren1239	0.625142543377905	1.20170386850634	-1.61920896655071	3.13352821882628
kryt1240	0.518583500940136	1.08451091145767	-1.52537374180203	2.77033862498587
kuik1246	0.347540382751372	1.11695156412635	-1.78766638487551	2.5751468110121
kuku1273	-0.498730863226736	1.25748253618764	-3.24280365229186	1.85331402325337
kuku1280	-0.512722152583309	1.26874922472841	-3.16885523369664	1.79128490654487
kuma1276	0.073933476840375	1.07168301557823	-2.01548902314202	2.21568908477942
kuma1280	-0.626634728206668	1.01179777131681	-2.74811998733891	1.23365336984705
kumz1235	1.01672756354323	1.23306060502572	-1.2551603573877	3.62178274534344
kunb1251	-1.20984837125731	1.24679442150962	-3.88498066515134	0.970691093754875
kuni1267	0.451305358766551	0.90738545664116	-1.30823274755401	2.34053985674227
kurr1243	-0.599330939282035	1.29192278647052	-3.35355358691675	1.78471668397867
kusu1250	0.468954445835401	1.11471712948335	-1.60088689031391	2.77210528895446
kute1248	1.39846070473757	1.17819074914159	-0.735083460603094	3.90423610143754
kute1249	-0.948419047837727	1.24525644072085	-3.63528311258191	1.3116229722701
kwam1252	1.691611194221	1.10504586518083	-0.210917478775996	4.04946251359164
kwar1239	-0.330752760968973	1.055055959455	-2.41103848368303	1.75626492869384
kwaz1243	0.796106091365128	1.26228602562704	-1.53885998042952	3.41787337685937
kwom1262	0.765596292820752	1.00074837259497	-1.07858782443107	2.78782125123474
kxoe1243	-0.937726416876723	1.26428927291207	-3.67689959850387	1.36625573300692
kyer1238	0.457539743922513	0.992313397357737	-1.39977732599569	2.4647408576839
labu1248	1.39099592801011	1.00874981853011	-0.38413166656299	3.5549126174036
lach1248	0.103024369750479	1.05879431432863	-1.98808787263281	2.22483215008575
lahu1253	1.443452413316	1.08559471631094	-0.500283188873793	3.7120817230001
lala1268	-0.00809945721914923	0.978723579055363	-1.89534095156641	1.95723167722712
lama1277	0.151537266507273	0.995040748850922	-1.75838498951848	2.20608987813227
lama1288	0.21816213515607	0.911408919464354	-1.57205666554493	1.98279408819594
lame1260	2.05009304876484	1.12381132061022	0.0873364608325147	4.4522411874742
lamk1238	-0.714489432365327	0.955692298110459	-2.65065215356459	1.1171508810514
lash1243	-0.317412606594798	1.04815914346463	-2.38256686261146	1.74499396971422
latv1249	-0.452212826392069	1.27873679724444	-3.1151895708709	1.92887972820015
lavu1241	0.126215237059271	1.10010671699061	-1.9837568376998	2.45606292993292
lazz1240	0.860436920427926	1.28419948013155	-1.52737183342515	3.54966979232523
lele1276	0.117147038739099	1.10727907969468	-2.13141024334472	2.34238321287602
lena1238	1.72947904558623	1.12554018871574	-0.206124587351548	4.22261856827859
lend1245	0.00412234959254308	1.24121075749557	-2.41404252871245	2.56509816751974
leng1259	-1.05504874055869	1.05019661582658	-3.23478946007517	0.832648774752211
lepc1244	0.997921657707267	1.058575344084	-0.958711157805577	3.24556815665381
lewo1244	0.0153925939854903	0.997069715873822	-1.94928113336757	2.05012038234406
lezg1247	-0.0437597526260992	1.06618689377753	-2.17758859680031	2.04917197871583
liby1240	-0.713253238136576	1.2836776952676	-3.52006387721059	1.62317114337288
lika1243	0.351371484774679	1.26565403506729	-2.00544787356333	3.0217003277876
lipo1242	-0.823585198405215	1.08936781770576	-3.10483811435964	1.19662632631854
lisu1250	-0.408134691380321	1.08963970447767	-2.67233908525591	1.66356905337999
lith1251	-0.562503793226417	1.27686201135561	-3.23400676585704	1.82735774640105
litz1237	1.87497980505019	0.893831237243328	0.300177029037367	3.84500202085439
livv1243	-0.624334651988528	1.2731228635505	-3.35709897758924	1.719073031607
loka1252	-0.0019358383972212	1.11278405086871	-2.21938289049253	2.21710764048713
lolo1259	-0.7393578763456	1.09771488301923	-3.05595578834624	1.31152785681926
lomb1257	-0.54364747970374	1.27256397245133	-3.19599001769463	1.78504097953806
long1395	-1.16659692110218	1.06542352155766	-3.43990132996053	0.746981051864827
lote1237	1.14577667952788	1.19730021979873	-1.00646202517909	3.71532377028721
loth1237	0.519810086600161	0.917335273343889	-1.18522633198075	2.39712851631551
lowl1260	-0.499608970592791	1.03073249475972	-2.65961855879824	1.44883028880646
lowl1265	0.733837002967138	1.19347339151592	-1.44009283013664	3.27256159251682
lule1254	-0.779102881648258	1.26730901476984	-3.44134500288009	1.53732389358623
lumu1239	0.970499064861287	1.26948530454821	-1.34137882357579	3.79335901761358
lund1266	0.377479306954524	1.25530745735926	-1.96350941168764	2.98456588581523
luok1236	-0.817969234080273	1.22298290341853	-3.33952949055633	1.42894934669608
lush1249	-0.343731202133014	1.14996188552264	-2.65512629295669	1.89455562101233
lush1252	0.171008125645872	1.15484182086248	-2.0614582413151	2.59247052356929
luva1239	-0.888334094524952	1.20449698017889	-3.45376102185487	1.37412079871118
luya1241	-0.111021823109253	1.19122174439852	-2.41238245785248	2.26936691378021
maas1239	0.118825844472809	1.13635662052742	-2.108821652623	2.5098160871832
maba1277	0.523327467340432	1.27123677271655	-1.86568038620014	3.25798603406564
mace1250	-0.675506817805071	1.2350476014361	-3.31086780051906	1.56772343485991
maco1239	-0.651816638198895	1.25304748112006	-3.23824039752672	1.65905728138374
macu1260	0.226420927855226	1.14867733653271	-2.01071351511529	2.50856091700332
madi1260	0.403682651985028	1.31202345421882	-2.063357310599	3.11865540060688
maee1241	1.78706222423222	0.909624509909402	0.137135098864392	3.7627625536544
magd1235	-0.451947770232272	0.973238528203644	-2.46613812752542	1.42504060811011
maib1239	0.258562010946751	1.1529819813971	-1.98111342142465	2.65650779618459
mail1248	0.513853340552234	1.12724345689201	-1.63803990804788	2.83803888416098
mait1250	0.614283165627493	1.12519148700069	-1.54025043841461	2.98231236321813
maja1242	0.219582737824932	1.2339991789278	-2.21985266756722	2.72874449053516
makc1235	-0.27948452885935	1.18367409624595	-2.7382871752626	1.99043030921873
makh1264	0.0758689480476805	1.20684485747618	-2.21140567947641	2.56941177927917
makh1266	-0.864345460751595	1.19950471273336	-3.37073777694654	1.37641255676915
mala1479	0.421315677385857	1.1893153675458	-1.90688690787494	2.85647001820945
mala1522	1.28100963600449	1.20208976094092	-0.789809210679482	3.92447390229829
mala1534	0.396304536812477	1.0079185947606	-1.58319129045965	2.41204525785823
male1284	-0.252903236145041	1.12728831268234	-2.49394340944424	1.97648176474663
male1297	0.78680603407869	1.24311129893553	-1.44669064841891	3.47381625788593
malg1251	0.0563652876791181	1.04799451981186	-1.98040358370202	2.16975074604225
mali1285	1.19039096658032	1.06146826790013	-0.784705088122791	3.47611375208153
malo1243	1.80439859363229	1.00015126054938	0.0252806608145964	4.03596781495624
malt1254	-0.666528258667356	1.26655143236481	-3.37957165671245	1.6692641831568
malu1245	1.75767670586793	0.920778376235186	0.0683189944112745	3.73682589597707
mana1288	-0.186204225503765	1.05276689452041	-2.30679777242073	1.77846147546684
mana1295	0.850233511099361	1.11491839135289	-1.18847698599595	3.24521434519373
mana1298	0.7794162326894	1.0097132396332	-1.12863511019664	2.82302920657779
mand1415	-0.767402477362723	1.25928242859051	-3.41420948617074	1.559219419978
mand1436	0.497674439652629	1.30160246867946	-1.95907049380949	3.25749064193209
mand1440	0.94615609723288	1.27232868024695	-1.31681513691918	3.77334075938202
mang1381	-0.935786906230674	1.27106067003663	-3.65291022533891	1.4159427389463
mang1405	-0.615383854766639	1.19881483201845	-3.11867978236074	1.68995062024211
mann1248	0.488850853104991	1.29375291239621	-1.92211205041857	3.2205648237019
maor1246	0.637377468854533	1.2511209973427	-1.72075550579467	3.30883666931271
mapo1242	1.36766706727863	1.02114841021277	-0.449520648675663	3.59428180535546
mapu1245	-0.678122547125344	1.28911926231838	-3.42851405539961	1.70403631129965
mara1378	-0.497125315499895	1.30271474288271	-3.21490219683002	1.89175674369801
mara1386	-0.95653337509079	1.29848695698286	-3.77923356237009	1.39853315906095
marg1265	0.318103501478664	1.03806922210723	-1.74388366744279	2.39348414317086
mari1426	1.85504159202913	1.20309098483654	-0.240912227113137	4.49621737670233
mari1440	-0.913949923264666	1.2505287869917	-3.53691822609855	1.43153550333604
mart1255	-0.594658580335256	1.2827169996319	-3.31008290664534	1.77809308758417
maru1249	-0.812385221900313	1.18764078819237	-3.26968285814545	1.40672830630679
masa1322	0.928394804601665	1.15190329501723	-1.15857306380775	3.31867008354834
mask1242	2.08959981596929	1.00891809078892	0.331032011744345	4.26919067817678
mati1250	0.61265685077424	1.19390100145884	-1.64472549724578	3.12498490252154
mato1252	0.9996585398947	0.897838367880117	-0.659769268994567	2.90972450797117
mats1244	-0.584046833923429	1.22942538164287	-3.21999204477521	1.73414354877273
matu1261	0.130892328297607	0.912802686692174	-1.69128370715274	1.93725993970509
maun1240	-1.14145598902212	1.25629255842707	-3.78570815430064	1.21461515170134
maxa1247	-0.566222991393267	1.24519874057778	-3.18373728468289	1.79008382233659
mbay1241	0.445984495763757	1.18182464385413	-1.81234685658184	2.94391794487396
mbug1242	0.11314911712861	1.16877110516578	-2.09310570800981	2.48585591439179
mehe1243	0.689649116362851	1.00189641715823	-1.25356988481115	2.74943562748994
meke1243	0.133453509808364	0.927050352244834	-1.63812090930387	1.99205254786175
mele1250	1.60191755059853	1.24033824370674	-0.63736400553913	4.26158370956962
mere1242	1.66269544754535	1.12206622699479	-0.32167589735314	4.0977411267268
meta1238	1.07803046770213	1.14220036544252	-1.05821063520798	3.50377586192216
mika1239	-0.622589110325522	1.21061425389693	-3.18236073306866	1.61959460708964
mila1245	-0.122690638139073	1.0846091492966	-2.26348002421367	2.09427584262137
mina1276	0.598277101712059	0.975281053838441	-1.25613153190913	2.64017696641109
minn1241	0.581755377902026	1.23251623139871	-1.65120144428745	3.17111968885771
misk1235	0.804943934277686	1.23009138855755	-1.49320110095921	3.3810583928521
mixt1426	-0.569624827764272	0.972125549683066	-2.54925072452365	1.32309283089122
miya1259	-0.603302308864537	1.28075144707286	-3.34451488377489	1.85019178482289
miya1266	1.4106814079577	1.23731735009047	-0.761314658996001	4.14367113054579
mlab1235	-0.765970146452802	1.22507432132964	-3.28876585506685	1.50079817547112
mode1248	-0.455143901539678	1.24504204076914	-3.11697166020494	1.84794674825107
mokp1239	-0.577654291353521	1.14552934074933	-2.92983160095275	1.62363960573558
moks1248	-0.481776760218009	1.26068097309693	-3.1666813730244	1.90761450711464
mono1275	0.183641018957882	1.13896554995314	-1.97741136011197	2.5467442653128
mont1268	-0.541938617973093	1.23899758215993	-3.12205747003974	1.76634880651533
monz1249	0.652045249038069	1.21604482886459	-1.54717205714783	3.23647842525277
mose1249	-0.915374942638638	1.27129682595298	-3.67479168384754	1.41432815964682
motl1237	1.42355949272679	1.17601225032629	-0.647516663806652	3.96287969722569
moyo1238	-0.278927684326632	0.903444842923426	-2.09464850553964	1.51035131653285
mpad1242	0.0181266198566625	1.10170021121261	-2.17598035151011	2.22092276229871
mpii1239	-0.686912045503512	1.2052629806104	-3.2137071986548	1.55842274809858
mpot1240	-1.05811706686772	1.25526017753162	-3.64396632899491	1.21624754612091
mpur1239	0.824036737863542	1.19482366624832	-1.33776760368635	3.38157644572999
mual1241	-1.29458533852564	1.17567258735819	-3.78868826165969	0.798132994736194
mudu1239	-0.639137205648329	1.31466352862804	-3.46233991907174	1.79695906362668
mull1237	-1.04421880590954	1.29851328830548	-3.78981026580116	1.30191367239361
munc1235	1.27418333277913	1.25869595983212	-0.993921657020745	4.04213503282203
mund1325	0.76959899262682	1.11275290308584	-1.27021325611779	3.11048506867278
mund1328	1.56307527586001	1.07942170954564	-0.34265322346287	3.95206234708188
murl1244	-0.734162131561415	1.29608770785549	-3.48436350699472	1.67208460276401
muru1274	-0.690051162910838	1.22506680121407	-3.28539973305538	1.60446286782102
musa1266	-0.0426375945095933	0.901348276484862	-1.82578165073558	1.70770074519467
mwag1236	1.23308573676176	1.28566353831321	-1.03549142117018	3.99049131399127
mwan1250	0.556057244697473	1.28860867623181	-1.86373937397074	3.30804562787208
naka1262	1.22288921890294	1.19671652557261	-0.925364355794742	3.83964659152246
namb1293	-1.38077849597716	1.19554520957525	-3.93688562733739	0.733288586651949
nana1257	-0.353189037452088	1.24467108124196	-2.94202188178071	2.03913919229908
nand1266	-0.82188942768635	1.2264137372701	-3.3828691816162	1.51143080430813
naru1238	0.956943850909353	1.25787657439487	-1.37703791193379	3.56458567187973
naue1237	0.680649476802328	1.21160291803464	-1.53244093002854	3.23355419741512
nava1243	0.830787894572177	1.24820870557266	-1.50562668173779	3.50463273421198
nawu1242	0.440917968017839	1.2244798954303	-1.86150050950935	2.99283835628309
naxi1245	0.900568459775766	1.11341136033455	-1.18372017045138	3.25623530133089
ncan1245	1.52541129370141	1.0880763486215	-0.39301496761654	3.89554796746421
ndam1239	-1.00769684105048	1.25434279545321	-3.66971713479687	1.27840986081645
negi1245	-0.119889283940606	1.20991151781128	-2.5678181636978	2.29618261770762
nend1239	0.303104951972958	0.95485934328636	-1.51347246870164	2.19184540946544
nene1249	-0.523055722394209	1.28270983602208	-3.21607600499282	1.87658950659492
neng1238	-0.226674960388007	1.15210369914287	-2.58408082207465	2.00032970379415
nenn1238	-1.37044477317208	1.16781217826115	-3.87149002037639	0.718032974575859
nese1235	1.77038613577149	0.921879201260666	0.0982934935324956	3.76165224118997
nezp1238	-1.0882949815817	1.29108489172608	-3.80248914370956	1.18225982652391
ngaa1240	0.951554448460088	1.26276063786514	-1.39585228471213	3.61532047880369
ngal1292	-1.01017748442761	1.3086224357279	-3.8665614555659	1.35862991044023
ngam1268	0.414695982541876	1.1582216684852	-1.84649680339239	2.77167329430567
ngan1291	-0.473441082377078	1.25428243141323	-3.07813392444642	1.86782548895082
ngar1235	-0.770454582955007	1.30121223292752	-3.60809800935749	1.60215367883277
ngar1283	-0.502821484361708	1.32201714732404	-3.35903586912251	1.94433926647766
ngar1284	-0.499570690270118	1.30345637468822	-3.15767063766828	1.98410921579035
ngba1285	0.661616477766415	1.22494282922058	-1.59125571302745	3.3627511100732
ngit1239	-0.914778915933541	1.23975353436002	-3.53878123994997	1.46280311751047
nhan1238	-0.486776487530028	1.28445888361076	-3.24698928512677	1.8467943239838
nige1253	0.934856692607943	1.28297085264454	-1.3789983577837	3.76715214498853
niha1238	-0.464060147842005	1.26905279183225	-3.11107192086825	1.93301270016748
niva1238	0.728297926981989	1.22531277661238	-1.57464640974555	3.26920243679238
njan1240	0.880400493767734	1.14635009615249	-1.27599487911985	3.35439890529289
noct1238	-0.567685714937963	1.03470182164532	-2.67625022544444	1.39424496059187
noon1243	1.46487060563835	1.09492414515282	-0.454067148877099	3.87916484697195
nopa1235	-0.658361209797644	1.02500718815617	-2.73814024914544	1.290990157732
nort2671	-0.618512171216988	1.25383793820233	-3.25451532610616	1.68880447120432
nort2690	0.555290879555993	1.24477454406802	-1.73539855229615	3.12733600830486
nort2697	0.333772999054506	1.18003915612095	-1.90406601635568	2.75553906813313
nort2722	-0.266212803104678	1.12916606274799	-2.55824095566598	2.02498648240632
nort2723	1.12519624256019	1.11691165369302	-0.86524191170589	3.53052756308939
nort2732	1.16165363140299	1.23445963228664	-1.05929272080501	3.7936357963399
nort2745	-0.554406955009792	1.30806366287436	-3.24275917540631	1.95761633148166
nort2747	0.791503081233932	1.22812961799429	-1.47829011430596	3.31734447074904
nort2775	0.480519982716111	1.26697537344221	-1.85793589486591	3.12962062584084
nort2885	-0.471701054821582	1.20233504176418	-2.94113426760416	1.86140205576918
nort2938	0.377252073946065	1.19227402813189	-1.92930981347014	2.85215736971188
nort2942	0.600131072198818	1.25423217140065	-1.69935903285543	3.29504105873008
nort2951	0.79065323931486	1.20757489439022	-1.40743322788667	3.3702129454546
nort2954	0.930176022913789	1.22986086859275	-1.27467391542269	3.58650264135962
nort2961	-0.542083340663553	1.2320486179255	-3.10107484181293	1.79929327196496
nort2972	1.17611422425404	1.23242629804104	-1.01317172984661	3.88070587521781
nort2980	-1.19811959261801	1.26029216723483	-3.94006890260594	1.12008659785555
nort3047	0.808266963916725	1.00875085999986	-1.10025641341628	2.89160113065803
nort3139	-0.562669993703589	1.26111116555572	-3.20023128293705	1.84675572568021
nsen1242	-0.975805627729116	1.23765007580377	-3.55822266110402	1.27522968724326
nucl1235	-0.167640297846512	1.22862531728818	-2.63483929566318	2.19997442801715
nucl1240	0.444664477331536	1.13729684689235	-1.72387664003746	2.76579385231069
nucl1301	0.547025999013174	1.25299256557476	-1.77788937845503	3.21350782509683
nucl1305	-0.549915365489931	1.31607268385241	-3.33952875895276	1.84322641514729
nucl1327	-1.05727654911691	1.33071369704372	-3.88352210209854	1.34382546531382
nucl1417	0.656820378116531	1.12923255899343	-1.3830270408979	3.00754425897653
nucl1593	1.12230233894984	1.06381843691832	-0.810350687866443	3.36382872111683
nucl1622	-0.506224755595588	1.2340306490861	-3.02785699483119	1.88430821373685
nucl1643	-0.518667173670268	1.26162243782418	-3.20757879494179	1.8371060266304
nucl1706	-0.534932975757497	1.24639733982858	-3.164301096642	1.81645125464585
nukn1238	0.989863004644537	0.889443613899714	-0.640588515295263	2.85031560819451
nuuc1236	-0.300539933384781	1.22879180143257	-2.81474360390725	2.09120935249035
nyah1250	-0.788911109740105	1.26881980100294	-3.49925023562984	1.53894575298117
nyal1254	0.45725599435817	1.15469596819202	-1.68897579286045	2.90761154538135
nyan1307	-1.08822389120726	1.24316900550996	-3.75490234065331	1.16629850248997
nyis1236	-0.202180893219246	1.0255085439868	-2.26124248885444	1.82695515560439
nyor1246	0.00421425610263572	1.16040389964794	-2.2978342307243	2.3625212455443
occi1239	0.956740931974626	1.24001296432652	-1.3594205668305	3.63454415972643
oksa1245	0.259563804734154	1.1438254116356	-1.98740267772207	2.49916010679322
olut1240	0.836316890977165	1.13771361992234	-1.25027658324289	3.24114711807587
omie1241	0.425895164180764	0.95983903643199	-1.43526550916883	2.40729157634109
onon1246	-0.795177486402331	1.23794012899196	-3.46491042116837	1.50898547956967
oriy1255	-0.599447046942982	1.28609092718519	-3.30112093256431	1.77960603697948
orok1269	0.5790869299687	1.00878545527132	-1.36389869862309	2.70058334992517
otta1242	-0.583110312875399	1.22034302230881	-3.10017570274666	1.68433705215951
paaa1242	1.31240556152543	1.24753176827656	-0.865545642538745	4.01301520461775
paas1238	0.34756202486306	1.20874363044251	-1.91908985767319	2.88115343938521
paco1243	-0.631222568267643	1.25550436706805	-3.21636444717126	1.74690373238044
pagi1243	0.508655032706098	1.25188517061621	-1.87066809191782	3.14229527479696
pagu1249	-0.172486330307149	1.14544830781549	-2.55548142345819	2.03802698824029
pahn1237	-0.25307790123544	1.07494718588225	-2.42476503360969	1.78845890907069
pala1344	0.579215227786819	1.23397362716418	-1.71018035257479	3.16128135751952
panj1256	-0.397982276563858	1.27774666990234	-3.05838305095363	1.98857987514234
para1301	0.922723933157175	1.19079277635657	-1.24354599800791	3.46219919076838
para1302	-0.0169978623900024	0.992335336758278	-2.02999246661424	1.90281370952494
pare1272	-0.548838682178534	1.24793285235216	-3.14207102298903	1.78404944755503
pate1247	1.30324340985124	1.03830878951039	-0.566464587626258	3.54053590843009
patt1248	-0.873910656466698	1.25357395376687	-3.63095911867657	1.42583564828603
pawn1254	-0.50007916930453	1.24700602668206	-3.17198853545088	1.88891029980286
payn1244	0.371898598856365	0.953994313107899	-1.45815630072702	2.27516489873957
peer1241	0.30724715768367	1.12945752400657	-1.88934973926332	2.61705978709608
pela1242	-0.74570652832746	1.03928199975456	-2.88047228469312	1.20049016516641
pemo1248	0.725975290482294	1.22697773425498	-1.56053899453719	3.30299801285794
pich1237	-1.13063065097498	1.23548532503057	-3.73191350519054	1.15648606965499
pile1238	0.670765403579095	1.23392265132912	-1.64256518120251	3.33265932591108
pima1248	-0.20338383085582	1.15330572150962	-2.53012000710329	2.07232868569083
pint1250	-0.487150874217801	1.28503930274873	-3.22360820563237	1.89479472539155
pipi1250	0.901689692892492	1.25120939689317	-1.40840118529503	3.56586713305163
pite1240	-0.807233774014191	1.25068183819927	-3.49883787589262	1.47506392510599
plai1258	-0.483466042881765	1.26433616511464	-3.10443125816794	1.8829028854043
pohn1238	0.582028050231856	1.2137039585721	-1.65259846232581	3.16391826189792
poli1260	-0.436644995742246	1.28447863399035	-3.08450433329935	2.01812226448458
popt1235	1.47532086364946	1.19490481771131	-0.623168331146551	4.13880006311582
port1283	1.16540287856244	1.23898552507871	-1.13992536787486	3.74757496724029
psik1239	0.296357945730341	0.941739507337468	-1.50434746618557	2.21850774142234
puka1242	0.636089714707633	1.24787388585547	-1.60315105973669	3.27058664619503
pula1262	0.695849086790751	1.28183818655648	-1.66771047697751	3.36043575220381
pula1263	0.585042430068842	1.26194613018842	-1.81216914412363	3.218371520037
pure1242	0.960881359416438	1.30693162844059	-1.42229567268234	3.74844026578291
puri1258	-0.863780789016376	1.2645878464232	-3.54522822193414	1.50685259366974
qawa1238	0.649606464032049	1.28187216567881	-1.7035265776017	3.35623846928556
qima1242	0.870009859475659	1.24908926051587	-1.39894473240803	3.52406523185044
quer1236	0.967560280857714	1.27630604338351	-1.41079509301353	3.69968889690721
quio1240	-1.2497768605138	1.09525735970067	-3.57748642714005	0.728591480658291
rabh1238	0.182065257230131	1.14506426461099	-2.00569500950925	2.52503561208213
rapa1245	-0.785622516872601	1.22601855099816	-3.44376270950375	1.46210219569633
raro1241	-0.840685060327142	1.26576839277609	-3.55136165735831	1.44503586362442
raut1239	1.24661566624748	1.20134015242493	-0.901197537566455	3.82595572906584
reng1252	-0.758687643430923	1.21785425383207	-3.34967056691003	1.4820849431121
roma1326	-0.59466101126388	1.26753484148764	-3.27457108577049	1.70066432250663
rong1264	1.34154630741535	1.28662666658757	-0.889730885568426	4.20891808275076
rotu1241	0.599873309231029	1.25488941603237	-1.71445119935326	3.23089550763834
ruch1235	1.45305758861807	1.29755509387129	-0.818841545795234	4.29745374754251
ruka1240	-0.589228513178517	1.04310357413341	-2.71540599153008	1.41384655162851
ruma1248	-0.420961407043919	1.09508204332931	-2.66587809089163	1.74309943368132
russ1263	-0.416966522568896	1.25290512798992	-3.0431779697232	1.93309015196102
saar1237	-0.204547888276555	0.974762759496545	-2.15892356837649	1.7507003391466
saba1268	0.0737034982661455	1.10206507716721	-2.13388528712689	2.25020991040103
sais1237	-0.948101656057457	1.19213629597171	-3.43888637239886	1.23813581603056
samb1305	0.0946596206968341	1.11549407674259	-2.14583569893411	2.29407383659402
samo1305	-0.847188095781612	1.21703848832468	-3.40083657014	1.44206097424659
sana1295	0.879326019607807	1.2641709144575	-1.42922577453966	3.56203077028617
sanb1241	-0.564741813631197	0.98342015140905	-2.52664170827318	1.35357070186027
sanb1242	0.878657690239531	1.28841760303113	-1.4625967298364	3.67726079182179
sand1278	0.483893533468135	1.19858246130886	-1.78774702059194	2.98756820776311
sang1321	0.576306162970305	0.937677000254611	-1.20727961527135	2.47161004310428
sanj1284	-1.28644339889345	1.06500298059495	-3.57620392495839	0.649836345922586
sanm1295	-0.421862068778025	0.988602106141249	-2.50176118107748	1.49990829150599
sant1451	-0.577606604369049	0.984887111321947	-2.56785310312874	1.34493809890766
sars1236	0.421899947053687	1.18992127606687	-1.80930418476283	2.84580798997058
sauk1252	1.2372491049269	0.905529133231457	-0.364511785484586	3.18996382001564
seim1238	0.774654041721271	1.25773382318593	-1.51742129163112	3.33346026712287
seke1241	2.09011243440923	1.09637729363804	0.12765375725539	4.40614242605648
sela1259	0.524832357988339	1.22881199738709	-1.73199995350094	3.14713099076895
sele1249	0.556264982405487	1.16289978831566	-1.63149673526178	2.94573066079043
seme1247	-0.276570057361851	1.16101359317394	-2.67198884886132	1.88811230681124
sene1264	-0.92591054062688	1.24484290915554	-3.53326740416503	1.37215591731239
seri1257	0.692054549027678	1.25845963120189	-1.65171453321315	3.34513295269454
shan1283	0.354263814201075	1.17902152749139	-1.91476981718099	2.78516736995476
shaw1249	-0.551605690749263	1.25939078264163	-3.23317602097502	1.82894103977626
shil1265	0.722648609893053	1.28135455594562	-1.64884344295237	3.38935816132478
shix1238	1.3378315119519	1.18034776541951	-0.768946935571099	3.90177539298477
shol1240	-0.708015649083753	1.32350848639516	-3.53429491479915	1.76181204603776
shon1251	0.312572889947776	1.26110376098857	-2.02796765529352	2.96136435825766
shor1247	0.588750252436684	1.30555768086077	-1.79858905859261	3.34335633857673
shos1248	0.696381105285765	1.27452261408143	-1.63621250826809	3.48058278055405
shua1257	0.537635169506123	1.23784302251297	-1.85004192780221	3.10467866741507
shwe1236	-0.178831840809969	1.04391215326034	-2.26409648538477	1.89029360976174
sich1238	0.99114409590107	1.15823509556198	-1.14200602778373	3.47982178854213
sici1248	-0.567330751232103	1.28913393425324	-3.28682124393355	1.78320883226744
siee1239	1.65060635442608	1.23030936751329	-0.52449977564015	4.38645798349161
siks1238	-0.698647064416373	1.23107544539983	-3.28367687550858	1.62052214762064
sina1266	-0.314941666123935	0.941322070517102	-2.20592626328821	1.53006786158809
sing1264	-0.638871467938425	1.06085369683673	-2.81353841767973	1.27137036545943
sini1242	0.627331462618349	1.31372001276483	-1.77713120864936	3.40752586211202
situ1238	-0.881888513857068	1.13866650319694	-3.32145979895381	1.24400572094418
siwi1239	0.678315000012832	1.28065828111323	-1.7251531293204	3.39841338670348
siyi1240	-0.981377554343532	1.08295093579293	-3.2373532821173	1.02434693848347
slov1268	-0.452045545712263	1.23949384629201	-3.00916287048727	1.84592082168952
soch1239	-1.08005116405951	1.125875636678	-3.41144464442078	1.0196896726619
soga1242	-0.965454230036177	1.20397188379234	-3.54282458184157	1.27608200274466
soni1259	0.570689091496582	1.3401776876814	-1.95868707478748	3.39924212279209
sons1242	-0.831575203943731	1.23511465759291	-3.51453865622084	1.45795526796918
sout1528	0.95526304777545	1.27023283434133	-1.44273853843089	3.64351289589406
sout2674	-0.610514021686942	1.27368947749144	-3.2999011887802	1.76776777874361
sout2679	-0.296242818672454	1.16600390114089	-2.69343084579193	1.92560014449984
sout2728	-0.737385618112844	1.14286222373083	-3.17057610269601	1.40369674996463
sout2729	1.48731957217373	1.12138798870771	-0.507369998306851	3.94880876358962
sout2782	-0.149723481682326	1.13894292342444	-2.47435437905938	2.08666649672352
sout2807	0.484598490755249	1.27416487557963	-1.84100806220484	3.16701826377076
sout2857	1.92743616677648	0.9882935667318	0.193968483248511	4.05005291221842
sout2869	1.70493197401313	1.11015525263191	-0.191489872959366	4.13457651376284
sout2956	-0.180497965838034	1.18642464483233	-2.6230177651354	2.1681280188691
sout2959	0.585020766446395	1.28725102412488	-1.75698663712494	3.36465765455512
sout2985	-0.339204976251189	1.08173971497067	-2.49420621204044	1.74851091046187
sout2994	0.569245729316656	1.23123821333829	-1.75795773533604	3.08778548223963
sout2996	-0.744205998764401	1.27058235483679	-3.48238273292811	1.57656090116741
sout3261	-0.639246286791849	1.13809490865706	-2.99827378355984	1.47248721075256
stan1289	1.03205583859494	1.24587812933052	-1.28621144924568	3.61988258994697
stan1290	-0.4095328451838	1.24961464399495	-3.13804533317304	1.85230674060457
stan1293	-0.498603157563118	1.26783501705658	-3.19453460284141	1.85316602439328
stan1306	0.313336083557588	1.15343037463467	-1.86649569625589	2.69446667378174
stan1318	0.874848452660052	1.2379232800851	-1.42817487037005	3.51294011505788
sund1252	0.510884309331859	1.27550064928409	-1.89564489802548	3.16687477111609
supy1237	0.335630651876094	1.22538663825447	-1.94661024498644	2.92084671143319
surg1248	0.887201911826235	1.23400695274194	-1.35665377029551	3.44215056109455
susu1250	0.626405579879106	1.31230673140062	-1.80602126719243	3.46925467481547
swed1254	-0.406193354723944	1.25383527528512	-3.0295742860267	1.92695902012812
taga1273	-1.25731510819162	1.23175769324095	-3.94761659181619	0.953127206305022
tahi1242	0.643848606076754	1.26903683024192	-1.70102408609711	3.32577691026325
tamb1254	-1.54326433786218	1.19663251018933	-4.19826362374643	0.526382698954346
tami1289	-0.547517007295728	1.28113099295768	-3.23983963018756	1.85325151415028
tang1336	0.657169434855225	0.950553081704859	-1.13842193562736	2.63844573597144
tang1373	0.381541325212681	1.22279185611149	-1.95628844771775	2.97566806327959
tang1377	0.219691903417277	1.09641495400144	-1.8888932752947	2.48664592847991
tari1256	-0.404438227154972	1.07906191547773	-2.67700980283562	1.63260997945309
taus1251	0.43532144004038	1.21126308600659	-1.82604855863562	2.95131811145576
taus1253	0.437494215955719	1.20279188931269	-1.8257789924117	2.97781756634506
tawa1286	-0.84337869037991	1.23573854715671	-3.42019628218898	1.4611196127678
tbol1240	0.761596105333937	1.24798885360292	-1.55116399299638	3.31950988881951
tehu1242	-0.647249543108311	1.27150315217042	-3.34379479863025	1.70947338880953
teke1275	-0.935311698261083	1.26827856036347	-3.64207177736236	1.4124450813999
teri1250	0.286352400159376	1.10747210946506	-1.82893640123315	2.57014816334924
tern1247	0.342097306428003	1.15475603019115	-1.90084997731383	2.68357492017965
tete1251	1.1054212848524	1.24750297591174	-1.13415077158358	3.79351185446275
tezo1238	0.451254300512147	1.04553533936489	-1.51105893452382	2.63088274106445
thad1238	-0.897128664870991	1.02199549006383	-3.0587313351297	0.977752603147013
thao1240	-0.690535150552029	1.0431291469561	-2.80215243816564	1.34545233598328
tibe1272	-0.48543738512924	1.16826218537717	-2.91156662559318	1.76397951934376
ticu1245	0.73301270848241	1.24365751539719	-1.58434486477858	3.30789906139208
tief1242	-0.528778355093964	0.941105705576321	-2.38407356284761	1.31268951718619
tief1244	-0.39055493331184	0.958076232643512	-2.24037824967658	1.52144371646812
tigo1236	1.38016072362745	1.15711323068172	-0.715056690195369	3.86708742840626
tika1246	0.438362038185964	1.10845389511779	-1.62355641573068	2.69675346823643
tita1241	1.03565215709932	1.21775005160071	-1.12789057834466	3.68505092019999
toba1268	-0.653011819469977	1.23787348604425	-3.21848743394188	1.68786914582318
toho1245	-0.982938689793618	1.24978455907921	-3.61885995077013	1.33737554400917
tojo1241	1.364470719045	1.22864256731233	-0.797659109038463	3.9963492397188
toke1240	-0.792647241815855	1.25769580978434	-3.45024300127377	1.52856029372913
toma1245	0.477907863800273	1.28794611028859	-1.92162406257184	3.17287520777952
tomm1242	0.163187854103429	1.14736696718547	-2.15099952370801	2.4668903830873
tond1249	0.683481148583636	1.17542587616663	-1.53998253483233	3.10524194596602
tong1308	-0.452508249954382	1.2319110649562	-3.05676581055629	1.88763957157377
tosk1239	-0.563158560494821	1.25754783644961	-3.22107240789791	1.76465370952624
tote1238	-1.27969455398064	1.25176514726713	-3.99146659608648	0.94770538700729
toto1302	1.20782325378451	1.12255921246698	-0.809216307940842	3.58260140631089
trio1238	0.449189750264587	1.18584650855732	-1.79648789961601	2.96671685849151
trum1247	-0.131465545166255	1.13437438119519	-2.43121919658836	2.07039104339962
tsis1238	0.418777987506773	1.26764582452511	-1.93641779312507	3.09318153958196
tsix1234	-1.35330005223036	1.23685076133234	-3.99058405031506	0.881203631899439
tswa1253	0.810298701677337	1.24411659190416	-1.42280326932195	3.50335658499177
tswa1255	0.461209752693049	1.23164483248791	-1.86780328227869	3.09517882438181
tuki1240	-1.17063573957018	1.12966840891418	-3.6414296517884	0.891019728803715
tung1290	1.04722995737212	1.24350667332602	-1.19259680349852	3.7677118339415
turk1304	0.564428055105594	1.30659814036411	-1.8101935793236	3.4026158822726
tusc1257	-0.811747256331783	1.29063388700088	-3.54837401902558	1.60110776166841
tuva1244	-0.833863800075145	1.25051521377266	-3.48524469637462	1.47641218604592
tuwa1243	0.404785245966374	0.87152822326841	-1.24938232077847	2.2038252417716
udih1248	-0.469147801105156	1.26702980468169	-3.12778959040332	1.95719079080487
uduk1239	-0.4734569592037	1.26461664764813	-3.0770640848608	2.01132589548163
ukra1253	-0.407251332791829	1.29139237995039	-3.09834545037506	2.06445566857547
ulwa1239	0.790938785196333	1.28160804261892	-1.59493886002308	3.58704458075371
umes1235	-0.624753350444178	1.29470953040247	-3.38244137518187	1.77247799629136
unua1237	2.0211641993807	0.923073762957713	0.384730678923434	4.00168583440419
uppe1275	0.49356460979765	1.00448730817317	-1.38849624453051	2.57072551820689
urip1239	1.80764161030414	0.900519477901894	0.171310819407352	3.77499516801844
urni1239	-1.19828490322664	1.32288435359398	-3.99269480441514	1.16461082105841
utes1238	-0.77768511993585	1.25923764203535	-3.40352347054234	1.51540033634059
veps1250	-0.614135949530841	1.27351002945009	-3.35279240359628	1.72863025338416
vera1241	1.55689751936728	1.15445569532055	-0.43329245740024	4.06918332035744
vinm1237	1.90097493005386	0.904180650554053	0.304536309583592	3.88910419138347
voti1245	-0.749502648856832	1.23967333317203	-3.34912068780714	1.52585387509976
vure1239	1.5654100867684	1.15380126184824	-0.406504342972281	4.08336341710591
waga1260	0.923989656902403	1.27609738912742	-1.46966722514856	3.60028260733555
wage1238	-1.10786138474257	1.30675395731246	-3.89448313011703	1.28299992230389
waig1244	0.73562530526073	1.23841180135064	-1.56817704413209	3.39909768654235
waim1251	-0.111691678578068	0.946561478733824	-2.02546574783423	1.75003098712309
waim1253	0.584425526478891	1.25449938244424	-1.75356990973524	3.20647028167751
waiw1244	-0.604607858673204	1.265747744571	-3.29555500151469	1.76575962725842
wamb1257	-0.0352500721100449	0.915998776557427	-1.87748058924399	1.79581805634906
wand1278	0.0502504960793027	0.959900264923002	-1.88602990240744	1.92125728384153
wang1291	-0.465726583977828	1.25119638418093	-3.05689887515504	1.8180619127954
wanm1242	0.962976703013544	1.25797487931387	-1.46067551822736	3.66807356431374
wara1294	-1.17252378992201	1.21125528307559	-3.78714690175418	1.04864077078574
ware1253	0.956770667652111	1.23286746228808	-1.30133765067482	3.6118706223478
wari1268	0.735235487898245	1.21954015800629	-1.55662221401283	3.29707105970619
waru1265	-0.447669229468483	1.28346464222686	-3.15444419804002	2.02160032472223
wash1253	0.605808832370495	1.13077953906836	-1.49857732052282	2.91208073662662
waya1269	-0.473663558552893	1.21546252525056	-3.03654622745244	1.84967616322896
wayu1241	0.144586850596806	0.893167768819412	-1.66135608203686	1.90917758569898
wels1247	-0.515504066214399	1.27150644230917	-3.23988785290736	1.79175152975006
west2354	-0.580597934669063	1.2937741424875	-3.23489797852023	1.86090125425492
west2369	1.03312117407005	1.25944257234628	-1.32311706209631	3.59760431741895
west2396	1.35188534000384	1.22720103806975	-0.811793528577724	3.94785048900753
west2418	-0.0479904332661962	0.992729538769964	-2.02939254871238	1.89532378241396
west2430	1.28925949025453	1.28137773846311	-1.06953471564123	4.011474899814
west2466	-0.514973112774636	0.95563957867685	-2.36943831272769	1.35029854004894
west2516	1.04019644961452	1.16331095513885	-1.11598618837263	3.51445113433223
west2519	-1.13211489006925	1.18812007637248	-3.64869334812344	0.988948916524498
west2548	-0.660610299437713	1.21459880975983	-3.21565207049721	1.58371995669422
west2560	-1.52670632185579	1.21011090420097	-4.17027504643618	0.590900400118679
west2594	-0.0220129319301299	1.19880993211743	-2.46359708367416	2.31094806679241
west2615	-0.778734205792764	1.2061607475857	-3.2971686590275	1.4471023148445
west2635	1.43691605242007	1.20560741917024	-0.713421362225712	4.02458496290937
west2650	0.474905105034097	1.17712833529038	-1.76142987335703	2.88774534225795
whit1269	1.73542628980383	1.10450225285752	-0.155518170309847	4.12993814969444
wiru1244	-0.830205884158567	1.13964376181871	-3.26433951764221	1.23974035171025
woii1237	0.85189488149272	1.25702297761124	-1.45129033023573	3.54820566668184
wola1242	0.332903399317548	1.08531829679142	-1.79642933693032	2.53982361034112
woli1241	-0.853515139746758	1.24233732158038	-3.47105941387831	1.46316923732595
wood1236	-0.498047404958666	1.23965661834765	-3.13990320312492	1.83478816223659
wotu1240	-1.03229502770019	1.26873402011255	-3.79957896063509	1.29212308120255
wusa1235	0.331548994874593	1.16291622771903	-1.92936053779167	2.74916127431447
wutu1241	-0.881475168064619	1.19930324450807	-3.43524091005344	1.28883496223138
xamt1239	0.900690388943118	1.23803988464656	-1.33746032480027	3.57467364108027
xava1240	0.761941157277634	1.25787232992657	-1.58708997774783	3.44300721301525
yaak1241	-0.641084573491582	1.160470027008	-3.04519606803329	1.53051368125295
yagu1244	0.411162577067045	1.20254568995976	-1.89771231815708	2.82712652462674
yaka1277	0.691678654454539	1.2486124761408	-1.59276075745931	3.38035223907407
yaki1237	-0.880614826794297	1.27227259710874	-3.58503669602528	1.48480743719411
yakk1236	0.163186890492484	1.04037615415809	-1.93010183105323	2.17585447016038
yaku1245	0.566120784042973	1.24625346094942	-1.78034170614428	3.18048146218725
yale1246	1.02598098040864	1.06463790459229	-0.937661838398996	3.28614102098834
yami1254	-0.915589513657039	1.18010809326723	-3.4247874732322	1.22703096886195
yami1256	-0.427399206675031	1.19541730648347	-2.9203221516259	1.83622530597868
yaou1238	0.557012133474609	1.26557126769917	-1.78768372950645	3.25889490918969
yare1248	0.535411459205591	1.05812991695836	-1.4857469483385	2.77756765120548
yaul1241	1.17227338036377	1.14992679845436	-0.922054070496938	3.65460177327368
yaum1237	1.0394001161516	0.878132912597556	-0.569685524776478	2.88257691763524
yawu1244	-0.388052749625916	1.30734825841384	-3.08410598034176	2.15774902288796
yecu1235	-0.152202327993424	1.13094206695285	-2.50810350074411	2.04446156309868
yele1255	-0.68138329985688	1.29910850895549	-3.36760465785881	1.71492417646679
yems1235	0.731078771482515	1.13047629646232	-1.36906523497925	3.06277608054858
yeyi1239	-1.45869369160714	1.21407393314528	-4.05012162418775	0.659889752644906
yoga1237	0.840139034840245	0.991927923695641	-1.00698239121659	2.93819788575017
yoku1256	-0.382876543683907	1.18973663160571	-2.84531338019822	1.87716374691999
yona1241	-0.809550886213814	1.28759385407139	-3.57251629634826	1.57952442173206
yong1270	1.49977897587399	1.14071654918883	-0.546438641064332	3.96314718680878
yong1280	1.07698220667019	1.21560991320788	-1.16347549265131	3.59215360755151
youl1235	-0.165177301629367	0.964261698394876	-2.1373863163275	1.66706483839544
youn1235	-0.495611191131258	1.18938341081424	-2.99155583039297	1.7556214495437
yuch1247	-0.736072032868029	1.25935768270662	-3.43866418232122	1.53902619776236
yulu1243	0.367135609053488	1.34439523378526	-2.1088429897572	3.22601748721747
yura1255	-0.773676027925111	1.27448118031287	-3.43855605659956	1.55799345384845
zaba1237	0.11092573342555	1.06036414877843	-1.94856684164798	2.27826013529762
zarm1239	-1.05357980231572	1.29045547703854	-3.74266340661519	1.30559788460242
zaye1235	1.7768716391476	1.2222864880434	-0.357562990512915	4.466826112713
zays1235	-0.115321692170073	1.09551397275464	-2.3178851796327	2.03228621843304
zoog1238	-1.23699653308782	1.08154252415072	-3.5285485136434	0.718755064296526
