Estimate	Est.Error	Q2.5	Q97.5
abar1238	-0.697352864702071	1.04346083862981	-2.91058118710347	1.22305464975706
acha1249	-0.463968701105064	1.06810326005709	-2.79086928934309	1.53477638673497
achi1257	-0.119920644133306	1.26051460108445	-2.77920068323634	2.36096842705124
adze1240	1.23669804398505	1.01149399057112	-0.534329792156236	3.39941332186918
afar1241	-0.305513634934487	1.25808233390465	-2.97690913086906	1.98265214516694
aghe1239	-0.781165572237336	1.06834313985474	-3.08369828776424	1.19885117312102
aghu1255	-0.530967888813586	1.22688142913716	-3.212503872613	1.70954965740777
aheu1239	-0.229435603090592	1.29167147646059	-2.9710907345824	2.30849428427145
ajab1235	-0.353362455933839	1.22614034523607	-2.96735546556246	1.94923295115407
ajie1238	0.601604138851285	1.17594106537684	-1.63881120241334	3.00828190690321
akoo1248	-0.868525396671012	1.21867373886374	-3.52559233572124	1.37349317307259
akun1241	-0.255282349682567	1.30005369249313	-3.01529354389518	2.24620905306837
alab1254	0.808764571149225	1.11572251975414	-1.19176015541216	3.17110098646921
alac1244	-0.404590481477921	1.25603680560954	-3.22162821458727	1.9909720781078
alag1248	-0.578642165891893	1.22434665266444	-3.13836282023368	1.67547228126677
alor1247	-0.213582045372765	1.3091930533108	-2.89874790745023	2.26613006930918
aluk1238	1.24005942273236	1.26466212532904	-0.987191039930883	4.04065001377983
amar1272	-0.131062422951135	1.1200444696856	-2.47918634471457	2.01885096635665
anei1239	1.27876445605183	1.20405181521877	-0.875485553253318	3.87174592012557
anta1255	-0.0990187794142445	1.29564826338398	-2.82970513555784	2.47559991755351
anuf1239	0.392289587616122	1.17916198739902	-1.93767767919484	2.78259763542076
anuu1241	0.580150442696693	1.05972843193472	-1.44319787648818	2.7604532871075
aona1235	0.668245372161376	0.929202465639936	-1.09227436218831	2.58885906886746
apat1240	0.0402398485516625	1.0920273410669	-2.19131232655084	2.12860488760978
apin1244	-0.0628470958288461	1.2524223954236	-2.63533084933879	2.40598629973413
apma1240	0.827532116690062	0.957669384081138	-1.01360862973686	2.78010748778199
arak1252	1.47096505289862	0.983787144016763	-0.303500562105206	3.53803595387312
arao1248	-0.251924012872441	1.29681341420079	-3.02667459559236	2.25107461863019
arap1274	-0.11311607101153	1.32079650448715	-2.86471004671837	2.48581473361561
area1240	-0.38994137248895	1.26440913505352	-3.15067458491336	1.93322119798907
argo1244	0.856590741117596	1.25439822640686	-1.43664530798629	3.61591370442402
arom1237	-0.155897508358371	1.32177720918659	-2.89853997449981	2.4403802406604
arop1242	-0.0851127241633281	1.2868533595102	-2.68732513557952	2.39641343879222
arop1243	0.710915843436578	1.06273172432838	-1.25446702323407	2.9167641787241
asut1235	-0.516834040266339	1.25537649615862	-3.19674027731727	1.81249247809732
atam1240	-0.333593152075662	1.25622935220328	-2.95564038426118	2.01309944997223
athp1241	-0.340460710803079	0.929590980158133	-2.30575042801833	1.45817989368793
aton1241	-0.2095438627147	1.14364820359367	-2.6049541234222	1.97147972489666
aulu1238	1.70533460428568	0.869626192118569	0.062309008859632	3.50777692151437
awad1243	0.175002800449239	1.15656702766559	-2.23988121622674	2.46094144672124
awad1244	0.623755002199542	0.961914043018712	-1.20633964621571	2.60218937210201
awar1248	1.31039942893127	0.988685758710479	-0.43065568897103	3.4174126580315
awet1244	-0.176218719154912	1.33054130108146	-2.94600646908861	2.43347045538067
axam1237	1.54681515021859	0.865883343772011	-0.0547980138593203	3.39989485916234
axiy1235	0.17321121462641	1.05406028586383	-1.86234324021055	2.33217480293838
azha1235	-0.256714100671732	1.09693591267447	-2.5697537253131	1.78345105741337
baba1266	-0.766907028086195	1.10716706428693	-3.1326263574038	1.26127414145166
baba1268	-0.339232569568741	1.23754853094562	-2.9055642817135	2.01997548835656
babi1235	-0.41471006895541	1.21332377805761	-2.99074909763715	1.81253550632182
bafi1243	-0.774227646796761	1.14193423940771	-3.26357102265669	1.31268644903082
bafu1246	-0.809137671737143	1.09321273862001	-3.1805305778549	1.18435890559591
bahi1252	0.266591724190244	0.789853985607383	-1.30427823824913	1.84076686469484
baim1244	-0.663440530178571	1.23945772190343	-3.34942480681273	1.61010099490209
baki1244	0.687998509363142	0.935811128416307	-1.17379173807178	2.59632532588847
bala1311	-0.218847494909172	1.30419030160777	-2.91714041097875	2.30228136921657
bala1315	-0.0825120614416113	1.28213291943598	-2.74736012088242	2.42884089164521
bala1316	0.368537364569782	1.1584765557419	-1.90592764978427	2.70450415008404
balu1257	-0.369256391899817	1.21942600373243	-2.94740657662997	1.96195023481965
bamu1253	-0.601313713872513	1.10290096996425	-2.90048920461611	1.55793312662389
band1344	-0.231889774513244	1.3089686542565	-3.0298179299678	2.26412567769966
bant1288	-0.0272594011244734	1.28209286049065	-2.62815253557124	2.48713799776642
bara1369	-0.093317193279921	1.32609222914428	-2.81557997800674	2.51252982772098
bari1286	-0.130021525673673	1.1170906104786	-2.46128107910524	2.02139019367337
baro1253	-0.522996867432436	1.22905682880992	-3.19280714058525	1.77807866196446
bata1289	-0.132009218736367	1.30839789993422	-2.85169095255939	2.37388685997711
bebe1248	-0.388012567547051	1.26433797296927	-3.02785888513659	2.06468577858109
beka1241	-0.163028065386623	1.32455282288882	-2.93131633030103	2.45767374230775
bela1254	-0.093969865411298	1.34322461443126	-2.81528650225865	2.54034167841254
belh1239	-0.377641784710335	0.898284238411733	-2.25192425030809	1.32046289870902
bell1243	-0.19049907725739	1.32872668404922	-2.98703505900401	2.34057792185787
bemb1257	-0.167074718743157	1.23571420852684	-2.70354781008244	2.19068146250267
bhoj1244	0.523522122808359	1.1682179621035	-1.81487846063423	2.88822728580055
biao1254	-0.231560104421333	1.31807310964612	-2.93937297682191	2.34790204851222
biao1256	-0.187116342000083	1.26078449905329	-2.91908233592899	2.30541351809661
bier1244	0.718937995390733	0.918617413498024	-1.09277328901395	2.61901792650624
bign1238	2.30721066024528	1.03428591805548	0.375606925913447	4.4584747944028
biha1246	-0.250461784716469	1.26035233697691	-2.89020314768241	2.13963808876156
bini1246	-0.456061119528453	1.25751944279296	-3.17726608801776	1.94389585560422
bisu1244	0.351857456905032	1.11102451968485	-1.74870092217935	2.58165482945233
bitt1240	-0.471498443105587	1.16402924630744	-2.96191993954859	1.70713745663191
boht1238	0.250155547892189	1.16179078596105	-2.04654244484481	2.61745101210934
boly1239	-0.0785031508546467	1.21459893380739	-2.58946561149334	2.36771336339069
boro1277	0.875582514654047	1.26685295655855	-1.3903733987114	3.63143234717781
boto1242	1.77904434627516	1.34073036366597	-0.450141356079174	4.70367447142673
boun1243	0.421797255758206	1.24405597372255	-2.10135684930513	2.94994949777022
bret1244	-0.0659140427069739	1.29909446846235	-2.79012437458196	2.58985313401499
budu1265	0.114843312351721	1.20696775184258	-2.35040495847006	2.50067663537133
buga1247	-0.301743799967428	1.23154208065302	-2.86339403760677	2.02890653045314
buga1250	1.17990073256278	1.07268104871244	-0.746120316895889	3.41405665163066
bugi1244	1.43800688350479	1.40860630064989	-0.934079996529858	4.59652648840362
bujh1238	0.990444881947735	0.921111265318985	-0.756802797827864	2.91339363489903
bull1247	-0.0641322446580167	1.26504353782107	-2.74703719975094	2.39154776743006
bulo1242	-0.209161391977017	1.30582011563914	-2.90364707943197	2.37747570175184
bumt1240	1.31528650244187	1.19448509875922	-0.745405838433594	3.97717252972829
buna1276	-0.571063585614685	1.23450883485443	-3.20194778416989	1.71604027550279
bund1253	-0.239613172226179	1.27200750230881	-2.94365032249744	2.20833994233428
buol1237	-0.138318011295856	1.30155468787126	-2.81269199414693	2.36504266050446
bure1242	-0.481872440790333	1.21945810084061	-3.01269612131481	1.8040680674646
burj1242	1.08651009515952	1.2773978016079	-1.17166122318202	3.87843683754453
bush1247	-0.157193665661063	1.30062630882458	-2.89336702018455	2.38779821634189
buwa1243	1.43158415905722	1.03241234359633	-0.39976856439598	3.62352408103159
bwai1242	-0.684483837232236	1.21566762945116	-3.24452009204807	1.50539626498588
bwat1240	0.640570204199091	1.19852878981502	-1.59799767706519	3.16892923347494
caac1237	0.600759865105493	1.17860489651377	-1.63836603779666	3.08207704489662
cahu1264	0.0423290129661612	1.2333169471778	-2.51582882807978	2.44068922767224
cakf1236	-0.62961854020309	1.26050397115374	-3.28502475474939	1.71589673548257
caml1239	-0.0869421274094698	0.811341964186366	-1.76716973366293	1.51777431015702
camp1261	-0.0559899108684067	1.32058181309944	-2.72285947042989	2.5389612999585
cane1242	1.152255391561	1.2976313994903	-1.10685400847481	4.09064445012482
capa1241	0.4583197226128	1.1842525025613	-1.78239407516202	2.91016336881708
carn1240	-0.101933061189237	1.33425535923533	-2.88722034557353	2.52394229914054
caro1242	-0.110254926562853	1.30314559604264	-2.75849111615233	2.45046159479451
cash1251	0.0651704356209127	1.24378123783543	-2.46797408364611	2.52850864772523
casi1235	1.1602168431709	1.12477206349267	-0.984130716162211	3.47104848459929
cemu1238	0.975821949622616	1.25932593408348	-1.31740975142564	3.6976281610183
cent1989	-0.178313075011783	1.29440532549893	-2.86873930816032	2.42279323590096
cent1990	-0.0980428784815824	1.34876023883013	-2.89192205476574	2.60840421371011
cent1992	-0.260742768294692	1.33267083863779	-3.04695869986317	2.22245617540208
cent2084	2.44476226920778	1.35160864069755	0.0908369466385099	5.38806067499012
cent2100	-0.194553392792497	1.31043412859334	-2.93821831949075	2.31843568352046
cent2131	-0.190526385803453	1.21556449410809	-2.72931891141679	2.09655471320682
cent2292	1.94932597301971	1.07572740348384	0.0235002235992584	4.19513831014385
cent2314	-0.185664280562439	1.29441939985467	-2.87522070386451	2.29907543527468
chak1270	0.377914144770382	1.06815018665268	-1.74370757269889	2.50695633951301
chak1271	1.4125173441116	1.21860716727624	-0.762108812426267	4.09356124947657
cham1312	-0.115126286009076	1.29932670902098	-2.82582906771368	2.37386138694318
char1269	-0.015997523649779	1.16187689537658	-2.31977168872957	2.28479937749866
chas1234	-0.631216363711336	1.09729298506028	-2.99466699367527	1.36677769250552
chek1238	-0.389460729624968	1.23967881750457	-3.08492580032997	1.95704887685972
chen1255	0.00348163956592843	1.1606130969238	-2.28987254798303	2.33375741468312
chep1245	1.42162599891397	0.954240007726335	-0.250456701687341	3.45648641026242
chey1247	-0.0915987364008852	1.30151658127652	-2.74704018820117	2.49498982013853
chil1280	-0.442881503750786	1.24887599408177	-3.20449022910482	1.89319929783163
chip1241	-0.0741947643892086	1.30177492762879	-2.82677160801901	2.54138096149438
chip1261	0.977220812352041	1.2506109352768	-1.22625074934455	3.70391917909662
chon1284	-0.180357551277	1.29651062011913	-2.8205545510522	2.34370541355234
chot1239	0.532596573522758	0.785715405921949	-0.987140596061297	2.1023988667542
chug1252	0.441968313368037	1.06184417775232	-1.59099024672106	2.63427945913742
chuv1255	0.216568041585733	1.20071650924057	-2.11252492495681	2.67876860214665
chuw1238	-0.0367378207977865	1.28374744779512	-2.73743696522367	2.39839079187927
cici1237	-0.337995130365463	1.24555393786285	-2.98893273076989	2.07324219627102
coat1243	-0.472057539518636	1.23440856220341	-3.06310974139873	1.84496261900423
coca1259	0.00538877427528832	1.311716552094	-2.71510345290447	2.5397623446749
coeu1236	-0.128221759489327	1.30573245420867	-2.74940171844069	2.42887945999843
colu1241	-0.154785202476479	1.32570049118742	-2.90039636636967	2.48555218096056
coma1245	-0.327074322416722	1.23037905374034	-2.9367276289469	1.96856612626249
como1259	-0.184984178534542	1.32098154286268	-2.91435961620351	2.39712799630278
cosa1234	-0.514322105128574	1.10528748481649	-2.88739900458289	1.54936374650487
cota1241	-0.331437963438418	1.29146311851423	-3.12485154643901	2.08363004247744
czec1258	-0.046040920612214	1.31190036450347	-2.70874553819219	2.55617822553955
daai1236	0.892701120358554	1.02645990620465	-1.00610229800275	3.09414883981013
daas1238	0.921215111674488	1.22868793902128	-1.3445040826544	3.58038965032506
dagb1246	1.27940970422206	1.25964965153684	-0.943706991772922	3.98019881503272
daka1243	1.11427229882831	0.854032169827723	-0.440853947709459	2.87334255345479
damp1237	-0.189681354289477	1.28757868419066	-2.90206258433924	2.33035557693625
dana1252	-0.163446282637517	1.26088166057803	-2.83333336129944	2.27913626175649
dani1285	-0.0702194726876433	1.30637344947697	-2.75919217093007	2.54990474654612
dege1246	-0.536755250439364	1.24278295005903	-3.22629491346373	1.82339028225877
dhao1237	-0.161954067905794	1.26781423769086	-2.76036883175616	2.32351795126628
dhim1246	0.662759302200144	1.02639727165584	-1.20088649858323	2.85058018446373
digo1243	-0.40129523535695	1.25964960077345	-3.11749414653168	1.96031019753159
dima1251	-0.350836914504933	1.03313781543259	-2.62188392978423	1.55625037969465
dobe1238	-0.0192236265882622	1.26212874837903	-2.56197766736327	2.46121554130682
dobu1241	-0.648826474384348	1.20201672118026	-3.22592257327826	1.61120102213468
drun1238	0.585700808087902	1.16566474077744	-1.58644295808804	3.09785038788361
dual1243	-0.763482208273506	1.2381132407293	-3.42210508582426	1.49468820720472
dumi1241	-0.01241516589342	0.823764648594389	-1.67454549804392	1.60661217284873
dutc1256	-0.107595710803595	1.31907456822553	-2.89349731528252	2.46513572515503
dzao1238	-0.21323033820933	1.27176882277886	-2.92946391466628	2.2333927475964
dzon1239	0.593396939571854	1.03521518133764	-1.36002974725435	2.66428418621342
east2328	0.911332496486908	1.22554920477042	-1.31588035246996	3.55825100616262
east2332	-0.225638855373703	1.31341138868574	-3.02993388690319	2.33146580040615
east2443	0.860258497149167	1.00721904098132	-1.05461156758347	2.96901429395535
east2516	0.198411225009943	1.09492037967988	-1.84464055529115	2.49158934758519
east2555	-0.177242311141612	1.33904424371966	-2.9946085742949	2.45766066438067
east2690	-0.101110266573392	1.32879708368485	-2.92757850628106	2.54517348718216
east2773	0.876342356967228	0.872580660923673	-0.713907969452245	2.70699549048095
egaa1242	-0.140823802828049	1.27726664218845	-2.83322490421039	2.37638045829722
eipo1242	-0.40109096707383	1.13940828864552	-2.79048894985825	1.71330807680642
ekar1243	1.09409890166681	1.25245815657522	-1.11010557819031	3.83719730957197
elna1235	-0.421206566179662	1.23702988453143	-3.00947470694404	1.90156352826399
emai1241	-0.468742869880323	1.2811128726996	-3.19676752051492	1.9529139046012
enuu1235	-0.0707901986669023	1.02736459262771	-2.10748556071	1.94997546562783
ersu1241	-0.793540335057798	1.13916336094868	-3.2574409821263	1.32691188790554
erzy1239	-0.0674463190423483	1.29571181455352	-2.79164984440601	2.4570931275383
esto1258	-0.121419510157305	1.33369108342406	-2.85538348846922	2.49192115621586
even1259	-0.180868514796402	1.23981126190322	-2.76202159326782	2.16856920151458
even1260	-0.0702424719074567	1.33988059877546	-2.90823919206936	2.63300355302986
fala1243	0.37165873355324	1.05158931963575	-1.74646256864181	2.4847525384991
fare1241	0.575242065438942	1.16905527934801	-1.68548927052855	2.95998010631738
faro1244	-0.069227306141544	1.33853920830994	-2.84814428608834	2.56249110790918
fiji1243	-0.122099552169436	1.3527779235361	-2.91567944704687	2.52282261384527
fili1244	-0.161853256862493	1.27758487124868	-2.85988546286214	2.24144218890845
finn1318	-0.0752055342292397	1.31180607998151	-2.73633586594478	2.51071833411289
fonn1241	-0.352889328687321	1.21677438880845	-2.96605022568588	1.96368612100886
fore1265	-0.223422081239892	1.27014754085781	-2.92810691478304	2.13650823907092
futu1245	1.73336546284079	1.31391530437245	-0.530824026214977	4.64567523497833
gada1258	2.18241195615516	1.14994931845152	0.123155907979246	4.53121976963064
gaga1249	-0.100601526609423	1.341783827909	-2.8966288701726	2.58375972106621
gahr1239	-0.295364643143874	1.16483649600623	-2.72826558556256	1.92273701455473
gali1258	-0.0797336618269456	1.28947370950302	-2.728765529436	2.5418799037564
gali1262	-0.192669538650405	1.30632578268988	-3.00418566481504	2.28342034188848
galo1242	0.400633493688136	1.05291362984401	-1.66658597607083	2.49044715083222
gami1243	-0.18674305387704	1.28869402442616	-2.92071652426338	2.28650241326832
gamo1243	0.270519602626946	1.06505208529908	-1.78008929571793	2.44613745670395
gang1266	0.420468853544035	0.791744451836195	-1.14004460218132	1.99849305085888
gant1244	-0.909313791098468	1.10494724858362	-3.29839628916419	1.04877304649335
gapa1238	-0.644018448123362	1.21685785682368	-3.2361001565228	1.60091235304416
gayo1244	-0.135231287756984	1.25252973968034	-2.72256607095516	2.27688162740923
geba1237	-0.254855351982541	1.18509964945168	-2.71343352619138	2.02635224391051
gebe1237	-0.119926003809447	1.27950086652925	-2.88334640705005	2.36710174740552
geda1237	-0.447371435290889	1.03140678925382	-2.65383428168864	1.50231347444879
gela1263	-0.427842643964845	1.23122819038251	-3.08419207594826	1.88653521469016
ghan1242	-0.333258983259294	1.23628070059717	-2.97419977593638	2.06825398607291
gheg1238	-0.156263405533071	1.32004985730468	-2.82656479193013	2.37449540793367
gilb1244	-0.0841444789208447	1.27803812499769	-2.71585957323938	2.43506605645505
glav1244	1.70929209049914	1.15552904338615	-0.285986175179042	4.19653815012394
gola1255	1.2776988731753	1.31875585216137	-1.02188378080089	4.18543402820583
guan1266	-0.0315059451088899	1.0527871356783	-2.12111249278759	2.10928829727379
gube1234	-0.22873027118505	1.27922391328471	-2.97115758216204	2.23994367412858
gude1246	1.54163564444974	1.11306363782842	-0.407355462168606	3.92152213996175
guhu1244	-0.0879233334541381	1.10549203888768	-2.45615981428905	1.98998770686073
guiq1238	-0.578305099602442	1.09894652877031	-2.84712816610504	1.55157457945418
guma1254	-0.652808136770518	1.21253135674844	-3.28706881918246	1.57769364756857
guny1241	-0.0777403731006023	1.30521401285071	-2.77198610740667	2.4796289939649
guru1271	-0.572923614862645	1.2426950115506	-3.23969216732494	1.77536687273523
gyel1242	-0.410395471163394	1.31101509110124	-3.14496586175538	2.04867529881313
haaa1252	-0.232533453144074	1.27914339016878	-2.97747138903346	2.24309965994526
hadi1240	0.7205703405065	1.06824843786008	-1.29197855429278	2.95452159069486
haka1240	1.42219950894406	1.07457300742233	-0.410361190428456	3.69626618599702
hala1252	-0.273612043278595	1.2999033762998	-3.01690506402581	2.21904547161335
hali1244	-0.317030848128644	1.27809366499228	-3.04679619870187	2.09878830543806
halk1245	-0.244407874487462	1.30050225487862	-3.05792250798972	2.27880870625601
hani1248	-0.387333228862294	1.15169756317533	-2.83450993423361	1.80308424235703
hano1246	0.733875995539717	1.00238174175981	-1.24868002462247	2.81119632237943
haro1237	-0.196743124887941	1.28631205103063	-2.85306046486051	2.33465307777805
hela1238	1.17140696022328	0.910134892319154	-0.479139604891034	3.07831490844498
here1253	-0.169924325616177	1.29414142288488	-2.89270322874566	2.3364096249776
hind1269	-0.21686271409579	1.26383771962327	-2.88550998358081	2.19642634626494
hixk1239	-0.0928443321462465	1.32657161586996	-2.85062280969596	2.58655629204416
hoav1238	-0.414729372915186	1.20531756590923	-2.92928046497582	1.84647871044494
honi1244	0.0568784179452049	1.05403412223857	-2.00475836690584	2.17109301250757
hopi1249	-0.187626084020453	1.19558502368482	-2.69252572415073	2.07158121181584
horp1239	-0.219451059625585	1.05950175166279	-2.37633316001332	1.88206507440461
hote1245	1.13199960961965	1.03319967086575	-0.779397525009672	3.31667622681699
huar1255	0.200086667301891	1.22296228168504	-2.20018956507704	2.72104087005637
huas1242	-0.16765136473044	1.34714180596849	-2.97166792781433	2.54521957293238
huic1243	-0.452742362172436	1.20587898081313	-3.10050480633614	1.82691598381592
hula1244	-0.293517606621472	1.25561701135507	-2.92397378658608	2.07960470369086
huli1244	0.0474342816936703	1.14339619190014	-2.20206402024674	2.43009793174222
hung1274	-0.203923737124782	1.27311670721747	-2.82614631089563	2.22434577171959
hung1275	-0.198087406952867	1.28932312472582	-2.85666009571008	2.34208286103123
huuu1240	-0.430659128569472	1.09831625346191	-2.78902225794153	1.57116332603187
iaai1238	0.276972449422775	1.21792991020853	-2.1723231995893	2.666915930458
ibal1244	1.82521926496267	1.09063162765355	-0.110683028479687	4.08193156111341
iban1267	2.40454229231264	1.29341201800776	0.110665342496198	5.11589115285497
ibat1238	1.34589702155321	1.27079690852575	-0.905004884756964	4.06460129644132
icel1247	-0.0501891491865149	1.33242420428819	-2.76625493568006	2.60164909170506
idom1241	-0.581275037268528	1.26741760594776	-3.30884845538467	1.81145565733039
idun1242	-0.673848042003987	1.21955144280798	-3.25207515669094	1.57202003004181
iliu1237	-0.255457342848688	1.32679420396589	-3.00256095261513	2.29000701471841
ingr1248	-0.0808902146868137	1.30628248631836	-2.72968858515373	2.55039687151191
irar1238	-0.000617700899474499	1.32075894818662	-2.66235947387605	2.58116369547353
iris1253	-0.0574352047462748	1.35066749296783	-2.83888625709313	2.54799321376078
isco1239	0.486135650038092	1.23496457660015	-1.89767663206557	3.0297064406373
isin1239	1.57410499337618	1.02512144625533	-0.250879651957899	3.62046377911786
isth1240	-0.301466355988242	1.29744658663622	-2.99584577826026	2.12654340255217
ital1282	-0.0852117347903569	1.33739943417535	-2.85752705219793	2.59272014562907
itza1241	-0.164385160069342	1.26158806654105	-2.75494519994516	2.22174660420937
iwal1237	0.902426528706902	1.02576568788668	-1.02337676036779	3.03046697783993
iyoo1238	0.46415243714948	0.924914521150612	-1.3166911030196	2.41063515929526
jamb1236	-0.105291789224392	1.34239872146979	-2.87465629551049	2.54397232889134
japh1234	-0.438608187164271	1.07291025119678	-2.75094629338343	1.63569471663305
jara1266	-0.25906132986001	1.28592284402959	-2.92774018025866	2.24799339369476
jina1244	0.763869713568721	1.12623546634489	-1.3657276300709	3.13571008535514
juku1254	-0.538113238006609	1.16402248606068	-2.93271716726622	1.66892022360858
kach1280	0.58049221431123	1.15567591744828	-1.5125951477337	3.06307689791417
kach1284	0.275573748782685	1.05831403407012	-1.80821956931845	2.45733453492907
kagu1239	-0.472744972659252	1.28047264844641	-3.18753122304584	1.98026411005005
kaik1246	0.765222544450655	1.03759260414365	-1.17285446615688	2.95010242975473
kala1388	-0.359253157646706	1.27266735024217	-3.12473256931693	2.06649304759857
kamb1299	-0.158127475061471	1.32144407977494	-2.92630346334974	2.39099452478862
kamm1249	-0.232686795022109	1.24555376773539	-2.80696990144101	2.18329710971412
kani1286	0.0853301673334609	1.02352331085834	-1.98189168107083	2.12977962694209
kank1243	1.80234612684296	1.05980106400794	-0.112166500695659	4.02268395714707
kaqc1270	-0.275970560872921	1.27981518413166	-2.95550987949088	2.17368325621013
kara1486	-0.475925981153555	1.28251555984642	-3.19444655416703	1.94178487714584
kara1500	-0.286822275837124	1.2387277592141	-2.91975105334583	2.06568486481412
karb1241	-0.386113410248983	1.0819479183665	-2.74375560364978	1.59489019821364
kare1335	-0.0931902126525887	1.3728560807513	-2.92351625541887	2.65198521990239
kari1311	-0.0861324581768615	1.32556286454165	-2.86844491181522	2.52925412056408
karn1252	0.446029437857023	1.05743797236885	-1.60319355195169	2.58317467996662
kash1277	0.258749615364267	1.28700614618145	-2.30793568378368	2.91452620883572
katb1237	2.1944405468358	0.976963722230015	0.332594930339971	4.18361081373218
kats1235	-0.452453248798273	1.11421567219686	-2.7858947039644	1.6688287435579
kava1241	1.31594136764042	1.2549182027504	-0.926034784442543	4.02955115863266
kaya1315	-0.308307721617093	1.20639533173646	-2.80187087373774	1.98609554056148
keap1239	-0.562081167810262	1.24390171569145	-3.23105180380747	1.68960751550491
kele1258	-0.384850994989716	1.22606130801017	-3.03143315555915	1.9160069162499
kele1259	1.74106450304734	0.994732211981141	-0.0925630124122558	3.74086009272866
kemb1249	-0.182968274454655	1.29033084540321	-2.87038534082734	2.32912485898765
keme1240	-0.508360286181119	1.0521092300858	-2.66327716909876	1.45478318578835
keoo1238	-0.186497203174958	1.31786515536466	-2.96608944109295	2.38181463313278
kera1255	1.2185803726701	1.13027669014529	-0.831745680249303	3.62043976988188
kesa1244	-0.326499848998004	0.993826335860305	-2.44984162516722	1.58106650729449
khal1275	-0.366138294537256	0.897860679707043	-2.2608239139926	1.32066255718312
kham1282	1.02998527519438	1.26431078507284	-1.21609617817547	3.78630019256881
khan1274	-0.366313278791676	1.29160735955997	-3.05274303837318	2.06401422898383
khan1277	0.393679260073854	0.861210893207294	-1.24654446987817	2.14869585628082
khan1278	-0.615275142471959	1.24527132008788	-3.3449781154448	1.68645254313154
khas1269	-0.278038060037113	1.19580170848296	-2.73725919978121	1.9536581914188
khez1235	0.445540581351509	0.867068274322052	-1.21872168626771	2.23844005753885
khmu1256	-0.250765211094934	1.27625919834677	-2.88311903531869	2.18753166310231
kich1262	-0.286022133180576	1.28489331523603	-3.01322994238924	2.21485389272811
kile1243	-0.203040699829123	1.30014004459095	-3.02897999700755	2.35965503798618
kili1267	-0.52911978533274	1.27400227770683	-3.20228398383336	1.85426632194968
kimm1245	-0.35475339975426	1.26837393414113	-3.07155954070521	2.00668468860107
koda1255	1.28913463669489	1.3022488163245	-0.919709589286433	4.09952871162691
koho1244	-0.184672766258492	1.2770430147095	-2.87218796307206	2.30574362526582
koir1240	0.169931099796213	0.867527360782896	-1.5353399865953	1.9192030637312
koka1244	-0.146461012387595	1.27630372456225	-2.79392565734686	2.37145958199597
koko1269	-0.384439410937032	1.23509275466979	-3.01018774734263	1.97602067486447
kola1285	0.0974367496432446	1.27769324643751	-2.45913521791284	2.58340399039817
kolb1240	0.432792305429359	1.19394298511581	-1.89375881361492	2.88613244997403
kolc1235	-0.529091887204308	1.22911885989596	-3.12681805915945	1.74670741120432
komb1274	-0.513952273161006	1.15627981951809	-2.93388838836616	1.64028912940874
komc1235	-0.707367586168942	1.04199730365902	-2.89908127468709	1.18617944886413
koon1245	-0.413919886952927	1.26247258024328	-3.0842616651671	1.93162237377315
koor1239	0.55782914695655	1.12634829553775	-1.60324207031212	2.91691288084639
koro1298	1.14769252894239	1.2300947168823	-1.06966824755206	3.76368752730584
kosa1249	-0.246025829302082	1.14033233768918	-2.59969867106951	1.96324067922638
kosr1238	-0.0998923736291879	1.28777701583335	-2.76231542854145	2.40788959287854
kove1237	-0.377819929774075	1.23558628707537	-3.04652119400683	1.98637285575786
kuan1247	1.30513585539044	1.30428195123487	-1.00619037401312	4.15623344373918
kuan1248	-0.480623179642911	1.24664870143678	-3.16086237369763	1.86285809804703
kuku1273	-0.153371804559622	1.30874150666302	-2.88799189644527	2.4077734920182
kulo1237	1.09179134623308	1.18571690366516	-1.08124187994287	3.61893896940814
kulu1253	-0.378994426049946	0.908120046901645	-2.26321782873601	1.3274062919924
kuma1276	0.397585677909239	1.15930260598502	-1.88775795528666	2.7710535090598
kuma1280	-0.573509403500316	1.08129585841464	-2.91361628532576	1.50739637451634
kumb1268	-0.158087080256708	1.31699525562414	-2.8458538883654	2.40140007672761
kurr1243	-0.14661385043435	1.30822396439768	-2.93421755990906	2.42907897951809
kusa1251	-0.412569768885765	1.19684031757149	-2.95127987556627	1.80400887631787
kuvi1243	-0.335761960752109	1.18580964506448	-2.7652530827724	1.9472469337909
kuyy1240	-0.235865714537055	1.32351550080366	-2.97289363815013	2.41394733655956
kwai1243	-0.422286852991079	1.23281706081708	-3.07161185105975	1.87742849728124
kwam1252	1.43906067870659	1.09041021326744	-0.546866021378664	3.7404998468926
kwar1239	-0.434377885119965	1.21854149772845	-3.00998974470835	1.86654622995194
kyer1238	1.18098458649912	0.94990110887237	-0.562326403649855	3.17599559931394
lagw1237	0.647897718873876	1.13217838898526	-1.50900299351509	3.04342209804243
lahu1253	0.00850178534460196	1.06040945818188	-2.16520675725289	2.11870303530056
lala1268	-0.438303640237558	1.17503386074922	-2.95176587741898	1.73304103330891
lama1277	-0.230555651125273	1.28812597239381	-2.92338598813702	2.28448226072657
lamk1238	0.651924775686197	0.842828253238385	-0.919051580964573	2.358312562432
lamo1244	-0.30754134391353	1.20433859233167	-2.90275277965958	1.94985733764501
land1256	-0.210596080474077	1.27205621468193	-2.92135361106583	2.2123939677825
lash1243	-0.521524011554676	1.09799451425917	-2.77541513375634	1.53817918127083
latv1249	-0.0946365164951682	1.292526833508	-2.75722689889426	2.48090852421125
lega1250	-0.204636917615126	1.28186786350917	-2.91243660722797	2.28183359161953
lele1270	-0.383530905316729	1.22690315193234	-3.00268541911968	1.9303963050228
lemb1266	-0.55874509008866	1.14798485699137	-2.95924042375712	1.61488694195045
leme1238	-0.0990526430051914	1.18819545894595	-2.50921014489319	2.12516591397074
lena1238	1.22490301548068	1.03717802872132	-0.727957714767114	3.31147635186514
lepc1244	0.372180268056851	0.965219278825129	-1.51202032822604	2.30429333104138
leti1246	-0.243851169480021	1.28717134218976	-2.97657728457083	2.23046764824055
lewo1242	0.505588242057325	0.983043908874262	-1.46194684833701	2.4905158283745
lewo1244	-0.239155094382709	1.29417715662926	-3.00252168702176	2.26576276403751
lihi1237	-0.465278702392655	1.24253940360446	-3.09982806555443	1.89731496201873
lill1248	-0.289903437128649	1.29754787721244	-3.04663486464992	2.18436458425338
limb1266	-0.249056139283284	0.952292616585996	-2.22099734022421	1.59942334621528
ling1265	2.22801633852436	0.986699788542467	0.347155220303936	4.24341978318508
lipo1242	-0.984932050685022	1.17188770974571	-3.55250380293786	1.09296146094424
lish1245	-0.241964646839033	1.23582720743671	-2.83125721052826	2.14351118937403
lisu1250	-0.369424841851614	1.09272536237208	-2.65709165737467	1.72905522575945
lith1251	-0.111633469916396	1.29081626491585	-2.8104147929186	2.41161343919383
litz1237	2.33056164344566	1.01922630807503	0.411423988860261	4.41015356002753
livv1243	-0.08334827619216	1.30954074439648	-2.76806290612098	2.50230383780393
loka1252	-0.692208175332048	1.27019266119596	-3.4618615723137	1.59714532786106
lolo1259	-1.00398838089747	1.18570017593139	-3.6344735429693	1.13686332271974
lomb1257	-0.103661024036179	1.29709249218342	-2.77544421569578	2.50236268927298
long1395	-0.357772771343491	1.28409761561145	-3.13577572280912	2.08092438901491
loni1238	-0.378806228001781	1.22641867519598	-2.97753613292544	1.93086849111873
lote1237	-0.378810765666898	1.29498255338767	-3.18666372430506	1.99879763202795
louu1245	-0.379547947492253	1.22298442515646	-2.97814012326927	1.89667028021197
luan1263	-0.220587999518828	1.28555624844115	-2.93886443596387	2.21832244235557
lubu1243	2.22666068111629	1.20258640652477	0.0850905317192148	4.73551660957618
ludi1246	-0.0952186827243826	1.34485149429312	-2.80786622711945	2.52899642297709
lule1254	-0.139324134164494	1.3248308710183	-2.93583471155757	2.46903346940672
lush1249	1.31468752862116	1.07928061127539	-0.547759659903314	3.64627750930936
lush1252	-0.194509929434573	1.30421625410188	-2.90603715471321	2.28324184793448
lusi1240	-0.299960143246886	1.17042947027669	-2.79442385291587	1.92345855958356
luva1239	1.22664709682136	1.27471286125274	-1.04924232275224	3.95685387416784
luya1241	0.26907148977499	1.23854175605077	-2.21379619967745	2.74621156396941
maan1238	-0.0799225829529311	1.31732926668736	-2.74384532147067	2.47163456163152
mace1250	-0.159848668022658	1.3131704015032	-2.8904805735225	2.42096549138527
mada1285	-0.522313694879345	1.22000583549211	-3.16267516729896	1.77027525976384
maee1241	2.26300367082294	1.02359185509355	0.354997649346454	4.37851308990001
magd1235	-0.527016780838494	1.31136880694312	-3.2709877172957	1.87919350020495
mais1250	-0.581238106403459	1.2711459834483	-3.30897424593528	1.75806456284727
mait1250	0.160315115790855	1.05059012163713	-1.92898860291983	2.24897221269153
maka1304	-0.494304830487693	1.23957661602726	-3.12391601022069	1.8368528063919
makh1264	1.24293962420191	1.31440324720963	-1.05227217580862	4.11798763089583
mala1464	1.00851529685886	1.29915398873583	-1.301409364946	3.8417256187477
male1284	0.146167732207723	1.07483596054263	-1.96715990069292	2.27867340013308
male1289	0.00944854284224251	1.09775789916244	-2.27892489113002	2.14850433225694
mali1285	-0.398009703412464	1.24934175609307	-3.14272662204333	2.0222776588241
malo1243	1.6852239745253	0.952360981783576	-0.0564470434778462	3.64741198970852
mama1275	-0.191177350426671	1.29567546947917	-2.9304207335176	2.390341081297
mamb1294	1.52674553252081	1.14027357282769	-0.449084759456493	3.96832116992849
mamm1241	-0.317477502901226	1.28104726010525	-2.99781214150309	2.12156029365277
mana1288	0.545133738322688	0.941981442322759	-1.31163721385004	2.38321954542973
mana1295	-0.682121478429074	1.24728059063529	-3.37472069347249	1.63092133770099
mand1415	-0.164250127604782	1.2751624847258	-2.82947393968363	2.3025063641304
mand1440	-0.466966832737962	1.26406444936104	-3.19302046234117	1.9123284341783
mang1378	-0.468045212934141	1.19002733845483	-2.97918907391391	1.7611075682531
mang1401	-0.0742496675050073	1.28708421963996	-2.77519107453571	2.47028101917051
mang1403	-0.383119127772608	1.27084043714907	-3.10986088578329	1.97703492697203
mans1262	-0.273089450360214	1.29501962050411	-2.94470140981432	2.22246293908601
maor1246	-0.087812163385425	1.3144848171823	-2.82212346451659	2.52001441581846
mapo1242	1.43683141758519	1.060989192105	-0.433333653972209	3.66242243605869
mara1378	-0.0527758201554408	1.27488262884331	-2.77224066749983	2.42082328696137
mara1399	2.342184955759	1.03417847392147	0.410724489165021	4.49326551967431
marg1265	1.11889306026273	1.12585961011645	-0.948282718145949	3.45473983472861
mari1416	0.66536828651386	0.793882035881833	-0.842488623383687	2.30381231243583
mars1254	-0.0831134536300041	1.30252936362052	-2.74723310987843	2.49421214499029
mart1255	-0.129743660508061	1.27899573935676	-2.81054567219618	2.37427683163618
maru1249	-0.939000409065442	1.20366938693981	-3.63757647476945	1.26795846121048
masa1322	1.29550207342708	1.19685961849116	-0.862359296506682	3.85340334584455
masb1238	-0.158803122637568	1.29526412604066	-2.87690386043731	2.2714113360734
mask1242	1.32275591842539	0.855395327729774	-0.291513427085201	3.08553331901353
mati1250	-0.34518475392786	1.28848354004582	-3.05703601294798	2.15474242747913
mato1252	1.56831195170736	1.05063680496258	-0.229944004412745	3.83005083550691
mats1244	-0.0449890931066173	1.27881519437679	-2.7742430443334	2.43034736086959
matu1259	-0.306464533877827	1.27325917811959	-2.96307475358463	2.08177506392592
matu1261	-0.536532092173732	1.08477437086713	-2.85779159645581	1.47866027131318
mayo1261	-0.178913823195047	1.2904308919315	-2.83435645489948	2.27811905811466
mayo1264	0.937224702614683	1.26235536279241	-1.37281382794441	3.62830822164675
mbol1247	1.29534734137185	1.32525876761895	-1.03875510909323	4.18470818111064
mbul1263	0.313897049042246	1.07317983373819	-1.83379752858899	2.44481817992354
meke1243	-0.141103431757763	1.14462015331629	-2.49926700318095	2.0794645404444
melp1238	-0.597659834389225	1.05662765304618	-2.8585373465804	1.38936239854005
mere1242	0.963481550113198	1.00669737094748	-0.965774986092949	3.05638554217221
meta1238	-0.858963024221473	1.17314434361656	-3.43470912637414	1.28231682321948
mezo1235	-0.431457069280651	1.31275104284732	-3.25431784766056	2.04468639232406
mezq1235	-0.263398287249494	1.31168441154389	-3.03335033195898	2.29622222506419
mich1245	-0.190079412582544	1.34274887134869	-2.97334447637223	2.43581473943331
miju1243	-0.0777373092714969	1.0914323943664	-2.42096551745367	2.00322357349706
mikm1235	-0.0780690281072042	1.29617940414969	-2.73700904066426	2.48539087982291
mila1245	0.724681414315149	1.11010759187614	-1.37652464525127	3.0357983499978
mina1276	1.43654473384147	1.03931896199207	-0.422360388352524	3.66353089468136
mini1251	-0.482527061434124	1.24511184185088	-3.1809701303066	1.83625934689556
minn1241	0.0070176795609439	1.2628174793443	-2.54133658742678	2.50367585860754
misi1243	-0.37047775097656	1.26814084453938	-3.03087352750852	2.03865308199279
mixt1426	-0.428879155102188	1.2773668552144	-3.14384767300081	1.98070224721248
miya1259	0.89523357381955	1.26293559380869	-1.36779660391587	3.61382068607821
miya1266	-0.591697602415352	1.19538969012896	-3.13205606858289	1.60403174042569
mlab1235	-0.312630353307104	1.24863071633581	-2.96533890275803	2.06240000555197
mode1248	-0.0655903632216045	1.34815450653	-2.985878687761	2.64692015344665
moki1238	-0.167053023045189	1.28655933370544	-2.91796316181408	2.37105921905697
mokl1243	-0.0864978973279313	1.33065333153413	-2.91227026883923	2.52370670109914
mokp1239	-0.743224328293036	1.26244442626227	-3.47135621628678	1.57783193766818
moks1248	-0.0754678821312258	1.35212651504442	-2.9291972100698	2.63039913340709
motl1237	-0.108550770746865	1.20177483558724	-2.63234885458761	2.16632581787189
motu1246	-0.561265084647028	1.25602790453082	-3.36248335632466	1.81002536707023
mouk1239	-0.285262658617984	1.17265555342465	-2.82138683742911	1.89630580499896
moyo1238	0.423513809530476	0.812338214295739	-1.16218003513182	2.03416881112827
mpad1242	0.335002462105133	1.17575925109392	-2.00621097612624	2.69778703145882
mpii1239	-0.429404294086267	1.19666903139537	-3.02135859339184	1.78473111946616
mpot1240	-0.273209112116824	1.25433208819811	-2.939748425033	2.12391714308727
mual1241	-0.158193149994779	1.2894791156059	-2.87173964849595	2.30543146467858
mudu1242	-0.364289006147316	1.25101055073015	-3.01799368341343	2.04770577265124
munc1235	1.01900207914423	1.11302060164716	-0.954785171115204	3.43440823691484
mund1325	1.29017137632123	1.09145930425707	-0.696480469169392	3.55569380860314
mund1328	-0.672372511553252	1.03978995172152	-2.88295283523713	1.2472555895137
mund1330	-0.17953667776399	1.32353072645959	-2.99201912119536	2.38315343798812
muru1266	-0.0827514137687445	1.26733268271928	-2.64191217588046	2.35132550625269
musa1266	-0.824535163706383	1.05525877449133	-3.09215498195632	1.05001930439336
muyu1244	-0.37170322384558	1.33085417605883	-3.1208904672545	2.20144814873543
mwag1236	-0.609757338887355	1.24703808336296	-3.32733212203229	1.72311285831109
mwan1247	-0.0294505420389196	1.27225933851745	-2.65228886742153	2.48865095033136
nali1244	-0.496863855581441	1.27092227539875	-3.23113600059726	1.84787730724576
nama1268	0.329013871040749	1.05794773404955	-1.84321804931289	2.39542746314813
namu1246	-0.838410852009319	1.13082327255219	-3.3529554626395	1.16644276269508
nana1257	-0.267530425335801	1.28675936237402	-2.92420936475057	2.20366145184734
nang1262	-0.213872457425101	1.29350881229659	-2.92923430604339	2.30672740262892
naru1238	-0.173019426860847	1.32720023334676	-2.94091214496918	2.38829603165997
naue1237	-0.244715155432615	1.33618189433797	-3.03651861874178	2.34145629348783
naur1243	-0.0713099442093141	1.30642483251588	-2.77712288289435	2.55164333506425
nava1243	-0.383201265510748	1.20138057183159	-2.99817585746539	1.89510604132101
nawu1242	0.263857373877201	1.19056833769942	-2.09172961728156	2.70187330286958
naxi1245	-0.31817120537462	1.0757611201538	-2.58639123886553	1.76446867532256
ncan1245	-0.524746023729454	1.02851757036771	-2.6940785345134	1.41297746908562
ndam1239	-0.378413797857615	1.28566191046848	-3.06336884609508	2.05574516857576
nege1240	-0.206528321286475	1.26574723699375	-2.9522792087062	2.26002514398775
neha1247	-0.29507510599608	1.28333560536598	-2.95680368651055	2.14695350252615
nend1239	-0.949320435975087	1.12739198952807	-3.4017576429642	1.05815963097736
nene1249	-0.198171774656942	1.26915912717566	-2.80512383039306	2.25293137206056
neng1238	0.161617881673223	1.25890588071562	-2.41718954358431	2.75474883697566
nepa1254	1.42497494918089	0.921377488381592	-0.21643298203757	3.35443988696271
nese1235	2.1745537817941	1.01242522994289	0.306086939097659	4.2438754549419
newa1246	1.45298564776517	0.962571155902599	-0.227066629067786	3.46980709512304
ngan1291	-0.194317906447824	1.27884733099044	-2.88725085320478	2.3352184069411
ngas1240	-0.640010609895547	1.25676140163643	-3.36353518680005	1.69700159714793
ngba1284	-0.18625730666227	1.26129472724681	-2.76211595346971	2.20965273329898
ngeq1245	-0.271421347095038	1.25837779709126	-2.92299032543744	2.124461211008
nhan1238	-0.0714170351050433	1.32731266960865	-2.78725658617019	2.51881625601907
nhen1239	-0.0849937024844921	1.33048932695044	-2.85789724571911	2.52115909703028
niua1240	-0.102096957819621	1.33237123897132	-2.82829570503967	2.5492453927537
niue1239	-0.0993760138596859	1.34656958281601	-2.82770653761042	2.56770169193705
njan1240	0.447266438118133	1.16852526519956	-1.72211875905206	2.96347879644644
nkon1248	-0.266303747915907	1.17859110581844	-2.86097973055383	1.95275479293512
noct1238	0.883528278362389	1.01822250212449	-1.00955731837554	3.02969645227833
noku1237	0.499298880973687	1.11802926424442	-1.72272419956273	2.71216959458754
noon1242	-0.219401003258628	1.28772715239243	-2.86434117758661	2.26657127443405
noon1243	-0.517070085211656	1.03207529336568	-2.70271035258372	1.44226485622832
nopa1235	-0.482017248284306	1.23899495305737	-3.06032848045806	1.92013732793086
nort2684	-0.230473243616411	1.30682976783149	-2.95737647414668	2.37218281249231
nort2690	1.18532493872976	1.3266822531256	-1.13327275157548	4.06415281400533
nort2722	-0.781333230354533	1.16102723877741	-3.33049381815061	1.28927097686859
nort2723	-0.544037862052221	1.08302204539412	-2.85016665277321	1.49071437008451
nort2732	-0.42908319022117	1.23847352244032	-3.11902962671196	1.82118533321942
nort2747	-0.167264660107631	1.30741970054241	-2.81606193560119	2.4154576719961
nort2839	0.91885209952778	0.87989956991859	-0.778116842985476	2.72166432857242
nort2845	-0.0831721874919038	1.29893725420871	-2.82216816779573	2.48916153502289
nort2847	1.21826237431415	1.0498430486782	-0.734447217129561	3.32453513695475
nort2885	-0.244977722497712	1.33211824611029	-2.99662944637006	2.34145189292854
nort2942	0.997269305312868	1.2385846583997	-1.16762892315877	3.67553536631401
nort2954	-0.331979205598832	1.2165136069493	-2.92881294010584	1.91446655725844
nort2959	0.0314471817221384	1.20402495839457	-2.41217095924	2.37111318708337
nort2961	-0.0870748755074191	1.31533335610797	-2.86172353427588	2.51845887494412
nort3047	1.35526377530878	1.05331084873735	-0.521124684367294	3.61450752522124
nots1237	-0.50873190069787	1.25687363532721	-3.2129470919572	1.83648590005801
nucl1235	1.40018493885585	1.40639184336668	-1.08039808497502	4.5085306462603
nucl1301	-0.234611972262897	1.25214526782856	-2.87930103603937	2.14404695473176
nucl1305	1.07320432863923	1.25326818491005	-1.10048155326968	3.84513876031334
nucl1310	0.881479082831368	1.02727218151869	-1.01302960017711	3.07227783019254
nucl1417	-0.589844959960918	1.24675926293532	-3.33258775973574	1.67662507633882
nucl1643	0.773929908799777	1.27940865367137	-1.56843829207712	3.53667020793743
nugu1242	-0.757138409379584	1.1502905609735	-3.26922047017525	1.334726272281
nukn1238	1.60330367488518	1.03957986724646	-0.17944294548447	3.82208634365392
nuku1260	-0.0688876947737404	1.27180088372251	-2.65493547069951	2.41951624935682
nupe1254	-0.413143901706255	1.27757485416288	-3.21671173143722	1.95299395117066
nyah1249	-0.281514159821908	1.2534872501025	-2.89894653799295	2.1524532378082
nyah1250	-0.257830863135559	1.32755796809357	-3.06390625279744	2.29427160178847
nyal1254	0.158536779523961	1.21534999272353	-2.29608739186794	2.63965765415129
nyan1307	-0.326941058656443	1.2416556909169	-2.97371426314022	2.07625328299778
nyat1246	-0.417346940076888	1.24299819080751	-3.15860137827991	1.94088950969847
nyor1246	-0.331855169357494	1.23843204184355	-2.997890096441	2.11006972831463
occi1239	-0.0754335176437089	1.31670018998269	-2.73018981189708	2.49336390618339
okan1243	-0.165808777755574	1.29946220018748	-2.93602286353156	2.37956372602722
okin1246	-0.167199212680088	1.17554609887467	-2.53313905524754	2.15616232293217
oksa1245	0.506888473942761	1.16853725809043	-1.63002180593818	2.97249235478624
oriy1255	1.24159991117651	1.31145507623389	-1.02488525537696	4.13947549170436
orok1265	-0.191641887157055	1.31036770021477	-2.96846294490186	2.33529649436567
orow1242	0.406710211030207	1.1512523864422	-1.89558684517997	2.74754874915772
otta1242	-0.0786110739837385	1.35179282388949	-2.80820501472698	2.62806221990118
paam1238	0.688699802402281	0.903137805132606	-1.09109578331838	2.50164399492602
paas1238	1.23044689249499	1.15635169536025	-0.822550728612582	3.69855141108519
paco1243	-0.206584191582618	1.31171734709375	-2.9432879894322	2.3874214192459
pagi1243	-0.23289661890105	1.25696283630266	-2.79867587176656	2.12502659742541
pahn1237	-0.337649413499446	1.29029008686868	-3.108415832025	2.17358527040492
pait1244	0.895372306026584	0.899824203368865	-0.746361432304009	2.73867865042001
pana1307	-0.173043776477883	1.28217882383231	-2.84911723508554	2.28377143651064
pang1287	-0.349879182105377	1.23521857937814	-3.00806121789909	1.95321859160485
pang1290	1.69967670522832	1.17364319920566	-0.328372973373922	4.20700919741299
panj1256	-0.176766330612989	1.27150411179707	-2.94384768751786	2.22741137205293
pany1241	-0.108999463474569	1.30123729073814	-2.80877357869075	2.43948698513609
papa1265	-0.29024641388808	1.26202577130483	-2.9738285051076	2.17857767014224
para1301	-0.394336023752377	1.2574740746533	-3.01885993864586	2.04007744212677
para1302	1.20864053185237	1.09808139801064	-0.716211468976073	3.53673797456925
pate1247	1.32790453007344	1.05481106440341	-0.572824825155209	3.53115583578134
patp1243	-0.505792807189522	1.24561641481364	-3.10235285158804	1.8341439061554
pela1242	-0.602693194026932	1.09831236182626	-2.99526722610826	1.43195460808045
pemo1248	-0.189727676347424	1.27934458471647	-2.80739600049649	2.25796192414001
pend1242	-0.188174657460377	1.25976981171305	-2.7902302809835	2.23006651598162
phai1238	-0.251887755715724	1.26613670870571	-2.91887436273278	2.19779142095697
phom1236	0.856954976784398	0.972444842442702	-0.939247582016763	2.91188925233432
pile1238	-0.180386059033373	1.28896411095114	-2.84121008496906	2.34061555178238
ping1243	-0.161913503942301	1.31260409020979	-2.91197079090197	2.40335662172442
pite1240	-0.170875909558866	1.30617368585877	-2.88108556082304	2.43597108467752
pohn1238	-0.131991612343543	1.32251138222077	-2.80321176718414	2.46275974355078
poli1260	-0.0812963204748401	1.30262747569703	-2.75690267465562	2.45068910029576
popt1235	-0.332407163346983	1.23456378283728	-2.93062621058999	2.03384202125489
port1283	-0.0776865565974177	1.32846471916552	-2.84175106113689	2.50312139647773
port1285	1.40335579312109	0.855992730124212	-0.188853069933932	3.17488216194463
psik1239	1.44596714549719	1.05897705088615	-0.407794984930215	3.74315480246084
puka1242	-0.0904558607158168	1.3060019135259	-2.83234622938544	2.48873465267805
pulu1242	-0.0898098004015005	1.30432628706005	-2.71287621054597	2.5145566037401
puoc1238	-0.288376661820081	1.31772234216225	-3.02378923019901	2.28415203006135
puri1258	0.940901989738001	1.25170357950941	-1.35682994491389	3.64448818575156
qima1242	-0.349445542894698	1.19984216358663	-2.90580358119418	1.95887370977999
quer1236	-0.235176564072649	1.32657736572343	-3.03524078623372	2.33297967683222
rabh1238	-0.181850214565718	1.1251679466713	-2.53055798256206	1.93683402702642
raji1240	-0.321237869593906	1.11919878441192	-2.66296284784119	1.78260045198257
rapa1244	-0.0699140385795376	1.28283973309478	-2.74533626579774	2.40673478694218
rapa1245	-0.0938888111284428	1.28816441882929	-2.77361204856063	2.44328944375417
raro1241	-0.110817377927778	1.34192038765499	-2.97120798973058	2.47941600871465
raut1239	-0.424097125913886	1.15117587485054	-2.89329282145206	1.69937856760716
reja1241	-0.12200734805773	1.33354810314269	-2.97633789333249	2.51519431366751
roma1326	-0.109860684330679	1.30439400802032	-2.79632158002449	2.52371136773488
romb1245	-0.097141677640649	1.28396739010441	-2.73419596393428	2.35218318124061
rong1266	-0.0453184956374686	0.906076759606674	-1.89537550504229	1.68519641858399
rotu1241	-0.0971935610330801	1.3259576450899	-2.84801147350024	2.53307356656408
rovi1238	-0.409724220117592	1.20446594610484	-2.95740590500063	1.81817776599345
ruch1235	-0.156958119246353	1.26354889741817	-2.69995858541632	2.32154891871685
ruka1240	1.00025945796658	1.17564708896924	-1.18020508292595	3.48330279489673
ruma1248	-0.317466535893022	1.22089675584445	-2.87783370902938	2.02839948224914
russ1263	-0.028213688188457	1.32082874134003	-2.73674542220133	2.60545743473249
saaa1241	0.790312317181693	0.941461710485769	-1.02379543643888	2.68154434772015
saar1237	0.882027314105583	1.16036711072117	-1.31085434755492	3.27862247227605
sabu1255	-0.186296350201556	1.26828795751632	-2.85290073218169	2.30073417828505
sais1237	1.52830798006558	1.30888976587275	-0.746110675873483	4.36299923832634
saka1289	0.75641750003136	1.0134511773872	-1.21212933437808	2.81010151264214
saka1291	-0.115439755626128	1.31044089492902	-2.9013134910142	2.4926290916691
saki1248	-0.232255528566533	1.28417863272018	-2.94423441204657	2.29705016591226
samo1305	-0.101692495404164	1.30107940715264	-2.79047024694159	2.39313462469571
sani1269	-0.0210114414292848	1.03987071698673	-2.13149287590623	2.05601309087936
sanj1284	-0.520080884190436	1.26357117475553	-3.17255387796036	1.86384044228937
sanm1295	-0.524442818269877	1.29732167273032	-3.28969156619716	1.88953989733323
sant1436	-0.470539573123883	1.2603043533493	-3.19911158628082	1.89989873163028
sant1451	-0.392617951064702	1.29777691153058	-3.08190569685613	2.11130946187427
sars1236	-0.402751706676575	1.23096475456513	-3.03504196747103	1.86318476820375
sauk1252	1.75255408475397	1.07572295157327	-0.0954983835098927	4.08209803089709
saur1249	0.877008513352832	1.27317296103159	-1.38426402243437	3.74947005227459
seda1262	-0.238438515875091	1.32090755591859	-3.06431031623198	2.3110933897721
seim1238	-0.179958990378661	1.30957691846681	-3.00106561680757	2.38993925096459
seke1241	0.821442972154124	0.95304772555354	-0.99563846230061	2.77200298470501
sela1260	0.356726459020562	1.27355150485826	-2.05070955205922	3.03922404562816
selk1253	-0.18531709458275	1.26317183310694	-2.81735356745757	2.27875312291793
sema1265	-0.172683921897695	1.32886952190576	-2.88314205536443	2.43972430019042
sema1266	-0.187130109728705	1.31981361011846	-2.95622766810764	2.35667960822918
seme1247	-0.195906209022325	1.29848531561662	-2.84673078395711	2.38467651202985
sgaw1245	-0.298780460528567	1.28050217226354	-3.04377875996417	2.1395282645288
sham1280	-0.501155248382848	1.26862983325742	-3.16236575569082	1.83343764430059
shan1283	-0.0448997275051845	1.23941813955236	-2.64274488242583	2.39584311883937
shaw1249	-0.0945547411328158	1.32666462645444	-2.83900155065114	2.48765891745498
ship1254	0.863555702867486	1.23432207472667	-1.34781567669449	3.59643827273245
shix1238	0.215716328546409	1.07522927152229	-1.83067412700291	2.46330202225229
shol1240	0.56006354674404	1.1687854530229	-1.73604854162256	3.02238820710008
shon1251	-0.188141636956842	1.29795415525481	-2.92572109731837	2.32994351334003
shos1248	-0.335680722883381	1.24829957430447	-2.91546101474733	2.01890622621687
shwe1236	-0.52829599954964	1.18560834346314	-3.08894199348335	1.66875633205428
sich1238	-0.839259111969481	1.17094790614693	-3.4167708863243	1.2819233314039
sici1248	-0.0810918496303072	1.31173766334162	-2.72705233437718	2.48610216683312
sici1249	1.36009557109464	1.16493037220268	-0.702468307493926	3.88172502633091
siee1239	0.782094069444156	1.09626573745074	-1.35502819964409	3.03678924323158
sier1250	-0.509923503012194	1.27881831950266	-3.2620602548527	1.88399384994643
sika1261	-0.184570836797266	1.29207800668283	-2.84190467197513	2.34279669916756
siks1238	-0.163936660959643	1.31816732074881	-2.88397506028691	2.37095393436504
sile1255	-0.881964102358465	1.10556657691481	-3.28738619729949	1.09171114889509
sina1266	-0.594167599565193	1.23722545443573	-3.33310673710801	1.69307075098688
sing1264	0.721471419512232	0.999691215311969	-1.12596672862657	2.77064093364438
sioo1240	1.16794348456205	1.04065778530097	-0.696291892613394	3.38535206767981
situ1238	-0.582392629162863	1.05486127036029	-2.84590748303044	1.4072902233617
skol1241	-0.17560093146673	1.26440436512527	-2.80404029262228	2.28716544888936
slov1268	-0.0789381073125923	1.29529756812508	-2.7436069236321	2.45211263581967
soch1239	-0.465564202849838	1.28469958399888	-3.22906518030096	1.9794039502153
soga1242	-0.232413124839122	1.25397184181402	-2.86054785078989	2.18005612831471
sons1242	-0.0936346408128118	1.33568152437126	-2.84702643776288	2.5306305040627
sooo1254	-0.241973513528568	1.27976217443746	-2.9711651226513	2.15648463661402
sout1528	-0.118654678928741	1.36038763864597	-2.89143684611397	2.57756506945189
sout2649	-0.169624930920426	1.25095012382333	-2.78079717190269	2.26143201315248
sout2674	-0.211186009082932	1.225811897087	-2.75361625039476	2.10190676315531
sout2679	-0.120933174307234	1.30432069670814	-2.82346179062166	2.48403019140245
sout2728	-0.77252571485305	1.1651992124661	-3.28509654010997	1.31950054660197
sout2729	-0.307828449047837	1.03575657133769	-2.43219327068473	1.69821332137096
sout2797	1.8970912122499	1.24833210951466	-0.221840262572523	4.66502972933625
sout2807	-0.169662440371725	1.26244198573159	-2.80894344322686	2.24165132783116
sout2856	0.31973948749731	1.14606621852678	-1.99238861749676	2.56315416944097
sout2857	1.85303598346798	0.945020796978296	0.105598488934754	3.87849510237534
sout2859	0.780682410756013	0.888938453556156	-0.961529257543094	2.56299747958517
sout2869	1.35035121415079	1.05875461770964	-0.603031041605978	3.54309996486862
sout2895	-0.111672766639292	1.32298677609184	-2.86928379458121	2.46923389143517
sout2954	0.472970698256192	1.21655115436812	-1.88041066944367	3.05152441723703
sout2959	-0.362142824637285	1.24286152544944	-2.95783159736495	2.01519192326952
sout2976	-0.32695405903929	1.26863179103706	-3.03811864651775	2.09049735855613
stan1289	-0.0777514959909432	1.36307272457351	-2.91733072468604	2.56702913227609
stan1290	-0.0820198368874653	1.33787740245543	-2.84912300323281	2.55354338706117
stan1293	-0.0628667574879043	1.32101267202037	-2.7525541902177	2.54417882450066
stan1306	-0.211586582917045	1.28322849693319	-2.96733505991975	2.24332954813722
sude1239	-0.234481744284206	1.31101063189301	-2.88074232132201	2.29668137308293
sumi1235	0.609287460679356	0.89025784191538	-1.04704932735124	2.46825888116034
sunw1242	0.55764907588893	0.822606392179301	-1.07895426319698	2.24467425081918
supy1237	0.472805533275955	1.11117092042792	-1.68498484638434	2.72810684218014
surg1248	-0.170542904044945	1.27431798649972	-2.81879445093621	2.34942661213062
surs1246	-0.455696456832583	1.28105947015216	-3.21684467912091	1.98893560524616
swah1253	-0.383023110975443	1.28932909105772	-3.06925823275301	2.0516785976447
swed1254	-0.056291038463398	1.3097753361699	-2.83900468984526	2.5005185681609
taga1272	-0.370386029085288	1.26734102923347	-3.09897694660802	2.00426026158016
tahi1242	-0.0823198070042668	1.34356588364154	-2.9172446776916	2.56764894285568
taji1246	-0.18249571539385	1.25562503716985	-2.85449975188652	2.21800930329485
taku1257	-0.172888356141801	1.27792758270203	-2.83017523654583	2.36221242523221
tali1259	-0.346941368156639	1.28706173123601	-3.11420851298727	2.08304642532947
tama1365	0.889593899046711	1.18878024859483	-1.26370732018282	3.44031693037559
tami1289	-0.236505587491248	1.19237430120418	-2.76103984095955	2.10382692627714
tane1237	-0.277768562457175	1.23097066121065	-2.86760385752978	2.07963955098204
tara1313	0.523785849694133	0.776069244702791	-1.003929718382	2.09784069705457
tari1263	-0.169863898124425	1.25927021523822	-2.79673927259975	2.27678997958379
tata1255	0.498559904332363	1.20601254889047	-1.7885184608318	2.94173750193335
tata1257	-0.185798224665638	1.30458360087696	-2.91197985455737	2.35736159536051
taus1251	-0.122841696645995	1.31481006890336	-2.8952449814381	2.39481652217057
tbol1240	-0.320778454368649	1.30904831853493	-3.1497255744215	2.14478289292946
tean1237	-0.278130076650982	1.22466224541964	-2.83703464824857	2.0520023695053
tedi1235	1.23273317555318	1.01653427337115	-0.555037874819547	3.39929986064992
tekt1235	-0.325823368542617	1.25354617106716	-2.98159427206862	2.07590570550345
telu1262	0.486212320805582	1.18227698790299	-1.73423352127831	3.01716570903808
temi1246	-0.134146928037411	1.29687183667456	-2.76664033348536	2.42390323148094
teop1238	-0.304904370472625	1.26626921620433	-2.96515754548897	2.14861563677881
tete1251	-0.350233811231444	1.25485764544429	-2.94142582467527	2.09685572947282
tezo1238	-0.473825800202073	1.28430843333167	-3.25393377181011	1.90728770331418
thad1238	0.874730789534603	0.873835213468517	-0.709975164464311	2.66162802153113
thak1245	0.617677650710333	0.922062514788987	-1.17226453033925	2.48174027441367
than1259	0.548817796590761	1.0159754480104	-1.46394230747729	2.61920803682028
thul1246	-0.31650589324613	0.939685269096612	-2.28557578279448	1.45140241330602
tibe1272	1.23925167475167	1.20753220726985	-0.863862260698985	3.80688164968681
tief1244	1.93179676916155	1.26890689099939	-0.252354101518776	4.76668703376675
tiga1245	-0.443308695954917	1.29065384199456	-3.17520006043196	2.00022021970124
tika1246	0.0606086429399012	1.15150162755476	-2.17136489591673	2.46853299212573
tiri1258	0.256011840708207	1.17606688172464	-2.12333093449444	2.62244867814803
tiru1241	-0.346419559885295	1.28458976278533	-3.12532233302434	2.06127363705736
tita1241	-0.383253868816735	1.24095401826755	-3.031614012708	1.96872641525811
toab1237	-0.422415570602479	1.25477700490827	-3.0286212310879	1.93736398524342
toho1245	1.63370604279167	1.39032807854832	-0.681755589386731	4.75323717758911
tojo1241	-0.292527499420602	1.26512775056814	-2.92613818721538	2.1408395807891
toke1240	-0.0841344942269283	1.28589045713572	-2.80987281223875	2.4005356067957
tong1318	-0.20538228118524	1.3016981866325	-2.9375807892651	2.2839158591322
tong1325	-0.0812759902376401	1.30277401700522	-2.78449199425636	2.51912038605012
toor1238	-0.36301288162961	1.25593599180486	-3.03952178381242	2.06644764142088
tosk1239	-0.15106004029114	1.33664326563166	-2.92385647095217	2.49398984017174
tote1238	-0.188131649746712	1.29439139263976	-2.95624581037158	2.26913424580188
toto1302	0.883577195625277	1.0707038612868	-1.01950545870506	3.14545054359188
trio1238	-0.112763921655117	1.30137048790337	-2.81174911763085	2.42895199851757
tsha1245	0.865993645288343	1.08490187527182	-1.09129383899958	3.18007115254655
tsis1238	-0.371243189912664	1.26322106549987	-3.13944898785669	2.001225431573
tson1249	-0.175299171222954	1.27330110643438	-2.84404442202017	2.32738636298072
tswa1253	-0.191237264962514	1.2710497396194	-2.84732794321211	2.25837134185239
tuba1278	1.28713346696884	1.35881574969253	-1.04161097983489	4.29809456565142
tugu1245	-0.266476430635131	1.27624420138778	-2.90165978983137	2.15199832967631
tuka1248	-0.0940391686158931	1.30282540888131	-2.83709390710115	2.52842730374002
tuki1240	-0.646908292033126	1.19156031751385	-3.19199909120154	1.58837316562222
tula1252	-0.0337467510592256	1.23588456599833	-2.5248469843327	2.40148424916464
tune1261	-0.8863850299417	1.13700049999639	-3.31744112157673	1.17917094386108
tung1290	-0.340207088952777	1.30983325786915	-3.06162503859268	2.18999450747208
tunn1238	-0.386407704260368	1.1812629119046	-2.87333377501344	1.88523537431527
turk1303	-0.0891236167872286	1.2807352141876	-2.69105903602664	2.41853824905334
tutu1241	1.53325048963686	0.949306043381532	-0.198274159659111	3.51840679895948
tuva1244	-0.0843176271887819	1.32707462412407	-2.80326726141898	2.58340273116102
tuwa1243	1.70021273663994	0.995104965194398	-0.13497248509032	3.74220436124703
tuwu1238	-0.25876133875802	1.17409991421409	-2.75399766965759	1.94478152188273
udih1248	-0.235229464683476	1.31589487621927	-3.0516720962075	2.28123091358786
ughe1237	-0.384079688783428	1.22231639828543	-2.91514051950088	1.91083933984882
ugon1239	-0.435035767792298	1.21198081097752	-3.14668941741909	1.778811808198
ulit1238	-0.104699617601994	1.30581112527654	-2.8552615535407	2.46841932872201
umaa1242	0.0487506977003941	1.27484687948907	-2.54790946377573	2.57290545359464
umbu1258	-0.150096609215043	1.02662622909869	-2.17211214418207	1.8689775777849
umes1235	-0.222267572362314	1.28149632431694	-2.84681456643125	2.20176240620575
unua1237	2.00209083577887	0.93121969359957	0.225324730165823	3.95050390545557
urav1235	0.666481927541326	1.1160807791547	-1.4917764118137	2.9921014011443
utes1238	-0.367584316468879	1.24060929309176	-3.00013946959859	1.93254339220467
vano1237	-0.274713153681564	1.22303743249691	-2.87424571568626	2.07948938023728
veps1250	-0.0994679874183792	1.31570457280946	-2.81495132553478	2.45700043162201
vera1241	-0.0551875914533724	1.16454368208565	-2.45592681559606	2.13159366897013
vinm1237	2.28785138021731	1.00223866637236	0.38971067084611	4.32510172715565
vunj1238	-0.424744207392102	1.23490031393139	-3.03551058693719	1.91807957180417
vure1239	-0.0500432952486018	1.16189092009181	-2.44800194340454	2.1325985934752
vwan1235	-0.318458684617351	1.25896308225258	-2.99168779919792	2.02977285329919
waig1244	-0.126022302077027	1.27030773309052	-2.71454181733933	2.31170445530508
waim1251	-0.337140533772605	1.15456022607094	-2.79892378182438	1.83697482552496
wala1266	-0.441475155885455	1.21407597262395	-3.06819913527588	1.84060720810924
wall1257	-0.0934875554937977	1.3131499653278	-2.73949432128317	2.46328903765742
wamb1257	0.0902703448376148	0.814190997458664	-1.58403197981509	1.69535271306418
wand1267	-0.00172387356016432	1.30434058844344	-2.70984783997895	2.5720508134482
wand1278	1.6820932042058	1.19434735041997	-0.359165264690435	4.23991046160696
ware1253	0.202358612882409	1.28483388885004	-2.33138806521192	2.82062392224411
waya1269	-0.119718674945509	1.31314967133635	-2.839895691962	2.47795932276101
wayu1241	0.668087860401657	0.843399279618757	-0.950809850923763	2.3858974009738
wels1247	-0.0809187233464922	1.3391806558798	-2.78285297221516	2.52964088393802
west2354	-0.0943732664836602	1.30966240219266	-2.80909440156506	2.46397485928205
west2369	-0.192913677651316	1.30584749560467	-2.96363284310624	2.23182175328158
west2396	0.0239703462200027	1.26521473686767	-2.54873860683801	2.57034043943695
west2397	-0.238122936674195	1.28092532596581	-2.95609690223814	2.22763400073342
west2415	1.44054326316702	0.923121781558028	-0.196898268910092	3.37645644715685
west2418	0.844012856120993	1.00638464112941	-1.04701075005622	2.96389080472051
west2430	-0.336794803821611	1.28907635958124	-3.05217150784512	2.10338860373042
west2516	0.290420559236268	1.23796113071516	-2.15806579349935	2.78230901374321
west2519	-0.136905492404441	1.32493647195685	-2.859655116033	2.43015908735089
west2557	-0.238964920872561	1.31508138623596	-3.00608307713868	2.34197176699228
west2560	-0.204835791041237	1.28869825211171	-2.87736276774807	2.24549941938895
west2594	0.934788270742137	1.24500508275168	-1.25558350327189	3.61498793135165
west2615	1.04111124910829	1.25708063334965	-1.23874864537491	3.77812991188404
west2635	-0.338011154555776	1.22003261682114	-2.88709194027497	1.95590920548514
west2644	-0.492843906821025	1.25400066409234	-3.17685635593604	1.87669364537458
west2650	-0.188950604825544	1.31447169873653	-2.93048733423636	2.37836864267036
whit1269	1.35139363912947	1.06082413904357	-0.599207427173286	3.54428600276323
woii1237	0.0829048199761846	1.25585830003452	-2.49884010182638	2.58587208677697
wola1242	0.256829038446039	1.04675385307057	-1.77451835137015	2.37699516043307
wole1240	-0.107204751028182	1.29708781679401	-2.76138618428012	2.39871706721474
woli1241	-0.000658627207874822	1.292735102299	-2.69067675686054	2.5655287383589
wuch1236	-0.137817562778668	1.26450512183184	-2.73375853792163	2.31153837812622
wusa1235	-0.721151916224008	1.19499050706325	-3.29296232540416	1.4576409063869
wutu1241	-0.459558970680412	1.23877656380588	-3.12639787493584	1.8556214537977
xamt1239	-0.283444866238246	1.20030394865635	-2.74780975247662	1.98561208238185
xara1244	0.245345929206065	1.18266362969801	-2.1085790374716	2.62082314884301
xava1240	-0.278038425354826	1.25169014639395	-2.95857821135852	2.08323941690783
xish1235	-0.939719077331822	1.18087623662511	-3.49015476725312	1.14657542255439
yaka1277	-0.240905582862917	1.27404213029426	-2.92116458246928	2.18373158023958
yako1252	-0.277669328123439	1.26104719024039	-2.99874059847405	2.08445665759753
yaku1245	-0.240509593206817	1.21268347439947	-2.79694984829494	2.17264730960302
yami1254	1.62898486922046	1.37100816697408	-0.691345750891236	4.69647087489436
yami1256	-0.308865605696656	1.29061814732285	-3.09072710693595	2.18694942945453
yamp1242	0.00027313200767403	0.903899818788724	-1.82145847538653	1.83011761900986
yape1248	-0.101684204237822	1.32842433544583	-2.77502325696357	2.45769133874721
yaqu1251	1.33011683124974	1.29500513767671	-0.899735404191182	4.14405346715156
yatz1235	-0.488081121520439	1.26863054503667	-3.18116299119513	1.91425581289066
yaum1237	1.70281623896832	1.05864800753436	-0.0901719197522005	4.0019693272107
yems1235	0.772052904696238	1.11520506520661	-1.31754259126069	3.20115313832047
yind1247	-0.14628360224578	1.28160234621558	-2.79235589240829	2.38202345158383
yoga1237	1.59520659874673	1.07631092409856	-0.363326324389653	3.7991831653393
yona1241	1.21315697018437	1.24139788651521	-0.954346946597332	3.96514704813368
yong1280	-0.292693225179204	1.19957779737469	-2.75493229537282	2.02318401263655
yora1241	-0.29062358866088	1.28192564192946	-2.97739095136115	2.16347827359045
youl1235	-0.464219536583182	1.07902847066302	-2.77952905511333	1.51726068971439
youn1235	-0.213644431224571	1.31638090983514	-3.00286103948167	2.40735896855761
yuca1254	-0.130144733024289	1.28398141384239	-2.77844718005936	2.36044288876454
yuec1235	-0.207667632059553	1.27399914889368	-2.85835082815945	2.23277780797618
yuqu1240	-0.184142703889549	1.31809207115555	-2.94235075710772	2.35164408628817
zaba1237	-0.36759864896057	1.24301900559403	-3.01093487761453	2.05698390754369
zaca1242	-0.472580601249729	1.25408527550914	-3.0955650258909	1.93729877086976
zaiw1241	-0.728636538827461	1.15638653480697	-3.26887749068182	1.35732316380332
zakh1243	-0.0529332922169689	1.08081891336743	-2.29704400055254	2.01565788107883
zaye1235	-0.206565444587203	1.21543424381367	-2.77373684548992	2.12543350975655
zays1235	0.271797796495313	1.0762916104166	-1.83424507644946	2.42455793199274
zoog1238	-0.497246504728631	1.26816235297234	-3.20865611360184	1.90531096920941
