Estimate	Est.Error	Q2.5	Q97.5
achi1257	0.0417690972997459	1.93302080451742	-4.00549826932802	4.21888739316548
afar1241	0.0800045758708808	1.88075954606033	-3.75550568697647	4.44110819087227
aheu1239	-1.85303115247273	2.30131789661137	-7.75535847983166	1.06221158087598
alab1254	0.090497432381607	1.86517683290967	-3.69058679915771	4.20822769089368
anuu1241	0.436535981305724	1.71182196303104	-2.66758392149554	4.41524748763312
apma1240	0.10061229065826	1.89132079761747	-3.76018244731412	4.17089328202331
arak1252	0.103594570661415	1.86568516836078	-3.77149868036552	4.16036087484929
arao1248	0.237581080075682	1.81493656449416	-3.33279839992542	4.34207993837133
area1240	0.0627636319283867	1.96114651249833	-3.86055326770681	4.2481195533471
argo1244	0.0839046307358359	1.88249830581699	-3.7877879127643	4.27147689571096
arta1239	0.132905386833236	1.94420029609998	-3.767699040257	4.43479529985604
aton1241	0.314973483556827	1.83506906839867	-3.37536577715603	4.49775676078615
axam1237	0.123291292880311	1.86545283794223	-3.64809075923754	4.19042709047497
baim1244	0.246918905575205	1.83546277082956	-3.35704102097279	4.46161464401432
balu1257	0.0577671819080791	1.92092487032895	-3.86395380089335	4.38312776503601
bebe1248	0.135025844230527	1.93312551108439	-3.97078344507366	4.38766314604545
beka1241	0.0435585828101639	1.84076469598715	-3.9328171480002	4.06610595461388
bela1254	0.0395464168680493	1.94286649159523	-3.9968107952031	4.25062679185521
bret1244	0.0677964376422973	1.89211682885712	-3.78166104714126	4.24149952388058
buga1247	-0.406067378720536	1.81563252718668	-4.43012983013595	3.17438669077306
bumt1240	0.271695521648329	1.81632585722432	-3.42483901000879	4.32116685673594
burj1242	0.0156242429633209	1.89911146817223	-3.9025343142531	4.21095950574262
buru1320	0.148263228598802	1.93354445253772	-3.74677182682404	4.49757475326441
buwa1243	0.194823964009613	1.84750387892173	-3.44033601327615	4.31623834116513
cash1251	0.0785548760827523	2.01291739843273	-4.06776603885982	4.44571537112632
cent2292	0.158517981614918	1.86068643548062	-3.49652729051444	4.31515434639839
cent2314	0.467335772727602	1.78322376069746	-2.85751530031717	4.65000180134866
cent2322	0.0502006459061208	1.9233321716978	-4.00222202128252	4.33166275129239
chak1271	0.0363053634012988	1.87725927843884	-3.77567143151917	4.01325773585855
chon1284	0.494639494825372	1.74694273766359	-2.71232191227052	4.67737549772426
chuj1250	0.191692858518814	1.83809325039906	-3.40552585111601	4.3853870709871
coma1245	0.0942898756644168	1.88182175034955	-3.73478809949638	4.30439669444944
cosa1234	-2.86386459339287	2.62942961460703	-9.11116745721476	0.280818904064012
crim1257	0.105201460441374	1.87287822853705	-3.76909527678984	4.31358811070455
czec1258	0.0503486406437775	1.90275853587159	-3.96264442643466	4.22516395115841
daka1243	0.117968324670408	1.87227485438538	-3.76849185830012	4.26915976884708
dana1252	-1.92905708253431	2.13238972365228	-7.30753911267528	0.840304173203202
dege1246	0.162869367761849	1.88812319344248	-3.45863042025699	4.46433422228005
dhao1237	0.135850858221593	1.86151389758715	-3.62977108339802	4.25195013558649
dima1251	0.432443822927768	1.8835521762565	-3.05425770018702	4.79317713391477
dusn1237	0.150781458381256	1.82811296045924	-3.42131724213693	4.35797957487883
east2447	0.0460973686394148	1.9037827834819	-4.07227352371906	4.16632882209707
east2516	0.20881622269992	1.80743910049077	-3.34527946204063	4.32936123726494
eipo1242	0.0904767325430184	1.91202242532172	-3.88711246212829	4.03642287481571
emai1241	0.221282676735534	1.8152873898253	-3.39595985238335	4.38882946613458
enuu1235	-3.38990820319278	2.83041749095861	-10.1345734250188	0.13661709366904
ersu1241	0.0856618775180656	1.78848996891016	-3.64659136212032	4.00992589889841
esee1248	0.186349630734242	1.88763830856572	-3.64845754611316	4.33269747563753
esto1258	0.0520524878269417	1.91136205583489	-3.84392453008418	4.22162651035226
faro1244	0.0317568428482678	1.88683620312144	-4.02996074436606	4.03831899891745
fiji1243	0.0334523446246351	1.86218060289884	-3.9228265781914	4.0420838755766
finn1318	0.0717895139095118	1.91113129327727	-3.90343514016699	4.10879498885309
fonn1241	-2.67320388709604	2.82230174259256	-9.69083743060079	0.650944971706996
gaga1249	0.0736226541821808	1.93078830138421	-3.96620101147384	4.44923620986353
gahr1239	0.198791489207491	1.86265687692208	-3.5068397437333	4.22159866929607
gali1258	0.0764442259590224	1.89711733118454	-3.86200636483681	4.15645183487989
gang1266	0.400347379956112	1.83345879916361	-3.18828585206607	4.60197008906143
gayo1244	0.00861096330373118	1.92170015518611	-4.07400318232341	4.0743283748257
geba1237	-1.46993251439237	1.86233145034739	-6.10058048200787	1.22949037853345
gela1263	0.0864291064556592	1.92749640990921	-3.83110719777592	4.40777883770463
gheg1238	0.102640959011146	1.93371484071905	-3.88113165304485	4.46000628948728
guan1266	0.279950962593531	1.84003696775562	-3.37127765814516	4.26301120933216
gyel1242	0.104938106809486	1.82600596334517	-3.5575714196693	4.11000636791778
haaa1252	0.0869168568532437	1.8345441284417	-3.7462122248861	4.14488361055803
haka1240	0.379732283083869	1.79280727515604	-3.04240004320539	4.42770808498241
here1253	0.0903283873429405	1.86094862617522	-3.70331552848418	4.10432202630824
hind1269	0.0621667744854167	1.8993943117267	-3.88473925644892	4.21657250451016
huar1255	0.0228450421171669	1.91538710284213	-4.01773126780224	4.18859355219874
hung1274	0.0872302821346919	1.88625359120057	-3.77420026474628	4.12984128466395
iban1264	0.000551485308434241	1.9525812258239	-4.17095338846995	4.12716123103417
idun1242	0.0661313106249272	2.02059992611886	-4.10149096879579	4.50712316223596
ingr1248	0.093211586847529	1.95002947450927	-4.01630529063689	4.53579850067698
isco1239	0.08928297885287	1.91070161964119	-3.98420610034148	4.22656716786391
ital1282	0.0430394975472361	1.94094956029603	-3.98491387548644	4.26010814139131
itza1241	0.234750073654219	1.78233491727979	-3.22874001578967	4.19932073005385
japh1234	0.337115030254219	1.85075316468511	-3.20804117213231	4.63359715487847
kagu1239	0.290416157397713	1.78565207026684	-3.11527459087448	4.46267007990563
kamm1249	0.219972648220592	1.81454692891091	-3.42440156878322	4.26779312188731
kank1243	0.144444474927529	1.85437391918555	-3.45211246727668	4.23874400171721
kara1486	0.11850773888047	1.88579510712387	-3.71668825035712	4.34955810367628
kare1335	0.0567696827780989	1.97883015680051	-4.02274454871232	4.2846145449755
kaya1315	-1.45628959295631	1.85378327704688	-5.98773116536725	1.29266569142527
kemb1249	0.0466956078431285	1.91161887328481	-3.87732989129502	4.18139409974721
khak1248	0.0538266207430543	1.87706024669507	-3.83281250718962	4.13222752431282
khan1277	0.458387968518144	1.78888355450986	-2.89279585099451	4.49925863743869
khas1269	0.384232588014204	1.88166493725132	-3.33823606660823	4.48764469561911
khez1235	0.458416490125467	1.79133354525947	-2.93173483534845	4.47163605345711
kinn1249	0.200243628620985	1.84062682797685	-3.41080770512295	4.2948203758247
komb1274	0.16132049059742	1.81585078322946	-3.53793782393029	4.23768311980263
koro1298	0.104655144859316	1.96402987856441	-4.00854980187427	4.38799632375937
kosr1238	0.029539162703728	1.9868494282252	-4.20393226857006	4.29247123461725
kuma1276	0.0648190428244654	1.92688615554693	-3.86728789684746	4.42112685067382
kwar1239	0.0934549983297241	2.00751891561974	-3.93759359539222	4.47393853700587
lamk1238	0.378463764143451	1.82289904945649	-3.11928022968858	4.60060132165034
latv1249	0.069824842354433	1.89514859508121	-3.86811749768121	4.15716727904073
lemb1266	0.131581459458357	1.91412500055542	-3.86037636983544	4.23439742144604
lena1238	0.0663340200600933	1.98401156853686	-4.05250352856176	4.60400537525091
lewo1244	0.146764868426673	1.95506152927302	-3.76985074268839	4.55346798072808
lith1251	0.0754705563112707	1.90665931222877	-3.8103006378836	4.28813180170118
litz1237	0.118776883137207	1.84572019026032	-3.68489207308821	4.1665101477583
livv1243	0.0562132210242543	1.87451526004015	-3.82327862065297	4.0906397119815
lolo1259	-1.40130091760939	1.87235107111713	-6.06408305776084	1.34371707243145
lomb1257	0.0764315938095858	1.92075588269959	-3.89351610551916	4.27205865976665
ludi1246	0.0454684362966492	1.92953701919629	-4.04234774806675	4.14338221968255
lule1254	0.0718291556835241	1.97345789641047	-4.07456184920728	4.30208011513527
mace1250	0.0864076641410944	1.94095530698112	-3.87470176358316	4.39398938101108
maee1241	0.115964788987076	1.8451945585739	-3.73325949348356	4.28951790338669
mais1250	0.159339700849775	1.92123943922419	-3.7029812569853	4.58369092874869
malo1243	0.104580437622501	1.85033128044036	-3.75741878908163	4.23230987131794
mamm1241	0.129629769669046	1.94731500688132	-3.78769972516495	4.45910274665459
mana1288	0.512439161774188	1.80786785343626	-2.70874873789268	4.70025409917855
mand1415	0.391698739504296	1.70180871636789	-2.96407492744323	4.22759450334206
maor1246	0.0459724117912387	2.01724252118206	-4.22813520763636	4.49833040401988
mara1378	0.283865021114198	1.83582835252671	-3.17043708852748	4.57106923899778
mats1244	0.0728771199389473	1.95865597865931	-3.96342280561684	4.36530091463856
matu1261	0.0875879090361173	1.95216837173143	-3.88205079310323	4.33163992456134
mbul1263	0.0956283636000645	1.93261193559292	-3.99213693508044	4.5159667840119
meke1243	0.132904041253693	1.96037282537701	-3.89421453390965	4.50870242856916
miju1243	0.221103326228189	1.85240586611927	-3.57974091626234	4.34742563650078
mila1245	0.321995090393845	1.85402685449621	-3.24189892175827	4.52343007620579
miya1266	0.0818455157676815	1.88305654809414	-3.81764754153083	4.1058872886392
mlab1235	-1.62086592424529	2.02088659666358	-6.597830359073	1.13224550498033
mode1248	0.0633765772493024	1.92725598573161	-3.93990591688777	4.40585976566676
moks1248	0.0296303753340277	1.97851475652829	-4.20979517187035	4.25050541392889
motl1237	0.0339060830411486	1.91523049954117	-4.0197847468034	4.15404899170711
mpad1242	0.116141372193674	1.85247170124483	-3.75772351056889	4.23979331501743
mual1241	0.0248516117861189	1.93551598722453	-3.927998006646	4.03993779887456
mudu1242	0.0512555055949922	1.89756515846834	-3.86953456536942	4.11778736816174
munc1235	-0.011462193391413	1.80212008561066	-3.86575094614699	3.9770056774951
mund1325	0.189724415281306	1.89426670396324	-3.52379506960931	4.39833789517907
nene1249	0.0139116627404594	1.93202377179338	-4.05439816152895	4.22050032340641
ngan1291	0.0657768215202235	1.93615251736883	-3.89603049596352	4.12931304045688
niua1240	0.145074975841697	1.90012089754399	-3.53898027200757	4.38922208214868
njan1240	0.195185739058451	1.8291634916655	-3.39910349772786	4.30474375897392
noct1238	0.399513905600065	1.81656917918018	-3.04979202418127	4.471843562573
noon1242	0.0927304376711823	1.89233038263751	-3.78181099158659	4.29457250891473
nort2684	0.0710703453677221	1.87023849580414	-3.80166639002254	4.2187872405125
nort2690	0.0644080563555936	1.87295412013401	-3.91958598477198	4.02242191292236
nort2697	0.0639539343252917	1.89095485681258	-3.78186163465909	4.1228412979148
nort2722	0.33359914208198	1.82601329337263	-3.23417116507849	4.4331780742207
nort2877	0.155226339675034	1.84945327614577	-3.48303165817068	4.29769521883079
nort2885	0.110112384313187	1.81955329294521	-3.6364191233784	4.19504103619748
nucl1240	0.209860970159178	1.82385808070803	-3.47706757735553	4.32336770609273
nucl1301	0.0740668734565493	1.92764594386336	-3.83265860943394	4.35270701502819
nucl1310	0.196320054864254	1.79452655920906	-3.37398844278911	4.07708740306136
nucl1417	0.155576190389186	1.88907521113746	-3.62460080836042	4.4797194647165
nyah1250	-0.171967821848742	1.8354051680243	-4.12821047824322	3.53908720366926
oriy1255	0.0771024791114278	1.89823136071262	-3.90840141673133	4.32235287559446
paco1243	0.393898916652166	1.6685812980642	-2.83604976188899	4.21993797360482
panj1256	0.0611703561880668	1.90717565662106	-3.84149380601838	4.1699206051599
papa1265	0.141444664885941	1.87559378735897	-3.68175403243791	4.30707232039401
patp1243	0.102212840578992	1.94671769503361	-4.07173707954265	4.48767455615297
paul1238	0.0313640551970859	1.98313916894943	-4.15768671954501	4.20428116638808
pela1242	-0.107903006558417	1.81922030762769	-4.13591740094521	3.71509007246227
pend1242	0.0558874262909202	1.94891057175708	-3.8444688137345	4.24167231577702
phai1238	-2.09706056621513	2.26160681614045	-7.7152804738401	0.643540106679606
pite1240	0.100323464463481	1.90261962857963	-3.86157641879857	4.2354836469333
pnar1238	0.395408657298483	1.86391548680021	-3.29480071904896	4.62999360227005
poli1260	0.0570244093287995	1.87513915762166	-3.81531747009301	4.20061343634646
popt1235	0.189291658103337	1.84927196069358	-3.48022270639958	4.23457388807169
port1283	0.0851664237514251	1.90016057993058	-4.05166378119716	4.28111727138059
puri1258	0.136189209154543	1.86928263099925	-3.63764545461488	4.39601215262121
rabh1238	0.349437686150192	1.88118664890235	-3.22717862375794	4.61577044375476
rapa1245	0.0314979808294439	1.97346454583966	-4.18883579049128	4.34808813442062
ruka1240	0.108279840953313	1.89461343918066	-3.72717120041595	4.28847136564591
russ1263	0.0151393489110722	1.97657926835439	-4.02252411957994	4.21587249872395
saar1237	0.132229427469235	1.94685733258636	-3.80815125295291	4.3904637420073
sais1237	0.0823560741332269	1.88790972012441	-3.69611942117943	4.16861890430352
samo1305	0.00941187943519935	1.95132383173013	-4.21026133737751	4.07330106809064
sauk1252	0.200511699614776	1.85221644261545	-3.50921488519283	4.39220807400032
seda1262	0.520304641952203	1.72156946410393	-2.72370932637383	4.461491164556
seme1247	0.137764910939988	1.8678918618063	-3.72210242781723	4.35315544403376
shor1247	0.0389145500433582	1.85258870265242	-3.80186790064217	4.09549632129763
shos1248	0.0759958797459085	1.91048108757184	-3.75088107018251	4.3580624604164
sina1266	0.115828689063535	1.93546032869234	-3.88642156576164	4.40264077649
sing1264	0.389236646804673	1.81112422061683	-3.11848957015034	4.31346131923592
skol1241	0.0889665365717982	1.94019787141294	-3.89294553990762	4.24269874777475
slov1268	0.0494574348891493	1.90627046374456	-3.9074657222772	4.13483232238379
sout1528	0.0989490496038804	1.93780144013898	-3.97303037629787	4.30109096711923
sout2674	0.0649723284693087	1.94901074704084	-3.96505752794267	4.46167028937452
sout2728	0.292679288622072	1.83907414034692	-3.31252912117834	4.39673701461111
sout2729	-0.156647374253477	1.80401805538634	-4.13547957652204	3.57238148407612
sout2856	0.0795267757698865	1.94036298423492	-3.91930393372649	4.3548063840501
sout2857	0.131507882606851	1.85024039114852	-3.6738185535267	4.21181334217284
stan1289	0.0826451372610256	1.88775499171884	-3.75460022368731	4.2169226037055
stan1290	0.053383228527281	1.86248006999247	-3.92796156682667	4.07071323658258
stan1293	0.0705832858111021	1.9513384615329	-3.92415804554028	4.4411601047053
stan1306	0.0856189460103439	1.88551185996906	-3.85885360148378	4.2878541242585
sumi1235	0.443247863014241	1.78010274704261	-2.92391470720696	4.42123434677939
supy1237	0.14113073336489	1.90752273823451	-3.75158893356229	4.55315384856346
swed1254	0.0556732295028486	1.91845700308314	-3.98833949704897	4.30106122361935
tahi1242	0.129850404903479	1.86749112043469	-3.66263245666658	4.41150147857113
taji1246	0.0517059370754712	1.92516285627031	-3.83331761066803	4.30329229281597
tang1377	0.294596962698885	1.86955687497452	-3.34960921070079	4.44736715498593
tata1255	0.0658922531421727	1.88298778544053	-3.86329314358015	4.24391588120131
taus1251	0.0169133647518091	1.94456605721436	-4.0336174776693	4.24193324095038
thak1245	0.474317002094434	1.83084603825106	-2.90598943161018	4.74857723231496
thao1240	0.119800516048813	1.90914176191766	-3.54693612654009	4.31089422102666
tibe1272	0.236480559314077	1.833594306378	-3.33289952902626	4.4186490565781
tiri1258	0.0759533998266903	1.92522227398426	-3.89108783973643	4.39800170332328
toab1237	0.0842268734494322	1.98741277305433	-3.90236568976586	4.38503370125013
toho1245	0.101652501704899	1.87360896260287	-3.79407835946009	4.17771587977499
tojo1241	0.190370799778591	1.84222079294737	-3.47428621824977	4.45704577300439
toor1238	0.0900332724335014	1.92613032265509	-3.90071669327841	4.24009106895209
turk1304	0.0634897701181837	1.92410056775489	-3.85515211148093	4.41780247383457
tuwa1243	0.140861204282713	1.89642263922915	-3.61546737873526	4.3788082392734
unua1237	0.122991816523403	1.85560641913953	-3.62622328976339	4.18160570448217
urav1235	0.0643613447349682	1.97735144505551	-4.03254197337081	4.43737127663316
utes1238	0.0941543544280878	1.88340355249323	-3.75041131043004	4.17816612349133
uuuu1243	-3.40754632482014	2.85988265225533	-10.1083154054075	0.131809548752301
vera1241	0.0500963013010376	1.88851072380153	-3.9910698312443	4.04238563352631
vure1239	0.0517063467845982	1.88399589213601	-4.00682216954063	4.01745722318941
waim1251	0.101808448363955	1.98939849998709	-4.12975852585885	4.62396374997106
wamb1257	0.279850086882999	1.85777152659174	-3.39007601911999	4.53769112946452
wand1278	0.178016528022858	1.84825529374203	-3.50989824795952	4.25359013421312
wawa1246	0.200023011702352	1.81312759089444	-3.46200814503044	4.23823203575102
wayu1241	0.297524937917013	1.8168858832532	-3.27157397916518	4.36149455283917
west2396	-2.27104108038168	2.40217676416421	-8.46792570221659	0.617325526651268
west2418	0.439429191712232	1.81950849983579	-2.91415847368238	4.77675248664013
west2466	0.132372502162848	1.88295403635488	-3.63989974914535	4.31669110814075
west2519	0.0293694762200664	1.91170236673832	-4.0863109111878	4.1452731774956
woii1237	0.154919607375511	1.93848827149967	-3.68460551267386	4.47362413783447
woli1241	0.0393955070147858	1.90808989593303	-3.94520841383859	4.10069586447065
wusa1235	-2.60568295360275	2.64070612352825	-9.14091044694217	0.537029563370069
wutu1241	0.166562469219604	1.81226710912702	-3.56038873035194	4.24943264929535
xamt1239	0.0884752581078848	1.97418860007084	-3.94784508044004	4.44718188927923
xara1244	0.0752023538621031	1.91375340526347	-3.84542463519976	4.33755997843452
yaku1245	0.0530519912259266	1.95437467446808	-4.03362036302798	4.33133917270427
yami1254	0.0652082626190683	1.93942998838088	-3.91599342600467	4.36617244326911
yami1256	0.0438877022040984	1.88790821746186	-3.97632464916597	4.06284145377741
yoga1237	0.132172766208146	1.8933015712747	-3.54687087005791	4.39702747647209
yuca1254	0.117348740050954	1.88635110101834	-3.73601188063476	4.19887627837103
zaye1235	-2.17231212845351	2.28319596198685	-7.76837558871755	0.609185037746521
