Estimate	Est.Error	Q2.5	Q97.5
abad1241	1.08857210637658	1.8370523429178	-2.58275390996833	4.60862243309177
abua1245	-0.62492427737561	2.11704206126365	-4.88712088612677	3.42447496395323
acha1249	1.81703274682992	1.46354552051149	-0.900235818489053	4.82466017030667
acha1250	-0.129873829964285	2.44062864511638	-5.04975589757239	4.46547657687201
achi1256	-0.330978047536545	2.45267117762867	-5.41546303707031	4.36533541535877
achi1257	-0.591553273111669	2.33098788918285	-5.4587134597269	3.73373766035186
adon1237	0.0972608525347188	1.98748028314648	-4.01733441639313	3.73154986997375
adze1240	-0.538339773956549	1.66708139984095	-3.84788795930368	2.64575029932699
afar1241	-0.549534005675047	2.09185095554928	-4.92566679610245	3.29424612631678
aghe1239	0.853388483466004	1.14149721192539	-1.33539427497951	3.08628535083003
aghu1255	-0.730606462027274	2.12879329888185	-5.16732620680229	3.23130009367001
agus1235	-0.494969380773703	2.38209403116393	-5.36404556177355	4.18484128409686
agut1237	-0.411623922110175	2.32550036821891	-5.28350736701345	3.85203062687243
aheu1239	1.45598388238966	1.73087906305403	-1.66222928123532	5.23202536961122
ahin1234	-0.762277191793613	2.20184687697689	-5.37109006180517	3.35710154250649
ajab1235	2.99668898636584	1.62157152708108	0.182919168202119	6.49743198164688
ajie1238	-0.816071703227746	2.20746414091683	-5.49297837399715	3.20497643649315
akha1245	2.01068236166214	1.39906449867786	-0.559545651616357	4.96564003429264
akoo1248	-0.943547784455166	1.66699421232825	-4.37434483711838	2.12449753356078
akun1241	-0.218158572994842	2.39787370921916	-5.05906074190392	4.33686927166344
alab1254	1.79265505650531	1.66005741510395	-1.34637479285351	5.17210233192105
alac1244	-0.66226279039829	2.39626573152892	-5.68520853748611	3.99594663611298
alag1248	-1.57487937825893	2.04917541308815	-6.02852144209958	1.97545959675233
alor1247	-0.523353330485275	2.21203018587154	-5.23848345530955	3.53580675362644
aluk1238	-1.41355125768389	1.91599309539936	-5.34348476435918	2.21810817789836
amah1246	0.590627426566398	1.91434673381602	-3.29507586159251	4.51525002893407
amar1272	-1.15980112245491	2.0793254333097	-5.47620587179859	2.72447577724129
amdo1237	-1.02599406499994	2.16046229426776	-5.59021439112203	2.83475494758951
anei1239	-0.629221642070399	2.21756442573539	-5.3110620521709	3.45806024373513
anfi1235	2.19867322712538	2.11398788861935	-1.63568726891293	6.6435480797197
anga1288	-2.00872021364201	1.65397087710102	-5.5926729179545	0.986224497304219
anuf1239	0.457028749582497	1.79133401658345	-3.35750021606883	3.82525561346348
anut1237	-0.164764823582626	2.25527156348067	-4.74066795060703	3.9813464486082
anuu1241	-2.21168177987625	1.85194018739737	-6.26566727958294	1.02212836006063
aona1235	-0.223823218335008	1.430628104364	-3.13183980889163	2.54076269518001
apat1240	2.5994682126102	1.55443576524158	-0.19467503090816	6.00095999947122
apin1244	-0.303678424792419	2.32419279551153	-5.08428945357833	4.12350041684858
apma1240	1.43780447170209	1.40780647780913	-1.38178994313536	4.17455113916074
apur1254	0.0662713538522135	2.3462992097645	-4.6835361830027	4.56948992779595
arak1252	2.14952367375635	1.31024120076207	-0.331334582185925	4.7543545003901
arao1248	0.298165981487195	1.91315716725335	-3.44190404473568	4.09637930993164
arap1274	-0.0859202856646546	2.4487031710595	-4.96582282205155	4.79595113782454
area1240	-0.844400777675332	2.10826345564989	-5.15921644000538	3.08119600075125
argo1244	-0.0769531238746246	1.97549290318062	-4.1948407426786	3.61311036489229
arom1237	-1.24399244320132	1.96248748330013	-5.43766968011308	2.20280095154115
arop1242	-0.684612462988929	2.04071743658267	-4.93854127103307	2.9721430765249
arop1243	-1.45872029247279	2.03875299799879	-5.6942288273561	2.38694033521174
aros1241	-0.752908174562849	2.1860291096076	-5.32787178171642	3.32869024643431
arta1239	-0.800794279529863	2.21441129179593	-5.45088311122142	3.47064621569346
ashe1272	-1.39646456486591	2.254684634491	-6.0842988342462	2.86827110318319
asur1254	1.24979241834576	1.85141093574033	-2.28735139333962	5.05112553521932
asut1235	-1.70398147495143	2.00173195874277	-6.00993960476711	1.81254346393134
atam1240	-0.62157367788706	2.28368332350565	-5.33044066190785	3.60652406337633
atay1247	-0.549829427763751	2.30488439428033	-5.25779111499009	3.78005500978851
athp1241	-0.571204855296452	1.45690580319515	-3.53809554609494	2.1713121465262
atii1237	-0.653420878191182	2.25967770770273	-5.44729897015034	3.52792400572754
aton1241	2.64899278103964	1.53453217920151	-0.127026017024194	5.96515815503639
aulu1238	1.91250641369942	1.26243485584082	-0.550481519419386	4.4579813310932
auuu1241	-0.695629376485802	2.00238475551687	-4.87532253828019	2.98242799268639
auye1238	-1.62582507193104	1.96599695538524	-5.82223780047763	1.95542698560447
avac1239	-0.181343514641532	2.36340227858494	-4.95366640604449	4.27111331745401
awad1243	-0.977943864078316	1.94582245094434	-5.1044557836645	2.50231719468655
awad1244	-0.739884317631978	1.76673616053666	-4.28493920115381	2.64533313389407
awar1248	-0.857560577190835	1.58927170813196	-4.12619169776832	2.12033589556142
awet1244	-0.498655100842616	2.27207526033821	-5.16334970529554	3.72441725854235
awji1241	-1.0483308909556	2.09024680074219	-5.5472686455583	2.71696766352898
axam1237	1.71239119508269	1.28616693683388	-0.84943734160118	4.28182974398727
axiy1235	4.08928451672585	2.03073020324815	0.633426995788385	8.70909324343399
ayac1239	0.676967842338856	2.09832510384717	-3.3448629400502	5.07243077913648
ayiw1239	-0.401358516511054	2.22205770837872	-5.14498658779096	3.70217281496588
azha1235	4.11242100251446	1.9928444545086	0.74468363168204	8.58933311292653
baba1264	1.18421605114789	1.22512752889938	-1.22165507096341	3.62084802020082
baba1266	0.478107113796936	1.18267210260938	-1.89785813260458	2.76474412348754
baba1268	-0.50809959050325	2.20823600470288	-5.10260912518543	3.56035548751503
babi1235	-0.169330916699281	2.36544636428868	-4.94249915159997	4.31201474650527
bada1257	-1.0419647886198	1.95304113919195	-4.95150585617676	2.66399668700803
bafi1243	-0.999524995448518	1.70263776042017	-4.73148183429924	2.0122390474911
bafu1246	0.522128238895487	1.11338848280274	-1.7202659792047	2.69800899079025
baga1273	-1.28523879054362	2.05567626894643	-5.65310502443193	2.42963559098566
bahi1252	0.180471771555978	1.24050903896753	-2.29048115154892	2.61033713235736
baim1244	-1.61964679536811	1.93570032350593	-5.92751041713173	1.77420701216926
baki1244	1.20187225448053	1.47420244834355	-1.79690973518366	4.0610779818898
bala1311	0.352077047271345	2.3678325942667	-4.40150631185627	4.98576355002567
bala1315	-0.412265263838006	2.35760604075728	-5.38661251374288	3.94680504894786
bala1316	-0.683496295856513	2.20632411881545	-5.31525488890886	3.3920826538526
balu1257	2.32940799668542	1.83275959697278	-1.28386688018644	6.05462973308187
bamb1270	-0.533140274025771	2.33739512806683	-5.40249619856252	3.86688067758674
bamu1253	0.465547736123815	1.60157784203728	-2.71250471052807	3.61339009053983
bant1281	-0.433238212531154	1.30331173697126	-3.04431661331682	2.06374350824479
bant1288	-0.654484281441847	2.22363422122604	-5.29207387891308	3.40408897134613
bara1357	0.0248934336921045	1.33831988641818	-2.7510234821808	2.53711646831204
bara1369	-1.02459452835829	2.03327785419787	-5.31129937255836	2.64519856738952
bara1370	0.923892294881119	1.94674914548948	-2.9738344225152	4.59685023251962
bare1276	-0.365990490769558	2.37880268988403	-5.22615583624049	4.16720314317692
barg1252	-0.445948761475107	1.68268659037333	-3.94882406590945	2.76692446065654
bari1286	-1.1589907844201	2.08212919018078	-5.53595709090172	2.78113021574265
baro1253	-0.928904855942164	2.13682689525969	-5.49869954798643	3.03634146059628
basa1282	-0.43823196165016	2.06359099491264	-4.63908750933905	3.52476420787099
bash1264	0.195898475025237	2.3463694439051	-4.29312695547233	5.08435709186059
bata1289	-0.75920339770787	2.38886717737703	-5.71082416248865	3.7055601471786
baur1253	-0.361043537067807	2.34182480899492	-5.17730282069414	4.12553178037525
bayb1234	-0.527709447103064	2.27009769205265	-5.25465842976021	3.6644486631744
bebe1248	-0.658945254814289	1.90085520023419	-4.85326907973322	2.81366000119101
beem1239	-1.29803033912053	2.10288473784602	-5.88125085773841	2.48258751938946
beka1241	-0.424536204827901	2.30797865322631	-5.1551235816199	3.7743882309991
bekw1241	-0.442831917271026	1.93766118961033	-4.43695608952147	3.21123097975345
bekw1242	2.01844010160044	1.89597147658017	-1.43326990064557	6.0790707851831
bela1254	-1.18360299111169	2.0958311331019	-5.77714255078951	2.58694149934729
belh1239	-0.545966273766759	1.37952025544084	-3.43666240112694	2.02284774166951
bell1243	-0.162804105858073	2.41634098598374	-5.08428811946718	4.55967817296701
bemb1257	-0.407633950342927	2.24820372401227	-5.12217847032659	3.72245650862767
bhoj1244	2.12304114825206	1.74430052684989	-0.965147044896349	5.92360528485305
biao1254	2.16549736489391	2.00946274654216	-1.52150227957788	6.39920747316937
biao1256	1.44361345796739	1.93962020243916	-2.11192158802745	5.53707416277863
bign1238	1.31506669202993	1.21127685165466	-1.10741287172157	3.69662009480555
biha1246	-0.463817880061456	1.45598168861872	-3.44829387093557	2.31262656350688
bila1255	-1.79179523758703	2.05527010926421	-6.27213472611323	1.8630611020708
bilb1241	0.246960028487403	1.60608564253206	-3.00109781849598	3.31309488833224
bili1260	2.94007281559304	1.9850730474993	-0.713556116917743	7.22171722719806
bimi1240	-0.948485257991512	1.85777444641028	-4.85258193764625	2.4413084229851
bina1277	2.65696513202489	1.82391919752181	-0.663582390689673	6.50452067342933
bini1246	1.9532717431405	1.74275569796648	-1.31496892060279	5.63356941118743
binu1244	-0.630610968042404	2.31262879475995	-5.37497853427151	3.7453929499698
bisu1244	1.100609602841	1.44441258647449	-1.52794895905985	4.0968355545267
bitt1240	3.12493836029441	1.59483292186434	0.357927214809938	6.6347821225176
blab1237	-0.489606787138205	2.09635507698202	-4.85452570536919	3.35034692732691
blan1242	-0.0739739101872106	1.4585687230327	-3.00184931083036	2.74074478036142
bodo1269	-1.41991841223505	1.86632226191772	-5.42222430871655	1.91141361877722
boht1238	-0.665683845330133	1.83264215955159	-4.5949117774016	2.72166473714537
boka1249	3.49949003903355	1.90322407957517	0.200813577992246	7.64545708662562
bola1250	-0.987497617804687	2.17060587363368	-5.64878640036074	2.96455457150895
boly1239	3.0765057037034	1.92764342705824	-0.205549300047549	7.29269753035905
bomb1262	0.62847507784524	1.63476158643108	-2.73611374703551	3.76295621188137
bond1247	-1.29182463327326	2.23502663381507	-6.04427792386294	2.83603416310963
bong1289	-0.342745209386662	2.27274493875249	-4.99711876489492	3.9561257517261
boro1277	2.05482566324124	2.14633863855383	-1.74754298394939	6.81172932455393
boto1242	-0.471194133185462	2.38064840814025	-5.31118613956388	4.06163171520467
boun1243	3.03305593208983	1.94315295893028	-0.419671379799227	7.19080192112876
boun1245	2.14544103533336	1.63576736651472	-0.925807905853281	5.53724680428867
bret1244	-1.2702338028725	1.95912790040908	-5.51532300646395	2.19180034313102
bube1242	1.36506725550949	1.70199719118654	-1.89908402685333	4.84229622026594
bubi1250	-0.81635117728206	2.26881139157306	-5.5151629213941	3.36043941360755
budu1265	-0.877677418486596	1.79552862799499	-4.59953178782335	2.39815787245822
buga1247	3.55889680560292	1.95470465315981	0.181028381001941	7.90822873266186
buga1250	-0.943335470067159	1.85563244641641	-4.86997245616521	2.48575208747729
bugh1239	-0.690791662890926	2.07731250968076	-5.09564353599659	3.10466412217055
bugi1244	-0.45797341857919	2.23735493556308	-5.09175417003564	3.72259618178126
buhu1237	-0.396016664530128	2.22138846218505	-4.89996974017387	3.64785723359734
bujh1238	0.468821068330058	1.26438611680801	-2.02805326995077	2.94574747037699
bull1247	-1.43433413347619	2.01006595747671	-5.8526094975128	2.05851533427719
bulo1242	-0.595467609116626	1.64267815141124	-4.04967780507485	2.48164379380934
bulu1251	-1.59452605895244	2.06626515264204	-5.95596418163623	2.10558149731644
bumt1240	-0.526612704128292	1.73997915507267	-4.09663493786241	2.69154926956288
bund1253	2.27101973737099	1.95321869156452	-1.36712361076115	6.31793881396888
bura1292	1.91601069765421	1.40339813320407	-0.76817917463289	4.78283371677512
bure1242	1.16377119274179	1.49160122381357	-1.74379014635748	4.15783813431898
burj1242	3.03121470547784	1.91938696660771	-0.387550354981457	7.17598493470863
buru1320	-1.64951628759169	2.10095733057731	-6.17249487501942	2.0907046792976
bush1247	-0.993032811387943	2.1203817849798	-5.68936078846413	2.77255975913294
buwa1243	2.63924639330999	1.21880547189359	0.350531177405531	5.11157730296679
bwat1240	-0.791261485298543	2.2222134209411	-5.41494301134842	3.25859448409214
byan1241	-1.91186450146842	1.93138109879865	-6.19989084451116	1.4405949567254
caac1237	-0.737063118979188	2.19881653787793	-5.43273574825241	3.2701366792381
cahu1264	1.1424806865382	2.32704593534363	-3.4154977688258	5.89738614880183
cakf1236	-1.06710090351628	1.68936877629041	-4.67388934926104	2.02347507196331
cald1236	1.40357203458518	2.16628618358106	-2.6473777447361	5.8927974572753
caml1239	-0.0218958613730281	1.26773266937893	-2.57623591589366	2.42143349596571
cane1242	-0.210548140436939	2.33638793232672	-4.86646936523759	4.30314942661655
carn1240	-1.69076671857269	1.99796933717368	-6.02829900220278	1.77969472566577
caro1242	-0.336585880808787	2.30314629677499	-5.02302433272243	3.89908106550488
cash1251	-0.468276902195341	1.97002035925768	-4.54714406542733	3.28508589316968
casi1235	-0.714098843510811	2.26294333290641	-5.42918727659336	3.67218676675618
cemu1238	-0.780104294167844	2.28228252402518	-5.54875276326881	3.37484957835352
cent1989	2.25199919478099	1.85338324450895	-1.13769823635408	6.29134179495567
cent1990	-1.64624733624068	1.92361689874841	-5.83809162266999	1.81047989979784
cent1992	0.582933410649657	1.53714877812621	-2.33519414855565	3.72053453498355
cent2004	2.08951382149898	1.64793156705006	-0.811096961567039	5.62211972881843
cent2084	-0.731445068046034	2.24339299112625	-5.47806555942588	3.36231477486153
cent2087	-0.429915527812197	2.38802902358459	-5.26103158325914	4.12922866871336
cent2090	-0.378583496903544	2.36872269319278	-5.2658697797641	4.01499626824814
cent2091	-0.2069577077733	2.40627852924774	-5.01421256767979	4.39212454047457
cent2100	-0.379997633879078	2.02867547563846	-4.62911618401156	3.33757341496629
cent2126	0.950675214575917	2.22633616555755	-3.22738766396691	5.54786627709984
cent2292	-0.827177464737959	2.16440772062635	-5.39070461586018	3.15961433946526
cent2314	0.533837289796984	1.4984417952389	-2.43207681148316	3.47700997515186
cent2322	0.243333797836317	2.33013192547982	-4.14297202441508	5.03729672833792
chac1251	0.0584476499353728	1.95430611045283	-3.81974577992174	3.90252073594826
chak1270	-1.8797268939013	1.92267868738307	-6.00898386160615	1.51400952394731
chak1271	3.86244542359996	1.8641238656468	0.715532285924298	8.03631864958808
chal1275	-1.37215867781128	2.07297173997314	-5.81966138018334	2.45713229649962
cham1312	-0.313657933398285	2.27462227332434	-5.00983293955504	3.84767848119457
chan1313	-0.347317325089644	1.34974030754719	-3.17497209611287	2.21479581897454
char1269	0.866036605671105	1.80270149871733	-2.59965779483412	4.51586277829479
chas1234	-0.793581066027088	1.4273658842363	-3.8221327147278	1.85340217151522
chek1238	-0.572345621493871	2.0748051790337	-4.94768412280882	3.23605522098535
chen1255	0.916279359826693	2.34895422508146	-3.47508244147101	5.90263024054727
chep1245	1.37328926720128	1.30458323445443	-1.14048734804585	4.01582112012323
chey1247	-0.152222846852773	2.40719510837226	-5.20297241841116	4.48828170900055
chil1280	-0.193873647278535	2.38098336179608	-5.04802032030131	4.3652848280609
chim1302	1.22170864760844	2.16597781943235	-2.82449680257853	5.71148905419121
chip1241	-0.155836158728439	2.39448163418226	-4.97550880571663	4.48999491996415
chip1261	-0.148113729416569	2.37913550498734	-4.99491865266953	4.40347310011936
chir1283	-2.12811107396717	1.66248225561021	-5.60191898735165	0.870682759144097
choc1275	-0.874778032153478	1.79764868903322	-4.6608899322122	2.45376549898502
chon1284	1.03121837990953	1.50039287277815	-1.84628954026043	4.11937057787873
chot1239	-2.43306055899398	1.82176659162892	-6.37425659457976	0.784973290111025
chra1242	-1.67960326520796	1.87556722021506	-5.70134842175299	1.71689420984302
chug1252	-0.55307776031005	1.83574677903218	-4.47575076489617	2.84316622370873
chuj1250	-0.549719546774846	2.29652333572452	-5.25391392162412	3.85585458923869
chuv1255	0.456678702393762	2.33172204472415	-3.95828933826996	5.44852670435854
chuw1238	-0.992975776068449	2.07800284686288	-5.38307109581333	2.66957494104553
cici1237	-0.831796349872265	1.88265051088475	-4.97970425849293	2.51992568169565
coat1243	-0.752930985063131	2.30373224917484	-5.5216840973542	3.6055204387355
coca1259	-0.283342167824358	2.37822805509613	-5.13623472532851	4.35783891398852
coeu1236	-0.212775174557561	2.34318228636194	-5.0007053226261	4.36456754316984
colu1241	-0.239706028124099	2.35568507149783	-5.07962939191207	4.27289011313728
coma1245	-0.170291725103227	2.37278413275648	-5.00686162906348	4.33067376582941
como1259	-0.237177834116048	2.41252096534823	-5.02579302342579	4.55260272293317
cors1241	2.16414196505111	1.88613934203854	-1.22733313460556	6.23745918807256
cosa1234	3.06692198485303	1.52671326106274	0.379118036832462	6.35265801379339
crim1257	0.226823524895541	2.40097814921139	-4.28342675321959	5.27325556485554
cusc1236	0.852545151027828	2.14768019780089	-3.13222003142349	5.3027388154542
czec1258	-1.13813400931841	2.08486928141193	-5.64745862548141	2.53293040634899
daak1235	-0.54648057717942	2.27363878646751	-5.22976514646981	3.73432539266502
daas1238	0.185811643906859	1.72488483155217	-3.29138939558818	3.51604183309556
dagb1246	3.12509980754246	1.84281080374027	-0.107505879677681	7.06013111359985
daka1243	2.07517569873274	1.37039724139366	-0.493207121904944	4.91670210579571
damp1237	-0.174266510873253	2.29996893532521	-4.77922662967227	4.34878347864707
dana1252	-0.178033765503372	1.51492396586131	-3.20165567953176	2.78283461682616
dand1238	0.859374717530028	2.22669346070963	-3.38677000204411	5.47726060323858
dara1250	0.174471063561444	1.38461659346568	-2.63920343284183	2.87090838897658
darm1243	-1.93240484322893	1.9159791061975	-6.07442087158351	1.3629047941852
dawr1236	0.0219580984725916	1.74597874038935	-3.4694463136335	3.47011858269299
dege1246	-0.929546491599104	1.81773965662239	-4.77118386876336	2.35581654067748
dera1248	1.7309175560433	1.34206707475478	-0.812120160319265	4.43686378913209
dhao1237	-0.105903029926712	2.11293401379298	-4.62167982452521	3.80161820711935
dhim1246	1.53305797240712	1.47567904968157	-1.22768639905829	4.54355368330234
dhuw1249	0.593976401499936	2.12867982608931	-3.31620506432346	5.0931915899657
dibo1245	-0.863342828106737	1.95313749581203	-5.12586720731109	2.73934548256357
diga1241	1.09018981225099	1.49943282388159	-1.95608699073088	4.09820287601121
digo1243	-1.05881721993696	2.18067830547159	-5.53643673105691	2.96499632697325
dima1251	-2.3869585554272	1.76130097561985	-6.14819499824863	0.764107731543004
dobe1238	-0.540466959797985	2.30920808314982	-5.37099122523052	3.75676000439979
dobu1241	-0.505386124021796	2.19768919038798	-4.9619220253132	3.63526379116525
doma1260	2.72212640047323	1.92901683950087	-0.71874766618182	6.86815536728716
domm1246	2.59527654271096	1.7598389890492	-0.71319902991091	6.1397491128612
drun1238	-0.638383938086024	1.80522641827175	-4.44883429455476	2.69048746892841
dumb1241	-0.67781836355896	2.28194917072543	-5.46772783888211	3.58689118965487
dumi1241	0.215991420647991	1.30741789372211	-2.38438207287484	2.76496487753693
dusn1237	-0.994456171874376	2.23237127314959	-5.66461816748866	3.0641277361905
dutc1256	-0.386310280066087	1.89259789666357	-4.39830821310151	3.12395609456354
dzao1238	2.05921689181771	2.00924100396781	-1.66552504284184	6.37935234952614
dzon1239	2.69966366074985	1.71705623781756	-0.491769331264464	6.33116867388316
east1236	-1.08793550780137	1.56830844976592	-4.39174260746438	1.81601100883663
east2328	0.444337752725365	2.27853695753867	-3.80138489636267	5.08347650842116
east2332	-0.949085118738546	1.66078316228351	-4.41766132623551	2.12789449169692
east2342	-0.376353474579287	1.58546145607184	-3.77021808190155	2.65432956951072
east2443	1.50153796496401	1.56990703395375	-1.62785056328062	4.5550714226827
east2447	3.65045048984293	2.0897790438756	-0.277479126499869	7.91337685275542
east2485	2.80255728709463	1.80892319169122	-0.578137214916766	6.43367078643356
east2516	0.99886327055312	1.69273567341891	-2.37584491183868	4.35506324351806
east2555	-0.150410614812294	2.36656670064505	-4.87687959749216	4.51613013008869
east2556	-0.545092054764789	2.29701698090955	-5.19603307840263	3.88980586348968
east2690	-1.36179102978305	1.98499733778805	-5.66241926849702	2.19010009596813
east2773	0.28585546420731	1.33498665016943	-2.38390200173734	2.92118598122862
east2782	-1.29996647615911	2.05509383870126	-5.88619578665723	2.30644670073501
eipo1242	1.77950694271806	1.66596678206617	-1.43257643129267	5.15088861657916
ekar1243	-1.48428598947642	2.04955173806439	-5.88269009470646	2.3216369568518
elip1238	-1.31662187431064	1.78543771518028	-5.12168030455357	1.81928960895277
elna1235	-0.181344666416923	2.43277614617818	-5.15578731873255	4.48576475242025
emae1237	0.572702258739158	1.71427301100193	-2.94150315144564	3.86273063161163
emai1241	1.22995433847545	1.83200521998147	-2.45296333853963	4.78617362380036
enuu1235	4.26522749816666	1.81753492788016	1.19746701801693	8.28423787111979
ersu1241	-0.781640767657088	1.87843318117674	-4.6841580765106	2.65811326026316
erzy1239	0.308097234907204	2.30549693455188	-3.93350774488934	5.03244381125861
esee1248	1.64868825189292	1.92518229846424	-1.95162218586184	5.74624209057578
esto1258	0.122726625454537	2.28072915160624	-4.1457664711011	4.85524166779236
even1259	0.241577226484877	2.32123742559723	-4.23900505506108	5.11185192171363
even1260	0.262277847701316	2.319703434145	-4.21413640801613	5.09561695147584
fait1240	1.47302702653412	1.50660413687608	-1.46245491407116	4.51701151719935
fala1243	0.361195099588466	1.64060218623189	-2.72184980460814	3.61965445784246
faro1244	-0.988613330556172	2.0142955347551	-5.23537346752051	2.63405832942638
fiji1243	-0.319888279516949	2.30911680408879	-5.11558307055284	3.98783121534859
fili1244	-0.728913940522227	2.18625371880927	-5.38629011110672	3.35936697464125
fina1242	-0.856999372854384	2.16068896462419	-5.42313929395478	3.11198208246318
finn1318	0.267112208339197	2.31490115335203	-4.10203174060033	5.05033162696414
fonn1241	3.03926000598986	1.62906422206047	0.141318499573758	6.55424130007685
fore1265	0.242062180147601	2.21263198389852	-3.90193696056377	4.80283815663189
furu1242	-0.470589664846855	1.87622228541154	-4.43398492712556	3.07415872195076
futu1245	-0.629290819947777	2.23111118877797	-5.29517191335499	3.49550712964703
gaaa1244	-0.573708312598211	1.97071424103107	-4.91534138247747	2.93036775470882
gaan1243	1.43166446639956	1.34320621135038	-1.13631983222345	4.15723444354639
gaga1249	0.177601687450558	2.40725928282227	-4.47047353572715	4.95716519029322
gahr1239	-1.1682562361731	2.04743234091201	-5.61328189703021	2.55685087263041
gale1259	-0.73633169686044	2.27421940244681	-5.43507707581197	3.6192681655404
gali1258	-1.39117724935	2.03774570540082	-5.83593134335753	2.17684939857321
gali1262	-0.331591227644625	2.28209200218445	-5.00002524005526	3.95216402848788
galo1242	3.44242041372401	1.70151373201041	0.443732537733855	7.17801000345618
gami1243	0.500973150582113	2.16354258063496	-3.48007915361433	4.98221647842864
gamo1243	1.35247671878302	1.78981815883433	-2.08146704079554	5.06316623769643
gang1266	-2.51913744260774	1.82313565237331	-6.56130405062295	0.693204584519792
gant1244	0.906175477279666	1.52493996073827	-2.10605002607981	3.86973434249158
gapa1238	-0.212987548949547	2.12451512719089	-4.67074760142629	3.78718471742724
garo1247	3.04119780594036	1.63910496651993	0.0984219928131184	6.59642159222987
gayo1244	-0.627144285541693	2.26127486492235	-5.3475195985524	3.67907511784828
geba1237	-1.0682801245133	1.55901657482563	-4.44817638192598	1.75434257095848
gebe1237	-0.61163538914684	2.28416779732171	-5.32089857782939	3.63818016022092
geda1237	0.0474850891551665	1.63221194739432	-3.25200462571018	3.14428627597738
ghan1242	-0.706373746881307	2.2205894588288	-5.19990083596948	3.37163867472153
ghar1239	-0.921304278589729	2.15966121822963	-5.51754517758132	3.1536586725522
gheg1238	1.08623035683985	1.70325329246601	-2.18697187348497	4.59872314793098
gilb1244	-0.245886953444865	2.21593227304146	-4.77598263611907	3.89013466686334
gira1247	0.853773164748753	1.44481068027979	-2.01106908951362	3.68241494680782
glav1244	2.73822982304016	1.34641709692306	0.294890189922009	5.50709135536133
gofa1235	0.538634427597855	1.72005001121767	-2.8958038848063	3.95918947403961
guan1266	-2.35777428210029	2.03912843801907	-6.78646104213071	1.22986337738295
gube1234	-0.402801720691867	1.99583006647212	-4.73728126988419	3.19658163400865
gude1246	2.47701209485597	1.31213692626817	0.0142483310107337	5.29515684910017
guer1243	-0.731670960062066	2.32904042801249	-5.53654569307894	3.67249858356929
guhu1244	2.04165693265219	1.7611977895074	-1.22622971913787	5.53375185325143
guiq1238	-1.97773264208771	2.04543788182532	-6.31206348439208	1.7526200605999
guma1254	-0.478089289588083	2.15971084439769	-4.96338285930718	3.50803117469385
guny1241	0.974429765705289	2.16903857614663	-2.96702190962779	5.5391304901675
guru1261	0.360265428575368	1.25866588005489	-2.16520650964025	2.84779192265341
guru1271	1.41005352341077	1.55772958465631	-1.63625090473436	4.60028621893308
gusi1247	-1.50460032832719	2.07844758808272	-5.96766266478943	2.24198739586666
gyel1242	-0.953933303297909	2.07375317106544	-5.35557478378503	2.79504405304906
haaa1252	-1.05411657173569	2.04078042649632	-5.3422413254766	2.56916234209649
hadi1240	1.23700789909058	1.60607643652046	-1.80669368788241	4.39125713655466
hakk1236	-1.41611052897922	1.98778531614753	-5.68819403078327	2.16107762762001
hali1244	-0.583855417015451	2.21064558061282	-5.23333527681474	3.59839040506473
halk1245	-0.341270171006048	2.41877622719371	-5.32601201711134	4.2059495483955
hani1248	4.20654899920988	2.07424832416377	0.653062472691322	8.79888766307766
hano1246	1.25336348576499	1.53491272689416	-1.82121201645591	4.14856170700311
hela1238	0.102102613280174	1.34590372410591	-2.62969307360088	2.74596703839272
here1253	-0.408986799764168	2.26912476661709	-5.14871037678114	3.76889481631848
high1278	-0.553889217933346	2.2763321009347	-5.0915806307529	3.69185003346476
hixk1239	-0.270203482329232	2.41711879496643	-5.1779808231459	4.36596756550424
hoav1238	-0.748197198229917	2.13830815758674	-5.31819465686395	3.14871690844021
hone1235	1.2913794833298	1.56071627724272	-1.85164228129025	4.32725086192026
honi1244	4.39593981069614	1.85920198098211	1.2162401499063	8.53790029767352
hopi1249	-0.204491005693302	2.4549552638461	-5.2914641762903	4.47118087925114
horp1239	-2.29471074337922	2.05217365135451	-6.77297507925621	1.37618182921743
hote1245	-0.219089197765628	1.80681890180083	-4.0990792249569	3.11836423661382
hual1241	-0.223054678625581	2.02227032697045	-4.17729506367483	3.75886782414399
huar1255	-0.221559103048182	2.42195695565821	-5.07171752215451	4.35297903917747
huas1242	-0.436412147724716	2.31903694274391	-5.18011437476948	4.03300830425727
huba1236	1.60081674594671	1.28057258527852	-0.852397034238851	4.17288371793865
huic1243	-0.195054936103013	2.43095346671062	-5.16421023581891	4.61702508813356
hula1239	0.416605137152873	1.99445425903526	-3.55150527401567	4.24617431212286
hula1244	-1.21198784094875	2.01973810735271	-5.56162591044676	2.48284312093941
hung1274	-4.02622131016346	2.16590192337043	-8.51716247049668	-0.0491841943949263
hung1275	2.15093141020293	1.900725515439	-1.26387838438047	6.32070413476366
huuu1240	2.00414954024956	1.23223602197121	-0.246612535209696	4.61954677167813
iaai1238	-0.654163849409496	2.3664201249145	-5.56347024798692	3.80027153158544
iama1237	-0.446523626953893	2.17726056827945	-4.9589570846525	3.58162518320475
ibal1244	-0.751590631425571	2.20558550084915	-5.44287465493422	3.34464973252174
iban1264	-0.228123985882028	2.2474997507994	-4.97366601726134	3.86868589102952
iban1267	-0.79937450532295	2.18763591898423	-5.41726438892726	3.25006698273744
ibat1238	-0.447028860661128	2.39261497249266	-5.24974859253564	4.1159252961137
ibib1240	-1.25168191523661	1.85343871357674	-5.09432835528091	2.1438530271107
icel1247	-1.0016774131008	2.08611775384513	-5.62482239124647	2.67296287609811
idom1241	-1.04188772243556	1.88328770421119	-5.08760659913872	2.40839293550984
idum1241	3.45318577811606	1.84244820037458	0.210721016495834	7.51478755796175
idun1242	-0.303882481986895	2.16451093681771	-4.74466837050479	3.74100734679426
iliu1237	-0.743058053874559	2.21266170539955	-5.42596060974292	3.34157502614857
ilon1239	-0.80500655804199	2.22144682938681	-5.46923091921518	3.45426424078668
imba1240	1.29046277710911	2.15526276538337	-2.62522531709673	5.76176248653736
ingr1248	0.325707354310053	2.29276794258581	-4.14787677780445	4.88770530366353
iran1262	1.03025717621479	2.05788427650984	-3.12241496345416	4.96673302369168
irar1238	-0.743150713551337	2.27720416023895	-5.51264272277023	3.48454726925853
iris1253	-1.08367426575014	2.00617936584627	-5.31679098395363	2.54808275812544
irul1243	0.328273413169631	2.33741732718059	-4.0996519168401	5.22015754169765
isco1239	-0.239708336971743	1.937431540528	-4.17359978795263	3.49291865245083
isin1239	-0.795914944557215	2.20317582870454	-5.27074233676153	3.23509432128453
isna1241	-0.629010341257084	2.31094273637817	-5.30817714192807	3.9028265306326
isth1240	-0.431690456021476	2.33936049469452	-5.23133656923334	4.00451544714897
isth1241	-0.384131867255362	2.39205551000671	-5.32309268576244	4.01079017686326
ital1282	-1.24913296310217	1.99728533086063	-5.60951032685314	2.33764911337736
itza1241	-0.259904684205914	2.42708412950861	-5.23458333683365	4.37649238440494
iumi1238	1.92262757230239	1.52358629833902	-0.874283320510629	5.10945027463295
ivat1242	-0.323835731873206	2.42673276089927	-5.28752496403739	4.38282829321279
iwal1237	0.0999288103598849	1.823607524932	-3.76370263207412	3.4968632792317
iyoo1238	-0.00552735311625933	1.64522429558879	-3.29403886188401	3.22703441080234
jahh1242	-2.95462698909933	1.92993570658216	-7.2091854959438	0.389326343570905
jamb1236	-0.302106997211717	2.29043272127953	-5.11409764514752	3.97282562111972
japh1234	-2.34842974735459	1.98838196715113	-6.68577989773994	1.02278090582333
jara1266	-0.374340931857193	1.56281374816558	-3.61614615119163	2.68401635306711
jeha1242	-2.42266807271409	2.04342551633308	-6.88726838869036	1.06649994535444
jehh1245	-1.63855808251452	1.53784493581506	-4.89695846159108	1.11713091343063
jenn1240	-1.18180521833281	1.97940630567844	-5.21907230561971	2.56969005884749
jeru1240	0.080993020643824	1.27445915481207	-2.48980087770731	2.56094275486386
jina1244	0.809083810298438	1.58307417456763	-2.37448395990798	3.90622840316303
juku1254	2.65525343254236	1.56042466152429	-0.174566780534994	5.95886236674324
kach1280	-1.0857893564136	1.73211439796273	-4.76232407131885	2.08267797062006
kach1284	0.779112419886211	1.74838385198878	-2.63977079944184	4.30100332049885
kada1242	-0.879015316859424	1.93732835616828	-4.83088788850878	2.80890016990729
kado1242	-0.171801806560614	1.27628432487315	-2.78432582909523	2.30772563978431
kafa1242	1.3231934890686	1.97250112750632	-2.41517289136875	5.49471154541315
kaga1256	-0.407031956657287	2.33069222491874	-5.25202476876564	3.9083548079872
kagu1239	-1.59592957599491	2.10090753102503	-6.22017453162835	2.15075194826549
kaik1246	0.0194781918802773	1.66979380559267	-3.39148918309733	3.18428371485266
kala1384	-0.327435149435738	2.30292780298446	-5.10363553448402	3.87642638001988
kamb1297	-1.10492080371513	2.32214421895546	-5.91552910249425	3.24474391492989
kamb1299	1.73366696984353	1.86144702998151	-2.05497448514289	5.33071554835471
kamm1249	2.0120764649354	1.66029144113425	-1.25393565034559	5.25412948373328
kana1286	-0.646113985664779	2.23722405348692	-5.25060130226156	3.45033611098955
kank1243	-0.772890867149033	2.19933800946685	-5.35508138653887	3.29336893389568
kaqc1270	-0.379142442763511	2.44902079782173	-5.36507922309763	4.39541893307039
kara1486	-0.688610439207396	2.17594570483803	-5.28776169119552	3.33946284780547
kara1487	-0.818584585551703	2.16645620067039	-5.35903729722159	3.09018403766886
kara1500	-0.345495156452972	2.33406580109681	-5.16740879128876	4.11073794195829
karb1241	-2.09934725635653	1.73274576019991	-5.84116712248009	0.946304157170958
kare1335	0.25452014553136	2.36673126373244	-4.18748781542367	5.1521270308664
kari1311	-0.11792009400938	2.35904304928118	-4.89253832634038	4.46781072347494
karn1252	-1.60845021498896	1.95204160564433	-5.78199166544983	1.93160630731247
kash1277	2.84320480845434	1.93798423088184	-0.574943867419697	7.25036795424887
kask1239	-0.127521363475256	2.42246990115502	-5.06559443226878	4.56488529607021
katb1237	1.60460129357778	1.21125168863805	-0.740320342313969	3.99479218534277
kats1235	4.46076003966886	2.07036493648013	0.904363378923444	9.13097409317155
kava1241	-0.516677221120821	2.31635800095186	-5.12762463477905	3.9409270655275
kaya1315	-1.16183700309454	1.57156383897266	-4.46680679711629	1.73714015540582
keda1252	-0.328510187703112	2.16268288721214	-4.78116995216176	3.77633884298352
kele1258	1.70787113983343	1.65787121957833	-1.70865749188515	4.88980132111833
kemb1249	-0.436953918935653	2.24569601348993	-5.10435167454471	3.64154206272766
keme1240	2.74722965812952	1.2676924563992	0.4519037635762	5.46877387824717
keoo1238	4.86829973677556	1.80350781491802	1.63828279563478	8.69610759372928
kera1255	3.78384540576937	1.62325203170864	0.934805728662191	7.33513665787576
kesa1244	1.62466360320554	1.63038421348675	-1.44896884187166	4.99090166660673
khak1248	0.154421134754153	2.38626826679209	-4.39364245348728	5.02570248342254
khal1275	0.0504041683917078	1.37549931549545	-2.72969939791908	2.63120476101724
kham1282	-0.699262982225881	2.10745845368529	-5.28491353296104	2.98651058398073
khan1274	3.50706074010267	1.99582581126632	0.0559027725497601	7.92113505570832
khan1277	-1.79983416993449	1.55931598226633	-5.08374053226499	1.07812768345666
khar1287	-0.670638415053912	1.8133715935033	-4.41189444550037	2.78096414999204
khas1269	-1.62864652292435	1.51748113517719	-4.9118420559917	1.17895740749254
khez1235	-1.82381493840181	1.55800868252116	-5.07877823124085	1.03110714354491
khmu1256	0.652932528306675	1.56092530587564	-2.41126072308749	3.77826682593945
kich1262	-0.402780717725772	2.43784696929277	-5.41330576740125	4.35914006981856
kiku1240	-1.41951524378553	2.17639284341484	-5.99028844503257	2.60239732784965
kile1243	0.323651655053296	2.36659628686986	-4.17660710315507	5.21938391442825
kili1267	-0.45593411087089	2.20699984170418	-5.01451528857421	3.6482809933706
kimm1245	3.39663110509011	1.95640801995834	0.0408185617537687	7.77525894672509
kina1250	-0.579106963354279	2.32318328130726	-5.39011509269715	3.81189796381266
kinn1249	-1.40773432878816	2.10831603461204	-5.92699567142503	2.35655359211518
koda1255	-0.11762027628005	2.1645204090806	-4.32807837601622	4.15766314698694
koho1244	-1.68895513289902	1.73160602702926	-5.40894684344315	1.39538089492802
koir1240	-2.41553254133114	1.72920633334713	-6.10307197544143	0.684899723836338
koka1244	0.575674132708486	2.16813820372635	-3.4096690277527	5.25789229327435
koko1269	-0.497986764233655	2.12586837741771	-4.8890372393905	3.54473903729102
kola1285	-0.712096959539088	2.29810736651149	-5.48342748932029	3.59340848873967
kolc1235	-1.46380560402663	1.92918388216581	-5.44298960848266	2.03874128168978
kolu1245	-0.41122379181872	2.17581171559504	-4.96732172424302	3.70728750594532
komb1274	-0.188771085997959	2.07144949292357	-4.42009258731776	3.81946371296747
komc1235	1.04124126824567	1.06827875595349	-1.0665186195073	3.11885432444824
komi1268	0.244472983220714	2.26810752277804	-4.08155319508222	4.99741167790745
komi1269	0.263632372429776	2.32714147033699	-4.22392157341127	5.10262827822519
komi1270	-2.34030770983221	1.85570365567505	-6.26020460601929	0.992532129959182
komo1260	-1.21521514940671	2.03097771684947	-5.77743182869637	2.47782291704837
konk1267	2.52215056212434	1.96113628271465	-0.909833832048914	6.8331651612873
kony1248	-0.271025695732098	1.39238095051057	-3.1402251372413	2.38951955007418
koon1245	-0.909513003150624	1.92992364582951	-4.96160680773454	2.44513596566226
koor1239	2.06769637586313	1.86734986277163	-1.38123554516596	5.89001031630925
koro1298	1.78446798923507	1.64647258183472	-1.39528692942388	5.10943021756101
korr1238	0.514070572687975	2.17234399229883	-3.63043592605212	4.97095043938371
kosa1249	2.23649451079966	1.72462167999534	-0.922044531865766	5.9639563340767
kosr1238	-0.124271319226335	2.37674836481396	-5.00965353289576	4.56245086825308
kota1263	-1.81068517340064	1.99675084154539	-5.96298818202767	1.94723891583137
koti1238	-0.612831261690678	2.22847662515903	-5.22144215097265	3.54777127938656
kova1243	-1.6403982702308	1.94705028157665	-5.7892384414637	1.91660847650784
kove1237	-1.00302270719433	2.16319446297241	-5.48237161677564	3.06858921367052
koya1251	0.77733726015369	2.25898068988349	-3.35370903388398	5.52883186388078
koys1242	-1.57327784885378	2.02238277739953	-5.94150174632783	2.02845156291467
kren1239	-0.193335255905337	2.3954407895309	-5.06293610375509	4.60527275677244
kuan1247	-0.319005513241481	2.24447678108679	-5.04135557327357	3.92884175330809
kuan1248	-0.892750740657661	2.16195973944514	-5.35239487346364	3.11479456979092
kuik1246	-0.497204821770058	2.26994197841812	-5.17210426090236	3.80012804070297
kuku1273	0.801819029759065	2.17337834614256	-3.15793168557295	5.38832141362814
kulo1237	-0.63377855495802	2.26195541066779	-5.38464577993676	3.56988806300083
kulu1253	-0.162264440936946	1.37564919264169	-2.97097981852772	2.47795049149554
kuma1276	-0.700553020269423	2.18786338986978	-5.34828811263555	3.38061657577178
kumb1268	-2.91999217423044	1.98243554304622	-7.06891951294966	0.808157578469466
kunj1245	0.78071614680783	2.18846717174899	-3.30826070833583	5.3335868254738
kurr1243	1.11440412978206	2.18438301552344	-2.86715869423766	5.88206081166862
kusa1251	-0.740101329269172	2.11176408797637	-5.11829624688962	3.06013896183899
kuyy1240	2.41763582439726	1.88896440462421	-0.912583748037696	6.58010970153372
kwai1243	-0.807403852066692	2.08319957415344	-5.16482236520598	2.99539858898592
kwam1252	-0.76371993484648	2.10088606119652	-5.22440695348766	3.03292020443267
kwar1239	-0.779091052590177	2.08750873344842	-5.24492603375349	3.11675874731723
kyer1238	-0.141658996734956	1.36393177919831	-3.01049263250795	2.44769643335827
labe1239	-0.811364451534428	2.23262963855998	-5.42810250001062	3.40295045838314
labu1248	-0.880600073787598	1.73725909703241	-4.64184873834327	2.37191873624823
lagw1237	0.38097116873833	1.61967206720258	-2.94404423643974	3.47529717747988
lahu1253	0.229349294664968	1.26731499303999	-2.28274168060085	2.75930857815254
laiy1246	0.586503813705717	2.06556719420798	-3.62559616619828	4.45640290397919
lama1277	0.596647706570424	1.91764207030087	-3.34414090384639	4.15982312995468
lamb1269	2.85201594296542	1.95379274559848	-0.644450213551833	7.10269914985796
lamb1273	1.08298084289062	1.98957901631094	-2.94504542943239	4.87842342638919
lame1260	1.37492715205262	1.4443966213288	-1.56833445398676	4.2177497570756
lamk1238	-2.27226596927791	1.88252546902375	-6.26638868432203	1.07425510040621
lamo1244	-1.00397777062618	2.13302865240894	-5.47187001396557	2.94053531982586
land1256	-0.970352049314807	2.19304537227728	-5.52535540000346	3.06437996101119
lang1320	-1.6365871987367	2.08001736450633	-6.11183997971921	1.99908470474209
lash1243	-1.16664486155584	1.49607592868267	-4.38475228254203	1.54936835497306
latv1249	-1.19868985167515	2.03822736695798	-5.54008666886587	2.30139627162536
lauu1247	-0.636783436401571	2.14515410925012	-5.15089133263947	3.37299157116211
lave1248	1.02712457317449	1.51263671414542	-1.80850013215876	4.17930348732141
lave1249	0.693283939431545	1.51552204274764	-2.18208750651491	3.82282122696102
lega1249	-0.546568428377331	2.30632960075913	-5.38153908548539	3.69201061308031
lele1267	0.19043716185344	2.02323725192245	-3.88333566141953	4.12821592285124
lele1270	1.79393674855316	1.62085859243069	-1.54790447751511	4.8653383004518
lele1276	0.859930552274666	1.69331094589457	-2.6236024589068	4.22152253025419
lemb1266	1.73044949799021	1.79591774855151	-1.62726072842999	5.52024811609953
leme1238	2.99835877447807	1.51585558629643	0.0703982436093989	6.02252192598406
lena1238	-0.755950942677987	2.10955193996195	-5.29449071066046	3.12957632617452
lend1245	-1.57781816361112	2.18967914702083	-6.15250191595239	2.56030731648111
leng1259	-0.971063036876833	2.12180734822812	-5.43243945898811	2.93410586783274
lepc1244	2.54500156210697	1.51399721509455	-0.193550182288183	5.73151526305801
lese1243	-1.93179109680527	2.08564234406246	-6.39625574283384	1.91495731823947
leti1246	-0.70136469595735	2.24728022626605	-5.42905749548999	3.47107556891901
lewo1242	0.972819328266359	1.56943582218032	-2.16350991549359	3.98525217663033
lewo1244	0.726187851774876	1.91453000296394	-3.20217482450231	4.33209953423302
lian1251	-2.53042294107974	1.80325330066384	-6.35883092115463	0.69266669233494
lihi1237	-0.825486267238572	2.19699371301891	-5.5086659894568	3.22817019218927
liji1238	-1.32501990888381	1.92935366037882	-5.43533980094272	2.18051278487922
lill1248	-0.264678302038832	2.41014998692992	-5.11309242594613	4.38627903212004
limo1248	-0.809170428459363	2.23428858185145	-5.43233210035737	3.27517429819946
ling1265	1.6329228466332	1.19498312552003	-0.670191964008855	4.02148315536896
lipo1242	4.23693751073197	1.94706210792953	0.95749861548302	8.59323053965121
lisu1250	0.033304222728699	1.26048270744602	-2.42579919819199	2.4864199105256
lith1251	-1.32899476566587	2.07906406958217	-5.88256307373489	2.36142759639368
litz1237	1.48534225219418	1.17688229046739	-0.81470581771882	3.8386117893479
livv1243	0.330581172496792	2.29772496630102	-3.91044556555987	5.15334478870884
logo1259	-1.18725324427798	2.26550524881965	-5.88007986733941	3.14774140438943
loka1252	-1.22632096479176	1.8378993344121	-5.19622169900541	2.05095323273182
lolo1259	4.09415390851772	1.96487853462997	0.7271100904103	8.39717069323309
lomb1257	-1.7316359392095	2.02374985620015	-6.08621021498407	1.84666505043335
long1395	-0.95276230609349	2.12778050837136	-5.43171313006659	2.91968800652585
loni1238	1.9251913164445	1.63409648988498	-1.3555033849036	4.98742946055803
lote1237	-0.890372323518561	2.20467050038094	-5.68807946786661	3.08005382607291
loth1237	-1.22500307970392	1.54076552056722	-4.48354460120868	1.61581980365964
lotu1250	-0.317809011627772	2.00824904711013	-4.55228924600407	3.31797682681595
louu1245	2.45771749922307	1.74401193400035	-1.00770088929566	5.91676920473525
lowl1265	-0.203856921228814	2.43862718083422	-5.14915737283185	4.58031805817823
lozi1239	-1.07939298857331	1.9901698301882	-5.35126400820615	2.54421006055896
luan1263	-0.676602005892961	2.23779552864757	-5.31690762145088	3.45771334576577
lubu1243	-0.829018465852287	2.1840744936854	-5.37463844373202	3.19393325747787
ludi1246	0.332631968775664	2.37778506561822	-4.20157030814015	5.2780149743904
lugu1238	-1.40944380906415	2.19055509287786	-6.15941132149322	2.51642967294651
lule1254	0.391216700078744	2.25084361133642	-3.84659760954995	4.94026922508746
lund1271	1.0981120792065	1.91793406535348	-2.66386332026957	4.92264049124777
lush1249	-1.22488158841688	1.81660751431035	-5.0994801472965	2.05147187020386
lush1252	-0.304354493593222	2.3403175382022	-4.99792211866656	4.19471079488132
lusi1240	-1.04864030698118	2.12836942488483	-5.51860833237945	2.92683295794981
luva1239	-0.369465276530614	2.26644180240277	-5.05778416781427	3.82741865575879
maan1238	-0.303373540130518	2.3262082574254	-5.08336081499837	4.02331985578132
mace1250	-0.352437800328319	1.73100621215795	-3.94647460653972	2.92283401610561
mada1285	-0.913910550871463	2.15586735453277	-5.4359945775027	3.11081469660869
maee1241	1.38109496452954	1.17036811966945	-0.939079973441395	3.70755640076181
mafe1237	2.23862223686616	1.29210758702061	-0.241209964752108	4.82859412267927
maga1260	2.28350305440547	1.84574094082108	-1.10262336709701	6.21827858136086
magd1235	-0.86165935551265	2.32901688233483	-5.8399394630421	3.56268988085865
mais1250	1.09639653291066	2.00960024454723	-2.746218217456	5.09606626634988
mait1250	-0.140889480708163	1.64815793639022	-3.51350196484706	3.0142365158178
makh1264	-0.848748086911471	2.28907123230158	-5.75593782901841	3.28318893899593
makh1266	-1.12872034654237	2.02206478008333	-5.45282059596611	2.44972511589971
mala1463	0.420615892984038	2.21890508824542	-3.7652673166144	4.98406124155874
mala1464	0.315612666328417	2.23088943242808	-4.04445332803096	4.86310001357562
mala1479	-1.96645988569055	2.00421431253824	-6.43209506824226	1.50875000665546
mala1534	-0.75706776367334	2.26180367086985	-5.47528118194485	3.44981772416879
male1284	2.08353634840751	1.75036993352127	-1.23483170078177	5.7818220126727
male1289	-1.27134040738542	2.04963348939926	-5.57269384075879	2.56185954979898
malg1251	2.27698396381005	1.60715731877312	-0.573883011901648	5.69591308332984
mali1285	-0.643957056001171	2.40171813998746	-5.6779454785582	3.97985940438764
malo1243	1.79011855560488	1.20758279999392	-0.591087022755735	4.15383348112114
malu1245	1.36280085063078	1.20635233193973	-1.02520626504491	3.72739160807136
mama1275	-0.455733909749452	2.41274067124856	-5.44775708177368	4.27103833940314
mamb1294	4.30801776061641	1.6898542725523	1.41593517240532	8.1714640020771
mamb1306	-0.672712274634479	2.25997132684189	-5.26014636836509	3.45884561007626
mamm1241	-0.462755127828852	2.44090894431945	-5.36225974132857	4.16388012880723
mana1288	0.389873074576139	1.49898394018797	-2.63396672477239	3.32198157473475
mana1295	-0.317808027342	2.06067222892214	-4.52161778473835	3.57057723181457
mand1415	1.83150717549589	1.88489962957249	-1.59649565558659	6.01330274993688
mand1440	-0.799340004370036	2.15564726494813	-5.42989861448532	3.2372862327321
mang1378	3.31811280020356	1.68912999587461	0.358356136227668	6.96763023526931
mang1394	-1.18083557869603	2.19879441598812	-5.80579414269585	2.92922779637068
mang1401	-0.287882165170975	2.33950972998427	-5.22106169471212	4.03495841016937
mang1403	-0.937691540171135	2.12906058371365	-5.51550813412813	2.9321659083463
mang1404	-0.342010030910504	1.79553441428147	-4.0670684379645	3.07225045354047
mang1405	4.83979548221502	1.81703724619881	1.62866791229776	8.70278021530356
manm1238	1.97847684659675	1.2500216935507	-0.315080204888557	4.69005334424064
mans1262	-0.437143254870514	2.42780394562985	-5.29994001088086	4.17167997636976
maor1246	-0.284960795297289	2.30486738899112	-5.12205183187026	4.05794910090489
mapo1242	-0.62466522119265	1.75778032322741	-4.31658732790553	2.61403085500321
mara1378	2.93459745915375	1.96447742339037	-0.533169770148056	7.42280957711748
mara1379	-2.26349135382342	1.66588540900426	-5.78663514349034	0.758652284448818
mara1382	-2.0425608025989	1.78297347960865	-6.03404311898868	0.999266162603053
mara1399	1.38452329684955	1.17115756615884	-0.976445529881566	3.65304611087691
mara1404	-0.573103351506631	2.29694719540787	-5.36469443579877	3.74848026116685
marg1253	0.887761616539998	2.1801828160231	-3.09257993114451	5.52653301293839
marg1265	1.35849035225066	1.46024747565369	-1.5810758098971	4.29161242335483
mari1414	0.770943252802326	2.33036068342675	-3.50300195676746	5.75346398290186
mari1416	-2.42082875663185	1.81943915212435	-6.37288882234866	0.82050688778504
mari1426	1.49904473341083	1.76410128852635	-2.0005637563048	4.9814829224099
mari1428	0.69639507045484	1.49790136092323	-2.27954430829625	3.62202739300727
mars1254	-0.286244388643629	2.29232384589054	-5.05475496598537	4.04771526050785
mart1255	0.965205324774805	2.14552629917366	-2.97460517591138	5.59898451254991
maru1249	2.92751637946989	1.82266663785202	-0.238734829307989	6.88426008018921
masa1322	3.01265166284439	1.64214884563019	0.0973027939835408	6.59125628064737
masb1238	-0.704645007996399	2.20167116677514	-5.24051513226746	3.30172609536485
mask1242	1.7314479578545	1.30749588332692	-0.903879282125196	4.31739156809508
mati1250	-0.684401457043673	2.27374622912505	-5.419238729442	3.53668643190363
mato1252	-1.68643843214126	1.70496826296641	-5.32812976074047	1.42961018711034
mats1244	-0.380048911021901	2.05869227117537	-4.67714101513864	3.5423571060988
matu1259	-0.894188007984175	2.19711369431875	-5.57220822206913	3.22138123072016
matu1261	-0.416024234211974	1.67836233653204	-3.87561363892775	2.76829922261379
maxa1247	-0.278655284986426	2.36667780004638	-5.07539524096849	4.29805467060125
mayo1261	-1.44862630507766	2.06144549368583	-5.93116240480064	2.22715461019177
mayo1264	-0.171002053172454	2.43382013325	-5.04370573080741	4.60779652337528
mban1263	-0.0944472940088863	1.71078333802051	-3.71250956658499	3.05866771854035
mboc1235	-0.763588146168219	1.61097250803825	-4.21976605006266	2.24605725411167
mbol1247	-1.0514377373573	2.0715707335712	-5.54993479675812	2.68446166138528
mbul1263	-1.53306207901974	1.96527461176748	-5.58546113220887	2.11857113016364
mbya1239	-0.148094642042459	2.4590106018736	-4.95736268695376	4.61089547741826
meke1243	1.11446203275669	1.86527746166973	-2.56197124086945	4.88597494589985
melo1242	0.456101815445236	1.72155453821889	-3.01556566269317	3.84024375944314
melp1238	2.30038643783647	1.6491593170616	-0.893288673227957	5.71805219036294
mere1242	3.3296909420168	1.4131750657595	0.722957395229591	6.20385053885785
meru1245	-1.441234667676	2.0344937778941	-5.90794552811826	2.18748354288067
mesc1238	-0.155695435186884	2.39471063913105	-4.84968965996018	4.54246865253571
meta1238	0.47919325888424	1.34527174619133	-2.19194319410926	3.08121974707263
mezo1235	-0.726484224966718	2.35432244113989	-5.46753950486048	3.8008969679039
mezq1235	-0.491832186173304	2.31058970932874	-5.25230468075085	3.94820639857509
mich1245	-0.122562645388915	2.43193683523517	-5.02227601583149	4.61206592231987
miju1243	1.00749405777002	1.51216481490121	-1.95424355396567	4.10541070483784
mikm1235	-0.0683318825243817	2.43736928305043	-4.91821532466659	4.76894292740922
mila1245	3.74683499121114	1.725620411571	0.756163235296046	7.48951737081141
mina1276	3.05648996688552	1.28386051802404	0.672879016102308	5.68775980096295
mini1251	-0.89547938818707	2.1801642664841	-5.40404837627394	3.15102495328336
minn1241	-1.58516880664388	1.97298727471379	-5.92837282508034	1.91068802270839
mixt1426	-0.667386598415848	2.32127287359816	-5.53786765615298	3.71510195964914
miya1259	0.0189091531180623	2.17102874998651	-4.20173075397103	4.58523871494659
miya1266	1.92386910150405	1.71921307851992	-1.32909864183967	5.5099433367642
mlab1235	0.579895676856871	1.52863214758269	-2.42043839278657	3.69056089796433
moch1257	-0.516381751631951	2.34565653874181	-5.38621397900876	3.97256450566604
mode1248	-1.32889457226174	1.95656731651898	-5.57336575884285	2.16954723134185
moke1242	2.12668887702483	1.93265375889448	-1.28175056137254	6.40753798066194
moki1238	-0.465951951903456	2.22544278810616	-5.03039027294366	3.68135057941437
mokl1243	1.51367556993567	1.75610422560426	-1.83439728831756	5.30260073315883
mokp1239	-0.454909801762212	1.65847739573933	-3.93137760308121	2.61594049488357
moks1248	0.309787393561364	2.35179270702109	-4.18869614484724	5.22103205268608
mono1270	-0.838645851391946	1.79714083602379	-4.73524140085836	2.43581822085488
mono1273	-0.48863757206178	2.33481961063593	-5.30874645655585	4.08037219146712
mono1275	0.344678084092505	2.32420783923531	-4.44211978263228	4.81624511987165
mori1269	-0.622461022814557	2.18600410416165	-5.15625996407736	3.42884196653363
morm1235	-1.42306428125419	2.08698786191013	-5.88387505376293	2.43850515747119
moro1287	-0.477575503069854	2.2364626778422	-5.14720512116903	3.66461173122887
motl1237	2.49159556588632	1.65804446884303	-0.729890034135797	5.74684497929276
motu1246	0.646394155780636	1.91632129128202	-3.34526047675429	4.31672451897165
mouk1239	-1.0497931640259	2.12629019530025	-5.49171081658858	2.86544182259668
moyo1238	-2.42606279316479	1.84152078526679	-6.43563067959445	0.84397045848201
mpad1242	-0.482221171071252	1.71689356839178	-4.17247654149061	2.63397751815872
mpii1239	2.28184682946811	1.83327414026637	-1.06559342635997	6.12910270081793
mpot1240	-0.654809649687624	2.25184243132166	-5.36097942082135	3.56482044038336
mual1241	-0.324414358689825	2.33933586189955	-5.15747984546106	4.12084063752359
mudu1239	-0.710872794152472	1.96460960450276	-4.65688353045707	3.05645221039346
mudu1242	-0.731791086921473	2.24903749002341	-5.23101565747069	3.68932004382729
munc1235	-1.77650622117264	1.89533077887225	-5.86775308114961	1.57566409248062
mund1325	4.62469852001326	1.65488765902758	1.69693759659009	8.18555712110111
mund1328	1.81980455551839	1.16065929831795	-0.358750901765891	4.17060976608157
mund1330	-0.155900948718755	2.39572394230228	-4.91995799778366	4.54263900867763
muru1266	0.953060563072682	2.18001589036247	-3.03728276168642	5.6125427583304
musa1266	0.836845404332998	1.44391465619892	-2.05334545653912	3.66450798877963
muso1238	-1.26277830208584	1.69905383813654	-4.83749687410989	1.86273462862588
muth1236	-0.0918667088196107	2.19727642636575	-4.51704016094688	4.27167224201028
mwag1236	-0.938575107011213	1.67661527713047	-4.5491085852675	2.10346712363369
mwan1247	-0.707752672770202	2.22117606906487	-5.41379487472484	3.40500911877572
mwer1248	-0.752802765373988	2.19195176449152	-5.39747145367964	3.2798785240216
naka1262	-0.946393102295073	2.156050165292	-5.54343017855241	3.05885999807899
nalc1240	2.1488006916474	1.64722975586064	-0.945381278629034	5.5532855741798
nali1244	-0.778912148664358	2.1402978560893	-5.26979585254336	3.10406083806184
nana1257	0.354772376116523	2.30748577962988	-4.12825575091981	5.07514026999089
nang1262	-0.311885416652143	2.29965234162793	-5.04081825132581	4.02674885368599
naro1251	1.85188204009991	1.82550694305869	-1.75984313213705	5.40677389651474
naru1238	-2.96054881569533	1.95885049895098	-7.09790047283212	0.699953808026604
nati1244	1.49297239394444	1.30318946924835	-1.01803945159864	4.09357113664393
naue1237	-0.807026531273865	2.25632988964398	-5.55759171995777	3.37351976515412
naur1243	-0.0537612233816968	2.45012608233289	-4.98760608903622	4.67962799001018
nava1243	-0.193270940667978	2.44939998744122	-5.17264595256	4.48453532045484
nawu1242	2.7887236127476	1.80097230296351	-0.294360519478779	6.77260030315028
naxi1245	1.07203318503207	1.51756087078269	-1.72011486099692	4.13183461674954
ncan1245	2.38392543456094	1.19828802567831	0.158152649246876	4.88490216228933
ndam1239	-0.975088192803656	2.23163013717218	-5.55353183563165	3.1089815644989
ndog1248	2.39745909686735	1.89263478030789	-1.02255453986208	6.38832903617057
negi1245	0.312687041720246	2.32353298866873	-4.13103235024472	4.96115753629797
neha1247	-0.613257609814595	2.34587002267858	-5.50125940336195	3.81026778439591
nend1239	0.180571610178401	1.51881423078532	-2.84348055028924	3.0559312172639
nene1249	0.27329246201406	2.33445777998224	-4.13854840261068	5.10764896213856
neng1238	-0.628943331527781	2.27305674724501	-5.32838689114157	3.54569378139668
nepa1254	0.84329766204737	1.16024720800327	-1.37241932484876	3.1659699920701
nese1235	1.38893121871901	1.19535854868657	-0.965172290592837	3.71938436262926
newa1246	0.757046862690317	1.32043747744624	-1.85379781830994	3.40321899106134
ngaa1240	-2.95939414215412	1.98375941231804	-7.082164555727	0.71784609507663
ngan1291	0.233755535489551	2.33403943322343	-4.1398449871444	5.08009094683085
ngas1240	-0.493743072444245	1.60288223710011	-3.8630505757551	2.45054120800033
ngba1285	2.05122142875727	1.8173758278097	-1.4550349730105	5.69451682548458
ngeq1245	-0.524165641658287	1.38255081197524	-3.31306127115701	2.134726939313
ngit1239	-1.96137916699039	2.1364826813221	-6.59063250010687	1.9366379265088
nhan1238	0.643072893925047	2.16885265760102	-3.37373379488926	5.26562209239802
nhen1239	-0.376557989177626	2.33659414031729	-5.33197607103431	3.94700597098351
nila1242	-1.03360427312588	2.24579482882799	-5.83277056936204	3.15686983226663
niua1240	0.0783062075462994	2.29738423536483	-4.73549214093931	4.30289990855817
njan1240	4.19305403888721	1.6928017235868	1.3315562549398	7.89987197326719
noct1238	-0.503193714573199	1.38904093042538	-3.40923474181871	2.06203544571493
noku1237	4.15745611135166	1.7030717123495	1.03484201249455	7.7584627410878
noma1260	-1.19852542833113	1.77986081625131	-4.96687846432816	2.00965464441659
noon1242	3.45352999200018	2.08424467981326	-0.51622670545492	7.75190587588459
nopa1235	-0.762590421382477	2.27844812922556	-5.44843193729199	3.57190135309101
nort2684	2.37433567842527	1.92812671235033	-1.00322826224293	6.51170511976169
nort2690	0.172247536740142	2.35557663114006	-4.44022032809695	4.98359241402205
nort2697	0.244891697237594	2.27058038821076	-4.08107217494526	4.77419404434934
nort2702	0.849650954825767	2.2131912939572	-3.2750569652894	5.35659597890899
nort2722	-2.10560078366919	2.011993196023	-6.44259766937745	1.46851298912579
nort2723	-0.607676058568377	1.71202792529875	-4.28099214936141	2.48227422356325
nort2732	1.02601172532688	1.71324316858465	-2.22077357822052	4.45499463278726
nort2747	-1.60069614815606	2.01044586718207	-5.9172795379384	2.05677306568642
nort2839	1.84964688201288	1.37830851982478	-0.809700477388192	4.67277722621394
nort2845	-0.259861108847334	2.26428969040422	-4.95749828803432	3.92335896844341
nort2847	-0.751761000365827	2.11370114217065	-5.31941334218489	3.07922837551828
nort2877	-0.792887664889915	2.19246257918558	-5.28663312833536	3.27499378847317
nort2885	-0.442287616713914	2.3518357421186	-5.13513487328588	4.10127256691932
nort2942	-0.15389430530331	2.45371642374223	-4.95543160708195	4.50963761747957
nort2954	-0.0644084255246589	2.36529904779502	-4.83886480104698	4.52308240030443
nort2957	-0.593948985634168	2.26513203154427	-5.19802591840725	3.62120536961935
nort2959	-0.166640140684527	2.47302819057155	-5.17322165053009	4.57921981616167
nort2980	-2.43973976525831	2.01138663890304	-6.65453200733908	1.31235435732323
nort2994	-1.0723900725053	1.72957462199489	-4.73590087782962	2.21838877049761
nsen1242	-0.512361834242742	2.26758969400152	-5.26130255091797	3.72100507510819
nucl1235	1.81995190097361	1.76352675919035	-1.53116292929117	5.5365801117382
nucl1240	1.83828175898347	1.62014751030843	-1.33158872074781	5.08347106251507
nucl1301	0.209795683378399	2.36722205221709	-4.30950860245989	5.0883647196321
nucl1305	0.459427697195947	2.20860461680567	-3.70163534744336	5.03141105062989
nucl1310	-1.95643850064508	1.96696338117866	-6.14557755783666	1.55748390419107
nucl1417	-1.05505742104711	1.80558873696728	-4.95000131404773	2.2254542398732
nucl1643	0.726774114967515	2.20477006432977	-3.37195222046807	5.32367597032004
nukn1238	-1.77258429808401	1.70612009261591	-5.40481215072307	1.32342089621632
nuku1260	-0.120134392804637	2.45186698896168	-5.09688218673812	4.54680447835104
nung1282	-0.581506003367373	1.41999413227326	-3.51659556013357	2.16135934427955
nupe1254	1.91420807424983	1.81038044377733	-1.4503352797005	5.71203541240566
nusu1239	-0.248764233293473	1.25207069868228	-2.77381687438461	2.21638025712502
nyah1250	-0.731700242412369	1.84773728358016	-4.68664806174382	2.70392591654859
nyak1260	-0.653798167349501	2.26557491743019	-5.53764277347165	3.61473834529093
nyal1250	-1.90815103536228	2.08320247017339	-6.44635798619962	1.7626815222173
nyal1254	-0.510024480779893	2.22567498017061	-5.21732059912721	3.60939562821464
nyan1307	-1.59100874949469	2.03334617354087	-5.95365139132971	1.97578307681469
nyat1246	-1.16993649459	2.20545053410946	-5.78910545058829	2.90384955434245
nyaw1247	0.728353793289347	2.22900408867514	-3.37638899696126	5.35002669048003
nyis1236	2.73377770859971	1.55927528667278	-0.0592587018536005	6.08831714156951
nyor1246	-1.60075440220455	2.23496783270074	-6.31432024415935	2.44605544212238
occi1239	-1.22243658911396	1.96050622533099	-5.45350542788489	2.29777808788409
ofay1240	-0.173131365838557	2.33023150289662	-4.7989312544646	4.30425963101097
okin1246	0.891957383296398	2.15280760041189	-3.07866284791458	5.42650435615231
oksa1245	-0.848306491933524	1.89563982278269	-4.91242652649929	2.60676110996909
oloo1241	-0.722314419494446	1.98556175758931	-4.9039686716019	2.83260211562028
onto1237	3.60653284466911	2.05151402870266	-0.247171985805826	7.83051249386901
oriy1255	-0.818897669625151	1.95268439125158	-5.00415686330526	2.72052158655776
oroc1248	0.323683508187686	2.40988050240549	-4.17902346491225	5.29004607714115
orok1265	0.261944882103823	2.32843559396752	-4.14562034463914	5.14984725866051
orok1269	2.42385875005072	1.78728280597288	-0.786061440194466	6.24980831916668
orow1242	-0.803625400411945	2.17323950345354	-5.50331510638623	3.13539175207687
otta1242	-0.125996698810432	2.41732963136672	-4.88593451124129	4.55245749389832
paas1238	3.67290997833872	1.88241247682185	0.365212078618559	7.82731459236447
paco1243	0.419632230808586	1.61537442502356	-2.70385548570887	3.71124686339921
pagi1243	0.774676217805101	1.96718283064323	-3.22689221512501	4.62491825882281
pahn1237	3.16199146893348	2.0006267062916	-0.296531446727128	7.52902422202013
pait1244	-2.04708255458827	1.80270620442375	-5.95398732421823	1.24592788797458
pala1344	-0.329932742589392	2.25217925722347	-5.04556416702818	3.880108657126
pali1279	-0.207822326709989	2.36827053969635	-4.99084406762579	4.41364160225272
pamo1252	-0.519536125108896	2.29053050812778	-5.26551503574112	3.88160709865338
pamp1243	-0.443112688132368	2.3832473581183	-5.30834546226163	4.05191060029615
pana1307	-0.307509242785707	2.3409243716202	-5.08757635245232	4.13946609002137
pang1287	-0.757063482186535	2.23628999435841	-5.41969758644006	3.32808580256705
pang1290	-0.58840822140164	2.33295659657384	-5.49582564562661	3.87920464484325
pang1291	0.845292303111479	2.37526098355101	-3.72252423622289	5.59830964089272
panj1256	-1.45630021344407	1.92196042198601	-5.50205423356838	1.94915440558793
pano1254	3.06682439084427	2.07308671533902	-0.634594563651222	7.54911446066955
pany1241	0.904209855149595	2.16883399854234	-3.12764615113087	5.62089113645142
papa1265	-0.481712122477038	2.28624823207884	-5.29808271925303	3.80695264128548
para1301	1.83752369465908	1.70725262148149	-1.33259606395511	5.40062127147434
para1302	-0.966463293779539	1.57113678807704	-4.26324686707592	1.97627340235035
patp1243	-0.903508477933705	2.17095899774676	-5.39932385610694	3.23335308046272
patt1248	-0.352417943892341	1.92721866782157	-4.47343980154488	3.14263735612957
paul1238	-0.389162055175437	2.29652276058188	-5.07995318568476	4.01520792244003
payn1244	0.0454852419247927	1.55697396158762	-3.1247079179423	2.95527348457831
pela1242	1.91989213989129	1.43283657311137	-0.707721830133084	4.90696516579263
pemo1248	-0.289308406726245	2.31843366597213	-5.14529150391796	4.04533686536571
pend1242	-0.432410448092349	2.23098139606424	-5.04322351307543	3.74300544669609
phai1238	1.16049584797673	1.52019062775422	-1.78234431605921	4.32872528036238
phom1236	0.102669437051089	1.33344279718395	-2.60046948224262	2.6908441007865
pile1238	-0.403089146073553	2.24387218150344	-5.19553441852647	3.6648340686313
pima1248	-0.216229443027864	2.45738111837499	-5.10786199611448	4.53187629422066
ping1243	-0.424890320969791	2.21606411365386	-4.97719956794975	3.71374713670229
pint1250	0.588290423892167	2.20388466621992	-3.54645879922819	5.20402307451712
pite1240	0.438078512746385	2.32061779573578	-3.88228918881317	5.13058349454949
pnar1238	-1.72048441502399	1.57433912095731	-5.10346031115088	1.1056932359945
pohn1238	-0.36396343380844	2.2671469496749	-5.11122059218129	3.89615338058493
poli1260	-1.3155438907009	1.9651255910761	-5.72553938312743	2.1672579659578
popt1235	-0.552759104204075	2.30176708282316	-5.19801440214955	3.83227158812504
port1283	-1.38607962209725	1.97496983676008	-5.75207623926082	2.14523207062829
port1285	1.73752391025157	1.29747990972028	-0.876816138317018	4.3122336932143
psik1239	1.96964070525808	1.23736641620947	-0.400877954876594	4.50462542527896
pulu1242	-0.142078584247486	2.50174593971585	-5.20853590256062	4.69887930225435
puma1239	-0.463073467656253	1.29881549138885	-3.12999833276843	1.98698460120533
puoc1238	2.96704154181473	1.96618313094344	-0.410248340207192	7.25957552428799
puri1258	2.91965585647978	1.90331159809129	-0.486040860463201	6.9056671354398
qanj1241	-0.520065154076252	2.33541791423513	-5.2556945149353	4.09480883658327
qima1242	3.30088950119975	2.00423329270446	-0.220538810783947	7.61832697020768
quer1236	-0.418061563411831	2.3535327671478	-5.18827010989578	4.08012997517935
quio1240	-0.771052001895676	2.30387682506879	-5.41612228058021	3.66764633947571
rabh1238	0.285546338846681	1.59537925137908	-3.0137939328215	3.27418929679581
rade1240	0.384749813867558	1.5581151623612	-2.63370956039666	3.5944938227878
raji1240	-1.45422212291163	2.0481028993211	-5.93813406298843	2.15698471575019
rapa1244	-0.26112560866445	2.32512103897047	-5.11138952264634	4.14078961056991
rapa1245	-0.279481294449102	2.35855016043853	-5.18224323784026	4.1167215721948
raro1241	3.75154418321647	1.99893085794927	0.0590291467870528	8.04841643397799
rata1244	-0.268213935287061	2.37662271245922	-5.03173133614536	4.35226415914088
raut1239	-1.64398904544169	2.03443607476645	-6.08105619546293	1.97289215376227
reja1241	0.0948492700021456	2.20208686088322	-4.55396121700501	4.1165666584752
remb1250	5.30074656761855	1.79668194726299	2.11802964117337	9.22166829812245
reng1252	-1.40324722758818	1.59260201190698	-4.81573688132671	1.48907192413522
renn1242	-0.541754292824601	2.29800822716111	-5.33956513475109	3.74527923354228
rere1240	1.92515420214613	1.25213269267737	-0.505435490818067	4.41793343363058
reye1240	-0.883753597026282	2.15501574630826	-5.35016535442887	2.99500866229696
rikb1245	-0.160752177425501	2.43123216784075	-5.16660954916599	4.5240999663492
roma1326	-1.70141460222522	1.99575959110117	-6.02339574744071	1.79002868308267
romb1245	-0.736963639101604	2.14595242462439	-5.23813332226035	3.18303976898214
rong1264	-1.57799329586623	2.07200494894379	-5.97484139478698	2.18180322999527
rong1266	-2.58295807023282	1.82008527592443	-6.51425183655604	0.627361147217571
ronn1241	-1.09048873206221	1.63879872744555	-4.63941692754474	1.83682413928664
rotu1241	-0.300379537680646	2.30206994148822	-4.9096021235752	3.92158016090541
rovi1238	-0.773835250536415	2.10449671567775	-5.12803710682008	2.94715929839647
ruch1235	1.63660730848412	1.78177714379079	-1.64781914371473	5.41058940966509
ruka1240	-0.540700647452039	2.31247501055813	-5.41149209134429	3.77829008742326
ruma1248	2.16031399551033	1.76368549559346	-0.910200265055172	6.00499276913822
rung1259	-0.452407332891597	2.12794427319813	-4.96875361699008	3.46390884237393
russ1263	-0.959206174517805	2.00989102667344	-5.20650127994339	2.65846881195008
saaa1240	-0.798165424402856	2.18467614420659	-5.2804786041035	3.25275300771577
saaa1241	1.48932940219538	1.40241313113757	-1.28095316584337	4.23634301317604
saam1283	-1.6526846498702	2.03400745963751	-6.05004313793999	1.93473359752158
saar1237	-0.635567724681419	2.27010967782923	-5.26389659999009	3.56473920656278
saba1267	0.698371029481393	1.87451139710658	-3.1778763205662	4.30322967096583
sabu1255	0.547746837596557	2.06520030195355	-3.72472584122164	4.49049569417676
saga1262	-1.35709852760817	2.13571252350505	-5.94285964763996	2.55704791413917
sais1237	-0.561704101522233	2.31823940802444	-5.31626258279041	3.96616306975685
saka1289	3.37996321756266	1.51630430839816	0.559433294621458	6.56579079730602
saka1291	-0.975411913182484	1.99971262287489	-5.20795500322884	2.70306414287553
saki1248	-0.268780063033441	2.36298376646719	-5.07550391211902	4.26384366089334
samb1305	3.01561600854291	1.68161667379004	-0.0261684312693203	6.62860103402157
samo1305	-0.333933255505074	2.32647214318151	-5.18289815822107	3.98412327109717
sanb1241	-0.730791850825918	2.31613056064435	-5.49269015224128	3.63616776166625
sang1331	-0.376507282395227	2.27841461807383	-5.06845798720283	3.90850296780891
sani1269	4.224407137234	1.97128732376909	0.96539740490728	8.61886690884947
sanj1284	-0.79837878886609	2.27982964785146	-5.52497490584203	3.58072018664082
sanm1289	0.552997489357016	2.10981744884632	-3.49006917529562	4.87816675953624
sanm1295	-0.855218561834058	2.30566893861625	-5.75328421369381	3.5182761263542
sanm1301	-0.649447528809536	2.3643515625109	-5.54945453618126	3.83956568732952
sant1436	-0.781385357563695	2.30588256282942	-5.49978211456183	3.56496115006209
sant1451	-0.607945217942983	2.31768276651763	-5.43611051613141	3.79426920834859
sapo1253	-0.565652074821918	2.26133207140737	-5.26609647476513	3.71217924849231
sapu1248	-0.35646970248529	1.32041453125427	-3.00951801453515	2.2170580575693
sara1327	-0.426642015248204	2.34056546325271	-5.32282352730221	4.05047371866838
sars1236	-0.203508286725536	2.33855147685456	-4.93525383445396	4.26388902804972
sata1237	-0.319238646497269	2.30949070673601	-5.05926450329405	3.93820016388083
sauk1252	-1.45594595287129	1.62430409288343	-4.91886714775091	1.51417538282997
saur1249	0.820555315348358	2.21001227738664	-3.36832747019629	5.38609458741322
seda1262	-1.70440947140892	1.58095203906801	-5.1699450017071	1.11709268523379
seim1238	-0.312016084252138	2.32744052954566	-5.13078985007683	4.07997142077666
seke1241	1.45550465077144	1.40097850550468	-1.33648634413433	4.17333905521828
sela1259	-0.354495703160726	2.30727657968395	-5.10483808367458	4.07965129596024
sela1260	0.186455185037881	2.11263922760116	-4.28743207306002	4.20241340257795
selk1253	0.220188330654255	2.30464459452384	-4.17135736377709	4.97310363136896
sema1265	-2.60416801118098	1.95989274080307	-6.8846430930344	0.798993110832305
sema1266	-2.81772301086989	2.01881799284754	-7.10469953272979	0.669991508068237
seme1247	-2.57112919036947	1.98817843516317	-6.80638187697238	0.944078657335732
seng1281	-0.875051446391534	2.18964812074859	-5.49202210823455	3.10507774597335
seve1240	-0.116618978182239	2.47152986112188	-5.07823450261481	4.66836522744566
shan1283	2.41053993336875	2.03100725646802	-1.32841782945674	6.78087346579891
shaw1249	-0.103262665259746	2.45637672282259	-5.0736899927602	4.65105120422966
ship1254	-0.597608526569596	1.96408571540702	-4.69481491197978	3.17980905060427
shix1238	-0.763874853157424	1.73767691600967	-4.41356948882114	2.37923370555909
shon1251	-0.976125277853404	2.07150137040373	-5.42261151727588	2.7504285474231
shor1247	0.199158598989457	2.31582514931964	-4.21864306516729	4.87458719224156
shos1248	-5.01199154796274e-06	2.45328944770017	-4.99606371850864	4.72523067181855
sich1238	1.26100440160992	1.68736556569416	-1.86182066567999	4.77787511412848
sici1249	1.59199417482743	1.54530193432533	-1.4324005233408	4.69434616670374
siee1239	-0.620831103000675	2.18285329533307	-5.13266912206907	3.46248170049535
sier1250	-0.792348048338287	2.2981045804199	-5.3550032006587	3.65201329158096
sika1261	-0.435578125683788	2.26193607380285	-5.23264871576912	3.86605442742781
siks1238	-0.183321696531618	2.43205475898565	-5.21635406728112	4.50508455093142
siku1242	-0.466485293007875	2.3102901824108	-5.35078531791728	3.89443068634858
sina1266	0.63399386967836	1.91459804085365	-3.27529958119352	4.20705841453871
sing1264	-0.554182911058277	1.47140061036141	-3.66457146900048	2.13365439451232
sioo1240	-1.76586559501742	1.92673424698894	-5.81759679137212	1.79222158155912
siri1273	-0.332450134797664	2.40819788651751	-5.23823066675002	4.38355274326364
situ1238	-2.32359927177995	2.03599402729833	-6.91140724452495	1.2001620767977
skol1241	0.294300924445866	2.38368557982688	-4.2055790958758	5.16531313589734
slov1268	-1.1902203883614	2.09295260070931	-5.72461451430569	2.5264355116922
sobe1238	-0.313186244172296	2.21543379826603	-4.84548164732434	3.79201348179013
soch1239	-0.731632804227315	2.30666763164045	-5.42232661580369	3.63904301135167
soga1242	-1.60551607891028	2.03581589928086	-5.99239376255526	1.98155804519309
sons1242	-0.336181827341757	2.31439782059068	-5.1306374069785	3.99561094003546
sooo1254	-1.11502477323108	1.57957819189882	-4.43600492083914	1.75755741862581
sout1528	-1.31777872571421	2.07178084829073	-5.83567743351726	2.36001574754027
sout2649	-1.0092853668935	2.0110825518448	-5.26733170809092	2.54669096323598
sout2674	0.260684788264035	2.34101602131612	-4.11326150434993	5.01226217110605
sout2679	0.193638636409558	2.33369508437471	-4.3403019484381	5.13897267694414
sout2715	0.597684726237533	1.19308615801235	-1.77577931410451	2.91607650379881
sout2728	-1.92741591381433	2.12320785438715	-6.57133607755588	1.9425353188594
sout2729	-0.127822517436675	1.51594061799133	-3.17153852145403	2.7479015763505
sout2730	3.42767705772438	1.84763715186435	0.282342079863428	7.54685824602224
sout2782	3.74076828500605	1.68001370950739	0.812293095612391	7.37338677874173
sout2807	-0.349483919286636	2.2195871961961	-4.90631992433919	3.70159281679804
sout2856	0.0802989846664735	2.05448782086198	-4.07074138159274	4.10704566124853
sout2857	1.41932242623688	1.33069729115264	-1.14986346378975	4.06751252564929
sout2859	1.73371589607276	1.43423834422261	-1.05567550520354	4.62351524605351
sout2869	-0.761598164314272	2.10812086545217	-5.31871496393257	3.04276175376208
sout2895	-0.390622257350905	2.20659450555482	-5.03378835397752	3.77324415332661
sout2918	3.44113664697457	1.97297743650189	-0.310403798739445	7.53439028910557
sout2959	-0.146308664885256	2.33319612150817	-4.86704758772316	4.40854313272997
stan1289	-1.25650683997993	1.98501598930708	-5.56050205519233	2.24973211859324
stan1290	-1.26746088696435	1.99234276944875	-5.54856524554171	2.28298784954649
stan1293	1.87998920062312	1.9097999228779	-1.60420429644886	5.97490533345717
stan1306	-2.58893094660077	2.01057370021454	-6.98192365325313	0.952106052374694
sude1239	-0.130781737657406	2.38466712362339	-4.69494700683987	4.45782912337915
suku1259	-1.1540189584162	2.05288192137646	-5.71161259079504	2.53194939872585
sumi1235	-1.13339965170851	1.48110065234226	-4.17348574254775	1.57706985607859
sunw1242	0.373575196693021	1.29544576934356	-2.17955258915366	2.95630345673293
supy1237	0.349162630002972	1.71800412759102	-3.16450961985401	3.64268262275994
surg1248	0.241359963352612	2.32633447918508	-4.10557735521653	5.00304360862915
surs1246	-0.852221801627105	2.20043407095413	-5.3406006564909	3.25183708120124
swah1253	-1.36722462887467	2.05803322227659	-5.89070637043515	2.19426829328833
taba1263	-0.919428794741317	2.2134077268526	-5.73360791264968	3.24023035021334
taga1272	-0.664729816641208	2.29481015820828	-5.57061498504704	3.58837405329451
taha1241	-0.741628298171871	2.10050063358349	-5.21268354298839	3.06574356659884
tahi1242	4.77703526964079	2.41363305627125	0.346859891584898	9.82095196706036
taji1246	-0.494352539376304	2.19786219999453	-5.09785975249454	3.52919375604738
taku1257	0.0595746081885582	2.24550304673991	-4.54395586823006	4.32505037843918
tali1259	-0.937230008771938	2.16027435488282	-5.54370060753418	3.04460876143044
tama1365	0.999308974312905	1.63732247642745	-2.31542855548598	4.26375486462066
tamb1254	-0.223145924403559	1.9539224274571	-4.19112887947572	3.35899989381619
tami1289	0.097561711756472	2.29074438768286	-4.43831304598621	4.73239949604495
tane1237	-0.0339899760948346	2.03599575372896	-4.29375698525014	3.70290893776935
tang1336	-2.45544901524804	1.78885072950041	-6.24268646327044	0.759058563851487
tang1347	2.34262839321465	1.29816049641127	-0.140805996644722	4.90275146282198
tang1348	-0.705782276950143	2.22965121208388	-5.39338183811881	3.51269585389021
tang1373	2.33713448855275	1.88935998559783	-1.12568181418233	6.30368381188396
tang1377	3.96282448636133	1.83014128678746	0.739546135470614	7.97327980885841
tara1313	-2.47594459889871	1.8072728274688	-6.46018438336358	0.741825277433591
tata1255	0.332090425305154	2.34033370505714	-4.12917077497835	5.21596742576566
tata1257	0.496489745286279	1.90643869314247	-3.48379522082214	4.18240920126648
tata1258	-0.784880555755407	2.28556048298525	-5.45883353267756	3.63587694482311
taus1251	2.11438504108581	2.08287997503745	-1.80965376310184	6.32570983941963
tbol1240	-0.541424281984218	2.25808506802135	-5.34610043312299	3.60740532406698
tean1237	-0.0490476117698273	2.03175442437789	-4.23321840271123	3.62369614197712
tedi1235	-1.66318496236316	1.87366516953443	-5.6711005012543	1.81418630109312
teke1275	-1.15126993431464	2.10023946865612	-5.6204892352326	2.55179264104656
tekt1235	-0.523388785396541	2.34158596560678	-5.32736776784814	3.92428429565932
temi1246	-2.72876764216884	2.02608998928507	-7.13001147793649	0.829844442086077
temo1245	-0.490599543958003	2.32345556067997	-5.19106392420105	3.93506450529961
temp1235	-0.432084105582331	2.07969097400535	-4.85444502366211	3.43740658455232
teng1272	-0.268335550025427	2.31906026465024	-5.08253520692794	4.08898418358429
teop1238	-0.545785294316718	2.25681738684366	-5.29810269657772	3.69278966543646
tera1251	2.39715050578228	1.71641453300679	-0.702181412068191	6.02730594050604
tere1279	-0.300733236785601	2.2865113396155	-4.98395708203894	3.99979878397631
term1237	-0.240912289356013	2.19632058111348	-4.75288168321161	3.86141762254362
tern1247	-0.91078404090499	2.22802734350525	-5.55889830217349	3.22696914196101
tezo1238	-0.774372530167412	2.32013655952484	-5.55730088698439	3.67593573852248
thad1238	-2.17380945598053	1.81258364255301	-6.13185730563628	1.08854890647743
thak1245	0.778578221008716	1.52698373307813	-2.32271291495389	3.70329514793663
than1259	-0.457519272349118	1.75304108857216	-4.11013441245321	2.79941067386107
thao1240	-0.625066772862208	2.2759948273256	-5.33393505306804	3.63916106598099
thul1246	0.304813399794696	1.47757876241436	-2.65445960782303	3.17026124456812
tibe1272	-0.547609155156196	1.7159008823255	-4.16333349561603	2.68765085731164
tief1242	1.29999636655869	1.26564326684293	-1.17301604644519	3.8174246416129
tief1244	1.24415257267705	1.31107926901145	-1.32897065557149	3.85947371206678
tien1242	-1.28827110387208	2.08436292310174	-5.76351812356842	2.51532740533939
tiga1245	-0.582411003740497	2.20173923630397	-5.15096097344808	3.53290823406799
tika1246	2.90917989020125	1.63453123310334	0.00824093126310948	6.44828390725514
tiko1237	0.284420148489508	2.30082287737888	-4.30708284806835	4.84870350190496
timn1235	-1.32932582934549	2.03004424298947	-5.63470477165561	2.2543479109856
timu1262	0.401161296908074	1.91557601596521	-3.54367017382425	4.15381194617071
tiri1258	-0.79320271948227	2.19417633322664	-5.53096268034126	3.216229203234
tiru1241	-0.537085540455331	2.30485763511902	-5.27234316283073	3.7411004035136
tita1241	1.56522672399298	1.72274088033375	-1.93473991890348	4.86042978309421
toab1237	-0.588025466394635	2.13043227288944	-5.03737435451356	3.39421632881771
tobe1252	-0.944693781254822	2.21060132360945	-5.53242143052809	3.16638519394499
toda1252	-1.73786018088982	1.99732016492369	-5.86045439467123	2.03462751972947
toho1245	-0.214522001861997	2.33702057430091	-4.9962267991943	4.19705343418579
tojo1241	-0.490787529531084	2.34914412419399	-5.37479361599744	4.00352313751129
toke1240	-0.271506975030778	2.32230628162687	-5.01492970040756	4.08085491821822
tolo1255	3.74145820694426	1.52129893151825	0.860896840867863	6.88712362481057
tomb1244	-0.285898298916125	2.16076052428434	-4.81032231775725	3.72500242757163
tong1308	-1.8026106831401	2.00377354204608	-6.30119377586382	1.70987303923486
tong1318	-0.596677755135129	2.28301619635767	-5.20990848544826	3.64133624466504
tong1325	-0.249781382326314	2.33734936526266	-5.0274271633284	4.1540651497697
toor1238	-1.8849246480123	2.08335117351855	-6.38275233713652	1.7250359956274
tora1259	-0.453766197124335	2.30631963543836	-5.20211620848445	3.88593285045969
tosk1239	-1.09563801872883	1.98757698075481	-5.45821078242528	2.4033439882582
tote1238	-0.853595882529681	2.16793894422652	-5.40515759705412	3.13093555346662
toto1302	3.14054207515684	1.63555036165569	0.22796993793899	6.76237755231178
trio1238	-0.401164254419289	2.28300805324104	-5.03901730710115	4.01929425390466
tsam1247	2.76851086684454	1.68777136352685	-0.336326572187848	6.22198789135504
tsat1238	1.94118111014547	1.90336059354725	-1.49199978396252	6.09933166475304
tsha1245	-0.985277460545631	1.83338961575877	-4.75784763967139	2.36769597050238
tsis1238	-0.254215139038315	1.78615089442347	-4.02697306558817	3.03501892326211
tsog1243	-1.08603797151763	2.10060983409632	-5.60498557927125	2.70233176831093
tson1249	2.16335780912416	1.75105270572666	-1.17664464126174	5.74802209268199
tswa1253	-0.426109216081959	2.29904625372266	-5.32923917708161	3.83514808558216
tswa1255	1.04689988728681	1.89226682389595	-2.65137626721679	4.66783035980816
tuba1278	4.16585925497978	2.25187484337011	0.0972797949139082	8.91112699510201
tugu1245	-0.773042865031747	2.1821364944731	-5.36079021718955	3.23108943550968
tuka1248	-0.30293582512823	2.37635018218285	-5.07182710437983	4.25454519345094
tuki1240	-0.904877379838376	1.84964553423602	-4.85403664065471	2.47622197334023
tula1252	1.71536700263692	1.40632578889526	-0.972340107655659	4.56275997910601
tulu1258	0.48639801073358	2.17190857377903	-3.67565784480876	4.95571575047422
tuml1238	-0.766718954400629	2.03565060376943	-5.05540414221093	2.9217591059461
tung1290	-0.21521259906155	2.35576474379553	-5.01714142773282	4.33610569744225
tunn1238	2.28428857854102	1.94743258950532	-1.26193300991319	6.55652953785798
turk1303	0.0843948154881608	2.3736982409831	-4.37637635045659	4.71893221241657
turk1304	0.169345995173667	2.38909699403592	-4.3852991931205	5.02980399974499
tutu1241	1.89165290586817	1.24070723612626	-0.510790136617434	4.40594107673043
tuva1244	-0.254687328284626	2.28137575578551	-5.00833096627095	4.01685973551643
tuvi1240	0.212097697312746	2.428941258856	-4.28855001701747	5.24942869590503
tuwa1243	-0.85058388115818	2.17711129267281	-5.39677622797357	3.06949969069989
tuwu1238	0.808351861900535	1.6906706062116	-2.55138630140553	4.06246472473269
ubir1237	0.130034870057509	2.05612333378178	-4.08736227615666	4.07005859297023
udih1248	0.356547596274414	2.29825495679794	-3.94368028547299	5.07161653480675
ughe1237	-0.76889712614677	2.15202070880419	-5.21012913186111	3.1002840289149
ugon1239	1.74858514927564	1.86114073657249	-1.67442647318966	5.73009857026686
ulch1241	0.34692683747492	2.32464496489678	-4.08280087687723	5.17194457421814
ulit1238	-0.373914021196136	2.33279898198628	-5.22593460368077	3.97658559742154
umbu1257	-0.324647475500737	2.27542469675254	-5.10737169108191	3.91569894992501
umes1235	0.327132455412926	2.28192999921403	-4.0154494788742	5.02761603960867
unua1237	1.83928670565895	1.23289796916534	-0.552812186460291	4.29536256147879
urak1238	-0.697531121426976	1.76052279073129	-4.50459669216933	2.62858095445986
urav1235	-0.558584094688506	2.19727286345463	-5.14912505851306	3.54357413664583
urim1252	-0.710725662296028	2.03383856326486	-4.84087512245891	3.10338880482994
urip1239	1.41445104905924	1.16986268719778	-0.88919720159148	3.71009869061377
utes1238	-0.101848570022395	2.41488383214802	-5.0768936098774	4.46790876392581
uuuu1243	3.98542391034193	1.80255049781547	0.932418385839125	7.96638690283263
vano1237	-0.0992366648677345	2.05060294838045	-4.34753630171418	3.6189212100571
veps1250	0.327561964111024	2.28792557702018	-3.97535162899635	5.13768166308903
vera1241	2.93585195081393	1.46505862687094	0.123218022335325	5.74392436372155
vinm1237	1.50540050018002	1.19951082573265	-0.820135061016791	3.88022771288053
vunj1238	-1.62858455099889	2.00963853229454	-5.99332313924769	1.94798113701403
vure1239	2.90230080123289	1.46206134963738	0.0818010001364794	5.71055426061534
waig1244	-0.310223888752885	2.46883020653257	-5.43332623209577	4.49576189964063
waim1251	0.894924103277077	1.89420740844366	-2.96450611846488	4.53389461957515
waim1252	-0.810824686897445	2.18886917197982	-5.3327738864563	3.19166721763108
waiw1244	-0.301308994812109	2.39217471020112	-5.17547685967178	4.33859024022164
waja1259	1.86575958693131	1.36022623959869	-0.738698685121908	4.69191575113372
wala1266	-0.808644204120191	2.0731279269653	-5.15072087313509	2.95711355215717
wall1257	0.455490648184641	2.16086965675755	-4.00559846855285	4.47858003290584
wamb1257	-0.161812257461496	1.26465170350309	-2.66457247949776	2.33666010393586
wand1267	-0.841798722562152	2.28650280180259	-5.64861477818012	3.41812469302796
wand1278	2.70622945706824	1.41329975384418	0.167341050346497	5.7142919629878
wang1291	0.809060019811206	2.22326058724284	-3.29030097869434	5.55295337816786
wanm1242	0.646126047267946	2.12840158057295	-3.21580386312276	5.22893038245431
wara1300	-0.465870638344373	2.34706255390715	-5.15763271386106	4.07043503496335
ware1253	-0.690686294848679	2.27111419418459	-5.43653855247331	3.5540628990724
ware1255	-0.297287859490503	2.42212064987624	-5.27738682911931	4.50273044720996
warj1242	-0.934788443893203	1.48311944017293	-4.09810446209792	1.72707179137956
waro1242	-1.12220286562511	2.26459363107706	-5.73118862322871	3.19634353611771
waru1265	0.683487992320965	2.20232602357739	-3.48341774019621	5.33447596715347
wawa1246	4.5947700598513	1.80891962169854	1.4365572744387	8.6296209357694
waya1269	-0.397303014473122	2.35353563799084	-5.25430058529775	4.0401929042074
wayu1243	-0.215113552446489	2.39286477515434	-4.93522548444972	4.39608643019365
weda1241	-0.394013380817518	2.19490076307368	-4.9523135547961	3.69843883648148
wels1247	-1.17248957581056	1.89512326933487	-5.37110895318583	2.21303020888196
west2354	1.62332266590671	1.81205375684665	-1.74523458661947	5.51588002281597
west2369	-1.01450024047813	2.08070699521014	-5.59141220546968	2.72321090250445
west2386	-1.42074446043751	1.93458277262162	-5.5225001707874	2.06089511764304
west2392	0.437105153330122	2.32056284333277	-3.92753970239926	5.2603019449288
west2396	1.55753116447528	1.71792316633986	-1.69612860028027	5.1228933767411
west2397	-0.972405406546438	1.67428081635277	-4.50179675445043	2.1452432208329
west2415	0.730674097626988	1.15797580364348	-1.47498618736884	3.03126157426091
west2418	0.0813597040278181	1.52374768072273	-2.99123850540449	2.96795513894384
west2430	-0.912907529417361	1.76756187152011	-4.53184244488843	2.42170826502493
west2441	0.658394785050377	2.17810679085753	-3.39162502690648	5.19487211065066
west2466	1.16288125902665	1.31712369398785	-1.47785131759688	3.72752106590124
west2516	-0.6156195347732	2.37713584996768	-5.5540913765424	3.97301570614097
west2519	-0.270223048561816	2.32925992524097	-5.05001714542546	4.1554922478626
west2548	-0.564300278566337	2.23471436585016	-5.14306814504498	3.55741287390669
west2555	-0.698925596765349	2.24150644796589	-5.36468827667352	3.40254272737248
west2557	-0.231882516242752	2.43396295759791	-5.21044687455493	4.5511804220761
west2560	-0.232313529531689	1.9650437121162	-4.28294601670162	3.35364717951546
west2594	-0.644521847855746	1.98390980141342	-4.7884067643827	3.0399928759605
west2600	-0.898420034579778	2.25487025505956	-5.62844706670161	3.22988122437978
west2615	-0.178143967371558	2.49237901010122	-5.13602248194266	4.71860342062677
west2624	-0.463189252224076	2.30280247492684	-5.08412973430198	3.81086632179649
west2635	-0.544597054813612	2.30911271420402	-5.26670242567942	3.91168676010558
west2644	-0.793680084351293	2.27429410750948	-5.4527953366278	3.53236001496413
west2650	2.7163063488407	1.86849288943081	-0.594127082102212	6.81808802614904
west2763	-1.35781850362871	1.98857798767815	-5.67204994890876	2.15404321955848
west2778	-0.158757347482413	2.43157173730859	-5.02990901001447	4.57713721288218
whit1269	-0.763694159314162	2.0900061945224	-5.28475822276189	3.05372817824198
woii1237	-0.849947925556568	2.32534711632833	-5.61853140836178	3.50251927788392
wola1242	1.0364566126795	1.75853102002616	-2.34524225999987	4.57009551924433
wole1240	-0.290785485636671	2.24771973970231	-4.91687675616291	3.90726801207184
woli1241	-0.368225799626751	2.23885738112961	-5.10289972219499	3.77425256235749
wood1236	-0.0782664520208527	2.39166835230157	-4.79002051664765	4.54669969363233
wotu1240	-0.607782010510529	2.26531447541472	-5.2521336558462	3.71919689493115
wuch1236	-1.34881863590319	1.96569322291508	-5.57402494633377	2.18553808076297
wudi1238	4.28947039032254	1.91286264344941	1.01269782061271	8.59890631151932
wusa1235	3.98229283206089	1.93839649107888	0.708176266316401	8.21972514294597
wutu1241	-0.370470633796434	2.01045714577956	-4.71086948088004	3.36215588871185
wuvu1239	-0.411755288567618	2.4178200528305	-5.35205125139731	4.3624095106086
xamt1239	3.06161168400401	1.98939682412722	-0.554438071203652	7.23457308912014
xara1244	-0.800707573796092	2.23539771523185	-5.61921438019899	3.31101562778917
xava1240	-0.273769812265258	2.40480367985456	-5.07448252000825	4.32396790378934
xish1235	3.91408495775394	1.91001638110169	0.660544599893301	8.05719052095288
xokl1240	-0.17348952476487	2.38914301938276	-5.0974272275029	4.46115707910673
yaak1241	-1.53295297335663	2.0200166980498	-6.00465292754028	2.02323550108863
yaey1239	-2.21968211637984	2.0980740311679	-6.70982610973939	1.65352779249809
yaka1277	0.0507157187735294	2.37330679909905	-4.7351685549285	4.61179300674186
yako1252	1.98579027750805	1.80539568378152	-1.40097829443168	5.78466623455932
yaku1245	0.160143494539421	2.33887900276724	-4.39865546872866	4.98192842942779
yami1254	-0.432638479220216	2.34833569113689	-5.28520580746676	4.0427356316795
yami1256	2.31797228898818	1.96436596061147	-1.34178679743805	6.42779068544107
yamp1242	0.706233036522859	1.46500925073974	-2.12407611034749	3.63068350872345
yane1238	-1.33450946611716	2.18490368305377	-5.65180183338291	2.83879660259955
yaoo1241	-0.452975333309009	2.22710001122861	-5.05250238462078	3.67388227333689
yape1248	-0.399959272457576	2.30222431372816	-5.06293955331522	3.88881255473754
yapu1240	-0.777799468721761	1.97847717365886	-4.86363531947146	2.91320739086187
yaqu1251	-0.153933859900201	2.46433021919979	-5.11699187372275	4.73725489676621
yaum1237	-1.68127112344771	1.63151661810742	-5.15195544153742	1.22693528032093
yems1235	1.23477540183594	1.73597848379461	-2.08562338123294	4.78620211838808
yind1247	1.12230055630485	2.12916711367153	-2.78422576765367	5.665663416983
yoga1237	-0.836959738217727	2.15476673153195	-5.45095846242707	3.07361164932155
yona1241	-0.918737681522691	2.0307232649107	-4.96944038351675	2.98341894256502
yora1241	-0.354560512631822	2.0262539753739	-4.58430802936267	3.4472629646002
youl1235	2.25773540064583	1.28598454334176	-0.116434095079474	4.93557608218854
youn1235	1.67497707142273	1.96313114798299	-1.87133768969174	5.86146028707941
yuca1254	-0.140090155172332	2.42017386441622	-5.05658007432802	4.47823061225863
yuec1235	-0.852971683710116	1.7938266474651	-4.66196193505016	2.46231780865352
yukp1241	-0.258702718564995	2.3874059736103	-5.10449362725531	4.43934727878064
yuqu1240	-0.285916198623549	2.45767528451987	-5.29892055324985	4.46014956422218
zaba1237	-0.214379548844184	2.18645148512894	-4.68664113098007	4.05811832650494
zaca1241	-0.595368665685054	2.26178776399786	-5.20885632186616	3.68189007556966
zaca1242	-0.756834928094807	2.28556980922625	-5.46831018860955	3.59429442444315
zaiw1241	1.42327037397287	1.52475339009487	-1.47291928168079	4.4691992199586
zamb1245	-0.914472743197516	1.88990936485664	-5.05741298124505	2.50278462571041
zaye1235	-0.0998236123102577	1.40760679120327	-2.97106780546273	2.57777892094534
zays1235	2.33177267142442	1.78763737761533	-0.979200403772031	6.11426613253836
zeme1240	-2.46321647509	1.77588089960929	-6.26073784211986	0.669382564254548
zenz1235	-0.832045944121124	2.26669645690322	-5.49709854175568	3.48997912110888
zhab1238	-2.02609991737664	2.00142757860964	-6.36373939808544	1.48902931469785
zoog1238	-0.745305702535812	2.26396375729735	-5.28693432177344	3.54007815451877
zulg1242	2.91634313336666	1.33665306646166	0.420180349367313	5.69837297326612
