Estimate	Est.Error	Q2.5	Q97.5
abar1238	1.15614726173164	1.04028024786867	-0.741317892400598	3.34360725081738
abun1252	-0.740635566055724	1.60967946991016	-4.07047985880825	2.2463378949706
acha1249	-1.28304668296622	1.48552059260288	-4.41213899233221	1.3644395227269
achi1257	-0.493538398872691	1.32103711465313	-3.1767843466893	2.08512867671565
adze1240	-1.22210873357869	1.10228910106369	-3.58625677505944	0.830274094476043
afar1241	-1.00547501604156	1.52760223223527	-4.26392893510403	1.74769654609702
aghe1239	1.46449304947409	1.11202518118288	-0.477530993288125	3.79337828947456
aghu1255	-0.250686338321615	1.69807753477691	-3.72322300282847	3.01865936872338
aheu1239	1.62371026747687	1.41499611691615	-0.974139748265186	4.57101639934293
ajab1235	1.1730071244737	1.41186590535762	-1.30249527027715	4.14211165402205
ajie1238	1.77961500642653	1.1663316402626	-0.296254484540927	4.29299090897408
akoo1248	1.97029310623219	1.45624108672451	-0.686863871168493	5.12456972567805
akun1241	-0.443931603395151	1.6050964788038	-3.8596973893491	2.54413532418709
alab1254	-1.48872136762528	1.46912339737725	-4.70147385924136	1.15003426697712
alac1244	1.68269682764788	1.47168221895774	-1.06098222966586	4.80622172568142
alag1248	-0.229853084005123	1.37327010737586	-3.06466718460732	2.40806143028924
alor1247	-0.50935053494188	1.34192807322765	-3.29465380400164	2.014534176534
aluk1238	-0.764769533511005	1.64853865373023	-4.21808203629034	2.2997610151778
ambo1250	0.322713631073527	1.35029878339411	-2.23155551885664	3.08891740721825
amdo1237	-0.358667741478378	1.64783386034911	-3.80050422993811	2.69168315037627
anci1242	0.643375697522684	1.55268672833696	-2.28366320846319	3.95971984292453
anci1244	-0.802950084009519	1.44716073860305	-3.86913151253188	1.90292915318517
anei1239	0.611171543905139	1.18277455725331	-1.66064168846913	3.0289461235392
anta1255	-0.981771515896568	1.49071594745706	-4.19653420209069	1.72129348898562
anuf1239	0.266238419483021	1.40314428113679	-2.34880837615949	3.17475809070874
anuu1241	0.155867335164758	1.37537696739088	-2.64673478531252	2.73628818437252
aona1235	0.444706158621554	1.23886172465542	-1.98142489388311	2.91343517521564
apat1240	1.45914248078826	1.46686373985884	-1.30950490121732	4.52588700468436
apin1244	-0.222020920333399	1.68803005312927	-3.68599065091058	3.13144155564191
apma1240	1.67225717133026	0.944502214269628	-0.0100852365019332	3.68005248929265
arak1252	-0.242040696685193	0.85904761775216	-1.94705876118811	1.46585109056361
arao1248	-0.223301644661373	1.68283209407088	-3.75627159725459	3.09453361829272
arap1274	0.796233016225922	1.52485677598812	-2.11556732019149	3.95579429435454
area1240	0.135897789197095	0.971738238361447	-1.73869460786622	2.08947187675724
argo1244	-1.18573759400281	1.55329228767592	-4.48865446932043	1.63376199986193
arom1237	0.745150812850647	1.53611962733028	-2.10787722357876	3.96620303417138
arop1242	1.01421134909891	1.41868033018131	-1.59357996036413	4.04273031968409
arop1243	-0.687612950719419	1.11207192628042	-3.00126511718852	1.44854779826889
arta1239	-0.732141888029747	0.987516839446177	-2.7165749684838	1.16694945554358
asut1235	1.13223378156518	1.41412054595949	-1.46623566680772	4.23840819373969
atak1252	-0.262020583521561	1.62931366705592	-3.67491787910602	2.82040863642538
atam1240	2.00861256918261	1.3611972538682	-0.380756360131871	4.90148453305162
athp1241	-0.300083654821629	1.34573805891398	-3.13122886392908	2.22982800679105
aton1241	0.119719207570528	1.46425541460946	-2.8177197268128	2.89144490927592
aulu1238	0.427962389659898	0.685247733353621	-0.903335437737984	1.77882839714553
auye1238	-0.348672622755305	1.63286967963451	-3.66534015842687	2.79823498749252
awad1243	0.677751327993331	1.51552957174357	-2.24471250075338	3.82888814613204
awad1244	-1.44408152260829	1.13249662329066	-3.88756018050566	0.618929712681395
awar1248	-1.13742618554973	1.10004940049699	-3.42531931435322	0.876161556029594
awet1244	-0.459656503801565	1.58895688559679	-3.83811205595741	2.63209978710839
awji1241	-1.04128182240266	1.52023507193327	-4.2934955830743	1.81478915429559
axam1237	0.502026571770701	0.707717178943795	-0.86354531216275	1.94607736087742
axiy1235	-1.04815587010179	1.55041996722291	-4.31594647356138	1.86338932250322
azha1235	-1.17671152120921	1.5087765820413	-4.43512104511216	1.62757094006763
baba1266	1.80542795027055	1.2121926012494	-0.376048830432469	4.41620304697625
baba1267	-1.63796242352424	1.46395514047417	-4.87420013588058	0.981093148212437
baba1268	-0.291236500304638	1.24959236586968	-2.88847683599469	2.10696482940162
babi1235	-0.0388854315708433	1.65297894648307	-3.42182994245253	3.26659484093616
bafi1243	1.84584621587462	1.37369227092054	-0.541325123164787	4.84590041840117
bafu1246	1.73439232382869	1.16796621145746	-0.327620295802623	4.20622635996808
bahi1252	0.333572982109457	1.19049949790718	-2.04917814666415	2.63405358574899
baim1244	-0.431434471524341	1.58085501901544	-3.74120050142865	2.48169008529859
baki1244	1.19609092797051	0.845709238719852	-0.408514137807412	2.95673278685507
bala1311	-0.371276021353024	1.2839947825836	-2.99284849694751	2.08420865032965
bala1315	-1.0941321902622	1.4665446868923	-4.18202538848921	1.59306860584811
bala1316	1.78024190717985	1.27109714987542	-0.463217676955045	4.62705771552161
balu1257	0.0760308178231731	0.992774066358537	-1.8579876443361	2.07415199151663
bamu1253	1.69773109168291	1.32410212832473	-0.732190309988483	4.4964187441518
band1344	0.75448848808323	1.48979257134345	-1.94557809338928	3.90979053978275
bant1288	-0.495507013011785	1.28237414133652	-3.1232498883677	1.98643939637719
bara1369	0.821994711260393	1.48380202317992	-1.93038604492367	3.90287932136126
bari1286	0.855895508313296	1.20550032725479	-1.42343237432631	3.3371117761768
baro1253	1.54187989196399	1.16985803615714	-0.586526265864554	4.03868057405349
bata1289	0.74483833901233	1.38840032174938	-1.78363088049653	3.67346541505625
bebe1248	1.01982752817634	1.38854421573709	-1.51409026653368	4.00949075063365
beka1241	-1.50396333924758	1.49279103284567	-4.68020001818311	1.17419685123092
bela1254	0.432153171384622	1.61463570302188	-2.64395457910123	3.84363324004945
belh1239	-0.285753726538359	1.31750697843131	-3.04685990011428	2.2302142814463
bell1243	0.971757804990999	1.48669156938569	-1.85570615067929	4.07556367192661
bemb1257	0.624532158978918	1.49400671245164	-2.14950912461667	3.80501016682539
bhoj1244	0.296841642427974	1.5292645442825	-2.62857927132101	3.47622151101345
biao1254	-0.389176300028097	1.65920364713233	-3.83000100429114	2.75202779696005
biao1256	-0.346670986436919	1.64833793782858	-3.65006393118393	2.83428082174518
bier1244	1.19426595726156	0.826999719711545	-0.370459622361804	2.88148310394778
bign1238	-0.578534256080174	0.72762620066872	-2.08349350447289	0.809844737355947
biha1246	0.635992663616436	1.22195188720185	-1.66119829389897	3.0966118858024
bini1246	-0.596929884595405	1.40931345870972	-3.36855413779792	2.15898140786617
biri1256	-0.188341728523896	1.64948512894891	-3.5834074656805	3.07370379996793
bisl1239	0.0227832460846299	0.887683192274183	-1.74207159213066	1.82027320052406
bisu1244	-1.29994640120599	1.56575885297691	-4.62933424611442	1.58572078091527
bitt1240	-1.4373862567345	1.43262955520037	-4.51754940619278	1.1683147094997
boht1238	0.559914779849954	1.39124512672881	-2.1386442193331	3.42001981535252
bola1250	0.371282063421313	1.22481752276578	-2.02717492272786	2.88146954164939
boly1239	-1.05926177987364	1.46571324556114	-4.2022535879036	1.6778887619672
boro1277	-0.450229238941822	1.65859982166977	-3.85904613100342	2.74350006857388
boto1242	-0.588147885256863	1.29568647379577	-3.2087819088389	1.9539661190986
boun1243	-1.64827565639148	1.44981988617195	-4.82187811083322	1.02389729835534
bowa1234	-0.628824313900866	0.884794185662945	-2.4231442913521	1.06139053970954
bret1244	0.43916145538868	1.59636154215943	-2.63807447727117	3.73739034188114
budu1265	0.1261015748446	1.27863995929291	-2.47415427909231	2.6690999038744
buga1247	-1.13681289034954	1.47209046210543	-4.34244139867399	1.50272188645796
buga1250	-0.0157360323225102	1.06249087213116	-2.0599317371881	2.07976217422763
bugi1244	-1.43100843187166	1.46110213266921	-4.65027478110971	1.2061230719634
bujh1238	-0.454668777056914	1.32711872679429	-3.20996697806299	2.04657318806712
bull1247	-1.35954068068717	1.44441350641318	-4.47033321776446	1.29354193400287
bulo1242	1.71369915622724	1.4207296698861	-0.832395811120317	4.74987889189181
bumt1240	-0.532481735707055	1.5304251721247	-3.76211412610696	2.23270393761333
buna1276	-0.498809540750601	1.19907480160416	-2.92405448588564	1.87113325715462
bund1253	0.457206236996864	1.64537129378887	-2.60886045909084	3.91359853635319
buol1237	0.352085936722143	1.35281318144344	-2.26815613705935	3.17509824556358
bure1242	-1.32558803694927	1.35815029056928	-4.27810690519447	1.09649818256516
burj1242	-1.11814501370497	1.49389769795639	-4.23963639715947	1.56156238782489
bush1247	0.607389968610713	1.52329043906123	-2.21855615199829	3.79610254302981
buwa1243	-0.459906417023166	1.04459585235361	-2.63306324056689	1.45509430994947
bwai1242	-0.80466383225031	1.09812354283167	-3.01869108757136	1.32144169212214
bwat1240	1.59761661809219	1.20494083663989	-0.60308882584249	4.20595757679028
byan1241	2.15392820448509	1.4830544764118	-0.578080962382266	5.28492123300439
caac1237	1.59973172209994	1.24406310090881	-0.620781604947823	4.28153786224309
cahu1264	-0.0226803245456256	1.23014900703569	-2.466340713126	2.40129408335185
cakf1236	0.95953574794999	1.15742162218479	-1.19208291151535	3.34398168554712
caml1239	0.116633624893258	1.20589326508647	-2.37158422865904	2.39060275872789
camp1261	0.475763543314215	1.60704141375737	-2.45889843419163	3.81863799926175
cane1242	-0.211784251754342	1.67414861908173	-3.68109252775472	2.99551956346045
capa1241	-0.444639434187796	1.66895530927637	-3.85705938043281	2.68339252829267
carn1240	1.25354625449488	1.55040757124105	-1.60804728467561	4.49667826599
caro1242	1.08206112827386	1.52445011001564	-1.75074348753847	4.37935157181389
cash1251	-0.276893582915414	1.69986580374503	-3.76440028799758	2.94561514591295
casi1235	-0.449216379271993	1.0958067390503	-2.59737094509109	1.71036836114164
cemu1238	1.18630334193211	1.18191311908752	-1.01500366259829	3.58940606323469
cent1992	1.3803182663682	1.29302982849881	-0.995670249789813	4.24010790031582
cent2084	-1.87084947585474	1.29518279784053	-4.70406737172648	0.465447150740526
cent2100	-0.834954184570649	1.27703546373086	-3.47602310333247	1.56686784407197
cent2131	1.12739297128382	1.45714613841076	-1.56081212989649	4.20548293440515
cent2292	-0.300540558052836	0.887001177113185	-2.05821195968805	1.46167221625726
cent2314	2.1948960691656	1.41172708122917	-0.310188335432546	5.20491294533307
chak1270	0.0171557619641849	1.41102697610031	-2.89092358472732	2.69387007689634
chak1271	-1.2579499285054	1.22550414676682	-3.82093006005589	1.03094525218887
cham1312	1.11250011152865	1.47489746587303	-1.56997950191032	4.31912342658854
chan1313	-0.128131424873357	1.2795256276539	-2.78451853060762	2.29251916316045
char1269	-1.06645865147716	1.64486159482143	-4.58208421577199	2.06797092585953
chas1234	-0.990271906005978	1.60867366992814	-4.45066843653645	1.92253288963544
chek1238	-1.04106502455703	1.21581405326138	-3.6200992265317	1.16637644076939
chen1255	-0.334111445322553	1.61909868526701	-3.62767997082862	2.74735604394541
chep1245	-0.325526500585224	1.27032773897158	-2.82741063050412	2.17125349273897
chey1247	0.870058553768975	1.55696664914024	-2.06696958666453	4.2461080478704
chil1280	0.183187142038195	1.62277436555678	-3.07794571814125	3.48046909799233
chim1301	-0.986710667110238	1.61877981647611	-4.42664479321235	2.05881214851853
chip1241	0.669848786617612	1.53001944827262	-2.18735481890968	3.91397684402304
chip1261	-0.192238778557875	1.69387467310275	-3.64261583703988	3.057763765365
chon1284	2.28583487141733	1.43545813501628	-0.286515699793773	5.46603367189231
chot1239	1.17819221785144	1.06524186399317	-0.981580046022772	3.27264000501483
chug1252	0.133126165730907	1.48139160184807	-2.90822483284433	3.03543721628579
chuv1255	-1.78993095218104	1.47993458665927	-4.90309932920455	0.900199167826982
chuw1238	0.486307344006556	1.48454028290788	-2.26470262969246	3.66580161256486
cici1237	-1.74986059364709	1.38817022731538	-4.72382768261362	0.751238280429172
clas1249	0.182329702757554	1.55580143463427	-2.74375069665741	3.44453724207653
clas1250	1.20824181618633	1.51845457411021	-1.64124092831791	4.40187214559907
coat1243	-0.398183045371904	1.40444023457819	-3.26904102465255	2.30349515257673
coca1259	-0.427862703497556	1.58859383938433	-3.81309917639233	2.51736411224642
coeu1236	-1.24788454195857	1.52964896938196	-4.49182245895049	1.63963071622382
colu1241	-0.829581288284909	1.49068122169154	-3.93094116896588	2.03839664139197
coma1245	-0.784523033702446	1.45979961588584	-3.89310085801579	1.91812397288006
como1259	0.816779848067038	1.47293019922846	-1.98648832423709	3.93108317280325
cosa1234	-1.54427412869925	1.49431292609335	-4.77017953353377	1.09207437189644
cota1241	-0.1786393981341	1.12897459588597	-2.44823373532243	1.95381745471613
cowl1242	0.0765587534064539	1.35252540044062	-2.62426891810972	2.74551632258969
crim1257	0.571432144277043	1.52946644469985	-2.3409390522314	3.7326789963875
czec1258	0.343006881024591	1.57614559042305	-2.67509873349286	3.61649797759424
daai1236	1.03839137678693	1.31715649481976	-1.54956287186901	3.57989812471546
daas1238	-1.09425915162152	1.518169943984	-4.3021376486552	1.68306753653964
dagb1246	-0.88647317944402	1.32504215161159	-3.59655809524327	1.67424342404401
daka1243	1.15475162420977	0.76424191971593	-0.275117475793943	2.74328181350134
damp1237	-0.806297950493006	1.27927491712981	-3.49042730848424	1.59557567852233
dana1252	-1.09890636294008	1.44250404450852	-4.13840237479289	1.53462247881394
dani1285	0.347302001165799	1.56649038551731	-2.49646847281545	3.65227307412552
dege1246	1.09344746233941	1.40503574340124	-1.4273586032791	4.09063500011994
dhao1237	1.06086257670603	1.41065895654908	-1.54299156462156	4.10776831364669
dhim1246	-0.766819351263674	1.48262586182181	-3.83642034258057	1.96902090949644
digo1243	1.04154745017688	1.45803651380336	-1.6058687087647	4.16042511769851
dima1251	1.42828497352655	1.26587135834069	-0.972548924505319	3.93909745851354
dobe1238	-1.41547713602811	1.43720441966624	-4.55445028779305	1.10364736605106
dobu1241	-1.10632800429175	1.10094525936519	-3.40374351968217	0.958617189270308
drun1238	-0.720636113719231	1.6179401807683	-4.17343577549192	2.32459879670001
dual1243	1.78468858030837	1.48545439220648	-0.859724724173074	5.00124448553801
dumi1241	0.0111604172724551	1.20777491513098	-2.44833017357037	2.30799154455168
dura1244	-0.49765928207975	1.33673632827677	-3.26386143472103	2.00169492667094
dutc1256	0.43710797913743	1.58225914309646	-2.50342504609683	3.76669779326898
dyan1250	-0.291679348987907	1.65953686468609	-3.65543643958458	2.8690747053881
dzao1238	-0.369620923372806	1.64191441957395	-3.70436285394921	2.73769732925507
dzon1239	-0.745608933636615	1.56489473099052	-3.96423109469952	2.11114871875878
east2328	-1.23679162644393	1.354829715462	-4.04528480039284	1.31429691026356
east2330	-0.648696666607077	1.45026304896546	-3.75768157779565	2.07912359254376
east2332	0.353206666980969	1.32467973386995	-2.29795817199836	2.95394149296913
east2443	1.43229995975889	1.07617759354777	-0.579887331106336	3.70112480944648
east2447	-1.09194140311429	1.415839130267	-4.06972694685573	1.55572550656969
east2516	-0.961692795180458	1.64778809670143	-4.36241194167338	2.05822841634241
east2555	-0.189481244314299	1.59105472925037	-3.45408903630802	2.86418118580077
east2690	-0.975795678600038	1.51870680652679	-4.18241755243517	1.84426796729546
east2773	-0.0274186545119156	1.22412591521822	-2.48082042855261	2.35253559462809
egaa1242	0.549274901456858	1.46901952548784	-2.18990439913653	3.64023380649954
eipo1242	-0.00839083569453804	1.63946190812566	-3.2542723380157	3.2015013699852
ekar1243	-0.450502834554513	1.652212992525	-3.86132267159976	2.74913724258199
elna1235	1.76052481295127	1.48197680344444	-0.831818553446529	4.95676565255771
emai1241	-0.010832438649492	1.35648756138034	-2.60784614386205	2.67228028244355
enuu1235	-1.29042086167285	1.55786861969267	-4.59474266943902	1.5735095670891
ersu1241	0.921263004856781	1.39514463738103	-1.81580493132883	3.71101127721741
erzy1239	-1.46698756964942	1.50187212062706	-4.66697233335142	1.25838373650798
esto1258	1.03106714878897	1.53389194315069	-1.8131048874007	4.33179597809957
etru1241	0.309267338388693	1.48690497517789	-2.58118311253615	3.32808862331607
eude1234	-1.08714000585316	1.5489603733605	-4.45714443404068	1.74996858610185
even1259	-0.211829570278264	1.71189384685738	-3.69719623734749	3.06893321900803
even1260	-0.161959104126266	1.67090543972238	-3.61017698839821	3.06186519696448
fala1243	1.98231591883019	1.41817359021306	-0.650838315306252	4.92868684743008
fare1241	0.195414429032653	1.38779070912529	-2.36087925124359	3.04771631071109
faro1244	0.302909207539393	1.56037628362953	-2.60593774872963	3.51496027618396
fiji1243	1.32657309634475	1.41965094012554	-1.18867034765416	4.41898435071206
fili1244	-0.628452450295433	1.32728407256143	-3.32961613599897	1.90527169820328
fina1242	-0.599723945628918	0.852662011464457	-2.30946474140846	1.05707411984266
finn1318	0.765352890046076	1.48698891234281	-1.91785165428544	3.90735365122017
fonn1241	1.17163345509581	1.41327892759601	-1.33129221518896	4.17958091437914
fore1265	-1.35520754267987	1.50340095748754	-4.57176618139577	1.45179532339221
fuln1247	-0.00890216935854054	1.65295870832006	-3.31810313990613	3.24447846272438
futu1245	-0.300414031383708	1.21525017672816	-2.75446237144325	2.11858722534044
fuyu1242	-1.44284665144104	1.30921445394096	-4.2224821074438	0.987617243168838
gada1258	-1.38008772466181	1.00351830351492	-3.51677658498186	0.448648623213744
gaga1249	0.621635885089482	1.59366634352197	-2.38896431114926	3.89490382968444
gaga1251	-0.176716384485238	1.62497582683256	-3.53501803887757	2.96944964920859
gahr1239	-0.131391202339321	1.66224164680232	-3.52631131667543	3.07429829989125
gali1258	0.374684333239327	1.6284329287909	-2.70499076745984	3.76828959431246
gali1262	-0.399556290620357	1.70759426923701	-3.92247309982793	2.78521259462292
galo1242	0.0542578111512885	1.48372294178823	-2.98779643963965	2.92931365313258
gami1243	-0.225596093157775	1.65588279897085	-3.57891548976607	2.93559971287274
gamo1243	-1.35957275673341	1.60487138370655	-4.7327166073944	1.58208042343977
gang1266	1.39725915578791	1.07271375429476	-0.722174687217137	3.52995752876514
gant1244	-1.58688690250494	1.57883284907236	-4.96234846509458	1.29052150182409
gapa1238	0.0546648384646192	1.18490661530325	-2.25201040732614	2.47422757261899
gayo1244	0.367175629536507	1.32500502682074	-2.17451577703366	3.11038143755467
geba1237	-0.854714643497571	1.55339507192483	-4.1381719688098	1.96015332269476
gebe1237	-1.58903191131902	1.43530275035556	-4.71951788884339	0.965454834381356
geda1237	-1.99416451031374	1.28172171098715	-4.75958868655893	0.241924305344004
gela1263	-0.932669806257384	1.07929565640011	-3.20507612435911	1.1360849869579
ghan1242	-0.23169728962021	1.25475920526377	-2.79830949859375	2.14973325476546
gheg1238	0.659740581115381	1.60829595537704	-2.36557901835513	4.02625026010616
gilb1244	0.924277168501912	1.46507502724169	-1.71184888476652	4.00916236798286
gola1255	-1.49623242602152	1.51807829085962	-4.75473836218502	1.27147246765476
gros1243	0.775600014413982	1.51627810976344	-2.03719410746128	3.93125354184452
guan1266	0.082708585096994	1.4189598247882	-2.84365191322174	2.78937223517937
guat1253	-0.328881464482949	1.58169763741463	-3.52265716467259	2.67815547961861
gube1234	0.729160005967899	1.4958577174889	-1.97353994824809	3.79890925456872
gude1246	-0.691788873027627	1.15647218464336	-3.12555799937993	1.51844615180892
guhu1244	-1.36673540328026	1.37352312339431	-4.21741019603677	1.19551128316772
guiq1238	1.45634862712122	1.46036097879965	-1.32173668224591	4.42572328096617
guma1254	-1.38159512484313	1.14158433070566	-3.75910623686814	0.758556459991324
guny1241	-0.274697647093371	1.64894801818216	-3.72506326089059	2.812033707041
guru1271	-0.745987732164928	1.27657419047124	-3.4234711989935	1.65137866395345
gusi1247	0.784835783003785	1.54114046212556	-1.98460431379496	4.08767705210621
gyel1242	1.0301079340385	1.5392570246807	-1.84822690801881	4.23279036505387
haaa1252	0.777345691947883	1.50881068160855	-1.9496896692481	3.97932974105652
hadi1240	-1.51224759934364	1.43246340507732	-4.60730929097743	1.03373789265747
hait1244	-1.8427573190079	1.54800605424392	-5.06264165262896	1.0700784675168
haka1240	0.43711068334963	1.35072067724931	-2.35268844206636	3.03499758988665
hala1252	-1.30383946453022	1.41450030730415	-4.33926852688607	1.24277181952264
hali1244	1.92245358692103	1.38108951972339	-0.457974621959684	5.00629880644817
halk1245	-1.02701934869374	1.49954656975134	-4.20712099616968	1.75284891591707
hani1248	-1.11156073298056	1.55694575049016	-4.34907925809882	1.77833908948914
hano1246	1.69161024366771	1.0646941801627	-0.221572121895883	3.99381604121486
haro1237	-0.986835717510528	1.37319214434131	-3.94918182933656	1.53350426147829
hela1238	-0.358646988564188	1.26639524998874	-2.92617562180976	2.07395079740606
here1253	0.612596620166736	1.50935928338588	-2.22710246350425	3.8723738359458
hier1240	-1.63206127972259	1.51571757793744	-4.75792717969774	1.24256547037084
hind1269	0.416833359245735	1.57987026489098	-2.5164917358377	3.80625854343633
hixk1239	-0.265986022017872	1.66110896756159	-3.68788158995743	2.9260153021349
hoav1238	1.03226910112086	1.07317162942831	-0.862724373126735	3.32570081790788
honi1244	-1.22295796093688	1.56360009612779	-4.51027590580951	1.66757482544403
hopi1249	-0.905692040723671	1.49266703758181	-4.02063243088685	1.80523919164167
horp1239	0.550435199562772	1.42792107210967	-2.43094142442209	3.34816888890043
hote1245	-1.06755176552726	0.947694533567403	-3.07596008425328	0.626372940869156
huar1255	-0.405794923595992	1.4512803334531	-3.42214516909028	2.39737413719004
huas1242	1.18323509159734	1.59756446635911	-1.82111430503586	4.59158822929572
huic1243	1.79060640657407	1.47010979464163	-0.88596174284537	4.94212527736813
hula1244	-0.922127876935114	1.45967018517437	-3.984425508906	1.7424495241865
huli1244	-0.584107734824582	1.70716748796731	-3.98367864322249	2.74001172112251
hung1274	0.758079067618562	1.50033376879576	-1.96608344973495	3.92366361883151
hung1275	0.142908969908065	1.42451548416549	-2.77080922572223	2.88161739834688
huuu1240	-1.58312526225267	1.5032598407693	-4.79858868030162	1.08857698002765
iaai1238	1.89308356535832	1.37087631700252	-0.499222935790887	4.93891092310196
ibal1244	-0.0653928427062277	1.00875577740641	-2.0661458638361	1.94823854040903
iban1267	-1.75627256125955	1.19986648058748	-4.40088879609349	0.38259443787458
ibat1238	-1.58493090481669	1.38380372807227	-4.64700439305384	0.873901087153489
icel1247	0.308841521800605	1.58526986492913	-2.71830789880734	3.50940420123481
idom1241	0.614583419852677	1.40864680130324	-2.06412555520704	3.55510404649757
iliu1237	0.561549267904607	1.25389258339222	-1.77897252152145	3.15952201463974
ingr1248	0.896867571711872	1.56066742525191	-1.97604853179288	4.31105068992181
irar1238	0.158843796735372	1.30964425237063	-2.35504480217867	2.89399703092608
iris1253	0.236933867970646	1.54778279656587	-2.63092558808379	3.49506490330252
isco1239	-0.423781479616134	1.69522948692455	-4.01211496660883	2.80563699653791
isin1239	-0.384381396179144	0.964496438231422	-2.29663203607345	1.51796222420479
isth1240	1.33330503591614	1.45167983217011	-1.35802660570292	4.38658545885387
ital1282	0.418992565374379	1.57846450709452	-2.52594620921861	3.75307454898083
iton1250	-0.414766219150681	1.64368351667698	-3.77478886437436	2.67250100058132
itza1241	0.509132920650895	1.59889482163166	-2.50321333427004	3.86416960879135
iwal1237	-1.11876161619806	1.02171323414557	-3.27552097216138	0.800043755373085
iyoo1238	-1.5720114143855	1.23860607550901	-4.15339703367982	0.647616051961823
jamb1236	0.686553244966172	1.41175717530403	-1.91137676018553	3.62748259283286
japh1234	-0.312899523113859	1.44545917587129	-3.37130924969563	2.38636029814995
jara1266	-0.765214369120227	1.29292033040171	-3.49962103341402	1.66003205618076
jina1244	1.18291197547029	1.22795712248616	-1.1387646006499	3.66287407990906
juku1254	-0.0119678239587761	1.20345615028885	-2.40960922057374	2.27836241890762
kach1280	-0.905817763509982	1.62121030729305	-4.23849745270186	2.07387517798292
kach1284	-1.40648210556784	1.57815877611459	-4.76246473795623	1.50120806166593
kado1242	-1.47060806847861	1.54755251303963	-4.74151419187358	1.37114639437014
kagu1239	0.560897276106735	1.45998672944361	-2.11326461525618	3.67113077249577
kaik1246	0.028975082714476	1.42488860474635	-2.94293014322244	2.75118951283103
kala1388	1.50687546730645	1.26902723842911	-0.755356738370369	4.24579417051972
kalk1246	-0.386758805388901	1.67415630056038	-3.88934540463607	2.81491207159149
kama1351	-1.28197659269845	1.47717765353119	-4.36528626074079	1.4574240103487
kamb1299	-1.06942394562081	1.39294325358561	-3.92775202436277	1.49748879479002
kamm1249	0.0331492335302668	1.33112723091948	-2.48428364468286	2.7683864426543
kani1286	-1.48409084884915	1.43698582988748	-4.53203060281021	1.23606626191161
kank1243	0.127800605162439	0.975728567868871	-1.75606740189051	2.11888697587691
kaqc1270	1.17887798467133	1.58010483207235	-1.70243166681007	4.44498746860522
kara1486	1.2455394172852	1.13429177878112	-0.887261393495874	3.58759547110232
kara1500	-0.264716590331788	1.64585136399318	-3.70881397664466	2.89870957697188
karb1241	1.14356375650383	1.29598155400314	-1.36550242722693	3.74146771275876
kare1335	0.830708535022434	1.49548839387945	-1.93931720731176	3.96997398137357
kari1254	1.97776441575367	1.60104297985653	-0.947728031551307	5.32610940418193
kari1311	-0.368961478381252	1.65981166604686	-3.76862961742164	2.72500424761905
karn1252	0.301862162326614	1.05082606991473	-1.77227470531333	2.46454403371906
karo1304	-1.09972751939116	1.59851353371897	-4.39804373377194	1.87326223789902
kash1277	0.22082069713414	1.58752159221297	-2.81866898247945	3.54899440466653
katb1237	-0.142186291917377	0.683498407807487	-1.51320347032602	1.17965849495818
kats1235	-0.965952456784127	1.5606944266048	-4.2841390911195	1.98794280540363
kava1241	-1.81429747565068	1.41199280896159	-4.92713049650995	0.684346346488926
kaya1315	-0.949020447227981	1.51411844402543	-4.14045869892457	1.8227055059931
keap1239	-0.227999301286713	1.12510340987015	-2.47035418368681	1.96862366037935
kele1258	-0.650404232605381	0.882007709952782	-2.47519306941819	1.0377590905155
kele1259	-0.140517001893239	0.851619647859668	-1.81156899174867	1.5366091524645
kemb1249	-1.7563511715996	1.4599936559847	-4.82027843096121	0.891481103996594
keme1240	0.824720661041921	1.06554281846206	-1.2323815577812	2.97733135786692
keoo1238	-1.14500047771701	1.39981058656565	-4.03276155094559	1.50309874528673
kera1255	0.688861295205826	1.17331276045863	-1.568212967753	3.07329134524018
kesa1244	-1.77823566100233	1.40851871922248	-4.76910558118291	0.81116349148922
khal1275	-0.571166821645609	1.32063904181502	-3.2983134349231	1.86583864182938
kham1282	-0.239023621984606	1.62711740497238	-3.62512416101779	2.92385867355249
khan1274	-0.353229569856266	1.38376831186129	-3.1835278312198	2.30613391442724
khan1277	0.983811382303464	1.13588209145956	-1.25319208262269	3.26407677513688
khan1278	1.40956295321522	1.38972635974907	-1.02996400648363	4.3439066401971
khas1269	1.71572541475597	1.3485068447204	-0.72695798705611	4.59062488742352
khez1235	0.951928348015242	1.1321186474812	-1.31376343763132	3.17830534910248
khmu1256	-1.04602853329805	1.50206084269265	-4.15452114596118	1.75149434277682
kich1262	1.22567489818717	1.56732812351814	-1.64983148264704	4.50145239726106
kile1243	-0.239888037132009	1.66010693009588	-3.5922502133956	2.97732839579538
kili1267	-1.43233714924584	1.30003637119658	-4.14234643354235	0.870863619907364
kimm1245	-0.914671681048045	1.54046050401693	-4.0405144694252	1.91956135232096
koda1255	-0.713437205173125	1.61982247591156	-4.138372480048	2.39967880613158
koho1244	0.258835425228594	1.30598386478617	-2.38810927971954	2.7640489584471
koir1240	1.7171935762468	1.15304888823227	-0.432741454139626	4.06467992594599
koka1244	-0.205015630990347	1.66117114046983	-3.68126691393023	2.90318448310229
koko1269	-1.02704063865946	1.26408814866332	-3.75039677951753	1.29968198279994
kola1285	-1.39006026048902	1.43889646841458	-4.51732852669773	1.20751993180177
kolb1240	0.241945530833963	1.41538645101743	-2.47807019272847	3.17901573815302
kolc1235	0.509838452374219	1.31658229831036	-1.98478585617531	3.24581877872768
komb1274	-0.247083182942198	1.6968745970394	-3.73208102859576	2.99533843379334
komc1235	1.56056292395962	1.09607966694871	-0.368420453082383	3.89064429982534
komi1268	0.738135135517845	1.50295253078379	-1.9930187854655	3.92446747697571
komi1269	0.744634849851272	1.48318558942814	-2.04356657139669	3.81005307076992
konk1267	-1.83365945598525	1.53293854599157	-5.00043999297269	1.07823295665946
koon1245	-0.627043303180628	1.36117317425657	-3.39001185469753	1.99765016247589
koor1239	-1.30614154625028	1.6063783825636	-4.76424962394411	1.62848739007157
koro1298	-0.61389551708245	1.29096016362323	-3.23389903287483	1.86036391976699
kosa1249	0.0495470496615582	1.6174916672598	-3.242523541684	3.15569612789321
kosr1238	0.827679637010358	1.44931470428175	-1.81645440584839	3.89432403619983
kuan1247	-1.39494776405513	1.46262369870122	-4.48351210749642	1.31032078091446
kuku1273	-0.204636232788707	1.67013189761943	-3.61698669387676	2.97181318775936
kulo1237	-1.82158823449133	1.27201324370431	-4.5539665026502	0.432155014994246
kulu1253	-0.580098089763549	1.32935598436249	-3.38943100411733	1.86640258048457
kuma1276	1.75945139050954	1.26668052137488	-0.471377838345133	4.5348265091609
kuma1280	-1.53484175853219	1.53605398125202	-4.74533410224818	1.35589133877047
kumb1268	-0.288023467947359	1.63868452547256	-3.73231345833637	2.81333653618538
kuot1243	0.867499811164712	1.07508041086464	-1.20267002496178	3.00203026582065
kurr1243	0.159923498958778	1.57141802138024	-2.98330741786064	3.28580595374826
kusa1251	0.919942441898076	1.04795161506043	-0.950880633644626	3.13684287265305
kusu1250	0.60892201365681	1.43705558553288	-2.20561394845279	3.43946771392647
kuvi1243	1.92187977818749	1.58036660690256	-0.992305398725899	5.25000453089349
kuyy1240	1.97842451872828	1.46970753176918	-0.677094997925991	5.09968183980628
kwai1243	0.494557342435796	0.931783473261621	-1.30590715119889	2.45006252363578
kwam1252	0.532791825818693	0.906923772916337	-1.2111952176461	2.38016813587155
kwar1239	0.635254303165076	0.943539374835791	-1.16012695889899	2.59375431478766
kyer1238	-0.503358415743154	1.29839586864445	-3.14990069871288	1.93130332109219
lagw1237	1.26840654864994	1.24723629910831	-1.10376579109075	3.85308214104114
lahu1253	-1.44412516680169	1.54605413436751	-4.82262780957401	1.35398917699432
lala1268	-1.92952324168209	1.28256116067956	-4.71801110623184	0.324541478763934
lama1277	-0.315815852944938	1.14716349267013	-2.55122601870251	2.03107537497378
lamk1238	0.874184668147349	1.13391592205637	-1.47813895995115	3.07766518711566
land1256	0.381475683969173	1.43552894630925	-2.23543466082518	3.50141023281628
lash1243	-0.981065125849285	1.61532390100657	-4.44722744816144	1.96494086718295
lati1261	0.310956713592686	1.49073072343272	-2.55881671728752	3.30407058202771
latv1249	0.694256424111257	1.61544583563116	-2.33306115873567	4.14080379825943
lega1250	0.729696710988912	1.52878810602441	-2.03610459920158	3.89081614122734
lele1267	0.532433078894157	1.0923727512178	-1.54787221897185	2.75967862834916
lele1270	-0.585737067700401	0.876213783218636	-2.33101563370688	1.07928622810137
lele1276	1.07573495408524	1.36497848023948	-1.43829648632968	3.84132537858476
lemb1266	-0.987229480571179	1.64805403271603	-4.39181654998683	2.16317204348439
leme1238	1.08050582815213	1.0706159910656	-0.869680563399481	3.31315870963597
lena1238	0.659203240122247	0.925276178939053	-1.12085921338375	2.52726979522558
leng1259	-1.32747734142842	1.07015414231851	-3.62595189677617	0.610134998140814
lepc1244	-0.851306796973158	1.48791648698638	-3.95620346760718	1.90617067829791
leti1246	-1.23260556790965	1.24796793235679	-3.97913326659932	0.972873974408167
lewo1242	1.30195038036698	0.909535831545407	-0.380934665180318	3.21077360116029
lewo1244	-0.385713894817556	1.13502565858796	-2.63252000645278	1.85668729867061
liji1238	-0.296568297492482	1.28777654746017	-2.86259137873764	2.18353967449427
lill1248	0.616535485618277	1.48558416336731	-2.20879086719796	3.67230060193096
limb1266	-0.747131617313233	1.39401679663923	-3.6948175150808	1.85513322114277
lipo1242	-0.899482147488168	1.55517551078138	-4.14906240351031	1.94350732711617
lish1245	-0.93385051775613	1.4726062721873	-4.0838435118556	1.73343001876756
lisu1250	-0.888051502579354	1.58750648083393	-4.22303683628189	2.11104640401485
lith1251	0.548290250687929	1.56004544109518	-2.34850398857746	3.80349160933854
litz1237	-0.323983242823653	0.684871503694106	-1.71033738785554	1.0057612041845
livv1243	0.909074507029315	1.51164615554607	-1.79962358003726	4.08211411444673
livv1244	0.809931024753529	1.53032858092065	-2.05559135326818	4.10934880438136
loka1252	1.32427935778307	1.47499491596442	-1.32093918214021	4.51545520596406
lolo1259	-0.800893082133194	1.54843200817269	-4.08258757587958	2.13587700351765
lomb1257	0.510890431325999	1.60044194550209	-2.49542273581773	3.91779266468413
long1395	-1.15083153669114	1.10202809447418	-3.49130726768568	0.874296980874539
loni1238	-0.463349115639863	0.918779283084078	-2.30745428141587	1.293145300555
lote1237	1.07255625818139	1.26572917704612	-1.24033504500483	3.70626337913869
louu1245	-0.0337743869654742	0.922782816080105	-1.87673737715547	1.7982718504301
luan1263	-1.31988021733918	1.2852072784308	-4.06614710475424	1.0063925695486
lubu1243	-0.931084112078316	1.00330321867024	-2.96617967465197	1.01533892977539
ludi1246	0.913378724466298	1.53435609763724	-1.8981764270531	4.20396523371725
luis1253	-0.178161371804706	1.26099271090214	-2.7136280058485	2.22812008502632
lule1238	2.33523100523455	1.70317142910813	-0.792929379322541	5.92089005920214
lule1254	0.868657957654076	1.48206774010818	-1.85726419591846	3.99832399159666
lush1249	0.281141862525585	1.3801887442894	-2.54324679182907	2.94144696915942
lush1252	-1.23916811051179	1.50495880952836	-4.44624403468532	1.51380629702299
luva1239	-1.15883405183339	1.39540275889026	-4.02343109983099	1.47266088638446
luya1241	0.255650623312588	1.43377358024823	-2.40239190640447	3.20497253926469
maan1238	-1.1099166443462	1.48838855316874	-4.34181810358919	1.61088577781545
mace1250	0.700011402678243	1.56205314496115	-2.14938615080298	4.06358241651225
maee1241	-0.435280061399574	0.701497939390954	-1.88816089127271	0.911052208703936
magd1235	1.15401077200821	1.46208179836483	-1.57024743833546	4.17287976649531
maib1239	-0.59544506620201	1.57407758631051	-3.73298322642575	2.40119217533943
mais1250	0.452247466136167	1.26682467460145	-1.94730574159369	3.04788296978154
mait1250	0.546934995828615	1.43248874744473	-2.1093139338609	3.55446906255531
maka1304	0.723429199631222	1.3105830465851	-1.66148945639179	3.48042316092348
makh1264	-1.31518955016443	1.44531838772581	-4.22045689498041	1.39589355685412
mala1464	-0.584498712825402	1.65972055879887	-4.08819301931367	2.5607762168618
mala1481	-1.09162731482102	1.45384721098378	-4.1425697084099	1.55730377650182
male1284	-1.27486368550953	1.61773889437397	-4.71070522923692	1.66537762772047
mali1285	1.67807099539917	1.4726891276623	-1.01895753635653	4.80649407207635
malo1243	-0.034409967938753	0.778587819295564	-1.55498674757586	1.51992722079479
malu1245	-0.502504698650382	0.727082747594855	-1.99744938514248	0.918584182671481
mama1275	1.35187398964981	1.49700943467803	-1.32014996696322	4.53925036611461
mamb1294	-0.577765288540266	1.18053358237105	-2.90469251361641	1.70556463496596
mana1288	-0.490852273202175	1.41906946351672	-3.42252804158755	2.20574857061677
mana1295	-1.52100183405058	1.4294653980787	-4.57684059605072	1.11027419710251
mand1415	-0.261380578675955	1.59394920698558	-3.57118364833195	2.71711763457587
mand1440	1.04423500622813	1.17831993405002	-1.15957432266357	3.43496265792783
mang1378	-1.34251320198477	1.43377727084648	-4.44792593922501	1.29848933986584
mang1401	-1.02321291691528	1.45336733099884	-4.12582826795759	1.70148177977297
mang1403	0.945165506406287	1.21567780402615	-1.30275309019433	3.48304602549827
mans1262	1.51628673039175	1.40237636577759	-1.00129821159631	4.54300135337196
maor1246	0.942900259164762	1.43191687611521	-1.66305022820084	3.90979095068801
mapo1242	-0.879925230392753	0.910994071237002	-2.77911242974566	0.804545653056876
mara1378	0.0594256858355703	1.56561710155795	-2.92653180251385	3.37487710072359
mara1379	1.48584919728714	1.12939751461291	-0.640984918427273	3.7327411647156
mara1382	0.0374209099502866	1.37724677147296	-2.77079688253036	2.64501462711698
mara1399	-0.455553439407615	0.692270363881403	-1.89367584664985	0.886396960189536
marg1265	-0.0796551621467092	1.22844472542456	-2.51926474911133	2.37912406429904
mari1416	1.15095903118089	1.07173960913441	-1.00985411035192	3.18563403357769
mars1254	0.917690662068977	1.51456961779394	-1.76736597648907	4.09953629578702
mart1255	1.82698789828578	1.57286320298829	-1.11090573367431	5.14080665799986
maru1249	-1.0510413044368	1.6238519587198	-4.56784889623874	1.91884133282275
masa1322	0.570854116071189	1.22932284195305	-1.83633012607366	3.03166291540378
mask1242	0.717274286129309	0.720886488426237	-0.617566760668931	2.20498095228069
mati1250	2.00057717441823	1.34159214411506	-0.364603008566495	4.88009645644299
mato1252	-0.358732000281307	0.994784693684578	-2.37509757727023	1.58414831600768
mats1244	-0.31280163388751	1.70941016860481	-3.74443953440534	2.90373298668524
matu1259	0.225998457615799	1.44231984092785	-2.43526145108414	3.2376911290955
matu1261	-1.96966163074237	1.29952479464959	-4.71397428413902	0.260889404850996
mayo1261	0.562165819273359	1.44564538056837	-2.07144475374802	3.59362868254728
mbol1247	-1.35133468545914	1.4571137668121	-4.38942691736195	1.29797892331302
mbul1263	0.423647551902778	1.06749129928617	-1.64258089586194	2.58932033445765
meke1243	-1.94769412689038	1.26576651907331	-4.76421449534555	0.284682540810065
melp1238	-1.28203549168382	1.6374894831265	-4.75492840472446	1.80674005622327
mere1242	0.194899540336944	0.905626522311987	-1.60276948284281	2.02023512419518
meta1238	1.85005370549685	1.3194005521886	-0.482806368440462	4.6654773662112
mezo1235	0.496031198527768	1.44812459430658	-2.32503536349598	3.45369907650053
mezq1235	1.75321475352661	1.57471684321089	-1.07517917898313	5.10402488000778
mich1245	1.37781549358867	1.51855286232268	-1.43197563335948	4.52659335238796
miju1243	-0.684089286212569	1.58251660213923	-4.02747404032201	2.26581992277773
mikm1235	0.751559040311781	1.51614666974848	-2.12946570372249	3.83924510080938
mila1245	-0.305825471035598	1.5415601044384	-3.53840478070562	2.59489306133631
mina1276	-0.418038489659788	1.03374943977406	-2.55311217391166	1.63434679946325
mini1251	1.72629605967409	1.31836036723647	-0.65308001159073	4.49513477038081
minn1241	-0.400445638911129	1.62642287259012	-3.80590130089585	2.62528654981002
misi1243	-1.5023997860889	1.43033719167545	-4.55944332049882	1.01179841476624
mixt1426	-0.452947346045045	1.34970362452806	-3.17732661571322	2.22531671957724
miya1259	-0.36550429480637	1.67108861116989	-3.84172680676169	2.80841490746288
miya1266	-0.983904491073061	1.3579096052403	-3.82900044200841	1.4485720121114
mode1248	0.45098138252638	1.5952912483463	-2.50872986815789	3.82060161259191
moki1238	0.674802999824958	1.38166427370487	-1.86153472343089	3.5547669324774
mokl1243	-1.03041761757238	1.47995469205687	-4.19865135779181	1.72514556362811
mokp1239	1.74437663901993	1.49642628962297	-0.907791020819582	4.9573101964641
moks1248	-1.41907639046413	1.50384289337032	-4.62516794108082	1.30947495484813
mola1238	-0.184020997080994	1.63052466529987	-3.5180007554379	2.9380250693545
mose1249	-0.13082938225495	1.64131716072662	-3.48649001133401	3.12257625784944
motl1237	1.18976581150093	1.14635634699214	-0.907353736888229	3.60654371458156
motu1246	-0.622263434155975	1.07392610941157	-2.78597214388926	1.45013090459711
movi1243	-0.296958479367005	1.60842111142491	-3.60666466812924	2.80265653561369
moyo1238	1.19909662273219	1.09188854966813	-0.977415132525971	3.36478525075646
mpad1242	0.680819977261089	1.26193414676984	-1.74012937791408	3.298725267443
mpii1239	1.52499756149866	1.48894439502878	-1.22228854116217	4.58592018215224
mpot1240	-2.16732444785949	1.44814906200318	-5.30901033029067	0.408973813732592
mpur1239	-0.548421142976382	1.59013135381358	-3.86672976849009	2.45036382225717
mual1241	-1.61095945327142	1.460480535332	-4.73896197541709	1.01784899882358
mudu1242	1.05969066420659	1.34855630676585	-1.48973004995702	3.81420823224572
munc1235	0.654908410854677	1.37555022721113	-2.15029557005351	3.35277967499791
mund1325	0.102220408068028	1.15391791908142	-2.19576768721047	2.46227279283383
mund1328	1.11181691753894	1.031938096936	-0.80673124218558	3.22745882818858
mund1330	-0.263827887100194	1.61139050792563	-3.50502501387119	2.77140056296907
muru1266	-0.241045497679156	1.64301961284349	-3.74593210798641	2.92039341959008
musa1266	-1.8146968958229	1.47289619505431	-4.8991807033626	0.899976698632354
muyu1244	-1.45979265018957	1.42639370101538	-4.55177250671518	1.11946594124621
mwag1236	0.942386737366009	1.20164899395334	-1.31833005227866	3.4556033060977
mwan1247	0.447452619904149	1.47259185002902	-2.21796643623832	3.56404359412777
nama1268	1.25009855623985	1.04988923803193	-0.690109268632	3.47955125013135
namu1246	1.00541129092094	1.32674332059557	-1.57609507547396	3.68908199449355
nana1257	-0.26829005042849	1.68910228205218	-3.65937273285777	2.96912797683606
nang1262	1.71357981897686	1.44934596336803	-0.900784817561036	4.82150022268897
naru1238	-0.211400025264941	1.64367023919535	-3.53609337079848	2.8576388444675
naue1237	0.373497264311415	1.26440156483084	-2.0383034008979	2.97913240728628
naur1243	0.905105829146284	1.48251507492212	-1.79323005173565	4.07207818045784
nava1243	-0.58610162783109	1.60562729929442	-3.89694257802557	2.46454396842361
nawu1242	0.43738089816452	1.38745112916534	-2.20953929577564	3.38197613559493
naxi1245	-0.606794577130836	1.54314905184603	-3.82531548544711	2.26430288064856
ncan1245	1.11574873167657	1.0526224665135	-0.82649825464261	3.29765144029225
ndam1239	-0.0322083616684311	1.42339785034743	-2.75355687125395	2.87593070538011
nege1240	-1.97223657902202	1.43831644513049	-5.16976296298781	0.544459193165064
neha1247	1.84925100711954	1.44325054941891	-0.818804249186462	4.89429189505078
nend1239	-1.68674969170719	1.5313545756747	-4.93630042125768	1.11047719309332
nene1249	-1.27430834189944	1.48956694925373	-4.51943186042924	1.47264217372183
neng1238	1.50948025282456	1.43511425327435	-1.04874358716116	4.64289244296473
nepa1254	-0.419326370920106	1.22492258976121	-2.85191096035138	1.91018920433606
nese1235	-0.446072688337525	0.72078968000613	-1.91906172687343	0.948538255174344
newa1246	-0.264406024400073	1.25199571856108	-2.8532944257814	2.12899456909364
ngan1291	-1.33522984284032	1.48917942308102	-4.51411891418812	1.38504084153087
ngas1240	0.862829111766066	1.21970697225674	-1.44615197641874	3.44847311985229
ngba1284	0.673997407599014	1.48799135662711	-2.00238451233361	3.78972849498149
ngeq1245	-1.07782257027941	1.40484436050919	-4.07113930918793	1.46122323420737
nhan1238	-0.205830987574308	1.63759898961253	-3.54119997843683	2.92448427575074
nhen1239	-0.284078068742352	1.65292733270389	-3.67501444702223	2.89264210570359
niua1240	0.670740119005638	1.44301709721392	-2.09119328672582	3.68247044422197
niue1239	0.960074635201559	1.49413365605218	-1.74056895663415	4.16067569237359
njan1240	-0.0648628901874428	1.27555760821649	-2.58137887245497	2.39651161120388
nkon1248	1.13902330111102	1.37887758584958	-1.29064564461157	4.13182146463506
noct1238	-0.427095265963505	1.4005456934158	-3.31968878878693	2.21629890126965
noku1237	0.593638575376266	1.10994385695178	-1.46651559471448	2.8415588678188
noon1242	0.750067766811208	1.54436807564581	-2.10590492595389	4.0115932018518
noon1243	1.25245476715791	1.08532864596252	-0.725590975110446	3.53277202148209
nort2684	2.33903669457045	1.51537823976488	-0.333233354129771	5.65776582261144
nort2690	0.609814683476532	1.55537728003154	-2.33507241743393	3.81247913799718
nort2722	-0.426530205341732	1.48133671640652	-3.57430743466254	2.3831214781526
nort2723	0.412561887265798	1.40633038713386	-2.3952659347741	3.09130043810106
nort2732	-0.373075618882931	1.63300927637643	-3.80335904339927	2.6155809904591
nort2747	-0.361243484667324	1.71300658925732	-3.968272240156	2.98442773835173
nort2828	-1.42697710385471	1.43858626301674	-4.48479674059592	1.1889768504332
nort2839	1.42301126838048	0.824643194509977	-0.105837536909817	3.13652782127381
nort2845	-1.02684433486367	1.45963104905026	-4.13624642530601	1.67515390267872
nort2885	1.55918714378506	1.4708087914576	-1.09764171968871	4.77114745368406
nort2942	-0.150546511132343	1.73211908019092	-3.54491808268665	3.25287759763222
nort2954	-0.884291295073152	1.48814187994713	-3.99351092721668	1.86103557476874
nort2959	1.10086797684506	1.51191236694269	-1.6945265242563	4.36711467938614
nort2961	0.753696760287963	1.54692623665907	-2.14136554872997	4.09298146405077
nort3047	-0.247497352668799	1.08758063416941	-2.46995365207773	1.84386127557054
nots1237	0.849395393628001	1.06510237839885	-1.22895877697609	3.00367452724255
nucl1235	-1.49649912671567	1.48585449261597	-4.61287834035834	1.40421489644997
nucl1301	0.136169323360738	1.44965079674757	-2.74759513905442	3.10211286451248
nucl1305	-0.557679212304547	1.60928579609487	-3.8481245996505	2.49818209416427
nucl1310	1.15494669505829	1.3456001740123	-1.49177792209939	3.7650979179637
nucl1417	1.33868381878976	1.38510175915642	-1.16512189084468	4.36386619096193
nucl1643	-0.210378831421911	1.65555560372502	-3.52516001907319	2.99477885140608
nugu1242	1.80059603550264	1.38747176578227	-0.633642939865157	4.87307356278814
nukn1238	-0.16732534045594	1.01440007237853	-2.15944470931475	1.85381393679274
nuku1260	0.959953201127515	1.48624248867975	-1.78734950354504	4.15437476519206
nupe1254	-0.118195296706426	1.34801394816366	-2.72399071222429	2.61933925444383
nyah1249	-0.667299603860867	1.35684211065446	-3.50628487463557	1.8478875224735
nyah1250	1.59894188526888	1.45973113357962	-1.13483965737174	4.58171376366634
nyal1254	1.54992321835953	1.4153760132247	-1.07438644977909	4.54335282822776
nyan1307	0.198628636050149	1.38515436106855	-2.38791775419301	3.10948141511402
nyat1246	0.395266975380832	1.4405439241843	-2.35566729372493	3.53525764756531
nyor1246	0.066818932509208	1.32447065071025	-2.44426806635424	2.76969468745769
occi1239	0.363373277188101	1.59297339224677	-2.65150261066427	3.66536186419675
okan1243	0.708276928106693	1.47040588985931	-2.06338803555752	3.80297547227993
okin1246	-0.356975750676561	1.65372883324708	-3.7978028145716	2.80507462060287
oksa1245	-0.27244801630332	1.69456075658732	-3.72968289489057	3.0280177782825
olde1238	0.286213362778821	1.61085322950224	-2.76288101950187	3.56227876211847
oldm1242	0.00195693015376125	1.41935580415098	-2.97460837646562	2.67845356954143
oldm1243	-1.01896776299315	1.41134870667934	-4.11903956316663	1.61723243066209
oriy1255	0.628825692769312	1.62732317032835	-2.39550212206835	4.06856995258922
orok1265	-0.191534514004707	1.6779683916173	-3.59014481852426	3.04503222478014
orow1242	1.91962001897849	1.20522258290227	-0.196113158900667	4.56231109543676
otta1242	0.65055637371338	1.57028228919705	-2.2850812457832	3.92154620150361
paam1238	1.28610397442419	0.838549625918463	-0.302705848235618	3.03469313693076
paas1238	-0.761472066901004	1.19237487292782	-3.1268148683533	1.55537876401455
paco1243	-1.01420464822982	1.47113370158271	-4.10319642601032	1.67150652854482
pagi1243	0.869066773106728	1.53461273948904	-1.93588587461019	4.12394333563094
pahn1237	-0.794930733943471	1.55167567421789	-3.9540542993297	2.1239565182483
pait1244	0.948340416728557	1.1832994592988	-1.3577422129148	3.29300601869354
pana1307	-0.324380901415785	1.65849218276336	-3.71269232810114	2.88286607558759
pang1287	-1.8121015278664	1.40439990103339	-4.77310559575394	0.74099373324398
pang1290	0.03293558075126	1.15824597663194	-2.21577422248629	2.38098109261496
panj1256	0.345729527379613	1.56984510681062	-2.62969062080202	3.7033120210743
pany1241	-0.164866077652205	1.64867009662433	-3.56090385752037	3.08509039568037
papa1265	1.52322236018114	1.36207940591073	-0.910328512526939	4.45864576849463
papu1250	0.782841684079029	1.43239080925438	-1.83098167674702	3.90277120279143
para1301	-1.44989811477813	1.5829824430011	-4.88637496650623	1.47237682132974
para1302	-0.180449364062718	1.3371174174431	-2.93153255915821	2.35519979064113
pate1247	-0.983627737490456	0.933703818413643	-2.9519645666314	0.773264531310642
patp1243	1.83601869350108	1.24123197297466	-0.349971071348408	4.52749193443463
pela1242	-1.34126496149025	1.47198409549413	-4.42617258157848	1.27703949470681
pemo1248	-0.230874527583583	1.6521062369781	-3.60169260995916	2.92742562213123
pend1242	-0.649081591961687	1.17847362865521	-3.01817689565722	1.65937221577458
phai1238	-0.195862523454817	1.39791728311217	-3.1447968228753	2.5318870151317
phoe1239	1.26292127176989	1.47836968084001	-1.42445275623852	4.45985926189081
phom1236	0.0475871550912946	1.26500240067638	-2.54553607768841	2.47597374913403
pile1238	1.59378647836577	1.40547086226526	-0.868240415285326	4.6630947985932
ping1243	-0.413553432769162	1.32108392060299	-3.1210225676664	2.11867737475193
pite1240	0.746604460526128	1.48911790742974	-2.03037001400559	3.84714771491238
pohn1238	1.05179122533925	1.45620284388297	-1.68080665249275	4.14889686827805
poli1260	0.351102247016055	1.62768320608234	-2.68350512484796	3.75477420455697
popt1235	1.44883562786003	1.56205802541242	-1.4394837077359	4.83332304843321
port1283	0.352212303303507	1.55864489038731	-2.56818198082108	3.60831843243904
port1285	0.642851754550706	0.71189466769483	-0.686361690488655	2.12935988621097
psik1239	-0.504539990640967	1.07967297902721	-2.76003103537919	1.54258149358972
puka1242	-1.02533769775439	1.43298000556639	-4.09474147753209	1.65621333769909
pulu1242	0.900385598658976	1.47590945762724	-1.81136404565303	3.93094237783018
puni1241	1.18509541954294	1.44359013151534	-1.44256013649897	4.24440787628976
puoc1238	0.644791237094754	1.39439450883111	-2.06614375468897	3.46729983910517
pura1257	-1.13176329649438	1.58376327436174	-4.38073503377957	1.90102262532673
puri1258	-0.166271144328794	1.55498758336068	-3.35111678865793	2.82299233842765
qima1242	-1.05222994553835	1.47960509811262	-4.26650443844412	1.6466805810569
quer1236	1.66301770015967	1.59175940377346	-1.22149306741985	5.07658310703829
rabh1238	0.18755647366284	1.43663044302356	-2.68203090581727	2.90874213407686
raji1240	1.89006814337496	1.38494520796842	-0.777285698780794	4.72446076346841
rapa1245	-1.01182862958923	1.49843527648297	-4.22962607857525	1.75291416810462
raro1241	0.955993448521681	1.47258970872223	-1.73469765185326	4.14781844843677
raut1239	1.75251788581022	1.33830531816856	-0.797188948876849	4.45838352157673
reja1241	-1.21466150995833	1.46904205732278	-4.42501464350386	1.43260596037594
roma1326	0.51849422925194	1.57568462997757	-2.3727275252273	3.86450898572732
romb1245	-0.17478739712344	1.24705075702335	-2.59757496406825	2.26524957119314
rong1266	2.0665912324047	1.24551044525648	-0.236882339219508	4.55336478310824
rotu1241	0.977737878333458	1.51056690172352	-1.77247775210986	4.22270692621085
rovi1238	1.0280999801029	1.0495313537747	-0.845713216736294	3.27932207341095
ruch1235	-1.35530375663836	1.53592208691877	-4.67321934484998	1.39536574580973
ruka1240	-1.35817549711642	1.21382332911134	-3.94003396935192	0.841702185029923
ruma1248	-1.29142107621336	1.49516037951588	-4.5010502652108	1.40449075181265
russ1263	0.32577757744168	1.5862963705771	-2.67174715113055	3.61804300275647
saaa1240	0.260630309501985	1.13279599573744	-1.95291486208811	2.6112771377108
saaa1241	1.67010481953431	0.927265648839358	0.0416571620512042	3.63336432487967
saar1237	-1.40202126092663	1.15994193607827	-3.88228736844117	0.705854308171756
saba1263	-1.43777186925359	1.44656854088209	-4.54183414575464	1.25572330462893
sabu1255	0.773758735179909	1.32955432436797	-1.69813749919261	3.61928117174508
sais1237	-1.84617893343323	1.39187518094881	-4.85314761933377	0.656693167995605
saka1289	0.645165437425875	0.963898431128412	-1.20789458229903	2.63921989950131
saka1291	-0.960817593220806	1.46601918745597	-4.01216430455733	1.72262277457839
saki1248	-0.47662513196179	1.66946528859344	-3.88378328809186	2.67274157241831
sali1253	-0.479515540730305	1.5918046932002	-3.74845121460711	2.53486501471836
samo1305	-1.05435487018482	1.48203585225005	-4.20926806934691	1.74700967676907
sani1269	-1.12618569068722	1.53564720918598	-4.42673755154287	1.73219561108893
sanj1284	0.159831122919784	1.39185319634675	-2.62588776632381	2.96759961391452
sanm1295	1.25724205951936	1.47842615674973	-1.48053232828413	4.33320568447673
sant1436	1.36985857212172	1.51016176203363	-1.43885261957148	4.51309150393651
sant1451	-0.584178107707934	1.37217494168754	-3.30373652818308	2.08497938141261
sara1340	-1.8441823796655	1.51686387066631	-5.00148601401279	0.954655317409731
sars1236	-0.445903245595225	1.69111419479047	-3.92501074245876	2.75487307228171
sauk1252	-0.53633991301795	1.01461647107038	-2.55515998119774	1.43508023302168
saur1249	-0.340012290094726	1.57881719834922	-3.62345553320143	2.72071496597589
savo1255	-1.25609633807722	1.25357807721862	-3.94952631323227	1.02267236360715
seda1262	-1.40196158133006	1.43365114482425	-4.55470835653967	1.1260104989408
seim1238	1.00493849936302	1.46429900109206	-1.64161673080419	4.14904523698726
seke1241	1.6716005276702	0.938829895500445	0.00461067778248305	3.66186620339976
sela1260	-1.4630354338355	1.47369376545008	-4.64572442489526	1.15991158078581
selk1253	0.735548263964527	1.49476040692687	-2.01842776182273	3.86038778677238
sema1265	-1.45872255003278	1.52942246667377	-4.81880702464195	1.3277676722785
sema1266	-1.46983204829594	1.44157902558134	-4.53600925193692	1.19535962891014
seme1247	-1.8719746946189	1.50026112958596	-5.14117051412676	0.751330110895053
seri1257	-0.534431342913339	1.7033952184679	-4.06111788431601	2.73456402537349
serr1255	-0.353789786032434	1.25244361188827	-2.88240349307684	2.05879510313201
shab1252	-0.535657153009115	1.65731059726627	-3.95457380830962	2.68836643934551
sham1280	1.17959787634208	1.45883616790806	-1.4538456886599	4.24650700473034
shan1283	-0.353834659039079	1.73728466262788	-3.98365882712499	3.06403750201531
shaw1249	-1.38758540455758	1.52116302985143	-4.56691283842904	1.45478184994669
ship1254	-0.425212391019642	1.67998278881708	-3.86160296866519	2.75300214372105
shix1238	-0.285675043145356	1.50668714073885	-3.43903672606115	2.56475072069012
shol1240	-0.734385811782176	1.64149253225269	-4.12666165554582	2.31909855380761
shon1251	0.685296450767707	1.55201701714707	-2.13377321683994	4.05691622621749
shos1248	-0.834580861143369	1.52434323519215	-4.02588127321559	1.97518951729002
shwe1236	-1.42786077086586	1.48797266565432	-4.58949437106915	1.21736981283026
sich1238	1.40026418465256	1.42608075413589	-1.29196527124784	4.36849522281143
sici1248	0.396448738441206	1.62698246164716	-2.60069511073	3.83586533190007
sici1249	-1.71158820003188	1.28043105741029	-4.43392406737249	0.649295549064288
siee1239	0.192832046139797	1.05526529617475	-1.87647409755837	2.2901312640915
sier1250	0.664696876451385	1.40495949142647	-2.02226873483473	3.52428955471578
sika1261	1.16570833387541	1.42647844115506	-1.4110922582709	4.18381684619101
siks1238	-1.30550155248607	1.52396551979186	-4.50950104417132	1.52118390338563
sile1255	-1.87140253324157	1.43057044932514	-4.88751793558964	0.71029901327069
sina1266	-0.117584095179811	1.05349561995063	-2.23950017064057	1.91855566917163
sing1264	-0.524354835886962	1.43147470116017	-3.44369336645626	2.14875579282098
sioo1240	0.212728716212634	1.02105427161037	-1.75198312296024	2.26883341845349
sira1267	-0.643108839135152	1.18276705804594	-3.05138070647918	1.67974982391936
situ1238	-0.0476802730318142	1.37465397053107	-2.83386067472049	2.54896546150949
skol1241	0.723856391964182	1.50248752471191	-2.03568453922771	3.83168321084855
slov1268	0.386585259734614	1.58482810052988	-2.59190621093002	3.68139836612599
soch1239	0.887849613627424	1.45598130514306	-1.86241530521173	3.92757303548421
soga1242	0.777819404559536	1.48006731627748	-1.94334521277197	4.01654843428659
sons1242	0.923638977383425	1.48246845877247	-1.76252097646922	4.10882444016123
sooo1254	1.7015592961498	1.29258539683098	-0.689213952136453	4.45613939417743
sout1528	0.470932360146557	1.65447999813067	-2.58531564345207	4.01613896440703
sout2649	0.365490963910505	1.56664891258442	-2.56862309397779	3.60194109966166
sout2674	0.722887984035347	1.49727052110582	-2.02599958369951	3.85588087609484
sout2679	1.02080201135843	1.50477388898955	-1.73014179812108	4.2186912386817
sout2728	-0.144438685270252	1.47831967390646	-3.23768081539777	2.72383228441172
sout2729	-0.271893160679672	1.46382678649629	-3.35132108758679	2.45890416784695
sout2797	-2.29048003429879	1.29475184849657	-5.04361670243144	0.00242791475122713
sout2807	0.627590575580446	1.51432989340145	-2.09006418187798	3.84909191621898
sout2856	0.388396624107173	1.0962625195876	-1.73331426769864	2.63140466302722
sout2857	0.0881972041007867	0.781981666032376	-1.46642477768993	1.68173278225761
sout2859	1.40194309660752	0.835055487369096	-0.134447023881993	3.16607070065754
sout2869	0.62694524311708	0.906968238877012	-1.1265055687886	2.4803134850899
sout2895	-0.824118784447203	1.37635001454963	-3.62408002442344	1.80616233728108
sout2954	-0.33954968045281	1.66928548480209	-3.81796534600277	2.81072845765314
sout2959	-0.192924184328682	1.69945319924427	-3.5896506120807	3.18690485554007
sout2976	1.53870990421241	1.52396414489672	-1.21163496560649	4.76158787702914
sril1245	-1.04538650630734	1.43297995237343	-4.03067534847503	1.58808292134931
stan1289	0.339720872785042	1.58093059407884	-2.66247997847954	3.67438066174781
stan1290	0.335287959237522	1.53625236328361	-2.41403651738236	3.55525872251318
stan1293	0.290849989328868	1.55073281209501	-2.60954985254126	3.48541370825582
stan1306	-1.78695953844099	1.37967909655188	-4.73014931158237	0.67741544532021
sude1239	-1.38513860656717	1.46842662888321	-4.53913259409748	1.27925891877262
sume1241	-0.329220616653498	1.62340712584606	-3.6817937936886	2.80931133421254
sumi1235	0.532334332372627	1.17203931243714	-1.8680846669087	2.82608090155575
sunw1242	0.0865954730079077	1.19352502441327	-2.30713869062741	2.37674337759654
supy1237	-0.500868399788935	1.33279375144625	-3.09220131590755	2.17166907776015
surs1246	1.92535047873154	1.30962131473475	-0.409959690067621	4.77345482635976
swah1253	-0.929768499942684	1.37508917164509	-3.71651979098571	1.7269822146788
swed1254	0.328828756307327	1.61808256820561	-2.70085296721907	3.76234111048705
taga1272	1.59261258632115	1.25230758115713	-0.642576629697648	4.25174369375302
tahi1242	0.94616864943006	1.4518266444641	-1.67698743660413	4.04004458895709
taia1239	-1.11377052123958	1.5264354955644	-4.42088921577756	1.72563302232497
taji1246	-0.462705172925062	1.17402449381424	-2.77187095034496	1.82963509116738
take1257	-0.850107890630705	1.65722693837654	-4.33017819579302	2.27754944887171
taku1257	1.10431509286086	1.43114635438558	-1.5130922871805	4.1694032095656
tali1259	-1.52040573477158	1.19892353864779	-4.13286698718137	0.658160181763644
tama1365	-0.092429020738581	1.27226778367462	-2.59452552552637	2.48820182161482
tami1289	-0.573044947834654	1.67368907481941	-4.13396601257633	2.57150361362531
tane1237	1.95039838005771	1.31258418373948	-0.328807535586914	4.80805658115468
tanz1241	-2.00400643101051	1.43362453383591	-5.15493591175173	0.60695061997827
tara1313	1.27519968191932	1.06187826549857	-0.843571623871695	3.37234691207244
tari1263	0.934652702154752	1.49363241728182	-1.78908930066815	4.11381341922251
tata1255	-0.347621774056872	1.37077463059447	-3.12851549789605	2.40187271196717
tata1257	-0.887012993205264	1.29652244073416	-3.54865250456326	1.5935243225393
taus1251	-1.29191625880279	1.47918966972217	-4.49583529016625	1.41606959294918
tbol1240	-0.303050435295875	1.18241911433128	-2.76991506414481	1.93041114097042
tean1237	1.977867423065	1.29262961996896	-0.239670560143471	4.82388130541934
tedi1235	0.640055924212117	1.29186871870162	-1.89485653803678	3.20516934048524
tekt1235	1.35477460755142	1.56593782253446	-1.59933846501404	4.73847869042128
temi1246	-1.15028507310497	1.48482083788727	-4.31741759492004	1.54661555224945
teop1238	1.78958481019942	1.33482491487382	-0.54279718478807	4.68890203473929
tete1251	1.71762327933829	1.46610582676847	-0.867267728244772	4.87135071636583
tetu1246	0.867450094770089	1.33087356882512	-1.55705086387455	3.65365451610021
tezo1238	1.21157225687485	1.45921119040651	-1.55713366797048	4.26334868553816
thad1238	0.968618682567235	1.15080816738869	-1.28803111652886	3.26292381170879
thak1245	-0.346489162638178	1.41440944730825	-3.2837928159278	2.27375701279047
than1259	-0.521977623734459	1.43176134541457	-3.48288018232419	2.16906682138343
thul1246	-0.634162329612598	1.3656272304019	-3.481875250321	1.86554645192032
tibe1272	-0.588544290407839	1.56536190496244	-3.87831693438645	2.30368078736975
tief1244	-2.2643333884284	1.33753175997416	-5.08084220242326	0.149225512900146
tiga1245	1.38327669329283	1.20888166606513	-0.813652302916585	3.90982520683436
tika1246	0.694891326524347	1.28242468815286	-1.70285545047146	3.32662553703642
tiri1258	1.99426411092579	1.27219940175666	-0.227374053171108	4.84818969927576
tiru1241	0.537979883330123	1.16821526030446	-1.71298141923375	2.90520368219931
tita1241	-0.685780679050537	0.9820123243934	-2.6800120942206	1.13911260624232
toab1237	0.578644693291537	1.08583813624501	-1.44980224307445	2.82325360770753
toho1245	-0.936553277351481	1.53949804332143	-4.16312824416919	1.92941418301281
tojo1241	1.27284588834638	1.64848713582131	-1.73769602816441	4.72618790704749
toke1240	-1.05768104718795	1.44663815203956	-4.1206574861134	1.64836537413913
tokp1240	-1.16252490486286	1.14769538984709	-3.42418956545883	1.01708201063566
tong1318	0.773934312921391	1.52204949345946	-2.0304654086358	3.9721713873319
tong1325	-1.01988452985402	1.48663702157283	-4.20064065169267	1.65870086668741
toor1238	-0.645092035338908	1.33687419629127	-3.39580872845093	2.05748030215809
torr1261	0.279188414076794	1.58204429910325	-2.68644323496052	3.64959037732806
tosk1239	0.618032219528826	1.54837917984217	-2.28076879924351	3.88699469515084
tote1238	0.724578762003125	1.50381826994411	-2.01876825099772	3.88806225084961
toto1302	-0.793010160671495	1.52774259348177	-4.12291779304021	1.99970822871097
trio1238	-0.534419415725057	1.68710351255414	-3.98552870162803	2.69068916306562
trum1247	-0.410468097212635	1.64519526511445	-3.72831252191321	2.70689410984799
tsha1245	-0.133380272159757	1.45538611971956	-3.22286450961783	2.6730776584466
tsis1238	-1.55582389129179	1.35244758665469	-4.43611923567497	0.889387751822895
tson1249	0.619071223892268	1.51176529342561	-2.1682874967713	3.87055566980274
tswa1253	0.622111487068424	1.51762871607182	-2.20887586766532	3.87056448116112
tuba1278	-0.840095946230683	1.47507399265431	-3.91428168780544	1.94725320763283
tugu1245	-0.513409995580314	1.23042325252697	-3.06951603265109	1.85564690447989
tuka1248	0.259906300045728	1.30701369397107	-2.24079881795613	2.96754865180239
tuki1240	1.63214706790838	1.38128525491237	-0.8264947410442	4.60913582696639
tula1252	-1.42395560534299	1.33591590103161	-4.2394736768384	1.02762931314619
tune1261	1.95720005170876	1.39517258110355	-0.501427550422855	4.94820719037743
tung1290	1.38500578882576	1.37738369912014	-1.09668077842904	4.31818533505642
tuni1252	-0.267266329139472	1.64118560660746	-3.7651446275456	2.86018247844258
tunn1238	1.14414545263543	1.49307603094336	-1.64562140851476	4.35652043344298
tupi1273	-0.308144669191195	1.56796685515322	-3.48729106499706	2.64917395152474
turk1303	0.629203726614363	1.50811295582347	-2.16345056779313	3.75739736358052
tutu1241	0.2935483595193	0.823757549629666	-1.29640260989575	1.99327186968042
tuva1244	0.975915559055991	1.45639886904587	-1.71389946735207	4.10991566835068
tuwa1243	-0.241556625861394	0.850558256746713	-1.91453835189459	1.46415069886671
tuwu1238	1.15896182397342	1.37176424030995	-1.26732716124673	4.13541655525991
udih1248	-0.242500237197878	1.70603771325031	-3.69135764155269	3.01759668518144
ugar1238	1.3364905826339	1.53189580915487	-1.49835387602732	4.6858139947819
ughe1237	1.0099406340258	1.12582230247742	-1.07737839949879	3.38916517837537
ugon1239	-0.145200334912546	1.5021008131968	-3.23133502143241	2.62339181437678
ulit1238	1.18124022316279	1.47407251367946	-1.4862294620081	4.35194037250888
umaa1242	-1.0682857025103	1.44291036204085	-4.23337614885936	1.60669462389615
umbu1258	-1.03946262828622	1.654960035679	-4.55531140848348	2.08099611016301
umes1235	-1.09458225094159	1.47207739153469	-4.12317304491798	1.68130338573565
unua1237	0.124870942608931	0.678775386891312	-1.24205616788548	1.43426063597642
uppe1439	-0.352375911989416	1.3908711700705	-3.20994277050668	2.31637057337882
urar1246	-0.285953339453791	1.6540147930667	-3.65264919231563	2.91734779574091
urav1235	0.246002355665683	1.09881802232063	-1.91412244832423	2.42214096318647
utes1238	-0.750115993218932	1.5012779250846	-3.86288826671819	2.0035554321298
vano1237	1.98876333770117	1.2978100095141	-0.233762276860988	4.82326528134664
veps1250	0.902657903017165	1.56923287069679	-1.99464321785163	4.3080712969341
vera1241	1.01383758706273	1.04206661537679	-0.926413758660263	3.20438021234676
vinm1237	-0.275109490083617	0.689426166522314	-1.6697734902516	1.05444608994569
vunj1238	0.947798056069938	1.45169650054892	-1.67939512997519	4.06391068013967
vure1239	1.01987703026587	1.04072665825457	-0.938105216779629	3.21528740211034
wage1238	-0.213135550996198	1.66957256318331	-3.67552425115092	3.02654542984012
waig1244	-1.44129323122491	1.42009284873104	-4.48140082721397	1.11497082355097
waim1251	-2.01394191416898	1.26037253684582	-4.74620611650427	0.170172685607042
wala1266	0.472719838443637	0.92177319413172	-1.2638012496229	2.37154223682962
wall1257	-1.05329186879196	1.46030095701529	-4.11665481927591	1.66945051702713
wamb1257	0.538739329948476	1.22504648841844	-1.92948020856788	2.93709657712561
wand1267	-0.454022003691221	1.33090356162682	-3.21948445630776	2.14305271815502
wand1278	-0.18173525372788	1.19555268934474	-2.62321824717699	2.11283947492831
wara1303	-0.169026306683149	1.66935170547763	-3.70053684873017	3.03572543333078
ware1253	-0.795307192737114	1.39597228973081	-3.80915536584097	1.81324627607046
wash1253	-0.599723386429121	1.64531069475788	-3.9498427938237	2.52390082573558
waya1269	-0.754440057771478	1.70320639164544	-4.23764017700655	2.43645835300483
wayu1241	0.2743016606506	1.23058461195365	-2.13306067765067	2.71514018210989
wels1247	-1.56276519628945	1.58007782731399	-4.83055985686693	1.36988640510357
west2354	0.437441668390366	1.58566829330205	-2.50813967199259	3.77425129971859
west2369	0.400961731864751	1.58188700668006	-2.62606498343712	3.71204428783325
west2396	-1.03749221326364	1.47112220577111	-4.15810326570818	1.67361832891139
west2397	2.07259264618995	1.40328542515301	-0.461441232395783	5.09324573425744
west2415	-0.428197718818959	1.22782308157044	-2.89977363161618	1.92680450082826
west2418	-0.24191629815905	1.39713300832649	-3.23831230340563	2.33708798582411
west2430	-0.40278058068853	1.65704597805484	-3.7882202300419	2.82197540977196
west2516	1.79515465458073	1.37269328378877	-0.623265853454561	4.83381504873755
west2519	1.34062542100927	1.45421367496068	-1.17531197363755	4.46463339022665
west2557	1.27328622854284	1.42300288766015	-1.31897268488918	4.21161020980289
west2560	-0.396182795605795	1.18938977224959	-2.75932396892092	1.90905158699879
west2594	-0.203846828486965	1.6342500830477	-3.5399672658376	2.83982560126844
west2615	-0.517009259175467	1.69332283762236	-3.9877988495869	2.70497383954804
west2635	1.44381519107749	1.54646762350421	-1.4524433604261	4.79645260263644
west2644	0.45705429783559	1.45544555303614	-2.30438537657003	3.41914671084903
west2650	1.90145782202633	1.56705810536301	-0.891507641834551	5.32198507336752
whit1269	0.569877789196772	0.894322343704165	-1.16139361952814	2.38531039633071
wiru1244	-1.08672910131486	1.63447296310771	-4.51757661952678	1.98335488396468
woii1237	0.443290807385138	1.40938087795883	-2.16494382094108	3.40279819225855
wola1242	-1.41451331757634	1.57813926272418	-4.80466212770457	1.45981700994505
wole1240	0.939530139855362	1.46064323310479	-1.74097231771278	4.04626192730021
woli1241	-0.762491495921066	1.30845544991624	-3.44223075304806	1.68874231245582
wuch1236	-0.293719394552715	1.57902373307655	-3.61568730031628	2.67157036426892
wusa1235	-0.540135844839873	1.53448241546213	-3.65433596942396	2.36640666715751
wutu1241	-0.367991439235484	1.62283195422732	-3.72537583221339	2.75093447156906
wuvu1239	1.27960420701131	1.43713212973964	-1.33788625374867	4.39006263940958
xamt1239	-1.22868575898199	1.51945136880809	-4.45366867303339	1.52947298842409
xara1244	2.0223505572492	1.29879099928271	-0.219132026892432	4.9066757654377
xava1240	-0.288596125627677	1.62762926323272	-3.621152181053	2.88791518243148
xish1235	-0.998302374860429	1.59960807349909	-4.49206531795944	1.9465362384851
yaka1277	0.449397056317493	1.28765553737021	-2.01531277018763	3.0783232527343
yako1252	0.944237505499714	1.56850262425017	-1.92333020491458	4.32058882227555
yaku1245	-1.43947627363943	1.51377485821876	-4.71534944702296	1.33332532984834
yala1262	-0.386122684387803	1.6477773454675	-3.79862930523196	2.80483879932019
yale1246	0.390733194768668	1.52585285830387	-2.67510595382996	3.39239343056057
yami1254	-1.47798358252542	1.39736487415638	-4.53015313191985	1.02444428802488
yami1256	-0.227512741153979	1.69885798183967	-3.75976671292249	2.9723686643089
yamp1242	-0.318734204794586	1.283737064252	-2.99402562502308	2.06614988130309
yape1248	1.16469230658049	1.43954969933107	-1.45626713267091	4.23173646164808
yaqu1251	-1.1174103115485	1.51599437819647	-4.37736176341942	1.6194695658089
yatz1235	0.453785916697848	1.38289319302523	-2.19511912532401	3.28915793512145
yaum1237	-0.348880589151945	1.01626683883634	-2.3752777536903	1.7022793081198
yems1235	-1.33162383979964	1.5014214505923	-4.53688710777798	1.39476451146478
yind1247	0.904048247476388	1.51750708280571	-2.06970588422533	3.94366758079035
yoga1237	-1.06013894767764	1.00530972228397	-3.11878531743497	0.859467071687372
yona1241	-1.0020952591948	1.64457068581801	-4.44067713306621	2.05566100219511
yong1280	-0.277109653985211	1.70016519607732	-3.77864726163299	3.01076931126926
yora1241	-0.209986802413623	1.693277319737	-3.67043104362988	3.05086306603929
youl1235	-1.57162558950139	1.50587037361501	-4.79687309793423	1.15856820789674
youn1235	-0.363883444325767	1.64902889645644	-3.70860265104397	2.82378398604417
yuca1254	-1.35633018114768	1.57750498828733	-4.57271618914458	1.62498998186183
yuch1247	-0.169144290752273	1.70674762457159	-3.67861617526041	3.10377272066498
yuec1235	-0.32067682576286	1.59281031199824	-3.65499804503989	2.59757632164076
yuqu1240	1.65307184538092	1.49192710244984	-1.25268531379046	4.65233612781098
yura1255	1.55589581595427	1.47345974096759	-1.30450843217961	4.52300609282702
yuro1248	-1.38473454076071	1.52015645738741	-4.55010707028075	1.44216530601867
zaiw1241	-1.33411375213451	1.53857791436646	-4.6466981898923	1.43344169092907
zakh1243	-0.730085673435286	1.57804324118318	-4.08102253625398	2.22815763254349
zaye1235	-1.03639934780402	1.4703288858893	-4.17615859706332	1.63271299575451
zays1235	-1.31770254163935	1.59952790140614	-4.73987459787124	1.60687274003579
zuni1245	-0.457653111864138	1.65936886019809	-3.89505744301352	2.64721417601348
