Estimate	Est.Error	Q2.5	Q97.5
abkh1244	0.0826757565030787	1.78520892467481	-3.56774100039479	3.96952791098804
abun1252	0.0561712621034198	1.82897413478093	-3.76927250679583	4.06537240452558
achi1257	0.0283245012159251	1.84729814265191	-3.9091196032136	4.09264110249581
afar1241	0.0633312887721795	1.78079164541096	-3.691792049536	3.9978205682549
agob1244	0.0600781920462358	1.88137675625287	-3.80651679689885	4.17274588042242
aheu1239	-1.75745814060531	2.20543941229382	-7.40974853579833	0.818737188616295
alab1254	0.180840421256349	1.78675643161558	-3.38202072364874	4.14232792237437
aleu1260	0.017080214000032	1.82100566031467	-3.81049070043238	4.05913781695005
anuu1241	0.366524015327017	1.65421624575982	-2.7644165818491	4.15439715462902
aoua1234	0.119683212935996	1.63481203218226	-3.12396734730759	3.67145228050389
apma1240	0.0830847884575654	1.86103831907384	-3.8575097678104	4.24075916631578
arak1252	0.0759836419766577	1.80604713252131	-3.74689737304068	4.01133326626428
arao1248	0.119603112228181	1.70088277809844	-3.5275648778849	3.90511138387236
arap1274	0.0517196193951419	1.86641329227136	-3.79184175047816	4.06644500016204
area1240	0.0831510785085503	1.81682785342757	-3.64888586171971	4.2546295361113
argo1244	0.06371061571664	1.78929266542145	-3.71953527839632	3.96858766160817
arta1239	0.0803265887832177	1.7357344895053	-3.51812378489679	4.01087424664356
ashe1272	0.0430561438989641	1.77208279523693	-3.8051413348045	3.92873014872822
aton1241	0.275418311481047	1.75412108671431	-3.23360378260071	4.31212694206881
axam1237	0.0804325000901478	1.84016079273605	-3.83702689722505	4.05772171292876
baim1244	0.236500710141435	1.78639647955636	-3.16035101724873	4.50678217161617
balu1257	0.0158727501315943	1.8760051985757	-3.91793662483858	4.03412095666106
bebe1248	0.0978470211615759	1.80081536686128	-3.78424298427325	4.02988576439526
beka1241	0.0248796024333152	1.88667289512403	-3.8214290099033	4.00525449756485
bela1254	0.0666166890785623	1.78354420663917	-3.77833197112886	4.01739914590353
bell1243	0.0263562548960387	1.85001638994596	-3.96627151628142	3.91987324204334
boro1282	0.0070899084483869	1.81422706155734	-3.91137146556656	3.80467275450416
bret1244	0.037586870017264	1.73143064972658	-3.70685513523499	3.75321589522754
buga1247	-0.311066092964279	1.754312468169	-4.42002578842605	3.1369668018122
bumt1240	0.218589391375548	1.72454800355175	-3.22335169492261	4.09853429292927
burj1242	0.0657098323856942	1.80085333664101	-3.72361993740857	4.00944441334855
buru1320	0.0845649484852276	1.82969091327714	-3.68584383313704	4.17395240578601
buwa1243	0.121982462430422	1.76328710730645	-3.56909320469184	4.04081528723242
cane1242	0.0238451319504073	1.82091599959326	-3.84502499480195	3.76985010977072
cash1251	0.0939529415503524	1.81870756359294	-3.69951303258473	4.10290634138496
cent2050	0.0843668027785792	1.79506553455295	-3.67598029282562	3.96649009859463
cent2140	0.0609926747323358	1.80532715122504	-3.70603124393246	3.97098559058853
cent2292	0.096531575196606	1.71022560166314	-3.27348353845608	3.85943007926135
cent2314	0.374021972817967	1.69053747943182	-2.7082569851787	4.37525047288938
cent2322	0.063309074528461	1.82898486127528	-3.75889953562896	4.0717857128857
chak1271	-0.0195586116876923	1.78623303612326	-3.79041761860137	3.82391820828997
chim1302	0.0437208065114908	1.83392378268331	-3.90462148665433	4.02562012187557
chip1261	0.0503989043625289	1.82094808236412	-3.80498494158496	4.12685012728068
choc1276	0.0397145475964468	1.83097883127893	-3.88204758672138	4.15372048877934
chon1284	0.403525506185475	1.7072348834286	-2.68900587743421	4.37627133493275
chuj1250	0.0781607014112827	1.86388117998169	-3.64972048711976	4.2998256800327
chuk1273	0.0403248628662164	1.76461774470753	-3.69253371017331	3.89971371166945
coma1245	0.046352983947642	1.85596784934538	-3.86756144161785	4.03049925559436
como1259	0.0613136056118057	1.7212166046056	-3.51784369433015	3.88595216869466
cosa1234	-2.5698855430024	2.58392427289319	-8.95425641060504	0.328260650582229
crim1257	0.118329559107224	1.76683418116615	-3.60277812293374	3.92895881352123
crow1244	0.0343103946603145	1.89490669833306	-3.85960488746221	4.14626634224058
cube1242	0.0370279583767446	1.8360644660786	-3.81189992683638	4.06284309414321
czec1258	0.0924893624072582	1.89181141299764	-3.74424060316374	4.35483969758287
daka1243	0.0924390357901451	1.80343588535021	-3.60376492353701	4.00042820763713
dana1252	-1.69367104806369	2.03976442969961	-6.86347068814482	0.851652387640302
dege1246	0.098398343251667	1.75794835450857	-3.48423015198388	3.97733460842331
dhao1237	0.09487712041582	1.78068366560887	-3.5364719567973	4.06096732403825
dima1251	0.355730648848821	1.76213092583924	-3.07373115659938	4.41224660610311
djee1236	0.207935145835428	1.72545308167606	-3.10243613107079	4.15128560507603
dusn1237	0.094789173925852	1.75210892445493	-3.3521607458763	4.05752314945459
east2447	0.0194952049963461	1.79925883603842	-3.76302312465052	3.95832038494235
east2516	0.156839761417624	1.80016951743864	-3.44630913099709	4.27832491875881
eipo1242	0.0818441337925697	1.79416907279217	-3.63355062489733	4.00279564713292
emai1241	0.115975133219934	1.7108112055146	-3.4566524312899	3.88070869051889
enuu1235	-3.08384375616703	2.80318128905672	-10.0971438471081	0.154092230622729
ersu1241	0.0443468225800859	1.70432350745799	-3.59955275582246	3.84214841266124
esee1248	0.0935633183546685	1.79562126671422	-3.70693503275389	3.97082216555401
esto1258	0.114495150013159	1.867600847513	-3.62454389829685	4.28130426103427
even1259	0.0601510310849713	1.8052113398388	-3.59554888968958	3.96276413477168
faro1244	0.0636521892504041	1.7578614303113	-3.61811883488255	4.02845734055136
fiji1243	0.0433751795326755	1.85753211464183	-3.84720393068312	4.04243948187168
finn1318	0.0846278260372394	1.83869208691643	-3.66753407888369	4.24039702378994
fonn1241	-2.48746167558841	2.84785661590144	-9.76521041309544	0.654009510909367
furr1244	0.0665251462524915	1.85304638185609	-3.70755831900694	4.04457774278076
gaga1249	0.0613859531373362	1.80869143847001	-3.71188987952798	4.06095070144885
gahr1239	0.143396199925071	1.75879128684778	-3.43962541697683	4.16619813200766
gali1258	0.0522977291118366	1.75458502270011	-3.50919278804621	3.89277085072212
gang1266	0.334885037307091	1.73991443387937	-3.13309491101225	4.34097575029796
gayo1244	0.0352581026872525	1.86140962566526	-3.90246945726328	4.03358832482369
geba1237	-1.27507942878239	1.77350463698536	-5.62104544095519	1.29186151591025
gela1263	0.0645124952670852	1.80219676809835	-3.65846799515377	3.96898086981701
gheg1238	0.103069900840738	1.798092323264	-3.57666531338095	4.17299209680805
gily1242	0.069895838113673	1.74887921327572	-3.58912808316791	3.80268298927886
guan1266	0.207102602453802	1.81269878150196	-3.33727780528519	4.43839290844918
gyel1242	0.0338101303836338	1.79206917976239	-3.78989330473838	4.01322383142517
haaa1252	0.0838963766883756	1.83007704633316	-3.79847221556639	4.26437180196235
haka1240	0.291297595352005	1.80109563201387	-3.228208511524	4.45711928590542
here1253	0.114679854974721	1.78392799239598	-3.62337498176086	4.0520480741886
hind1269	0.06375799805265	1.76494329591188	-3.67037643207187	3.96926078807091
hoaa1235	0.106390741426253	1.73399546102133	-3.43124386913312	3.89786017267092
hual1241	0.0646131828815688	1.83433691824284	-3.95755999439068	4.18238421643642
huar1255	0.0398489620782691	1.8439682372282	-3.68137714731454	4.04663675686092
hung1274	0.0804252428499809	1.87404730412807	-3.86540503643076	4.1533650805791
iatm1242	0.0913972781481578	1.84685391665475	-3.65853996676695	4.23599031107428
iban1264	-0.00654167062590682	1.78794423960979	-3.85018286912424	3.76310926588821
idun1242	0.0484702107726705	1.81237229179202	-3.89510823299302	3.96316899492056
imba1240	0.0371942026107424	1.83032834202845	-3.88681467496962	4.05765592635111
ingr1248	0.0639755923168251	1.84748433649017	-3.73088595491137	4.12359410085338
isco1239	0.0670350743002829	1.860771131137	-3.82751012161121	4.23658699955991
ital1282	0.0704365086650794	1.78587579469319	-3.60620452634964	3.96933970231969
itza1241	0.120307712889354	1.80062504161077	-3.47315433621944	4.2610122067361
jama1261	0.0345321395844823	1.88480271260994	-3.9975691849237	4.20422137126238
japh1234	0.269584816942805	1.77541969230382	-3.07875884358009	4.34936144477504
kach1284	0.169440106715028	1.76494975453011	-3.49566422907526	4.17549165225969
kagu1239	0.173210071474558	1.7523166007089	-3.43576689819893	4.09463854017726
kamm1249	0.114916511629165	1.75614628377859	-3.49627455274625	4.18367074751415
kank1243	0.0835455327967434	1.71851880502882	-3.37495233402459	4.03171144240528
kara1486	0.0538519094720321	1.83591456215758	-3.68998894186801	3.96896356017939
kara1500	0.0077772076511636	1.78071236986641	-3.68241592930045	3.89664812568982
kare1335	0.0825690295409142	1.81895953933546	-3.67003189882843	3.97271515025916
kaya1315	-1.30413946892636	1.7983341644432	-5.68845355575061	1.17418148438958
kemb1249	0.0153797304136015	1.83980527988241	-3.90652291006592	3.9877677508305
kenu1236	0.0704461112192916	1.83406417099213	-3.59257363115424	4.05989657602041
khak1248	0.0698366009974564	1.77921183546236	-3.57853086735548	3.95949020080292
khan1277	0.395579976527419	1.74217321764799	-2.69969821237004	4.56494184589001
khas1269	0.364308480955584	1.74666728464917	-3.15214952205416	4.38606655771626
khez1235	0.394512448597933	1.73963235348145	-2.80414865386925	4.61596942417995
kinn1249	0.136147576873777	1.73719295591677	-3.51769844526072	4.01734739997486
koda1255	0.0894159925686555	1.83842151325303	-3.74736356422466	4.13606281235265
komb1274	0.109535053942724	1.77429176118485	-3.4796778078808	4.09090171066571
kona1242	0.109478490404451	1.82953363538686	-3.60957009778781	4.27509599989395
kore1280	0.113732315755789	1.80016913821924	-3.54743021233897	4.1368440848497
koro1298	0.0261488833884208	1.76537788512424	-3.67060591252066	3.92569070605011
kosr1238	-0.00957257476341163	1.81606681463822	-3.93790850271086	3.8432452562048
kuku1273	0.0348757731419979	1.78320146819772	-3.78036111527114	3.94716504219897
kuma1276	0.00800149680359762	1.90422515192681	-3.98229527023298	4.05614967685579
kunb1251	0.215826743154449	1.70310808471297	-3.15314443408599	4.00491583554112
kwar1239	0.0664460611213077	1.81025177895472	-3.62382080920989	4.00017308553042
kxoe1243	0.0663394998610121	1.78311400480615	-3.61452289012071	3.98566951185774
lamk1238	0.293897537878026	1.76507671290564	-3.12085971560284	4.32817544419479
latv1249	0.0633296473845189	1.80906750584005	-3.61772994194363	4.07508421208694
lavu1241	0.0486742083747096	1.79039636634221	-3.57550969091243	3.85922986772082
lemb1266	0.118212375175586	1.77844857025568	-3.53450731618435	4.01995246190354
lena1238	0.0144008242167945	1.81949512727348	-3.91953353718498	3.92066278171463
lewo1244	0.0989813148957308	1.79083592332706	-3.51198771263285	3.92117605152609
lezg1247	0.0762019214039941	1.78613795715433	-3.48278731234737	3.94085783127125
lill1248	0.0297418496168065	1.8102794945953	-3.70036464554372	3.8630368399884
lith1251	0.0823462310897951	1.7543706568221	-3.5278881123917	4.0171050877476
litz1237	0.0839621080050666	1.82406762251351	-3.71766272261237	3.9626360932082
livv1243	0.0950617291971971	1.77841560418766	-3.63485348606723	4.06470947247222
lolo1259	-1.23204759444086	1.89920662825489	-5.99673829592466	1.53160364850559
lomb1257	0.0678061286621223	1.84433332733794	-3.81811956882527	4.08744650391707
ludi1246	0.0791499744443904	1.84634256253737	-3.78500568433614	4.16685120518063
lule1254	0.106836989141911	1.79873986427904	-3.58659482270165	4.26221846399134
lush1252	0.00129320742643446	1.86027795338431	-4.0141280788428	3.98419014060471
mace1250	0.101535705699318	1.85436935149853	-3.53273755502161	4.19156440611152
macu1260	0.0231228063465534	1.80734017830759	-3.82982849634166	4.04819092761001
maee1241	0.0791519069333289	1.81890012763795	-3.7271552060735	4.1218682312999
maib1239	0.0719510871347494	1.8027174629828	-3.63183220256758	4.15987185263907
mais1250	0.0760034601496486	1.81355627810635	-3.69071684805137	4.17504514296284
mala1464	0.0988483422498337	1.79250614379072	-3.59106696596244	4.16476668206178
male1284	0.207629446097829	1.82463841865093	-3.42302750009831	4.21307617795713
malo1243	0.0830258068058863	1.8231624614958	-3.73911058102382	4.14102232964814
mamm1241	0.0423633830897446	1.77275936084324	-3.65937293186738	3.77248681745249
mana1288	0.431672649515555	1.63362776041456	-2.59059268187343	4.38696636080165
mana1298	0.0930624667618355	1.81429488611947	-3.6465677864097	4.21461309011146
mand1415	0.344167822778432	1.73343762041587	-2.96008678166456	4.23851934777493
mang1381	0.086902243122445	1.81448582715416	-3.66946777173344	4.07060793157067
maor1246	0.0360356915930061	1.84935174127774	-3.86214693572808	3.89327717037581
mapu1245	0.00698224543016536	1.81692730419895	-3.96023014855618	3.91277399307937
mara1378	0.246443731236348	1.73600820396446	-3.18050728015781	4.05520578211757
mari1440	0.0730052984537547	1.7916226448326	-3.62012366004816	4.01216192379642
mart1255	0.0858065524320499	1.77304263062069	-3.63095200952779	3.99290597415703
mats1244	0.0439485112060635	1.83310141709192	-3.77665921209827	4.18097990853713
matu1261	0.125882240190153	1.82078626122594	-3.60974063575455	4.28645537751731
maun1240	0.205027093575552	1.72180074732059	-3.37075068495409	3.98131853536582
maxa1247	0.0334600876490091	1.79956332428504	-3.79278503574154	3.96068692627061
mbul1263	0.0835371989455115	1.79831019442663	-3.64829728875934	4.11405531885125
meke1243	0.0388957312518091	1.89233200401388	-3.69440476552192	4.17072604185153
mezo1235	0.0941337002909768	1.74091489768933	-3.42341425765989	3.94346492381971
miju1243	0.170086752888019	1.76805356399805	-3.33125693859286	4.22434866002617
mila1245	0.272349274585787	1.70816710172545	-3.04519756259256	4.16574525618543
mixt1426	0.0451084903943139	1.77366845512683	-3.71431801415021	3.9642991607556
miya1266	0.0140645400402134	1.81187198691357	-3.80818756982361	3.83688413527781
mlab1235	-1.40401926534637	1.92411395620136	-6.22714985075667	1.18564451108453
mode1248	0.0646184830825709	1.76954391029073	-3.61832348266549	3.91722001528183
moks1248	0.0790852555718905	1.79358215990936	-3.69531899154625	3.98637776322069
motl1237	0.0636527398371827	1.85847695274291	-3.70789937352669	4.11916325913467
movi1243	0.0406580094332841	1.79980563532463	-3.6957562840038	3.92384123922529
mpad1242	0.0378763986016355	1.77054087637297	-3.66035451163303	3.89452834965803
mpur1239	0.0669717794673401	1.83579988582023	-3.64305666440015	4.16810599091687
mual1241	0.0343175574356962	1.80221911061275	-3.78799332154345	3.84008371824698
mudu1242	0.0158468435760133	1.82159363613704	-3.72904432393083	3.99978685643543
munc1235	-0.0489196242211644	1.67281957334315	-3.52683811465899	3.5928803016322
mund1325	0.133432954141905	1.77325400337304	-3.44916345989426	4.00403783121545
murl1244	0.177160815017203	1.73369523491867	-3.38591204234065	4.03921898652303
muru1274	0.0189278963686712	1.86354728010176	-3.90185721370273	4.13436301708119
nana1257	0.104679494583852	1.79095214205721	-3.52921547600572	4.10947793101356
nava1243	0.0313911627488943	1.86826418083285	-3.99984060351484	4.17953554462025
nene1249	0.0387548334806941	1.83766029959352	-3.70171083838989	3.91324121710122
nenn1238	0.0714252294566323	1.84417098090984	-3.70294263497873	4.1592028644754
ngal1292	0.143518649818204	1.73279969380127	-3.39020875174557	4.02456409160852
ngan1291	0.0812523860171251	1.71849272166592	-3.51948551306091	3.84504088685374
niua1240	0.0280883038829069	1.7955222386839	-3.75961289528052	4.07559452812549
njan1240	0.152329604847421	1.83958255279939	-3.55570150017316	4.25956491055711
noct1238	0.316114543140847	1.76634610325212	-3.14854233744845	4.3862446938374
noon1242	0.0461584028958474	1.78743809846252	-3.6430517515856	3.9017161043657
nort2684	0.119089224426053	1.74898468184619	-3.53187793163848	3.97126564478894
nort2690	0.0690214349099541	1.74779482663445	-3.4857885865928	4.0057841286491
nort2697	0.0906652763279073	1.83200200848247	-3.62025301583704	4.15430045811085
nort2722	0.282940164487493	1.82174708769999	-3.13826705233586	4.50627208226449
nort2877	0.0896973456312554	1.71395193634817	-3.34192609084751	3.93714935491319
nort2885	0.0598572752145416	1.78532441015761	-3.59095650484205	4.01452124012485
nort2942	0.0783306847484035	1.80413011897805	-3.67200866467519	3.97207597463399
nucl1240	0.128301935575127	1.81979332044453	-3.58219121569209	4.20924040134436
nucl1301	0.0550088384317243	1.79881418187484	-3.63729275330348	3.99314678408851
nucl1302	0.0823025211966428	1.79286059407641	-3.62903489363556	4.07553741492747
nucl1310	0.161103428401302	1.64394778862885	-3.14435592464756	3.8489452188359
nucl1417	0.110881763513022	1.77623517050373	-3.47335769868971	4.11050287449004
nucl1643	0.086548195866205	1.80231215150166	-3.71048031341748	3.99571624392295
nyah1250	-0.076404202935292	1.7298878460203	-3.88769512802639	3.63643512321478
okin1246	0.0982759659935109	1.79615430683523	-3.54564230187116	4.10915820844488
oriy1255	0.0491675885209708	1.80473765808512	-3.66053024264145	3.94263161236026
oroc1248	0.0919426886885863	1.78136290182475	-3.52955387067789	4.02277575520916
otta1242	0.0358537620539256	1.8309653729877	-3.76932277988373	3.93554860092891
paco1243	0.294691831889276	1.62303314301583	-2.90212120695013	3.88328852201276
panj1256	0.0958049497940627	1.79988443096868	-3.53119765211983	4.09009117275131
papa1265	0.0808853632878417	1.7351891738383	-3.60631421168527	3.89173656156939
patp1243	0.0362649269698168	1.84787703801772	-3.92321380505087	4.08866430965754
paul1238	0.0238130651873236	1.82903159702219	-3.8538121505702	4.06478538695202
pela1242	-0.0404353805758013	1.74927717008115	-3.62152519105888	3.50847131495436
pend1242	0.0231644800082144	1.82939114063808	-3.86172160008088	3.97170015348922
phai1238	-1.90092914386401	2.22727093531278	-7.66073003084086	0.704294705819453
pite1240	0.108249509634619	1.86895091269757	-3.72198223507939	4.37919202773591
pnar1238	0.362786884050438	1.72012798989663	-2.98019149661452	4.26799168003846
poli1260	0.0768656659523281	1.79303833444968	-3.54718901224796	4.14188258586476
popt1235	0.0707382742092411	1.87047387010921	-3.77252608817466	4.14447255314106
port1283	0.0568698795415867	1.77490517356074	-3.67064312771401	3.97001635682732
pure1242	0.0263191347311918	1.8669595856507	-4.0870122476592	4.0126701231065
puri1258	0.0811910208479927	1.77041374039229	-3.5389127305353	4.03633904575737
rabh1238	0.31375864351873	1.7824309681365	-3.06678737015568	4.44070143113499
rapa1245	0.0201636717119739	1.89296357584696	-3.94608618527449	4.16443594751142
ruka1240	0.0679983450257222	1.80585170940023	-3.62757411231387	4.05958830510543
russ1263	0.0422541662362823	1.8088454451722	-3.69597980495111	4.02419213575542
russ1264	0.0936470497515336	1.81269192478001	-3.71276558476414	4.03589682624368
saar1237	0.0613603371673431	1.78496133989958	-3.61546635907335	3.98638265424447
sais1237	0.0503275811557008	1.83077237465823	-3.61017292828637	4.14946143944478
samo1305	0.0269851564317662	1.89174590167177	-3.97485456799434	4.00688590722534
sanm1295	0.124653984708846	1.76416794738342	-3.37235727150489	3.95232168607135
sauk1252	0.140943352381926	1.83259562013863	-3.62373593471988	4.16867020549514
seda1262	0.404123599024086	1.65485217073935	-2.71232339355767	4.21308365167389
seme1247	0.151693156994239	1.78571338013177	-3.4044318625175	4.29874258501631
shab1252	0.133577235747156	1.80224310281285	-3.55288568847814	4.20485643657938
shaw1249	0.047629534290094	1.8296596110292	-3.76477741555881	4.09647519130695
shil1265	0.0459355136235839	1.77912369264487	-3.57385573335026	3.98436818120259
shor1247	0.0671896680057815	1.8418534868701	-3.82874152476767	4.14961040561631
shos1248	0.037207140856725	1.81267891919262	-3.83450055824067	3.97660333585469
sina1266	0.0650021168405757	1.81583819927418	-3.68326045634054	3.90802865442842
sing1264	0.30781417500665	1.74467637928734	-3.1014818134606	4.3676717894595
skol1241	0.0465753161634711	1.76061539174186	-3.60455751249015	3.83753840670594
slov1268	0.0709670655372542	1.78258907102143	-3.60959641825667	3.94066306958066
sout1528	0.0840526324172519	1.81074836747002	-3.66034580567046	4.02766929427511
sout2674	0.0601219512254516	1.79241795300705	-3.58928864319529	3.96532445599545
sout2728	0.245793330529786	1.73916668527407	-3.14730855105645	4.24056040284649
sout2729	-0.130561969782985	1.74844835285972	-4.01952378106001	3.51206557348062
sout2856	0.0483428270105691	1.88716160518384	-4.06877157056415	4.18636904668951
sout2857	0.0862993882958963	1.8396698184606	-3.70326424650767	4.07228205305352
sout2956	0.00423950684736187	1.79553530961094	-3.81554427842121	3.94127322178405
sout2959	0.0881886603141191	1.77892315607806	-3.60285261492005	4.05665129263561
sout2985	0.0673887519797195	1.79132006277698	-3.66732835710279	4.01570874434076
sout2996	-0.00990550804671679	1.82756944254046	-3.84655161637129	3.93367062304713
stan1289	0.0448103786499587	1.84150011997404	-3.95362867834428	3.94975486270305
stan1290	0.040414125972817	1.76066544769229	-3.62901291989878	3.9789717034646
stan1293	0.00881813267367015	1.75752837731276	-3.88852709894664	3.72170240128032
stan1306	0.0994968787996742	1.78483625466269	-3.62422438422669	4.06700621800734
sumi1235	0.371287447468257	1.73276064691179	-2.95337476565197	4.46691274334129
supy1237	0.0763622757061737	1.78525450565389	-3.67102448022693	3.98498907877403
swed1254	0.0596096134957389	1.78989983123639	-3.72500483984944	3.93441960091645
tahi1242	0.076351164259438	1.81383297736744	-3.73197452812139	4.01352164675019
taji1246	0.0280573690156859	1.83055423535257	-3.8914229929324	4.00422786424159
tami1289	0.0689903164632286	1.77508283568866	-3.6114149035823	3.96989914186376
tang1377	0.248644400016433	1.67036648319447	-3.04743712286969	3.95357731736363
tata1255	0.0352570434302078	1.85126592295237	-3.75031649978787	4.13436567529567
taus1251	-0.0015751945749157	1.83983636692229	-3.84019021940682	4.09452946813211
tehu1242	0.0411260063391182	1.85302244396112	-3.78188950832445	4.06232573485931
tern1247	0.120023711476618	1.76574607131163	-3.4686145309237	4.21613846776742
thak1245	0.3964666464109	1.65758732697794	-2.71324574351949	4.43381544011123
thao1240	0.0858396379310089	1.84103999231796	-3.68138935589999	4.14103053129548
tibe1272	0.169600873549003	1.74253037412738	-3.38824535471402	4.0106459418312
tiri1258	0.0402556818095767	1.89303279698981	-3.75148452589709	4.07279834820353
toab1237	0.0702272964240963	1.78531265179377	-3.60156250428439	3.99683601149249
toba1268	0.020452236881988	1.80370819448727	-3.78666077019408	3.8561047213772
toho1245	0.0241888100300874	1.85945768384393	-3.91437405140552	3.96076354943429
tojo1241	0.071493233085427	1.82708697023496	-3.7592155031954	4.19791392839532
toor1238	0.0456616509866401	1.81291303746256	-3.63632501081991	3.89496638967113
trio1238	-0.00261994147306202	1.92447238170037	-4.19281428784601	4.10031386200768
turk1304	0.0619196967012874	1.84238963953359	-3.63334707084655	3.99917231819375
tuwa1243	0.0991686345033302	1.73136883580274	-3.39406314034379	3.94572975387943
udih1248	0.0522593169240618	1.73356851032176	-3.61766090872404	3.75125770515044
unua1237	0.0855309454706439	1.8152991293978	-3.75905604857369	4.02215901084718
urar1246	-0.0170012465602313	1.86007314940025	-4.02364860551346	3.9286531038816
urav1235	0.0425846952147485	1.80417230896778	-3.73294558780951	3.83671202503794
utes1238	0.0464073473109597	1.81077129796672	-3.82159242970629	3.98673619199234
uuuu1243	-3.11064286327917	2.81720912885875	-10.0152377013367	0.140925960697491
vera1241	0.0598348357081631	1.84076167945049	-3.59551498306379	4.12260396619927
vure1239	0.0590900183154707	1.84141031676449	-3.64544547898914	4.13708061887689
waim1251	0.0386431862416362	1.8999149759488	-3.89084657472427	4.11497221927674
waiw1244	0.0389310226934787	1.82590053585785	-3.90296385742579	3.99562550192991
wamb1257	0.21874331215867	1.7621360595367	-3.19419362265869	4.12539750674481
wand1278	0.089332542426791	1.7494527963716	-3.59108357566518	3.86479216232844
wara1294	0.0844052937325154	1.82590706660462	-3.61120389495415	4.06244128901178
wara1303	0.00539973879811158	1.86484162457074	-4.20872167430036	3.9937973845222
wawa1246	0.154018257610337	1.81248393887861	-3.50001557008857	4.25111645150852
wayu1241	0.222675074724719	1.78225491388762	-3.35804544644361	4.28767164912691
west2396	-2.13930955314368	2.40826271479054	-8.40781803441386	0.54398583072387
west2418	0.374076712959416	1.70923090808025	-2.81339669306871	4.4834219234428
west2430	-0.155694236497031	1.75405933399637	-3.88307587811823	3.48290648193195
west2466	0.10797848137028	1.79054464638813	-3.41829625106595	4.23473908927698
west2519	0.0578645416128898	1.89116938369929	-3.83690439951042	4.03462774351574
woii1237	0.0776999253270177	1.78993450056027	-3.55070435847588	4.1200886943093
woli1241	-0.00999047394163837	1.85681357872637	-3.93060634261352	4.02750420304904
wusa1235	-2.30849010281548	2.58015230474796	-8.66603053022858	0.659686666548932
wutu1241	0.115327255651313	1.78079378212385	-3.54387385642741	4.24551407098719
xamt1239	0.0870780164137442	1.84066487406479	-3.7164345100837	4.1746848649271
xara1244	0.0420541658018125	1.86237262911072	-3.82281354385455	4.14987498525046
yagu1244	0.0202748021929794	1.78164934934791	-3.7049838067113	3.99557334308005
yaki1237	0.0337485184818095	1.89281318372988	-3.96298437234383	4.03756243427549
yaku1245	0.110266957949557	1.83878011136886	-3.56386446531101	4.29026057101109
yami1254	0.0531760123999286	1.85489560370439	-3.82058938902002	4.19434345276922
yami1256	-0.00250876774057275	1.88265067364014	-3.89827446002779	4.13084847968348
yatz1235	0.0769146203786905	1.77637506432455	-3.69827804302567	3.98407517776714
yems1235	0.223643505664302	1.78451664655779	-3.2118700620033	4.29216160748064
yoga1237	0.075647359812142	1.73312227038632	-3.49958784202906	3.95610189037357
yoku1256	0.0327335924715869	1.83245905136132	-3.76045277521869	4.13732874758101
youn1235	-2.28844940237238	2.63393990056183	-8.93221197987186	0.67742445135612
yuca1254	0.0670245747531332	1.8328271823482	-3.62926256394946	3.95507922612232
zarm1239	0.0546221074214403	1.81399915715064	-3.83297195164337	4.01017362327387
zaye1235	-1.97392180630601	2.23238015917853	-7.58637641359014	0.640714216226764
