Estimate	Est.Error	Q2.5	Q97.5
abar1238	-0.423302571613133	1.17253765293121	-2.97185095464942	1.75299416623036
abee1242	-0.165544260724591	1.38288246542516	-3.13073578418264	2.49602390863688
abkh1244	-0.0283660748526425	1.33601727885869	-2.82455433152156	2.62344650238252
abun1252	-0.17716439691549	1.32862606580113	-3.03395876164505	2.36455442876833
acha1249	-0.779866965134283	1.26004125143984	-3.56638117417864	1.45973803760987
acha1250	-0.506775806276176	1.2990213687408	-3.30319661119277	1.8798028948677
achi1256	-0.654609494001372	1.38030438639267	-3.71730104519003	1.80765280254719
achi1257	-0.17030486275003	1.38122316067708	-3.11277274133732	2.47654952951379
achu1248	-0.362399077172497	1.21697251113735	-2.94496106939238	1.92562095713788
acol1236	-0.199980245423974	1.35865484108116	-3.02086871288285	2.51250329814212
adan1251	-0.41942563240126	1.26995545596887	-3.1972324344321	1.94780172869401
adon1237	-0.354849540729433	1.3627004072386	-3.29751642784525	2.16493433067623
adze1240	0.390302060996875	1.09990582516213	-1.77999397556706	2.63845911808065
afar1241	-0.294651318721463	1.3606352623643	-3.20419008330424	2.29610299814109
aghe1239	-0.476824881407431	1.20134812721113	-3.03121104638168	1.78713758616548
aghu1255	-0.329105872963286	1.28315096831057	-3.03279265253552	2.14882841308276
agob1244	0.936704921515277	1.24775109863447	-1.32654727108603	3.58666104059656
agua1253	-0.304337606109047	1.23874667199904	-2.99380245373033	2.02854696924597
agut1237	-0.221763307228644	1.35631034400294	-3.03689000991741	2.40456379909229
aheu1239	-0.277477747319677	1.38264188319812	-3.2862237724074	2.3779405087936
ahin1234	0.899566014221496	1.08971640776677	-1.17203585487098	3.12002314545418
aime1238	-0.399511654875741	1.28091114832478	-3.17204321910027	1.95579427568269
ajab1235	-0.271636942332083	1.32170396557882	-3.1256358791275	2.27015995939132
ajie1238	-0.518227084083246	1.33427058218181	-3.49447371248003	1.89144414792513
akha1245	-1.01743706170034	1.3125205189328	-3.93162116096079	1.25266785419457
akoo1248	-0.560212805177288	1.31249505659272	-3.35735856667402	1.88376006800043
alab1237	-0.719687787748961	1.26748815148205	-3.5233938450487	1.58783403432717
alab1254	-0.614475768716859	1.27627101556863	-3.38287315919727	1.7513209368631
alag1248	-0.527365066375749	1.30683065254121	-3.37239420299751	1.83368223762978
aleu1260	-0.628624640993755	1.29824329391292	-3.48129683859589	1.67721536913853
alor1247	-0.414076285046297	1.27054056514383	-3.20253617061269	1.93856389253849
aluk1238	-0.532509602838139	1.36947573153519	-3.51876714656963	2.06647172195171
alya1239	-0.328521824204848	1.39287451114643	-3.19688545767981	2.27893469439466
amah1246	-0.326192848508386	1.19790000746488	-2.83262331032398	1.99004432950527
amdo1237	1.39465645252706	1.40225311107498	-0.982547669589206	4.500268656968
amii1238	1.42340740335133	1.32306984291098	-0.815257299830817	4.30229828637124
amis1246	-0.0488221983846131	1.27993715623486	-2.75583546380521	2.44982555584643
anei1239	-0.383548083393964	1.33391136546257	-3.2339910447418	2.07806279656364
anfi1235	-0.328222455867045	1.40479294213675	-3.36450004849214	2.43172037725931
anga1288	0.246821168465854	0.976736376933134	-1.61251416169168	2.28219014681716
anta1255	-0.131942858404634	1.3983776208418	-3.10703876554655	2.56886175813889
anuf1239	-0.281148534660664	1.3843390550213	-3.20834153584854	2.33775387010399
anut1237	-0.100550401563615	1.38807252399624	-3.0404436710441	2.67915081867649
anuu1241	0.323422329034129	1.19087078973649	-2.06304528632943	2.75622206969596
aona1235	0.226681844896558	1.03197998978856	-1.7321759373644	2.42021248979669
aoua1234	-0.203705052714869	1.376962154004	-3.09913699824918	2.41749209790198
apat1240	-0.152683728241413	1.19219319109667	-2.61681472204816	2.20639745001582
apin1244	0.899877223346847	1.30858188969059	-1.47677932249753	3.86320659476465
apma1240	-0.151965548272994	1.09461081258887	-2.4354090215916	1.97179380469448
apur1254	0.116952356879291	1.17590720453371	-2.30491983214846	2.47326710084367
arak1252	-0.379829211200802	1.14409848039673	-2.83831066448934	1.81304872222166
arao1248	-0.174304947596903	1.15081128218715	-2.51355390771094	2.1269132374451
arap1274	-0.11858151165797	1.33142477766089	-2.95159682400562	2.46375075075343
arbo1245	-0.382733957398854	1.29460794334581	-3.13872287653852	2.068058123524
arch1244	-0.748680530677935	1.35149272049215	-3.65072301036337	1.70613943342362
area1240	-0.23216934898423	1.25460717821964	-2.88484110004226	2.10929552175453
aree1239	-0.278800222802429	1.13023717511415	-2.61992238118005	1.92110213496373
argo1244	-0.327140213647108	1.3470631548994	-3.19136286900227	2.2276252420467
arhu1242	0.722213382027716	1.23795851628375	-1.56914809050833	3.37790664289794
arig1246	-0.343487311732731	1.38404816732495	-3.29994636347865	2.29201405078382
arop1242	-0.448862899964353	1.22764340742818	-2.95609339644105	1.86972172522138
arop1243	0.490135598457118	1.17606037766193	-1.83710114372826	2.90342225456512
aros1241	0.304102427703227	1.27829826573311	-2.2276833752634	2.9276421855495
arta1239	1.26327814052235	1.14835731978447	-0.808960913769768	3.69063900168239
ashe1272	-0.737278823442536	1.29715831415979	-3.59908390189765	1.64035675252279
assi1247	0.69419613858385	1.26309292767562	-1.54287270492159	3.44287569334939
asur1254	-0.368991149981606	1.30945434688184	-3.26193843456001	2.14846568801586
asut1235	-0.369961020231874	1.37418671224769	-3.39505221584402	2.19794978609106
atay1247	1.05532902353898	1.26416911911656	-1.24984963764293	3.63784748188929
athp1241	1.39097692925958	1.01816414372135	-0.383355418152218	3.57162021208339
aton1241	-0.667492341433353	1.26811158324553	-3.53199988704707	1.5864395051212
auuu1241	-0.444337235783489	1.16625809692637	-2.87687252932829	1.6857526599109
auye1238	-0.209785235164953	1.26755954174872	-2.86202623159029	2.23562464730268
awad1243	-0.734619050469172	1.22301470694822	-3.43496906915051	1.45623776097631
awar1248	0.55893698978963	1.06555088789144	-1.57342524743267	2.7171274929606
awar1249	1.09688363834397	1.02663325367321	-0.785772187181907	3.20172709152465
awet1244	0.645615387828265	1.18856434194907	-1.55544114935638	3.20062473340849
awji1241	-0.179682238845997	1.36169250842048	-3.12659139224242	2.41228370793147
axam1237	-0.111543002062632	1.02891411367221	-2.20983566394654	1.88370992277053
ayac1239	-0.655722324609515	1.31220833682299	-3.52681843851709	1.67245547509692
ayiw1239	-0.253868534460219	1.33079167831295	-3.13078652941927	2.28499820261438
baba1264	-0.288611085072453	1.16993336738164	-2.82681652149186	1.92117759018766
baba1266	-0.429070738023729	1.21089922795646	-3.04835883212563	1.84173413386981
bafi1243	-0.439007294967151	1.25077782124329	-3.16289031091657	1.91620744634487
bafu1246	-0.478386209516747	1.21074181076232	-3.07498051513434	1.76362362681609
baga1272	-0.225380550543994	1.32461917410354	-3.02652365382037	2.33140033158287
bagi1246	-0.398085199174213	1.26682416813492	-3.10140463425525	2.03526319050867
bagv1239	-0.722608470332279	1.33764106898584	-3.56209191463261	1.65621481385881
baim1244	-0.00729849377470213	1.18719450942041	-2.53061676366098	2.26975569591017
bala1311	-0.205255414771544	1.37110427360064	-3.04649296664981	2.44668009367063
bala1315	0.0966397439300147	1.34758629760224	-2.58814957233171	2.86009147331909
bala1316	-0.420412248068007	1.34594875428521	-3.36887154281667	2.10091526753524
bali1278	-0.122159654087653	1.37794726274626	-2.97900247484617	2.64958900873168
balu1257	-0.205202838118398	1.32860369167895	-3.11630834863146	2.31970321224413
bamu1253	-0.275527978933587	1.19632725979522	-2.76652520680803	2.01127727591818
band1344	0.0675238625283686	1.38754987965615	-2.81566508360502	2.81115255770272
bang1369	-0.132247963346126	1.22152421756994	-2.67030701851587	2.24794820076181
bant1281	0.976936420110754	0.892542174157862	-0.634231651841902	2.85666831601551
bara1357	0.404752075112402	0.996473956721428	-1.49354681003229	2.41168654646479
bari1286	-0.390177624949544	1.25944278274732	-3.15767813010977	2.01444832835117
baro1253	-0.643544608826438	1.33306166795661	-3.503459298768	1.77925768026661
bash1264	-0.21615337471938	1.3430244866268	-3.08502669128442	2.31492380163083
basq1248	-0.183050224190281	1.36078950338791	-3.03997260661561	2.40836368721655
bats1242	-0.547023036674847	1.34607935870989	-3.41447261631897	1.97207383814435
bawm1236	1.67797035131675	1.21816258301909	-0.448247888211259	4.31853117788538
bebe1248	-0.223681968650278	1.37533137401776	-3.09377165782215	2.45855207451638
beka1241	-0.174077879442425	1.41385561663675	-3.15499282180611	2.66177062403843
bela1254	-0.206866632656298	1.38720709406039	-3.13122911843955	2.45627041911468
belh1239	1.29774937915265	0.9653168329648	-0.386469323723211	3.34906762919712
beli1257	-0.123786556225084	1.37866437062789	-2.91546920846014	2.58658520871229
bell1243	-0.423429453900638	1.33254543680769	-3.20976768954323	2.04497828491357
bemb1257	1.57134347105282	1.49742186757911	-0.957363890682094	4.86371670425139
bent1238	1.9850195554842	1.45720833812966	-0.436557044937677	5.18121289221045
bert1248	0.146411318684434	1.32021110355156	-2.4617289716565	2.82762780396971
bezh1248	-0.720884600150894	1.35194489658596	-3.64403263632786	1.76055058853909
bhoj1244	0.881538583540502	1.24424977361696	-1.34028031824046	3.65232874480727
biaf1240	-0.22415652788662	1.35221266517599	-2.9970269144946	2.38360122485101
bian1252	-0.481586676182229	1.15259982051345	-3.01359094796095	1.65048826604531
biao1254	-0.238774814289428	1.3597519343582	-3.08367569807489	2.3978108527599
biao1256	-0.176929025767911	1.40559130168949	-3.09098557598789	2.57771863162745
bier1244	0.303008434565251	1.09882922552132	-1.86714220854779	2.54066514339515
bign1238	-0.444731823990311	1.07517052257796	-2.74818148161277	1.56287986263082
biha1246	-0.261621603174869	1.35106069451467	-3.20883751735693	2.33698353838339
bimi1240	-0.726925104528788	1.23382832177448	-3.43791912977387	1.49861990588525
bini1246	-0.328381800082629	1.38636202770306	-3.26604319174883	2.30548881258879
bira1253	-0.434375121087402	1.26208054032206	-3.11166415410246	1.96976157035007
bisu1244	-0.776922907795385	1.26258048914164	-3.60262699319129	1.44462557369545
biwa1243	0.929114474849303	1.09700527866825	-1.0925683324964	3.25848131071377
blan1242	-0.765064806621617	1.29746062988273	-3.65822546371164	1.60970954386514
bodo1267	-0.676213507539318	1.30467364043921	-3.5482405188198	1.68911080920767
bodo1269	-0.69940088065603	1.25999930993032	-3.41193524860512	1.54435522879497
bola1250	-0.466661191510876	1.33665592248814	-3.32212548356737	2.05793635455419
bona1250	-0.234321159411901	1.20420062319523	-2.80273889668719	2.05785132423475
bong1289	-0.181890832028004	1.39506861078235	-3.15521015090184	2.58760734073579
bora1263	0.777738070251701	1.22912716782717	-1.48890460884314	3.40174170962015
bord1248	0.341946766191499	1.16656899721472	-1.92189958416291	2.81305838004286
boro1277	0.462563175059122	1.30936875996633	-2.05364549371395	3.22620134673366
boro1282	-0.462642938731185	1.2507904880299	-3.14889026233957	1.819147099401
boto1242	0.134714132194011	1.33470763927463	-2.60402327538504	2.77163858920347
boun1243	-0.163750486172147	1.36449930913571	-3.02415967324293	2.51989380560058
boun1245	0.817736230549397	1.03849059095264	-1.16933851167867	2.95899628920519
bret1244	-0.199827528903132	1.37612217567565	-3.10156652069317	2.41475148747435
brib1243	1.03107821777285	1.29389169005122	-1.19748763878836	3.87210587782278
bube1242	-0.402346509647335	1.36923745142775	-3.31713974494728	2.21915572307685
budu1248	-0.606441786331753	1.35078416254446	-3.55892165877237	1.88336832224166
budz1238	-0.045642164289204	1.40078750905069	-2.92656064014068	2.69234904743088
buga1247	-0.366030124657591	1.37969204937646	-3.37659516779752	2.274061189688
buga1250	-0.170659741744774	1.15737628920264	-2.5861518150773	2.03503009479848
bugh1239	-0.0172860196414132	1.18956840643695	-2.48590629499162	2.34751020926453
bugi1244	-0.122780257550654	1.4033703497602	-3.03666073983361	2.65553673726444
bugl1243	0.949406490577422	1.33496697033155	-1.36629034125154	3.89040484868065
bujh1238	0.333326713921575	0.996678387543507	-1.5763819570653	2.3807668191921
bull1247	-0.183835199946763	1.37295757065856	-3.03201045643423	2.50733675565996
bulo1242	-0.317195215991007	1.37656452020964	-3.18935736075605	2.27915316297484
bulu1251	-0.357761528070664	1.35861918874596	-3.17992531733777	2.21878640755166
buol1237	1.53105306031684	1.46993855049658	-1.01109688376277	4.7157817738771
bura1292	-0.4876636680081	1.28056285270791	-3.15704526699158	1.85584621609968
bure1242	-0.692519080788819	1.34531502329422	-3.59142332162573	1.76801132398823
burj1242	1.12071971910744	1.36359221651067	-1.28848753038305	4.07000668263256
burm1264	-0.945924287471673	1.29145444927256	-3.75517129228173	1.33019501737985
buru1296	1.19331626306347	1.38899592376569	-1.30816872822178	4.2844138139015
buru1320	-0.471648313274543	1.32979345149367	-3.33548334786178	2.01058867311311
busa1253	-0.486859197033918	1.32853085095874	-3.36966774106739	1.94311157732705
bush1247	-0.109490066798305	1.41102608184347	-2.98886272215843	2.7017926608877
buwa1243	0.103728982327531	1.14545547851822	-2.14567142456074	2.42977307034977
bwat1240	-0.47681231761	1.33350602318065	-3.37559837540868	1.99555343073813
byan1241	-0.892584947724765	1.23126378352382	-3.59066468989824	1.26000269105831
caac1237	-0.472646610016449	1.35962900873174	-3.414436614012	2.05386396574477
cahu1264	-0.55319156408037	1.30231124863294	-3.41120838262676	1.83956285716252
cakf1236	-0.675276558574261	1.30506634649435	-3.47031906495751	1.7200569611683
caml1239	0.397669147258064	0.860680150681101	-1.27225173957582	2.13407791894162
camp1261	0.0108360163577853	1.35634762849444	-2.81291215072793	2.71806857334134
cane1242	0.903198223956843	1.30346229280405	-1.44531034584133	3.78512999981472
caom1238	-0.270951956757692	1.42614939984667	-3.27747552378964	2.4266879983213
capa1241	0.0045508435643153	1.1563735155515	-2.31537199838329	2.31624815577436
carn1240	-0.151241913934792	1.35068881698011	-3.03520627678819	2.43393354134587
caro1242	-0.10777043765592	1.41643476385704	-3.01689700628506	2.75505641670891
cash1251	0.789401981729863	1.23801332296062	-1.45798291025512	3.3369433327256
cavi1250	0.431057863944536	1.2123126653606	-1.90010840388681	3.05931152786163
cemu1238	-0.505378150813942	1.34414296615514	-3.46627300899349	1.94381116797365
cent1989	-0.269514320724388	1.38622365990224	-3.24979393747576	2.3399023868997
cent1990	-0.163627419833949	1.37119705485387	-3.08213811143862	2.48653864652888
cent1992	-0.32792375017019	1.36926848176974	-3.25982917118791	2.33589903400818
cent2004	-0.984049047614696	1.34095056786482	-3.89568169859883	1.41798917885686
cent2050	-0.321563977317293	1.27904972954524	-2.98172946102442	2.17311033808687
cent2127	-0.191205548651128	1.37402896577511	-3.07860479685199	2.40047237991576
cent2131	-0.844595004199597	1.32824513570783	-3.79551709961275	1.51142177843913
cent2142	-0.276007844496919	1.28692574384801	-2.9545117206068	2.25853284776403
cent2150	-0.69143884823447	1.30413813360857	-3.5124256891492	1.72217489217631
cent2314	-0.247228950547338	1.37969346940877	-3.25488544551839	2.46506894983973
cent2322	-0.240290186766319	1.30503667320134	-2.99819531264039	2.26967933281768
chac1251	-0.115335071063015	1.16660156966388	-2.54353564094285	2.18529743648278
chad1249	1.4213441506235	1.43726520746527	-1.06601284832257	4.55145053149284
chak1270	0.252911445469736	1.18447841394292	-2.18184516403207	2.61242398450871
cham1309	-0.682340779305496	1.33939991654457	-3.54345474027935	1.77487997726759
cham1312	-0.11702165395456	1.39130768117358	-2.95314797288344	2.62355867833868
chas1234	-1.01785822417203	1.31350152149012	-3.97273156886021	1.23725962019704
chec1245	-0.221712252182355	1.33322819345795	-3.07220826396517	2.32619135074549
chek1238	0.0471651907175124	1.2044091919694	-2.40284783362653	2.41929854288466
chen1255	-0.232720709421927	1.42583788922848	-3.20192716550012	2.61705018690443
chep1245	0.387951972529919	0.988040179678475	-1.51816617952025	2.44452152948645
cher1273	-0.229860485904881	1.37887536081805	-3.19215223759715	2.39599923490649
chhi1245	1.31135263489334	0.97101625560789	-0.373371424340997	3.36289119891783
chic1270	0.90292307289492	1.31530348340741	-1.39225156558486	3.81456877604818
chil1280	-0.809320983175455	1.24516422035536	-3.42695399753055	1.43842697733066
chim1302	-0.276559456957291	1.26218172551769	-2.94424339136678	2.18135625018291
chim1312	-0.287432464004619	1.33918934350999	-3.13752013493033	2.24582870339842
chip1241	-0.21101845524096	1.32909287845395	-2.95679394015041	2.32529011647495
chip1261	0.667296805075482	1.30085284450081	-1.72633297122775	3.45605245237972
chiq1248	-0.425687047540749	1.30059283428648	-3.2491868308066	2.08408346739941
chir1283	-0.0767681908886592	0.94836763136242	-2.01641219947089	1.76423940575518
choc1276	1.03178838575113	1.31209216911873	-1.26341576778293	3.94413379395656
chon1284	-0.246167279181645	1.37598524268465	-3.30895833451038	2.41162923469834
chot1239	1.40682646065513	1.10624795549689	-0.487938462319899	3.78912533667915
chra1242	-0.220416964910466	1.36499424146912	-3.06437260347884	2.40179729383747
chuj1250	-0.856873463028179	1.31336365028418	-3.80277723483775	1.43489424235092
chuk1273	-0.360546902718422	1.34716926054108	-3.24044694442364	2.21139336834288
chuv1255	-0.288406261476008	1.31727477984614	-3.08061557929787	2.21463990481715
chuw1238	-0.140582561047783	1.39173031266046	-2.95143507380697	2.58454989841383
cici1237	-0.290588918156932	1.36048059846475	-3.13019708894315	2.31069237758236
coat1243	-1.00443477164432	1.30359498791664	-3.94285528971665	1.228096309093
coca1259	-0.789021079096947	1.32166446706922	-3.71401785876105	1.60550125903789
cofa1242	0.976465093342634	1.28836669500539	-1.2857319234714	3.83152683251016
colu1241	-0.262619368528256	1.28303751631604	-3.02812949753277	2.14155084898108
coma1245	-0.362468373630384	1.28392134057372	-3.17407279845323	2.02570183514828
como1259	-0.169687366945647	1.33734277467119	-3.0562273844934	2.38430422279651
cori1240	-0.515006803478928	1.39525888100713	-3.47885423486083	2.11133667304331
cors1241	1.43127455492701	1.47712929931878	-1.1437700676168	4.68120317846731
cosa1234	-0.991987146761469	1.33842216857321	-3.97875605911559	1.33585832860005
cree1270	0.92067752143789	1.30083014081354	-1.36631958321921	3.81953338661969
crim1257	-0.243904653423214	1.39638875990713	-3.21065753929257	2.39584706797782
crow1244	0.638055837406542	1.28949815798301	-1.72758294987274	3.3717473361102
cube1242	0.74641417668214	1.20443286841036	-1.45845291825616	3.26704603665831
culi1244	-0.564125546602459	1.25467883905945	-3.21930357063042	1.73161690181158
cypr1248	-0.157629897772364	1.37192549314035	-3.06536394439421	2.53954376496577
czec1258	-0.0921923478019077	1.31435027571655	-2.8517214414647	2.4364143251597
daai1236	-0.415548474592603	1.15392578232309	-2.84578702392084	1.69909676580054
daas1238	-0.439565438375102	1.33206834720887	-3.35738633594861	2.01701956641626
dagb1246	-0.27489516227944	1.38838720139589	-3.22397626891189	2.39565319179146
dagi1241	-0.260620900254368	1.34632604257749	-3.11213134645592	2.34772329317252
daka1243	-0.0321018062792531	1.02274171987546	-2.07549482209696	2.00558134527198
damp1237	0.410329157284418	1.30654354939497	-2.22642999938207	3.05890140853714
dana1252	1.63648776686062	1.35360210613216	-0.711648540755917	4.45986874563693
dani1285	-0.204855389421832	1.41001895616028	-3.14129144367073	2.43819719579727
dara1250	0.00228851165785999	1.03434714697989	-2.06709785792961	2.06149116196012
dard1243	-0.215222925694465	1.44872591918923	-3.14723412252567	2.6056572858864
darg1241	-0.660899861885519	1.34565080255362	-3.55182548893822	1.80863026495061
darm1243	-0.896903705804069	1.23923947960254	-3.62496409776386	1.25383130254774
daur1238	-0.287328279984859	1.34558557828402	-3.12341767394245	2.30487354147764
dawr1236	-0.653935190769564	1.3633966852439	-3.56301317914772	1.92395137708338
daza1242	0.0452921404650412	1.39887543294365	-2.81068638203853	2.8592789246296
defa1248	-0.531112319454125	1.32773746507735	-3.43567171894709	1.87608097730401
dege1246	-0.435659569792338	1.33413241999437	-3.3127151527911	2.07969710950945
dehu1237	-0.453629597085013	1.34928102563562	-3.40340208030137	2.08367956765155
dera1248	-0.530347413780032	1.32088269716739	-3.37315487025739	1.97692675522001
desa1247	0.231696951996181	0.969217477066295	-1.69332623102161	2.13966619955838
dhao1237	-0.251412122749044	1.41564395501017	-3.25595435366199	2.47424210821898
dhar1247	-0.148896666673837	1.35296267002756	-2.9767734681758	2.51344855675197
dhim1246	0.43122922398075	1.11100699536197	-1.80181386032653	2.67795780453205
dibo1245	-0.241319896737002	1.38183953655368	-3.23534648032898	2.48733648208244
dido1241	-0.675147491464478	1.34420279713808	-3.56900110278931	1.75854201613051
dier1241	-0.273168639443564	1.3283663926922	-3.1122419387737	2.2836115357814
diga1241	-0.0907770558869704	1.15164700118725	-2.52929401894692	2.07173721848134
digo1243	-0.27110855602521	1.37048635934066	-3.1900908029972	2.31155607139452
dima1251	-0.0584756862770606	1.08092895912588	-2.33755667767676	2.04700773984907
diri1252	-0.112595470878179	1.37020397021253	-2.98348203419178	2.6077856161764
djee1236	0.967680608600979	1.21121498108953	-1.22981043879058	3.49698133552964
djin1251	-0.262334420639007	1.35291699433536	-3.10955463537237	2.36143779310416
djin1253	0.262163548343023	1.21074475032234	-2.21965663276421	2.67538723398586
dobe1238	-0.0765137087390332	1.39640559940533	-2.97161427134074	2.62120826409498
domm1246	1.82145766147738	1.2658418052994	-0.328511273837536	4.62757033338113
dong1285	-0.401214857213273	1.32667926815517	-3.2358418589715	2.08594768408798
doro1266	-0.0830559652613771	1.08579858155237	-2.30118973689717	2.00131962044766
drun1238	-0.536492416843096	1.25125132856056	-3.23731287432925	1.78727786677974
dumb1241	-0.394601029611371	1.34867474905647	-3.36586931766141	2.17089188213703
dupa1235	0.794945648590237	1.23106782639547	-1.4967483832933	3.37298518721327
dusn1237	1.21819910358815	1.38056119460397	-1.19054517601524	4.15098424353273
dutc1256	-0.254535408195768	1.35708745010774	-3.11599025050057	2.3937163435914
dyir1250	1.25408126403719	1.35917067846483	-1.07558669703922	4.16932570197321
dzao1238	-0.19554497269297	1.40312897510107	-3.06095048498914	2.59194463561383
dzon1239	0.00686441631777658	1.17995046544696	-2.43384156626517	2.35089917221696
east2328	-0.419871656191872	1.30062151207442	-3.26923921345663	1.94418156826938
east2332	-0.338028030306343	1.36985802976011	-3.28544993221434	2.26694887308748
east2342	0.64687144561863	1.28305592759671	-1.82504922295381	3.34763985221761
east2379	-0.387338289241366	1.3319474671002	-3.38824134198814	2.09183772790512
east2443	-0.170345773726069	1.14591972270093	-2.51535351585562	2.07169679617092
east2447	-0.119246711552368	1.39285420610332	-3.00660588964549	2.641337840452
east2516	0.531018927758613	1.08260936945608	-1.60274156974754	2.71305208788959
east2555	-0.565391750746766	1.26352639643892	-3.31799388379962	1.69633098650077
east2773	0.10005125787499	0.925361128109584	-1.74311135971199	1.92470885510892
egaa1242	-0.159228500823569	1.36636383950077	-3.07450025236043	2.44082920990511
egyp1253	-0.187008581881571	1.37781957700323	-3.18515449853898	2.52218395627687
eipo1242	-0.84080812518102	1.2911149482549	-3.70374766932849	1.4745282899927
elem1253	-0.52215888118758	1.32762343538091	-3.39972435877349	1.92769251365714
emai1241	-0.337067656346274	1.36600661085404	-3.18893149967473	2.27978918298715
embe1260	0.670710752813253	1.18961120012836	-1.49885975448093	3.26166659487007
embe1262	-0.323620367491433	1.22728050412106	-3.00929556002008	2.04949665871256
enuu1235	-0.945871287509221	1.33415844549836	-3.94684903238585	1.38989420617535
epen1239	0.660564339819892	1.26165317888626	-1.66823160136384	3.36776565628384
ersu1241	-0.248046215380301	1.24057972626948	-2.97027158908412	2.11440547374641
erzy1239	0.188142126099653	1.40572671149201	-2.63438868781757	3.0090497353342
esee1247	-0.348958349953132	1.21073266549379	-2.91034589597366	1.88386309142113
esee1248	0.290215830521688	1.16799633305143	-1.9808381521059	2.72235791809219
esto1258	-0.23066934987444	1.41808182271071	-3.18517210964905	2.57735642850669
even1259	0.94743158241018	1.34034093100956	-1.43560749815447	3.82590276296987
fala1243	0.44363270465249	1.10108480932057	-1.74274795485588	2.65519006051908
fare1241	-0.183358385656277	1.38336480278538	-3.01527286079373	2.47754717972529
faro1244	-0.168319922025783	1.31264856458305	-2.91187847065871	2.42497126147397
fiji1243	-0.186949255756356	1.35646838293279	-3.07615452922586	2.4398082644232
fina1242	1.16588745526208	1.13766840831568	-0.921458909421543	3.51181236497167
finn1318	-0.134642636109483	1.39655928791039	-2.97906121123519	2.62973059975588
fonn1241	-0.270792120890978	1.31967202927924	-3.0998265478348	2.22303708344518
fore1265	-0.251052221302847	1.39232763757246	-3.25822449186372	2.38716660601264
fran1266	-0.577970316505222	1.38481279978681	-3.55219725737885	2.00759476273434
fuln1247	-0.541460107156303	1.27162378882453	-3.28538221201741	1.85522433508272
furr1244	-0.188078849413495	1.38594431705469	-3.07549680500513	2.56282672024744
furu1242	0.0565434493572401	1.40494718772577	-2.82621573526738	2.88352782047616
futu1245	-0.379569425541542	1.36831035230803	-3.43906832146453	2.1813239118909
fuyu1242	-0.174665228327846	1.1421437591752	-2.51421484175152	2.07456205625156
gaaa1244	-0.17764111319098	1.40231361826944	-3.13676939835809	2.5636533087566
gaan1243	-0.384885693585385	1.2359150024852	-3.01078731553671	1.91830840662388
gade1242	-0.438131870950641	1.3940642220136	-3.36255530264162	2.22353705676138
gaga1249	-0.10973460351871	1.40677544770053	-3.11469310843312	2.58381341435173
gahr1239	-0.383009885130813	1.27921582831909	-3.14558873355602	2.0086775464927
gali1258	-0.21152190058639	1.40909977234325	-3.25204331011762	2.48743750731133
gami1243	-0.330703266131838	1.36535627446618	-3.16680689703288	2.27913572909339
gamo1243	-0.590721467699303	1.33026026839024	-3.5028851345184	1.94718606941612
gang1266	1.29438893639174	1.07207628732483	-0.549342499502076	3.59488591384578
gant1244	1.95878386412348	1.14990598903224	-0.0355970601197562	4.39939169035581
gapa1238	-0.344191965369305	1.15235786368723	-2.80460891706869	1.90788427949485
garo1247	-0.599302195776087	1.26549565900645	-3.39191056217926	1.66285487496811
gata1239	-0.71919373128583	1.31918065020926	-3.63023751085627	1.68758877829647
gayo1244	-0.163075363517971	1.35024537507971	-2.9103337740103	2.50657239379075
geda1237	1.60634736508877	1.12482070323238	-0.35875283205355	4.01573641613258
gela1263	-0.200699689228733	1.19075211855606	-2.7254608160416	2.07760066985964
ghad1239	-0.15828549077977	1.38999414121284	-3.10973236259738	2.55208302417948
ghan1242	-0.294952445890559	1.34441885124223	-3.15122988613257	2.26910283383632
ghar1239	-0.024917574601855	1.21235008367285	-2.50054363198289	2.36446416872096
gheg1238	-0.265940940881886	1.34557915405439	-3.16474785330874	2.36102077607623
ghod1238	-0.637592551291868	1.34508307616985	-3.55012646176609	1.85868000869278
ghom1257	-0.24717179355907	1.36264189429476	-3.20189022093982	2.37413994447465
gilb1244	-0.107755234336261	1.39910307677049	-3.0757088344359	2.62150057463018
glav1244	-0.255693286401808	1.17691686482667	-2.76581431541504	1.95460172597214
gofa1235	-0.646843061262751	1.34899111594371	-3.54193945694185	1.91528812545184
gola1255	-0.114347981717902	1.40532655981714	-2.99282744781785	2.65605697107648
guah1255	-0.632700862275813	1.29494506580601	-3.51215343612715	1.70751603516868
guan1266	1.61895512844276	1.17800558806027	-0.395164653816204	4.20328003652188
guan1269	0.153087800498373	1.03951412417874	-1.93064227290101	2.20669831009511
gube1234	-0.137648022054695	1.39230668824127	-3.00738705504866	2.58253219481035
gude1246	0.0139357877894939	1.16152386803653	-2.27067203582852	2.32398056055492
guer1243	-0.765503226609293	1.33326276534859	-3.6638216020984	1.68423482196681
guiq1238	0.32263550313766	1.16504872437011	-2.06437784277645	2.64163528307094
gulf1241	-0.194977915126467	1.39864172463249	-3.25932265448802	2.54177577141362
guma1254	0.500996276829261	1.15050389172406	-1.70421220453492	2.93587009814518
gumu1244	1.03922776963218	1.41375315272209	-1.46882072856452	4.11288014902975
gunw1252	1.42411984619047	1.3348958342179	-0.91001171522326	4.26367148773346
guny1241	-0.191916672591932	1.3613406014777	-3.05575791376227	2.45442222211044
gura1251	-0.583971314947481	1.29852187160048	-3.39105323606787	1.75374155253281
guru1261	0.039791834005003	0.88515626805473	-1.79803801323495	1.76516793614612
guru1271	-0.750583157679403	1.29424503344524	-3.61703059437429	1.6030116620501
gusi1247	-0.349399496469923	1.35907676164332	-3.20690946270188	2.20184109492191
gyel1242	-0.335845741119208	1.37370917718702	-3.2180294798504	2.30712936476629
haaa1252	-0.00685824028104774	1.40899160351064	-2.9420293682188	2.78096228715177
hadi1240	-0.677485134366184	1.2946942550651	-3.45816994410126	1.72347649662607
hadz1240	-0.410550826403995	1.3598740783059	-3.32410112094028	2.17834598546781
haka1240	1.73999318002588	1.21212571455404	-0.307731197788517	4.38223265507298
hakk1236	-0.176358064376181	1.37767005809239	-3.02873130565741	2.52106044571553
halh1238	-0.346426644984785	1.35920881588025	-3.2240150665037	2.25978269366893
hali1244	-0.506806850703073	1.32737298800025	-3.35110486571412	1.91976178563356
halk1245	0.982637708844857	1.31432769505153	-1.41083094486161	3.82876686913407
hang1263	0.148530156963732	1.09845126722938	-2.06420488469261	2.32489648138739
hani1248	-0.766481432916368	1.33549143407421	-3.68007273114715	1.62316307294584
hano1246	-0.16230645457616	1.14751906480565	-2.50898648501339	2.08605557832606
haru1245	1.4596624839912	1.05337569424933	-0.42795830010184	3.72805158723582
hava1248	-0.759877647877841	1.31258383381839	-3.6586185521841	1.542803959805
hawa1245	-0.103091365651908	1.38823212424262	-3.02177488551171	2.57213984900505
hebr1245	-0.147590369776391	1.41722005172602	-3.06698684599951	2.66765981529609
hehe1240	0.0277848909774617	1.34501897162044	-2.65361311583386	2.71276073067915
heil1246	-0.399235692481799	1.33588583236499	-3.21766193102322	2.08239567863943
hela1238	0.57814328846826	0.988164902762269	-1.22427713562832	2.67872176888543
here1253	-0.130991252937331	1.36867095919721	-3.08625139578056	2.56853706974087
hida1246	0.703008225565793	1.30612052032615	-1.66409685179982	3.47433370507753
high1276	-0.753625400557754	1.31135369826691	-3.6242952801299	1.56730074505718
hind1269	1.17865203193748	1.33030335248271	-1.08278837562917	4.10383357266818
hoaa1235	-0.230031411122248	1.35036287467148	-3.06977389813414	2.33473885583992
hoav1238	-0.184529936418362	1.27725064099673	-2.93762323949398	2.23296290576766
holo1240	1.55417266118668	1.48433317353484	-1.00257100344217	4.85741584860701
hone1235	-0.675712275490065	1.30888610942106	-3.59417162316517	1.6694172911838
hooo1248	0.375960760118917	1.24677262988688	-2.12934803244225	2.91573777459323
hopi1249	-0.370987228934054	1.25019880233338	-3.06077888546439	1.95769514124306
horp1239	0.861095674248725	1.10224591904807	-1.22837116256115	3.11408972101515
huaa1248	-0.152788867430876	1.41766276497028	-3.12834706859009	2.62663774864237
hual1241	-0.233640579984773	1.17576790558839	-2.68058982860882	2.05858501828351
huam1247	0.473053960252783	1.24413964930811	-1.86176022903348	3.11553609706374
huar1255	-0.729873035901139	1.37522737080913	-3.78722776480397	1.72524872990739
huas1242	-0.347219483079055	1.35062873043722	-3.20877856310973	2.25343891096344
huba1236	-0.163813843035601	1.18793365214058	-2.5934702844356	2.12168477129133
hula1244	-0.317202945584732	1.33621064672773	-3.13116335287228	2.22193353051733
humb1243	0.758975702809321	1.33144372625785	-1.76746229453359	3.54105297737861
hung1274	1.40222605877582	1.42755394807269	-0.996728386285216	4.52737768075086
iaai1238	-0.490796519816241	1.31303050189474	-3.4092080553543	1.91315791912619
iatm1242	0.403528002020783	1.09637035688705	-1.71980763860892	2.66893046020942
ibal1244	0.8072953854266	1.09939645935529	-1.35863603756729	3.02014774695745
iban1264	-0.16518376632938	1.3354846422578	-3.11328670611981	2.42213769475371
ibat1238	0.0125662230814544	1.36621508342663	-2.80480655189665	2.72291089550175
idom1241	-0.434435103226903	1.38083604184632	-3.40780358252535	2.17805233521799
idum1241	1.64175344870934	1.33196020001227	-0.626249679806675	4.53833046112231
idun1242	-0.0410267702262701	1.08447363759311	-2.25379201062771	2.04426861280221
ikkk1242	-0.273363440597909	1.39737492414024	-3.21324968497085	2.36338729164902
ilaa1246	-0.0897543128473523	1.39997133854869	-3.05504750985654	2.64256902332414
iliu1237	-0.287506808531406	1.35830440598658	-3.06433622396213	2.35313447415536
ilon1239	1.21705478549504	1.13385074530599	-0.85119725125711	3.57012645256477
imba1240	1.00354804785071	1.28383293479409	-1.29168141953071	3.76653285252571
ingr1248	-0.196085854363398	1.36303889403958	-3.04256289493249	2.4815360449196
ingu1240	-0.184762326248075	1.32115060804825	-2.96846882412117	2.39878407278914
iqui1243	-0.576977655266794	1.26885621648534	-3.28726130343515	1.68559248911952
irar1238	0.623218902572943	1.32071703608193	-1.89375443765883	3.38458305877329
iris1253	-0.186328674625923	1.3735366172236	-3.10430465270937	2.48531573034419
irul1243	-0.23937527892963	1.37983908332283	-3.20573061204225	2.35973363165421
isco1239	1.25956112961366	1.25848038292275	-0.906515684847109	3.94981310725453
isir1237	-0.835435336507246	1.29798337665453	-3.69102362519772	1.45359579501286
isna1241	0.287710705325749	1.30833070637746	-2.38785629817809	2.94868559044312
isth1240	-0.772917338927673	1.3399260774985	-3.69790305669062	1.67640858144971
isth1241	-0.699021848831198	1.3170786141204	-3.53369586611356	1.66777359373602
ital1282	-0.0260256690376573	1.34591632394894	-2.78917401621746	2.64102055113028
iton1250	-0.491599021560183	1.29649969825557	-3.29841637777517	1.92019437306675
itza1241	-0.462960111691405	1.3768509982468	-3.438116591342	2.09281398458893
iumi1238	-0.889534255089288	1.33146505834897	-3.78708592156229	1.47382273247559
ivat1242	-0.15103238539544	1.38613631265703	-3.09997513733872	2.60794955548082
iwal1237	-0.446772599126559	1.16051595251914	-2.98584584566389	1.70211749851745
iwam1256	-0.593338707742836	1.21053199186183	-3.23632979510226	1.67446548624997
jahh1242	-0.291693253486675	1.35407698501043	-3.10204989323032	2.43828072867729
jalk1242	0.824387564628173	1.28509585505722	-1.45991328286467	3.61721044260066
jama1261	0.617659553615773	1.21427316367221	-1.65310486240365	3.19475737269583
jamb1236	-0.102600544270729	1.39651470756741	-3.03299390101454	2.63984447692948
jams1239	2.21326268166905	1.45744110743896	-0.249330559482616	5.34032982429408
japh1234	1.79551677763462	1.24530485530315	-0.363694573495997	4.45558802266847
jaqa1244	-0.672293001222704	1.34911655497441	-3.63887788470472	1.80378123902303
jede1239	-0.290186706894435	1.36532278388635	-3.14535351541077	2.25937209030643
jeha1242	-0.292376760530942	1.37010679912426	-3.17199759975669	2.32652942605597
jehh1245	-0.355411302836835	1.36332356589851	-3.26602500683328	2.16001933021195
jenn1240	-0.547434793297614	1.37477517679091	-3.46686557323503	2.05871299995118
jina1244	-0.404681939509934	1.26236283528395	-3.10679805832238	2.00071195540486
juku1254	-0.397456282166988	1.24386529749463	-2.9906556435009	1.95648516363303
jurm1239	-0.136654353364039	1.37259699952989	-2.95279167270888	2.57329347380686
kaba1278	0.761833306507786	1.29839233513645	-1.61050975222873	3.52674448901268
kaba1281	-0.236552818573759	1.39504163055533	-3.21813419847562	2.58443266458827
kach1280	-0.777210288226288	1.34492899659021	-3.77635742228679	1.66138992276405
kach1284	-0.440591324869192	1.32611357921864	-3.22686481822297	2.13966285815596
kado1242	-0.933493511975442	1.2591672837617	-3.80244673950392	1.22627289809605
kafa1242	-0.551747352104071	1.38919940542143	-3.49449490688489	2.11777551576065
kaga1256	-0.223521108215778	1.36337256710767	-3.06846702879019	2.4020170046147
kaik1246	-0.888682870669335	1.22308329345653	-3.52634096520753	1.35724239108275
kaki1249	-0.45920034435561	1.1276843849093	-2.85166738982308	1.61971132982907
kala1384	-0.0742348866410814	1.36004705065734	-2.93844364407597	2.59954957171527
kala1399	-0.58290565071741	1.27641088658084	-3.30236631265333	1.75216807827991
kamb1297	-0.28783276523899	1.39838148270517	-3.2431134759105	2.37146719619118
kamb1299	-0.298623108453696	1.38172809007421	-3.16185737443323	2.35783087995738
kamm1249	-0.429184159525366	1.31355563411544	-3.22707976584647	2.10325760402692
kana1286	-0.0457592958778245	1.20816324601598	-2.60051425432985	2.2990007444215
kana1291	0.957637589063614	1.32410326842291	-1.38574123658715	3.88106043847729
kank1243	0.914504840060333	1.13408360096167	-1.24660927542296	3.26113361987036
kaqc1270	-0.671331955843057	1.34507194618106	-3.59203353248631	1.78899162729795
kara1476	-0.342991172781519	1.28826264185427	-3.19320704181882	2.0660580108091
kara1486	-0.580501494079231	1.32209322239574	-3.43531478478611	1.78485253513717
kara1487	1.12081081960273	1.06894290949316	-0.903760075069426	3.30481915594344
kara1500	0.862957710749383	1.32695618818279	-1.51956273777384	3.81582264056116
karb1241	-0.246423687013898	1.13004102372481	-2.64608170719197	1.90305138499045
kare1335	-0.114673040434077	1.39722321988156	-3.00452319652588	2.67164507300245
kare1338	-0.208897291668702	1.3769818626994	-3.0300830604106	2.4011412367405
kari1311	0.855216906660352	1.30468177538376	-1.47649289201285	3.70652772492558
karn1252	-0.185238467179986	1.13926322850996	-2.57606865466613	1.98207173488128
kash1277	0.370490567697434	1.3353695350779	-2.25029077604579	3.09356139449909
katb1237	-0.330396915629539	1.03342615611745	-2.51898749712451	1.61302697482292
kats1235	-0.865820610329849	1.32215231692112	-3.75627226007229	1.53270584565379
kava1241	0.952335011450792	1.28489291735413	-1.3795963387556	3.64384730457183
kaya1315	1.63416494287028	1.41300773415913	-0.811819563944292	4.72375125588881
keig1242	-0.240930169743461	1.36974149050576	-3.14581102511954	2.34321978802537
kele1258	-0.239802873210014	1.32949083981151	-3.13319444330346	2.20674245505966
kele1259	1.26000129205046	1.08246697701187	-0.744978748072272	3.46856705954689
kemb1249	-0.20230859197247	1.35830615942129	-3.01935896042267	2.4612639096597
keme1240	-0.259549449701806	1.15096155505002	-2.73278522272925	1.95331796676274
kens1248	-0.280326103136412	1.37036625493577	-3.11812586947657	2.46832843317331
kenu1236	-0.141101440656607	1.43362573822198	-3.15096962443774	2.77031931669348
keoo1238	-0.363083105347092	1.37791415897913	-3.36252108488235	2.28813874890075
kera1255	-0.327825377789609	1.26475569209694	-2.91351322594318	2.09271498925237
kesa1244	1.79903312250178	1.23854240405894	-0.318656531347896	4.4496783496905
kett1243	-0.242033515856468	1.33898842201791	-3.08343980134548	2.26411812290579
kgal1244	-0.182945161099087	1.38511390611023	-3.15227688189178	2.59614443173758
khak1248	-0.364725623974004	1.33646711394061	-3.18923019770174	2.1605332352141
khal1275	0.653120452562885	0.903356707998	-1.08262968258076	2.50685643143838
kham1282	1.18377952377007	1.31841890589113	-1.14479627133462	4.0351616690079
khan1278	-0.533319731069504	1.32524561681778	-3.46413683722222	1.89510819653376
khar1288	0.178342977425793	0.952120738031958	-1.69025683657779	2.10527536796796
khas1269	-0.422230554413661	1.22377096107352	-3.08092234053635	1.86453729907818
khez1235	-0.0094245980982467	0.9433977658305	-1.92659905464732	1.84607065204819
khin1240	-0.643031184769291	1.36888564155996	-3.64708898590637	1.84756504258631
khmu1256	-0.651566436242397	1.37545962369094	-3.60171576084524	1.88135028714621
khva1239	-0.716193411040722	1.34262469481094	-3.59473147021871	1.72931836128822
kich1262	-0.701016704165279	1.34710115847061	-3.73376896990461	1.77432493189571
kiku1240	-0.27550902875548	1.3752109769561	-3.2757714811109	2.38748066534499
kile1243	0.9453722089408	1.36189180432967	-1.41812095254504	3.96723357960017
kili1267	0.337917034253209	1.24866994168058	-2.07147192425645	2.8690864206716
kimm1245	-0.364699323499596	1.34847121019474	-3.36043549028756	2.2001274888675
kina1250	-0.207327818962297	1.33227597327122	-3.02909366396143	2.31118801576425
kinn1249	-0.504446171708092	1.29749036880033	-3.30100616455969	1.86758035900368
kiow1266	0.659470588698488	1.28148660888284	-1.74220221757609	3.48617950414362
kips1239	-0.342699335584213	1.37126554904837	-3.33093542693851	2.26206050646732
koda1255	-0.521179759136569	1.38497094092534	-3.51621131206587	2.02943814822144
koit1244	0.325321820163933	1.12265181418886	-1.86841733215958	2.62267581775914
koko1269	0.141468460688098	1.21269916695275	-2.29005923950139	2.55924969691695
kolb1240	-0.169250392341191	1.34158112159609	-2.94754218466607	2.41771160433926
kolc1235	-0.337516239140254	1.30914342373206	-3.05619671235605	2.19012946855861
kolu1245	0.158197776009381	1.0892244964693	-2.00243642558692	2.37905821966984
komb1274	-0.648946357675444	1.29798810349176	-3.42782278505851	1.7693973203617
komc1235	-0.390251337264567	1.17764566166669	-2.89692406501365	1.83155401108155
komi1268	-0.0952753916693184	1.38112359925383	-3.0073482067999	2.67094843582177
komi1270	0.418484947940377	0.984696695575549	-1.44196343645509	2.39961475864077
komo1260	-0.0815782114234309	1.37406249394839	-2.98388157335938	2.61404760061754
kona1242	-0.73459612934745	1.24943672280381	-3.37901951812696	1.54504050623809
konk1267	-0.388179528238477	1.32264874866721	-3.26868392958148	2.12480123458377
kony1248	-0.240009473003867	1.09505662634968	-2.5301903826972	1.91927793672095
konz1239	0.651444650671773	1.27296984433349	-1.80005492618348	3.22341234404104
koon1245	-0.267091961579595	1.32612313391366	-3.03902291635413	2.26446894606291
koor1239	-0.212939979143131	1.29378701548408	-2.93557347828195	2.34965243304583
kore1280	1.04747515225664	1.37232707897896	-1.39061991421353	4.15974417990948
kore1283	-0.103678455018513	1.260058251661	-2.77070061049403	2.4219506017506
kork1243	1.59079369341354	1.39549371847278	-0.661436793297041	4.7672629142597
koro1298	1.49121436790275	1.29948753040153	-0.819929143741873	4.30386996231815
korr1238	-0.459162913175471	1.36831055581338	-3.46001581381206	2.01819998916033
kosa1249	-0.849903244799751	1.29757696066641	-3.71492825244866	1.42108392957322
kota1263	-0.522047477545384	1.36442448157052	-3.50436799169583	2.0466869599092
koti1238	-0.167888109203445	1.39400454872225	-3.09663713664646	2.47899285686064
kova1243	-0.149213487118226	1.13962256265783	-2.59564536878467	1.98557997835056
kove1237	-0.449373564541182	1.31277656032394	-3.28174480673005	2.03646504540603
koyr1240	0.44982492317731	1.39845021200019	-2.30703135666176	3.28314601908008
koyr1242	0.021169481974401	1.39122000281001	-2.80924473394132	2.77092053199564
kryt1240	-0.628762719111962	1.35914365451514	-3.60349852649034	1.89058065896257
kuan1248	-0.612026200027717	1.3132495643103	-3.46154251172728	1.78532791757412
kuku1280	1.29525228097943	1.36417310544306	-0.977614945011893	4.29022597607968
kulu1253	0.963275830820911	0.936323547668863	-0.738116473528895	2.919024246545
kuma1276	-0.427668665890073	1.34526678638763	-3.41267056329664	2.12573693162292
kumb1268	-0.312140097934888	1.31984501583578	-3.1150960886123	2.21585996063916
kumz1235	1.06957965778888	1.31605849849077	-1.23179195821885	3.94181166913275
kuna1268	-0.294848019221544	1.36048485061973	-3.18817728461638	2.39694476099338
kunb1251	1.30422905572891	1.26691334190312	-0.955357369485474	3.97756353180639
kuni1267	-0.382481587888316	1.11510455894494	-2.7720440749021	1.72221946423801
kunj1245	0.15210817947867	1.38316441468219	-2.60802083422873	2.93713070133464
kuot1243	-0.650885952413138	1.29410390653256	-3.48476883147868	1.71697855317801
kusa1251	-0.22287306556459	1.28075729144678	-2.95742372246493	2.19365293261711
kusu1250	-0.951392886660741	1.22946323383088	-3.70132782591696	1.22105580486336
kute1248	-0.448489222343458	1.23823117020999	-3.03557465953924	1.85181419777522
kuyy1240	-0.338088745660279	1.38030986643885	-3.25207258589401	2.36670497656362
kwai1243	-0.302015585234237	1.24025624485798	-2.97781448777803	1.99981416305084
kwam1252	-0.497096705638005	1.30807682652664	-3.42584823248372	1.857277268146
kwar1239	-0.311062915960204	1.22698697688233	-2.96522210050173	2.01532039049204
kweg1241	-0.550486627054422	1.32952184707367	-3.33775408078879	1.92825763298706
kwin1241	-0.100118874500824	1.41522576169593	-3.07270936727091	2.62459370113095
kwom1262	0.150610376231651	1.09218936540474	-2.00742343929811	2.35054365187213
kxoe1243	-0.0107010251331313	1.35982393883988	-2.82141993560645	2.6464730875901
kyer1238	0.628004584431459	1.01114768711682	-1.24604485636485	2.73674208120885
laal1242	-0.272854722623739	1.40254369386089	-3.24323392173355	2.45361667351803
labo1244	-0.285824030288982	1.05418756300147	-2.51341506502218	1.73833420183972
labu1248	-0.178838066987736	1.07804980606749	-2.48497400479529	1.81293918690569
lagw1237	-0.404792136035829	1.28862554789982	-3.11985148659535	2.03782997027472
lahu1253	-0.955805446623919	1.25896795090782	-3.79172589937426	1.17925559598448
laiy1246	-0.133399688875632	1.34643567929605	-3.00364297277076	2.48594672021724
lakk1252	-0.746019408448059	1.36538176524096	-3.72444903844246	1.69094909263786
lala1268	0.220213673706765	1.07632900307808	-1.90567146469351	2.42572770012451
lama1277	-0.346185194374681	1.34227648623766	-3.25962199521003	2.09176911854092
lamb1272	0.615310124815005	1.30017496529194	-1.86198648965121	3.34884102937046
lamb1273	-0.245377707532423	1.35855227781776	-3.04927932007252	2.36144974520733
lame1260	0.285182458946419	1.09044007350258	-1.88271259686873	2.53096073208168
land1256	-0.228093212660859	1.33459556396436	-2.98730595589852	2.36662366882273
lang1320	-0.526463452849262	1.31783332316022	-3.38555713491407	1.90445984888658
lash1243	-1.00315510476842	1.3218770926623	-4.00798622318729	1.26637376887303
latv1249	-0.264665521185826	1.32878999905997	-3.09994372544459	2.27966793653102
lave1248	-0.354192395139874	1.36350638321086	-3.32452230683515	2.19224534529
lavu1241	0.526005244321561	1.20581882318003	-1.76736168341997	3.14423667951993
lazz1240	-0.184137512178305	1.33979277184547	-2.95200798674218	2.41627067958506
lega1249	0.186052768257151	1.3546038495643	-2.5681248050753	2.96207832405711
lega1250	0.153189044310419	1.38990350987888	-2.56657807487663	2.94801930693041
lele1267	-0.173794997832154	1.18016877481978	-2.69976808110104	2.12793394547163
lele1270	-0.268416894071675	1.33408627490042	-3.17245070022397	2.21702748539839
lele1276	-0.376221611626656	1.32978510777569	-3.19445402581994	2.13062176602962
lemb1266	0.796032197896943	1.02859037157693	-1.17125033455272	2.88131331531413
lena1238	-0.503748394721266	1.3087186288662	-3.35982060646427	1.83245362539035
leti1246	-0.265529139410474	1.34472884175055	-3.10110596880215	2.26392051664295
lewo1242	0.274444187149303	1.11006993766742	-1.94313117505593	2.49794553937612
lewo1244	-0.373266905290897	1.34900201199786	-3.24536791243997	2.14991152665619
lezg1247	-0.682671559659121	1.38696768011834	-3.78885799754525	1.81660093994621
libi1244	-0.338454764599433	1.35874859194065	-3.21277658439403	2.18557782599465
liby1240	1.49541751311771	1.45459326252191	-0.951270273897175	4.67798500819963
lika1243	0.197244165647414	1.33338454977082	-2.59243664580868	2.8901028670814
lill1248	-0.140018336787157	1.3166968194185	-2.94023785485345	2.42703962521406
ling1265	-0.350471640193516	1.02816700006637	-2.51141687240845	1.59420574566053
lipo1242	-1.07434793404718	1.25320284816526	-3.82290708962714	1.18351209308625
lish1245	-0.529103685486112	1.31085167946024	-3.35741142459129	1.85987160122133
lisu1250	-0.894923325069123	1.30421107600209	-3.7194086044581	1.42531652621888
lith1251	-0.230229452497151	1.39251846360983	-3.19455479658569	2.5186915563784
litz1237	-0.399840529350837	1.04025082053383	-2.60735895455925	1.55935866503121
livv1243	-0.127924729478071	1.42114249649249	-3.05295816701679	2.68957568007733
loba1239	-0.33858570961529	1.34178784780414	-3.2902728314991	2.14790809537906
logo1259	-0.0382595306300215	1.38327431836142	-2.99760408385919	2.79186770888713
loka1252	-0.468585410668825	1.39471225415375	-3.42803752128316	2.12436921453989
lolo1259	-1.05165271996516	1.26524663366607	-3.79463973934687	1.16705029683835
lomb1257	-0.234346679060565	1.32810269115427	-3.07785217048048	2.26361427398427
long1395	-0.12512570808419	1.26765705527086	-2.77086684703115	2.32220453306528
loni1238	-0.2786563281232	1.32145609280813	-3.10109206169713	2.17894232396721
lote1237	-0.419135976634571	1.35008834597989	-3.26232423863338	2.10794343160348
louu1245	-0.250860949520402	1.32871949382871	-3.12841435536443	2.27447055705268
lowl1260	-0.867582141054937	1.32204731246474	-3.80512245101308	1.47573309222551
lowl1265	-0.921923336023799	1.31736543594169	-3.96377543047646	1.35139804947744
luan1263	-0.239085232840559	1.36128385743076	-3.09902658587417	2.32637513160177
luch1239	1.35497538816664	1.41307585896264	-1.08601610769902	4.42929235173757
ludi1246	-0.136232081788674	1.41044788649181	-3.12539232868761	2.7131826675506
lugb1240	-0.0425989447999235	1.36451325921284	-2.86702550569952	2.67912778545843
lugu1238	-0.230934891124985	1.42867649040655	-3.26763398953638	2.46683374889676
lule1254	-0.18313424651648	1.3931137191472	-3.16483471494966	2.62753651880382
lumb1249	-0.136376704303433	1.4095177024201	-3.15835870524928	2.70153877674365
lumu1239	-0.267321379350098	1.35028064085858	-3.09002618466868	2.38834073255993
lund1266	-0.0525780876300858	1.35266022975018	-2.86313148748321	2.65487923606502
luok1236	-0.320725469459036	1.37619078506049	-3.21903392407719	2.34735140969376
lush1249	1.74109344494365	1.21812229118475	-0.27612225577276	4.42672709819629
lush1252	0.406359237182441	1.26815188072794	-2.09693337688659	3.01959142484074
luva1239	0.99123174907846	1.31807623122178	-1.38706378236694	3.78137255088179
luya1241	0.580020721679489	1.33007815988606	-2.04200369081146	3.34210437830677
maan1238	-0.10521098393817	1.42126118408587	-3.11717408209632	2.6755227329611
maba1277	-0.250236931983341	1.3678335870722	-3.09524930247574	2.44164550541012
mace1250	-0.271838571369911	1.37121706838578	-3.24664508051917	2.31332381841503
maco1239	-0.663059372678532	1.27724221258499	-3.5105120354272	1.62069172537762
macu1260	1.26646552914367	1.205883977397	-0.787569198199344	3.9217169119113
mada1285	-0.653362004268428	1.30579539591869	-3.48496984475089	1.66058293676535
madi1260	-0.165313623789318	1.38258217160011	-3.1078588802315	2.57894508497718
maee1241	-0.451089065734894	1.05639335910051	-2.71325020021827	1.55320330303296
mail1248	-0.298556957564224	1.26563505628551	-2.93037707799765	2.16239864920023
mait1250	0.480036707419322	1.13685725547078	-1.72380198427323	2.82772466254407
maja1242	-0.461103746367544	1.36696713023337	-3.45485671217801	2.19451015286624
maka1304	-0.311819687945858	1.3274351675746	-3.12427838352341	2.25578741641319
makc1235	-0.207517679618215	1.42670100029317	-3.21032536093856	2.5816852834585
makh1264	-0.219590845350636	1.35190447609059	-3.02915266044713	2.35463406087762
makh1266	-0.225324826800572	1.40789463418268	-3.11060085578779	2.45145938157839
mako1251	-0.16050251802689	1.3644951734524	-2.91256887799779	2.49827609380776
mala1463	-0.319336998556904	1.36334578621043	-3.26607590753749	2.25648126968812
mala1464	-0.386848048680044	1.38334022179174	-3.29305491796776	2.20019504012812
male1284	-0.582618033615267	1.29392660946838	-3.26247941092224	1.89615221443473
male1289	-0.355995311924074	1.22739433327759	-2.99371701452448	1.93577944975304
male1297	-0.553893777667206	1.2610563026823	-3.31840139344813	1.81002868413538
malg1251	-0.345511955186001	1.25357511484661	-3.04400545731631	2.07088405200923
mali1285	-0.64626076100662	1.3378529844379	-3.56919053966907	1.75087152121265
malo1243	-0.415396299082037	1.10385023050304	-2.71518361883852	1.71464754135926
malt1254	0.276064451177136	1.35502826597961	-2.44900490137962	3.03354152432361
malu1245	-0.458735501548362	1.07484986317369	-2.74680979342537	1.58941005591918
mamb1294	-0.0109993457163129	1.2497673101034	-2.51953235589925	2.49073748820391
mamb1296	0.198121780195656	1.38228237257874	-2.66360936341041	2.9975168765427
mamm1241	-0.749997836814664	1.3285363369038	-3.62256022581465	1.68292258695021
mana1288	-0.415658856593698	1.09820099531929	-2.6724476668819	1.66625430848766
mana1295	1.18847585759613	1.07323001510208	-0.747583530364018	3.4306320427089
mana1298	0.205492721189302	1.09658206406424	-1.97587389482989	2.4226583699365
mand1415	-0.144685826579101	1.38418973217649	-3.09284457540553	2.54197089049508
mand1440	-0.571719724446315	1.31637221234451	-3.37333602844427	1.87144577814689
mang1381	-0.152695204498038	1.35144405144097	-2.96152684717377	2.52204233930342
mang1401	-0.109935627289576	1.44377678899306	-3.07164253418229	2.68496434297471
mang1403	-0.442962523197941	1.35139631670737	-3.40655093818225	2.11043576783221
mang1405	-0.316024636297774	1.33291179462528	-3.10902076584676	2.25511929559041
mani1235	0.217851849413121	1.31054189075465	-2.38029788909767	2.81456017687705
maor1246	-0.125898369613589	1.40321082733817	-3.04566465772213	2.62122987263333
mapo1242	-0.244010912723504	1.08769898328153	-2.59133418312274	1.81872322009148
mapu1245	-0.387935413243278	1.32679388872214	-3.25150564539976	2.09773566164048
maqu1238	-0.832801704702674	1.23697762881883	-3.54741198075147	1.39906059778681
mara1378	-0.382380036916406	1.30959287697508	-3.26132155818434	2.00407499872525
mara1379	0.0214574286752763	0.926142279243103	-1.8670317975539	1.89635562105642
mara1386	1.39436415431784	1.31219032947446	-0.802964067392572	4.2613632844293
mara1399	-0.435144280270917	1.05428003857443	-2.69559041974241	1.55357934147789
marg1265	-0.315913560253262	1.20599964027825	-2.78966720614487	1.96927409476531
mari1426	0.0522803534946874	1.2326540929592	-2.47134050757222	2.59114517169323
mari1440	-0.761966023598695	1.33335319580688	-3.73202410848278	1.59871362299146
mars1254	-0.093419485559466	1.36610534896403	-2.98057071146396	2.55454158925883
mart1255	-0.127969423721926	1.29205878457223	-2.80553191670995	2.34429715780704
maru1249	-1.02824654939689	1.33392224319526	-4.05076839966694	1.34215859822339
maru1252	-0.583134348283975	1.24710833207666	-3.30534534385381	1.75660669078695
masa1322	-0.392005312274717	1.31333377454974	-3.14668071935552	2.09299946733019
masb1238	-0.18559525875969	1.37616896724941	-3.13027638880656	2.43728496171445
mask1242	-0.00964164696143605	1.03218857704427	-2.13253001136028	2.06336858119167
mati1250	-0.214251818278653	1.33613546054042	-3.05758459792498	2.41593627464667
matu1259	-0.162352082540918	1.34486768736832	-2.97300187024257	2.40785186463889
matu1261	1.63451282389025	1.15087398650294	-0.388401611414948	4.08071839518742
maun1240	1.09276504143959	1.25522370161781	-1.22883543454113	3.79854123015177
maxa1247	-0.621229107818802	1.2903093694212	-3.38825040750259	1.78266999017683
maya1285	0.911361749547774	1.31039070264167	-1.42595560359647	3.89835784644801
mayo1261	0.32758655328655	1.28187540424477	-2.28127335162913	2.94882000553688
mayo1264	-0.717262464388873	1.30335696184883	-3.52106420911137	1.65739511535081
maza1304	0.178625889241866	1.1671324657319	-2.03156708380129	2.54217501738851
mbaa1245	-0.00481954283463874	1.37547995440427	-2.82437112992992	2.72831501524018
mban1263	-0.235813089461502	1.36471430268405	-3.12133377770648	2.40301560909918
mbar1260	-0.395521336282833	1.34080610776728	-3.2734161019108	2.21501345412821
mbay1241	-0.312284644219665	1.36095174246182	-3.21789028801793	2.28020389048194
mboc1235	-0.552852846443141	1.29662430749631	-3.27576951171043	1.85182669015255
mbul1263	-0.242968130042896	1.16353208787059	-2.74290426303468	1.92201479153838
meen1242	-0.52333131378008	1.4010208778698	-3.48584105380614	2.15635924777502
mehe1243	-0.158103700041532	1.11706623735673	-2.46091766314377	1.95355835000761
meke1243	-0.227060187682388	1.04838284249421	-2.41663491846959	1.77561608591989
mele1250	-0.213512883896303	1.1882565875955	-2.78674465622611	2.09902519661789
mere1242	-0.207066597344977	1.19480890415863	-2.68035234615566	2.09485555270753
mezq1235	-0.506095921477688	1.35072085933791	-3.49883122151811	2.08909349913029
mich1245	-0.153651004864175	1.40815810566024	-3.04637655215791	2.6311658016682
miju1243	-0.198592255881841	1.15668374718359	-2.71261912154479	1.94788568899867
mikm1235	-0.205589327080144	1.32011728279208	-2.97996805576	2.3306037127719
mila1245	1.57950896494329	1.24704444363655	-0.519918475383153	4.28516247463372
mina1276	0.268133583002467	1.16260310750573	-1.95946189121029	2.68663873819952
mini1251	-0.611575790895872	1.313199471379	-3.49987145654529	1.78163652751106
mini1256	0.298805054955986	1.14670421678162	-1.9297055380089	2.66007634041374
minn1241	-0.104809303592801	1.35538803857362	-2.8662782991135	2.60235497446545
misk1235	0.932420553605416	1.32369081546768	-1.35358471535552	3.84729589619765
mixt1426	-1.00653911675559	1.30138351253139	-3.85507975378191	1.30092406521241
miya1259	-0.209884257182509	1.32589282196098	-3.0240565066227	2.31719651989202
miya1266	-0.617691487888132	1.32367643401827	-3.50717687267495	1.77733164225815
mlab1235	-0.453298587226281	1.35019370345742	-3.38823292231598	1.99170712074732
moba1244	-0.254858199856045	1.37450573616238	-3.13485739157836	2.38516150650038
moch1257	-0.824056459638702	1.33583722583449	-3.83424542622157	1.51073203978565
moco1246	-0.403647847022855	1.28697286734516	-3.12779820393216	1.92494106646689
mode1248	-0.186444899270356	1.37696347453512	-3.15936186111322	2.4184850658296
moha1258	1.67502252723216	1.42570599131494	-0.73097843269029	4.78718461873003
moke1242	-0.124732938768934	1.38194283818999	-2.95067426466125	2.64627520468909
moki1238	-0.152629007109192	1.39141785155265	-3.142526058328	2.51370684376921
mokl1243	-0.180368356507442	1.3956996196049	-3.12670522495987	2.47775935361313
mokp1239	-0.504550642348636	1.32542111539141	-3.38197165424615	1.99419116610367
moks1248	1.64010906834414	1.51319166530038	-0.933801557943562	4.93547558561314
molo1266	-0.125933490245956	1.175338380113	-2.48902020102535	2.21141391186609
monn1252	-0.130381315623217	1.38463244933661	-3.00971188795376	2.54112383673694
mono1273	-0.466534311326784	1.30484604352789	-3.15927019564818	1.96849214500336
mono1275	-0.530903260584168	1.30169695516319	-3.34926327477371	1.78866217915422
mopa1243	-0.415839414156681	1.37978351387206	-3.43444865232539	2.21006228038531
more1259	-0.535502185852178	1.33638145366302	-3.41565237301828	1.88609159944345
morm1235	-0.0658020139408253	1.29694427053153	-2.73098478400008	2.51585417684389
moro1287	0.212999331111887	1.36281638439685	-2.53469108984519	2.95397634401945
moro1289	1.43909068405171	1.31565192329844	-0.828105402789978	4.33149470286684
mose1249	-0.345346619554379	1.24889198767965	-3.03196688142958	1.98774593247417
motl1237	0.824739390664046	1.22118780334136	-1.46406496667639	3.41418192902019
motu1246	0.475620079867215	1.13387304642025	-1.65454164472886	2.86069213074366
movi1243	-0.258359871297856	1.23943259786325	-2.78669658221249	2.11675891558062
mpad1242	-0.152945851341043	1.32174741837579	-2.88110136084216	2.3979986157161
mpii1239	-0.42031493078625	1.29794887640674	-3.28598357785204	1.94334394004171
mpot1240	0.0394008629803267	1.35663683365083	-2.72505300929137	2.69147929307155
mpur1239	-0.122656380635363	1.35187687310189	-3.02006565592333	2.52533278269057
mual1241	-0.178896633637911	1.36463590953427	-3.04502387406091	2.46413999176115
mudu1239	-0.503761429950498	1.38184761578159	-3.42920815542533	2.11514804031922
mudu1242	-0.426086712789688	1.33834055263026	-3.29734030571127	2.04224975228228
mull1237	0.848438498664281	1.24731392195745	-1.47798735030615	3.44974026784251
munc1235	-0.365935285999341	1.21525016021183	-2.93775056508667	1.85938261550946
mund1320	1.10718202819049	1.33021308350469	-1.23935145647608	3.96643118901882
mund1325	-0.0829815864110286	1.21779778289105	-2.57817614751515	2.32108165905924
mund1326	-0.124412384385219	1.33666191013266	-2.9857926623288	2.50916621670308
mund1328	-0.401831314269331	1.16576886481008	-2.97470533270695	1.78143515048573
murl1244	-0.313012521560133	1.40620464752313	-3.23432338744839	2.35318267688744
muru1274	0.671331449173739	1.20716263072598	-1.53477764887175	3.27251855393629
muso1238	0.00118037292575988	1.06103007923599	-2.15163375536202	2.05305046322507
muyu1244	0.164574035101884	1.35171701438128	-2.500385087973	2.92643343807511
mwag1236	-0.712330755547458	1.30612718172124	-3.55032465303403	1.64657138284987
mwan1247	-0.201129106722114	1.42322600405456	-3.25524255800176	2.620843690384
nade1244	-0.274157089947828	1.26634757997841	-2.98035897569712	2.1780601463716
naka1262	-0.467420990278925	1.3664973286585	-3.31023180108414	2.11653492683155
nali1244	-0.62447218828951	1.31399817698776	-3.55386084911808	1.75463003352222
nama1268	0.17304424895013	1.13829421977787	-2.13264274521217	2.45721055314359
nana1257	-0.136629241769563	1.29797914978888	-2.87834400474109	2.44104331252539
nand1266	-0.301596562460588	1.38822206044125	-3.29568559578729	2.32157177587302
nang1262	-0.211406670006955	1.37008166723958	-3.12246313296996	2.37353209282493
nara1262	-0.273860317838948	1.37312567689953	-3.07944108750951	2.48091927680366
naue1237	-0.292115896638586	1.31699718799945	-3.02485030480599	2.23067719584224
naur1243	-0.0876336010301594	1.35124033817139	-2.92290744577557	2.58957353767693
nava1243	0.350857394061433	1.2235026086413	-1.94510632057898	2.9135368663066
nawu1242	-0.248846841449667	1.35969582203677	-3.10574670844178	2.47907585744904
naxi1245	-0.520272579359803	1.17513387954263	-3.03117026805649	1.70335908236913
ncan1245	-0.239066480109293	1.15052487963796	-2.67718910340498	1.93923892804792
ndam1239	0.0469681601652456	1.31792898780512	-2.61934375329099	2.6677747493076
ndog1248	-0.0708210505633358	1.37013533291975	-2.96949459107876	2.63075524787874
ndun1249	-0.119932665064612	1.38772117274461	-3.07895595368321	2.49960270122673
neha1247	-0.424739897390838	1.38407689588571	-3.46501801061301	2.17658098474504
nend1239	1.87684894115757	1.09525847746165	-0.038806508526372	4.19218706442138
nene1249	-0.246734376362113	1.31806942437742	-2.96979183385221	2.3794815240157
neng1238	-0.357231001707819	1.38749968695436	-3.31148551581942	2.23841672041957
nenn1238	0.542770795520735	1.1987751117391	-1.78363555944278	3.0273152934168
nese1235	-0.457983510277636	1.06977600456906	-2.72937041701373	1.57476039178306
newa1246	0.407516138120717	0.968476597086152	-1.43107729310931	2.38460773650626
nezp1238	-0.242262485580793	1.36310552531801	-3.08186402840974	2.38695618140267
ngaa1240	-0.252289593970969	1.34674281023878	-3.1883792701505	2.2837729625268
ngam1268	-0.315054533476747	1.35574907020058	-3.16633311963575	2.29810894782111
ngan1291	-0.25444131520888	1.31525968340697	-3.04680141181603	2.23164574069211
ngar1235	0.0879836198756628	1.2794728109068	-2.61632258694656	2.58382703623938
ngas1240	-0.737402590463088	1.29179780614117	-3.5997112053257	1.53759743946826
ngba1284	-0.232920111643631	1.35207507882593	-3.06517387406039	2.42984394160592
ngba1285	-0.300067879002591	1.34019960907333	-3.10155019974714	2.19362412022912
ngit1239	0.647111525081247	1.35408702375183	-1.92671924383981	3.49469319813837
nhan1238	-0.184740213490166	1.36771172695668	-3.05760903614164	2.46804489354321
nhen1239	1.01201862742054	1.28070491860075	-1.27921053413757	3.83373511880368
niha1238	1.51794293473664	1.42415305394518	-0.896315909194265	4.70579117709221
nila1242	-0.329268601199972	1.38028396662333	-3.26232261222047	2.27547964330719
niua1240	-0.118007517018152	1.3998203861959	-3.06688359933606	2.62275327308413
niue1239	-0.0983588604216755	1.38716075843017	-3.02589633304737	2.5944275940353
niva1238	0.960271987682403	1.32827053608959	-1.40518868775305	3.88998227968379
njan1240	0.752812190644457	1.25626375638301	-1.5115040656532	3.45947788824898
noct1238	-0.239670086498299	1.13925732689737	-2.59516073911689	1.95859056223686
noma1260	-0.472264238424915	1.26800483641392	-3.25057487367565	1.90725535345898
noon1242	-0.119958393774674	1.3751668567661	-2.97573482370654	2.60102454740024
noon1243	-0.213142772357903	1.14771484042164	-2.64558875094324	2.00210460704653
nopa1235	-0.943566506535721	1.30846845298486	-3.88954351296105	1.36252332423459
nort2671	-0.144111017689314	1.40818519257941	-3.07864878101216	2.60515334389196
nort2684	-0.316564606385788	1.39369247957907	-3.32118028326765	2.3168963008421
nort2690	-0.225218592954371	1.34379336844197	-3.0530829062238	2.37114108256862
nort2702	-0.356492566176391	1.38913694518124	-3.36513807588693	2.34747519137529
nort2722	1.0244990047829	1.11935169967169	-1.02518444077005	3.35132739403036
nort2723	-0.14847936302658	1.17529102585777	-2.58399502802135	2.096566548196
nort2724	-0.82373715844595	1.29921200532393	-3.67194257005126	1.5479206912693
nort2732	-0.395430282611204	1.30147200936883	-3.230735378027	2.07402578305283
nort2745	-0.331384205245498	1.36323261736425	-3.18179775960428	2.27671454535152
nort2747	-0.245390629555757	1.40224489895811	-3.18544403845506	2.51034203300131
nort2839	-0.0382031720913311	1.05363428631301	-2.18063933132915	2.04584445547842
nort2845	1.65172075082858	1.52435609406609	-0.858062694814893	4.90401306807696
nort2885	-0.227011699876101	1.41003821773202	-3.1027747396737	2.6245548974677
nort2930	-0.129502645649416	1.18686015469965	-2.56221612559716	2.19596605644295
nort2938	1.01187598391972	1.33987706479045	-1.30948381166846	3.95646290454371
nort2942	0.645356544755317	1.30405058849015	-1.73137568567818	3.53895542338141
nort2954	-0.464764452981747	1.30018043106895	-3.19346012202655	1.93870208417753
nort2959	-0.648694117629697	1.38138715551861	-3.62690071212296	1.85718765866273
nort2961	-0.227808230045723	1.33262638833981	-3.09787522443296	2.28546059043045
nort2972	0.84273865034437	1.24089318801534	-1.36379817453941	3.50742266670941
nort3047	-0.0465998935716451	1.17778905955807	-2.34092113250322	2.3368573817207
nort3139	-0.201807770190375	1.35246633936186	-3.07373541953183	2.45426188970875
nots1237	-0.646153986328175	1.29301480813633	-3.41087497364017	1.67113843495779
nucl1235	-0.364032470919805	1.39639336322831	-3.30637230749241	2.31022448972054
nucl1301	-0.255350098466373	1.36742457595269	-3.10636158444579	2.39953814361926
nucl1302	-0.179243640175668	1.38335500283008	-3.0957668478443	2.50989157778085
nucl1305	-0.395776784184405	1.3996392122191	-3.43405693543159	2.26918512472859
nucl1310	-0.398660279581037	1.15748538315249	-2.87089154145435	1.68322838946815
nucl1417	-0.51926804873163	1.31674274297459	-3.43728097462089	1.8845655246299
nucl1458	1.2498249832175	1.03785507748426	-0.679765444166827	3.41762408365578
nucl1595	-0.92326305970641	1.29939465785667	-3.78372236750713	1.3387110994437
nucl1622	1.42713864131883	1.33946071184959	-0.894690862556193	4.40838583074088
nucl1633	-0.746786208261449	1.33021139356617	-3.63823699406442	1.7059603223829
nucl1706	-0.173710342631221	1.36300469881412	-3.01116030362442	2.56802893263927
nuer1246	-0.189258038947001	1.38408297337458	-3.0282036542426	2.47556748394514
nugu1242	-0.438274798177583	1.25366220799746	-3.26047185517775	1.96165591201138
nukn1238	0.568813493943321	1.07869527940749	-1.48264357382821	2.80694842509048
nupe1254	-0.397092905640282	1.33900760218697	-3.23292336933573	2.171865680452
nuuc1236	-0.325911726138916	1.38253973045649	-3.31445145698456	2.29421264280947
nyah1250	-0.256677964666855	1.41050938452912	-3.29968125385562	2.43611624230405
nyal1254	-0.275119521403475	1.31864458824161	-3.07404238514276	2.39202592196548
nyam1285	-0.643995545017569	1.32539495472228	-3.54590969551731	1.81184627645168
nyan1307	0.479260291606304	1.31617733239741	-2.03127287972912	3.17163904010808
nyat1246	-0.341836941298855	1.35315447308018	-3.24972870443174	2.30322348500059
nyor1246	0.653294230213877	1.31491283504432	-1.86262410422514	3.40696633108991
nzak1247	1.55466935467096	1.47712759277781	-0.909425782569774	4.78739292950459
obok1239	-0.899237359762356	1.29365997624879	-3.76386959897442	1.39367847279847
occi1239	-0.0837329454129486	1.32299035842162	-2.84024053896925	2.5745812555862
ocot1244	-1.0751838951247	1.30598513400335	-3.89589679815238	1.19918505763706
okan1243	-0.126264200991823	1.30952661049807	-2.82958837776816	2.38215926732795
oksa1245	-0.63033458523513	1.22454630469064	-3.34797284130582	1.56808779198488
oloo1241	-0.444224422184216	1.19522886765737	-2.95193849329345	1.775668087276
olut1240	-0.805641542450849	1.34132121385235	-3.68113423726508	1.58664339415905
omah1247	0.657238582925724	1.24673868975088	-1.58772502344704	3.37390324952913
onon1246	1.50567238519185	1.37181472586649	-0.826898930099456	4.51364191556159
onto1237	1.5849245033887	1.46385192490914	-0.919503645979201	4.78022748883211
oriy1255	-0.38493369161302	1.29607930355854	-3.18137344039073	2.09073235654299
orma1241	-0.310678348086014	1.33990266557018	-3.26596153022213	2.19119777706184
orok1266	-0.552996287693608	1.31135293450246	-3.3830618734875	1.85040757547875
orok1267	-0.465587095114712	1.16914394971985	-2.98524154409075	1.70503534360169
orow1242	-0.482507602781294	1.3215228348305	-3.40852282254385	1.95632900083461
otta1242	-0.251993466748453	1.34035116295636	-3.14332091168134	2.30496710832615
owaa1237	1.117990253909	1.33207761923021	-1.26851996837883	3.97375826717661
paaa1242	-0.552288066249015	1.34491006258428	-3.49295056413553	1.87462588165107
paam1238	0.211406829498471	1.08080687455328	-1.9379220544592	2.40999968290903
paas1238	-0.171488358518432	1.34042603380915	-2.97911986554169	2.45406447624756
paco1243	-0.326399087081707	1.3924920583194	-3.26175965968422	2.33190282008109
pagi1243	0.174944344094647	1.36463798814944	-2.60843209447856	2.88507521416371
pahn1237	-0.337259137367466	1.32888370615594	-3.21817802899113	2.19788565299822
pala1344	-0.104982505966426	1.39584480935382	-3.08999878860907	2.53637416445426
pamb1243	1.56844107601148	1.47331722406407	-0.937082491482451	4.79916911430044
pang1287	0.443060465605553	1.32398948669056	-2.18988688036031	3.12389813214883
panj1256	1.03173658812895	1.3238536933236	-1.32299444306288	3.93356302003354
pany1241	1.4525304709982	1.4788400111206	-1.07349248010384	4.76988173450361
papa1265	-0.568527749484099	1.26897770363007	-3.3836898666026	1.76898228305385
para1301	-0.65125827124379	1.40547223933059	-3.77893374460841	1.96921196838273
pare1266	-0.664050061526018	1.32259636759808	-3.56173489102931	1.77595623182569
pare1272	1.14647261639705	1.32570360888712	-1.13799150113967	4.04907799278007
pate1247	-0.247968792663775	1.11107424876364	-2.5669382869146	1.87193427772785
patp1243	-0.604530098667799	1.35026120591325	-3.58766046225421	1.86928869270946
paul1238	1.44247855869642	1.41583129812674	-1.018857991593	4.44662179224701
payn1244	1.82286811993327	1.08413568943637	-0.0664412635471754	4.06755964654039
pela1242	-0.781651307220057	1.26772392164579	-3.64646248436359	1.43296066266748
pemo1248	0.946256051723312	1.31008357099511	-1.42800046632114	3.79010099495989
pend1242	0.0632244581078527	1.32947048130242	-2.73430038836071	2.6950304871662
peng1244	-0.6626897143917	1.35749541707101	-3.63704401806409	1.84718241746018
phai1238	-0.485317560716209	1.3854273519532	-3.56439235081963	2.16397398033002
phom1236	-0.0491922426181574	1.0479255344622	-2.20409188041626	2.02579865024746
pila1245	-0.297084076414631	1.2811054721013	-3.05243104309744	2.20936715341979
pile1238	-0.245626553605878	1.34332830128909	-3.15378917168305	2.33382937453526
pina1252	1.11682315102316	1.02058389095113	-0.759248365100657	3.26927912798686
ping1243	-0.13065337418243	1.39042481913672	-3.03972718920122	2.64599091609556
pipi1250	-0.345941328762499	1.36067049750319	-3.28080158566176	2.25979768224425
pite1240	-0.216925888551897	1.37120670118643	-3.07389061117753	2.40767441888611
pnar1238	-0.233175568920768	1.20847249526223	-2.74334295733038	2.1068671106298
pohn1238	-0.116823760747832	1.35347582735466	-3.01336623902566	2.58076666672205
poko1263	-0.223724548988187	1.42651475520074	-3.24073441989744	2.51079130611744
poli1260	-0.160377520779344	1.34483636624719	-2.93106774752357	2.42124769578714
popt1235	-0.878608772051575	1.30535682187228	-3.87026989224494	1.4146547968045
port1283	-0.208842501467185	1.35238256019741	-3.04261948401787	2.42208110997165
port1285	-0.0479151733977266	1.02882770867449	-2.15730294213008	1.99263825228777
psik1239	-0.0162113687294475	1.15815022027323	-2.34815437555018	2.27541520609227
puka1242	-0.101397952462058	1.39040121196064	-3.02328230577677	2.58828373129278
pulu1242	-0.127175493300289	1.41374273887639	-3.07113883059623	2.69156928508829
puma1239	0.84996371629386	0.893376174025042	-0.797831650160432	2.70514040426645
puoc1238	-0.350802768696453	1.39628139232674	-3.36656927350491	2.30119755880836
pura1257	-0.347507776432694	1.18384162279449	-2.85883093876749	1.83260263782211
puri1258	1.15949701632696	1.28818422822603	-1.07633070552998	3.99408538591542
qanj1241	-0.827211740044257	1.34956747385473	-3.86095258370519	1.53730915752315
qawa1238	-0.504937663872864	1.28988576599792	-3.30716287823632	1.83242078650444
qima1242	-0.145861442889214	1.34570999123433	-2.94231658362859	2.42837609842709
quer1236	-0.445108005292945	1.36000968043015	-3.44315495276611	2.09445798193404
quio1240	-0.993705736923741	1.30070553904521	-3.87897474906006	1.34969884528792
rabh1238	-0.760900121879667	1.28834138619383	-3.60564415159336	1.54654595480313
raji1240	-0.942040780056897	1.27606741263791	-3.75647564539146	1.29184598584977
rapa1244	-0.106339258040438	1.38514974886568	-2.98858687391811	2.64582943620535
rapa1245	-0.124308520221927	1.38449351577304	-2.9996698192048	2.56258047414029
raro1241	-0.0948963317491033	1.38380024479762	-2.95856195159516	2.63090191236006
rata1244	-0.0832565181263816	1.38932355536248	-3.01224219684346	2.66525301996052
raut1239	-0.917061552886482	1.30224145921743	-3.82435693688935	1.41377652456281
reja1241	-0.160997342314419	1.34390315588134	-2.91423687053467	2.41796355823219
remb1250	-0.345073073986866	1.34936147339681	-3.29516604721954	2.22298668449803
reng1252	-0.322084061330275	1.37805174563084	-3.2578102027191	2.33777837562437
roma1326	-0.207048111380832	1.31871938591168	-2.93955651112364	2.32406612312823
romb1245	-0.186514556699521	1.40603737551809	-3.16866277691047	2.47617847565245
rong1264	-0.699811212150835	1.3150241186122	-3.53980733425446	1.70086060849548
ronn1241	-0.711290590669254	1.29120253996018	-3.51269739715536	1.5814611629936
roto1249	-0.580845920308487	1.2641286739907	-3.3822389287085	1.74147202518014
rotu1241	-0.0956448346554784	1.41156290470549	-3.02745142348461	2.67024459263279
rovi1238	-0.223599523024069	1.27914603348788	-2.96072197369609	2.17527285231226
ruch1235	0.12995064002183	1.32210904118605	-2.57776505132787	2.75049798766662
ruma1248	-0.394131600116496	1.31531151028967	-3.15087917203715	2.09837933148396
rung1258	-0.25225651527133	1.38994320512095	-3.26151442930824	2.39262946878086
russ1263	-0.194923881630894	1.32243293464904	-3.06676376222247	2.42021866092763
russ1264	-0.401433326010438	1.33528159143028	-3.30898338089346	2.05374886692697
saaa1240	-0.0173092558101373	1.26690309527354	-2.65290735847386	2.46001669205212
saaa1241	-0.113024258825102	1.08875660101908	-2.31737730230195	1.98737389962661
saam1283	-0.274298516338137	1.3264877131623	-3.10563772352317	2.24501411827856
saar1237	-0.0800342254341192	1.22840955381157	-2.73502516206656	2.29217319499904
saba1268	-0.33148912505158	1.26882811244471	-3.11876229176056	2.06941347585926
sabu1255	-0.301079979224686	1.4115756662883	-3.23598711432923	2.35292666213551
sais1237	0.886582439303896	1.24279744820865	-1.43081732935034	3.48720902903327
saka1289	-0.0516984999115088	1.20607153866245	-2.57262166889719	2.38317982018509
saka1291	-0.127917672354157	1.40856915367107	-3.12469157362163	2.64567462835441
samb1305	-0.298462248709233	1.34282609901069	-3.12742109917661	2.26114859818076
samb1311	-0.254743520453366	1.33604598879756	-3.06424464993072	2.28326273919681
samo1305	-0.110047320848766	1.36475694927454	-2.98157053353629	2.59689412879505
sana1295	-0.125291898470337	1.35471267571206	-2.98011316154975	2.54905274634601
sanb1241	-0.97339339827194	1.30834153646402	-3.91319187839935	1.31241256581037
sanb1242	0.886042291108256	1.29066588854141	-1.43605186598946	3.69687716052035
sand1278	-0.754052633206898	1.37491601189408	-3.75311363058798	1.79449880960956
sang1331	0.120697490434096	1.37080259012084	-2.66701176856108	2.88717615811413
sanj1284	-1.07536769829316	1.31084508900319	-3.93956859890945	1.21589228768892
sanm1295	-0.900962214287419	1.3317612471316	-3.81871838627526	1.48467691468802
sant1410	1.00901310704342	1.2075743713056	-1.21619530574594	3.51643022380796
sant1451	-0.946120318132335	1.29728640593904	-3.81659140822931	1.36094573582804
sanu1240	-0.853392160066854	1.24883063819556	-3.64879566719569	1.36424691510942
sapo1253	-0.548614068114127	1.29672872613139	-3.42553063145437	1.80110289221089
sara1321	-0.186170362987364	1.42473246684321	-3.14610403776511	2.57184763506947
sars1236	0.624536507258503	1.30797052800409	-1.69984084017404	3.47869959936494
sata1237	-0.125858530458404	1.40985704465428	-3.20019388848144	2.62340867607168
sauk1252	0.260558878371039	1.03631563585567	-1.78579472857015	2.34038907016041
saur1249	0.842487521019873	1.18738886652389	-1.37572285090452	3.2981469659285
savo1255	-0.00674075720971685	1.14629832373138	-2.34379029616168	2.22065136898272
saya1246	-0.764260606791879	1.31868350707777	-3.65584554143637	1.63884798527614
seda1262	-0.335611744139527	1.33375728143146	-3.2585295786348	2.16234372382414
seim1238	-0.120959858593973	1.40048572832041	-3.12708660164042	2.63472008809208
seke1241	-0.14353425611365	1.09167679993967	-2.39396157824305	1.97203028529519
sela1259	-0.0837662060612672	1.41954261672735	-3.02705663495095	2.67246242414582
selk1253	-0.219523711776202	1.32841007921621	-3.05708784651599	2.25780409529477
sema1265	-0.272559690391309	1.37693687074819	-3.20786893628346	2.38467259234156
seme1247	-0.238359235499135	1.38146796410629	-3.20766496285134	2.4538979294551
sene1264	0.230264179258859	1.22620933346614	-2.28451991551741	2.63887134452761
seri1257	0.610042897805777	1.28521244801976	-1.71403233421152	3.41685018999345
sgaw1245	0.247462627049999	1.31595925143329	-2.45654426336233	2.98692771594426
shab1252	-0.495752576657732	1.3688097492409	-3.38730025910697	2.10902498249444
sham1280	-0.344438529185257	1.34192568522809	-3.21493586078806	2.18301255480652
shan1283	0.74140400999557	1.23491901169966	-1.47118898456781	3.37990769641055
shaw1249	1.36991176126187	1.38952508259215	-0.991358674775078	4.37364053012467
shil1265	-0.167258748542034	1.45412477881285	-3.1984487196191	2.70478953157454
ship1254	0.886836797984042	1.20840879777288	-1.28355263575032	3.46929080914292
shix1238	0.349224512056456	1.18437960583969	-1.95374496096813	2.79102863360619
shor1247	-0.246296068318727	1.39290861930292	-3.22778536379191	2.38618993506024
shos1248	0.914589381771106	1.30869198873264	-1.3890390881816	3.75074833731634
siam1242	0.461474997136203	1.22353918055198	-1.86724080356914	2.94095315294719
sici1248	1.43309203458239	1.40896180139529	-1.0321392948357	4.51968659844368
siee1239	-0.445759027959848	1.32753663528396	-3.28702211194122	2.0017597011875
sier1250	-1.02863722364969	1.29778114228485	-3.96143392579588	1.26913509183994
sika1261	-0.0731573019153173	1.3443261049947	-2.86116966264636	2.554814603506
siks1238	-0.0856000163494161	1.33818230745039	-2.87597796981492	2.60347240544115
sina1266	0.0832426596767287	1.09270170631925	-2.16177765632473	2.27452684978565
sing1264	-0.206451689977711	1.15086116948216	-2.5831092874998	1.96566852768643
sioo1240	0.258904489190011	1.09824210920891	-1.95796662932335	2.53075112929931
situ1238	1.86508688057721	1.22519898294623	-0.240840415007751	4.452348316164
siwi1239	-0.162378397150169	1.42415799273044	-3.13429428932335	2.57555928315762
skol1241	-0.242337609460116	1.34352912762721	-3.0560776840123	2.37173290954679
slov1268	1.50774402651716	1.48149688476658	-0.955914429615483	4.76395632472084
sobe1238	-0.814435862008543	1.32622257927552	-3.73052031029072	1.58942778122531
soch1239	-0.915639872403536	1.32182988930944	-3.78106035108753	1.48080028142791
soga1242	-0.167608139834088	1.32255862432861	-3.00159274110223	2.43103591567796
sons1242	-0.113180504172353	1.42405861774033	-3.12593219027265	2.66283413601058
sooo1254	-0.371689048966032	1.35570071998251	-3.25679359678478	2.17481608334335
sout1528	-0.017490442607276	1.3357054573857	-2.73667173552345	2.64093793279365
sout2649	-0.393353736058569	1.30499014364272	-3.20029882160159	2.06997013781742
sout2674	-0.255915101838895	1.34196191774739	-3.09177213781781	2.36149719795934
sout2679	-0.222886940682828	1.40293066535443	-3.19117577347857	2.52221907394343
sout2728	1.55206268227607	1.2255314344764	-0.529718462020484	4.20283942417614
sout2729	-0.259670034601407	1.1300188936075	-2.65232622876309	1.95898979839453
sout2730	-1.05741950089397	1.33060300338691	-3.94301974881942	1.23701082618858
sout2807	-0.1466107973135	1.35026736409402	-2.95424463968139	2.47158253576455
sout2856	-0.223641165966678	1.1909569043443	-2.7433879829601	2.08687229676295
sout2857	-0.237260209881313	1.06711973969835	-2.4503556327348	1.83705983244069
sout2869	-0.500509236994528	1.31169085999388	-3.39056009686036	1.84320186746724
sout2895	1.17356806935781	1.33231700109128	-1.23758656558507	3.92800638038306
sout2954	-0.242948992828524	1.32593436850419	-3.10322994856408	2.26259659247953
sout2956	0.994021746456281	1.29618213356147	-1.28715961491617	3.89030163571829
sout2959	0.655683108426426	1.34906317834313	-1.76412297632594	3.62212592393269
sout2976	-0.16775262776993	1.40789179139199	-3.26590130572155	2.55948012090276
sout2994	0.846306300060319	1.29032122979652	-1.53213506002465	3.61785782566372
sout2996	0.812489975929206	1.3138879024817	-1.510249865446	3.64967130763991
sout3236	0.0797496496048719	1.28295675473367	-2.49730910763996	2.67355058839513
sout3261	-0.695725710475686	1.39665206447142	-3.78970218329575	1.81082935109516
stan1289	1.44305062667867	1.42590110081622	-0.988545724884176	4.5588095886239
stan1290	-0.203431936792319	1.38289884780886	-3.0542129678699	2.46191248962726
stan1293	-0.204257871230431	1.3060486482026	-2.973999526619	2.33816612071387
stan1306	-0.24114182783383	1.37812351319842	-3.05447343645798	2.43126837649287
stan1318	-0.125933000207835	1.41737476590576	-3.16227942139981	2.72246997879297
sumi1235	0.0602045312446971	1.00009905523435	-1.90796600484344	2.09662166018673
sunw1242	0.0209857063136868	0.894265510422414	-1.80202195498622	1.71844986144955
supy1237	0.210308841360807	1.2925752569159	-2.30266198946421	2.85704580033209
surg1248	-0.227728682296554	1.33414888097833	-2.98297351271318	2.28985893141288
surs1246	-0.553088677751031	1.34664808312627	-3.49990251556227	1.94904486223568
swed1254	-0.198033468464904	1.36187639966889	-3.05577110713261	2.44894662086173
taba1263	-0.421973289382081	1.33756229915847	-3.31425072533252	2.0735392839396
tabo1241	-0.0122845303661529	1.27666751606913	-2.66978798500646	2.49169980298998
taga1272	-0.236929758541997	1.38643580380969	-3.17864177599124	2.46237247468692
tagw1240	-0.019640494154809	1.35581276181673	-2.82527974542764	2.64867310492975
taha1241	1.49972228263427	1.48118863467983	-0.976269809474766	4.76231585801805
tahi1242	-0.0845520670292305	1.37996531253106	-3.00829250682901	2.67890380486489
taia1239	0.889765544997328	1.06837711839491	-1.09412896446458	3.09470156057438
taji1246	0.063779002613872	1.34513655376856	-2.77648175642515	2.76613427901618
taku1257	-0.0622446894367016	1.35650090816423	-2.83613363510021	2.5968306095729
tama1365	2.12235745414372	1.41165699535849	-0.255462621026922	5.07808860760094
tami1289	-0.315375091232357	1.3858717010545	-3.31419698676294	2.39104723094773
tane1237	-0.15623022220893	1.30450977223419	-2.88684911811328	2.36203888451473
tang1336	0.254304640508701	0.94759508434577	-1.6301079170697	2.13543792935864
tang1347	-0.356074323925668	1.14667170132734	-2.80441994518514	1.84853342802739
tang1377	1.83236124319086	1.30789644260289	-0.365858648748129	4.68408853703039
tani1257	1.37791663618281	1.27037951148445	-0.752607519939314	4.14809466348025
tari1256	0.75236518567703	1.13798370681989	-1.39280761057643	3.16602901194847
tata1255	-0.402824482267859	1.31988940527051	-3.32594328972655	2.11988394254377
tata1257	-0.252343630553851	1.33543595505756	-3.080793888768	2.36597351953258
taul1251	-0.593689070353995	1.31795769815712	-3.42540569168081	1.82323369449724
taus1251	-0.159408515161473	1.37619580912954	-3.00706493795563	2.53977162554357
taya1257	-0.169915066093402	1.34873556780149	-2.9726280996649	2.42961577238561
tbol1240	-0.191486673892395	1.38676169791805	-3.05067957870894	2.48205132207095
tean1237	-0.163176200693984	1.2962312634323	-2.86782319626875	2.34469677140239
teda1241	-0.0266809664334937	1.40192504968541	-2.9225714953329	2.69633242791955
tedi1235	1.16309311553909	1.13091392417695	-0.894898298068255	3.51106357861526
tehu1242	1.01072182626596	1.32812086253356	-1.36874575314272	3.95693078322357
teke1275	-0.167770553834213	1.37589853884976	-3.03501045177889	2.49913990285038
tekt1235	-0.837927296801975	1.32743917388278	-3.84084107070795	1.46846366812911
tene1248	1.92864660457435	1.48569808744889	-0.57845128822353	5.11725593601785
tenn1246	-0.22679913214269	1.39992638189871	-3.0991836606902	2.54700260889148
teop1238	-0.570093933068484	1.28124796634284	-3.41976715482114	1.71493010917819
tera1251	-0.490906695486511	1.36346480371029	-3.49642915528403	2.10315978088448
teri1250	1.09310465897508	1.27123325125084	-1.11320007084241	3.96819123212849
tern1247	-0.342708039988083	1.34043493549872	-3.22043451158326	2.29593112801219
tete1251	-0.559866735738854	1.34375134276979	-3.47898657176107	1.92304800488663
thad1238	1.4307584959749	1.15597608560196	-0.564673160175024	3.92229273834684
thak1245	-0.715324534787959	1.15074229708487	-3.19898726462367	1.35998776562006
than1259	0.223211520758413	1.09306808021997	-1.96636822771955	2.43498827956714
thao1240	0.33303789834219	1.20511211555121	-2.02532220159934	2.80726679522496
thul1246	0.523583096467647	0.94119827169304	-1.32912085398475	2.44295524407754
tibe1272	0.845874295545818	1.27000469315692	-1.45169862044625	3.64265018646835
tibe1274	-0.184404152460369	1.2006581314236	-2.70324335094207	2.12713032939956
ticu1245	-0.286927444749768	1.29020254798441	-2.96334818670995	2.14889705786321
tief1242	0.323031100457711	1.22356020909151	-2.0772383881259	2.8667631428582
tief1244	0.258743794153517	1.21244187748787	-2.1597613662577	2.71091695572372
tien1242	-0.135069292003058	1.38641723101364	-3.00831302303475	2.57016253874572
tiga1245	-0.529770176616433	1.32575321574001	-3.38387231776883	1.90558703683503
tigo1236	-0.129884732847654	1.19107511584671	-2.63894430174776	2.2481096327214
tika1246	0.345166892498508	1.20423356366041	-1.95877068096065	2.89096237066308
tiko1237	-0.00265798310124741	1.35667764693689	-2.84146346840532	2.69703437570868
timn1235	-0.186291250357849	1.3559807701939	-3.0551641215854	2.3910945276299
timu1262	-0.266758142623023	1.33206205963624	-3.13948356282906	2.302267240728
tiri1258	-0.473625275703379	1.33401761658961	-3.35037142890503	1.97691552209688
toab1237	-0.240904793210355	1.24665670177782	-2.89415058724052	2.14341108789004
toar1246	-0.376409864164561	1.06980702473626	-2.70367839649298	1.64255093226708
toba1268	-0.398171265127331	1.30170038024278	-3.13931752607324	2.11042618192656
tobe1252	-0.402046172502308	1.3134506926762	-3.2503538045522	2.02821433999739
toho1245	-0.35121166456206	1.36550830874661	-3.2386799215893	2.27966430514957
tojo1241	-0.754940945844808	1.34799691064691	-3.80097429913559	1.61857056454018
toke1240	-0.103265335704442	1.36858699392331	-2.94117787304621	2.52101447064195
tomm1242	1.90455629939686	1.48621002963049	-0.535656858059813	5.19757812826939
tond1249	1.32508426412519	1.34043188523563	-1.05642203552675	4.24066344207599
tong1308	-0.235512315777061	1.37022630054114	-3.1516379113409	2.36204924736202
tong1325	-0.116144345693368	1.3937624529036	-3.09156234516715	2.57644596370451
toor1238	1.23926942865365	1.37041496739981	-1.11956951247344	4.19451039148935
tote1238	-0.109275638675385	1.41330635731369	-3.15701376624592	2.71642021006514
toto1302	-0.0256490886174419	1.14829227756751	-2.41542436217058	2.14072511488303
trio1238	-0.50194533658163	1.33137194866317	-3.40955182748122	1.88142012887682
trum1247	0.166163052079422	1.1366046992746	-2.14527301096337	2.50451970287706
tsam1247	-0.479920631336806	1.26321703619324	-3.12659135397745	1.93578961592833
tsat1238	-0.0989332343415002	1.37086112628819	-2.93755372181739	2.55891449023736
tsha1245	-0.419136831917769	1.29807830077133	-3.19331334476325	2.05142156854049
tsis1238	-0.426454234412153	1.32160401848598	-3.31826760085162	2.14540601374625
tsog1243	-0.144787437811066	1.41522457111222	-3.0436103964161	2.72809036695097
tson1249	1.50780146916649	1.424204635126	-0.931048204318198	4.61611946625969
tswa1253	-0.230144620076463	1.34797779947653	-3.0892108215243	2.38187972226765
tswa1255	0.805179079217846	1.31038973240108	-1.70568629599761	3.59421116355496
tuca1252	0.238996795516897	0.967914955343044	-1.69253536750938	2.17371758341898
tuge1241	-0.286606691001511	1.37757881960619	-3.30746410427304	2.35349141909941
tugu1245	-0.273855860657186	1.37375778924477	-3.20343279115983	2.37461929966299
tuka1248	1.53276992889523	1.47410305391868	-0.994305618673291	4.75968064129711
tuki1240	-0.367649849679187	1.28343438049679	-3.1291275231314	2.08984984587944
tula1252	-0.599807083274626	1.32440385789468	-3.49888824584388	1.84076718586434
tulu1258	-0.472281234912449	1.36060361319533	-3.45924276199086	1.98735741283974
tung1290	-0.402435607933072	1.34013989627509	-3.20578616325132	2.15162918947095
tunn1238	-0.3086773788597	1.32073630139446	-3.16526683486766	2.18437922266924
turk1303	-0.122785288150436	1.41472015868896	-3.01660925473559	2.7018185328953
tusc1257	-0.610235652584245	1.24256837593446	-3.2776897827275	1.67134311095544
tutu1241	-0.369964064998495	1.1057434033386	-2.6537579165368	1.77492204799793
tuva1244	-0.0948561888763877	1.38364515462155	-2.9437238830214	2.65507401584966
tuwa1243	1.29134395567716	1.07862678025341	-0.698376197051708	3.49542299145326
tuwu1238	-0.252955802032279	1.33419069413409	-3.1091786239924	2.35272112854452
udih1248	0.945330217573443	1.35970570153695	-1.4518664694399	3.9366125016549
udii1243	-0.587312809941542	1.39011317858189	-3.59272659368242	1.98675693217701
ughe1237	-0.192331147961327	1.28896705650422	-2.97196942104733	2.32785201293349
ukra1253	-0.189642223495813	1.37370338738403	-3.08249684487143	2.5386304390891
ulit1238	-0.0859698736491102	1.37617687537147	-2.97218276817197	2.63759606729643
umbu1257	-0.115958267533461	1.39184303187523	-3.00147012014039	2.56264553123088
umbu1258	0.623514207527157	1.02933337960499	-1.43568143434996	2.69332942261779
umes1235	-0.286002964645097	1.34004155870954	-3.17331565579473	2.27840066420586
unua1237	-0.279980841735432	1.01895153824613	-2.40166944414438	1.64272178292751
uppe1275	-0.537289123166547	1.38431197331963	-3.57214287566933	2.0039001769402
uppe1427	-0.243684099792151	1.36986027490129	-3.14408256705522	2.3051248120955
urak1238	-0.201745490772498	1.35369979370784	-3.02522843446656	2.33800848996508
urar1246	-0.61612910062165	1.31798447631765	-3.55084428180766	1.76064378719619
urav1235	-0.425330949586408	1.32412558507055	-3.30885645758746	2.03783153013176
urim1252	-0.113777894371639	1.14930092757636	-2.48530091701924	2.08237693991262
urip1239	-0.439506299791819	1.04953406148801	-2.66133961639358	1.51550805128039
utes1238	-0.487346167440359	1.27072754693377	-3.14891954555201	1.82826152302626
uuuu1243	-0.953766153854282	1.33347137560642	-3.94498500221456	1.29244314923571
vano1237	-0.178089523982646	1.29572076567909	-2.8783839756574	2.31620307271842
veps1250	-0.137175921028266	1.40823873588241	-3.08796196527715	2.67456610488799
vera1241	1.01288089623724	1.22782149494321	-1.24663299849831	3.59094424330814
viem1243	0.053705138218381	1.28624806732926	-2.58053838479143	2.58981952281514
vinm1237	-0.368014104517178	1.04338361714752	-2.57278557902906	1.58340776015005
voti1245	-0.212622750170983	1.37544124862182	-3.16260621573637	2.52483658984017
vunj1238	-0.345688565109759	1.37526664914091	-3.28261847175126	2.25386004654955
vure1239	1.0059910390066	1.22511546371817	-1.2468473162609	3.55094934698597
vwan1235	1.40264272896886	1.40640172547383	-1.00385111484202	4.41694703789014
waga1260	-0.273608265749663	1.36856445029851	-3.21159068490017	2.32427665098919
wage1238	0.245507374296017	1.30370814824912	-2.36511414319992	2.88583263302133
waig1244	-0.127431290886806	1.37769203356262	-2.93778849929318	2.5556424723801
waim1251	0.226225960798247	1.08581569798065	-1.88516365809876	2.46855021230819
waja1257	-0.28014043765237	1.35829424159043	-3.20767643512956	2.27583200107735
waka1274	-0.281364597249116	1.3433295101834	-3.12454780985874	2.24481461889121
wala1266	-0.312773197466975	1.22061700887031	-2.91902098289619	1.96968599393125
wall1257	-0.159022096795033	1.379816327882	-3.13323421662071	2.49960213324413
wamb1257	0.335960462920166	0.886622903040487	-1.42504828226652	2.10312723795862
wand1267	0.704479795361679	1.28628686620851	-1.75146960744204	3.38238538086489
wand1278	-0.326837681280699	1.20337871076764	-2.85319055721968	1.93904294884752
wara1294	0.693651599922028	1.19446497255715	-1.5719927879896	3.14165074043091
wara1303	1.05866512395052	1.32035008107958	-1.25291916578117	3.90463522185595
ware1253	-0.583057573788855	1.35420836877911	-3.49318200846632	1.92472744811113
wari1268	-0.149903771667286	1.28320768710943	-2.83114446397582	2.27488265459865
warj1242	-0.5725519593757	1.24656334763416	-3.32736307657029	1.68693670429694
waru1265	-0.354224827103255	1.30267822949685	-3.11211224974598	2.00358211215988
wawa1246	0.605006782962529	1.28390382436459	-1.78264629141216	3.37930717030355
waya1269	-0.49515205343599	1.2790534376064	-3.29953634841273	1.8735220035716
wayu1241	0.065963991778519	0.913740379967324	-1.8352899133228	1.85427402801873
wayu1243	-0.201623272037413	1.2481115393646	-2.752494173414	2.21865602729724
wels1247	-0.237801808588089	1.35272712300401	-3.07932628112223	2.32361975133798
west2354	-0.257086625652354	1.32830333995336	-3.06093443840972	2.29390377035634
west2369	-0.405938299413861	1.26250449603562	-3.13413345489882	1.9195471642235
west2396	-0.0928222918933487	1.33518204536164	-2.8249474916803	2.56893050167634
west2397	-0.387579302480921	1.38741754513194	-3.38238649275179	2.21619851729396
west2415	0.480625133968346	0.983752888807165	-1.3591199803183	2.55342235310697
west2418	-0.663614011451944	1.11577781248599	-3.01422914287011	1.43058701142579
west2430	-0.321899993399602	1.33579879521328	-3.03008891287107	2.25512965303188
west2441	-0.369523439159372	1.37412208130629	-3.29467256140754	2.20653760508389
west2516	-0.464301807100847	1.31688880221648	-3.26204905760449	1.90203958666487
west2519	-0.17181724815209	1.39135495251542	-3.0351886863681	2.44295116184701
west2557	-0.230183824458358	1.38411393021806	-3.12598841979491	2.49340735671934
west2560	-0.267445171313468	1.33264588881197	-3.16031688798355	2.23896518974958
west2594	-0.754513955841409	1.34490863862871	-3.72437538503098	1.72767292915632
west2600	-0.29544740136275	1.33122717465551	-3.12712992723983	2.27597417624833
west2618	-0.591545524573953	1.29346376987101	-3.43098147095221	1.72049580859576
west2632	-0.15141250284269	1.27892259781847	-2.80620305301119	2.31590215387298
west2635	-0.880250995038566	1.30403723885456	-3.87774030385554	1.37376586489293
west2644	-0.929782088605299	1.29192455403813	-3.79829644705106	1.31033612904218
west2650	-0.247873382627642	1.37815903225574	-3.10684036770409	2.42106510060644
west2763	-0.185431982387171	1.35940553800486	-2.93477072653213	2.48759942558964
whit1269	-0.503244874094338	1.3028486974353	-3.37007228485885	1.80401301272638
wiru1244	0.932234134010971	1.10674573908622	-1.14655667005777	3.2571925045577
woii1237	0.100771496308946	1.33647544681985	-2.63760757080075	2.7495547057603
wola1242	-0.478570096865735	1.34009485398163	-3.32119445498799	2.09171511880225
wola1253	-0.527709144987106	1.33599302518695	-3.41704148643653	1.97326714478454
wole1240	-0.125660528558331	1.43810058392016	-3.12164017861814	2.65034783840001
wotu1240	-0.0749431449862921	1.35652612522521	-2.84892405917294	2.55140080522702
wuch1236	-0.132055369103626	1.36782479079121	-2.96282555362673	2.5744766731001
wudi1238	-0.840481646166219	1.33584686877745	-3.78096815328562	1.52934016675223
wusa1235	-0.823908529257808	1.33350852545881	-3.77461598607776	1.54660191282905
wutu1241	-0.113042508248304	1.20566550675596	-2.67718675022515	2.19976136136368
wuvu1239	-0.239852115109217	1.35696252890954	-3.09263969498054	2.44324023582166
xamt1239	-0.322975676748552	1.3368250624766	-3.16200390683423	2.23499137506656
xara1244	-0.485333782429847	1.33660457898908	-3.33843480301095	1.96644241187401
xhos1239	-0.127577960744043	1.37579191631471	-3.05279136558278	2.65348333578474
xish1235	-1.05180206748868	1.28125680893935	-3.92142661483446	1.20799570510022
yagu1244	-0.318655483806801	1.29248590458412	-3.09605596632781	2.18195162939893
yaka1269	-0.122397786702878	1.37289696142518	-3.03245227764238	2.62563347784439
yaka1277	-0.230511515429383	1.36246228486792	-3.14285643873665	2.45046175984747
yakk1236	0.766372194730868	1.00268085240462	-1.12348341371648	2.89197997756606
yaku1245	1.41796434851547	1.43968354778967	-1.0779739830951	4.56603215654364
yale1246	-0.687246626511099	1.26007378997074	-3.40676032368184	1.6455679160699
yami1254	-0.17288875046124	1.33921849446187	-2.97553624292793	2.41548059585869
yami1256	0.13918033804819	1.17821322500248	-2.12460718957927	2.63741350739975
yamp1242	0.245578724092109	0.973234036435095	-1.68529417469839	2.15747832994645
yane1238	-0.705253563395441	1.25503379995372	-3.46517411855147	1.54181815279242
yank1247	-0.328290317739981	1.37180588481908	-3.2513438799774	2.22578787822449
yaoo1241	-0.131578393141875	1.36871356376672	-2.992685310343	2.59764601856905
yapu1240	-0.279150558689257	1.15874691527205	-2.70187250219077	1.87378293329894
yaqu1251	-0.422792530450486	1.26854552027801	-3.1402742101164	2.03122964402438
yasa1242	-0.297076777557318	1.37683452908989	-3.23292129647944	2.3565264187354
yatz1235	-1.06594570286119	1.31964800795852	-3.95946699836219	1.243561955671
yaum1237	0.521156747548633	1.04986853913186	-1.52081215793756	2.70138614803975
yawa1260	-0.470514054664861	1.21752376558335	-2.99078244524693	1.82394064151328
yawu1244	-0.317164979829736	1.31395726176505	-3.07425992624221	2.20300532234475
yele1255	1.4471051786897	1.46514209635327	-1.0802556434091	4.65525593995316
yems1235	-0.62241014235949	1.32488373662934	-3.48053081293619	1.87249365192953
yind1247	0.0225230135839743	1.30250531327445	-2.69807551512834	2.56820013238447
yoga1237	1.46771268869577	1.20728627652503	-0.662534608438104	4.0615369688108
yong1270	-0.34504089744015	1.14775703559706	-2.77865656562725	1.81216000855477
yong1280	-0.464180870093076	1.29829431506107	-3.19039013914048	1.95761858472588
youl1235	-1.04281727312385	1.32847157638008	-4.00234699449586	1.22157859275735
youn1235	-0.24872906138207	1.38299008765603	-3.15535580208787	2.39494071386704
yuca1254	-0.277504410204326	1.35079682326235	-3.07658057849653	2.21633567247987
yuqu1240	-0.88170429491843	1.24103611118131	-3.65199529147527	1.27008146415725
yura1255	-0.863893117100193	1.24372468586246	-3.61561273479129	1.33487739686567
zaba1237	0.102646035193258	1.2796959806354	-2.48036841912775	2.76621232028273
zaca1241	-0.557004706538395	1.37640177641915	-3.4889358519204	1.98693333831437
zaca1242	-0.897715032744904	1.30960011908821	-3.79726920862224	1.4004839915628
zagh1240	-0.13703370225775	1.41984938145534	-3.14752720267393	2.64163575585782
zamb1245	-0.285901414729561	1.3206558236555	-3.01706104050797	2.27064651825986
zarm1239	-0.121887787254928	1.42294470932636	-3.06362989780858	2.62116975486717
zaye1235	1.55773985331257	1.33690693983475	-0.790304521690345	4.40770931406418
zays1235	-0.466144557902679	1.30678509796108	-3.25961568448793	2.05831454829746
zinz1238	-0.148534274150792	1.3711889332121	-2.97255750471266	2.54948222053623
zoog1238	-1.067600069527	1.31464812830968	-3.94361732431331	1.22702491312416
zulg1242	-0.0940623106646458	1.16189161404693	-2.43970912599762	2.20370233802292
