Estimate	Est.Error	Q2.5	Q97.5
abad1241	0.774685601750647	1.1843149633738	-1.56012992572531	3.06111154322305
abar1238	-0.819418153195269	1.15455204383899	-3.03755638096248	1.49711239187529
abee1242	-2.45211569729652	1.56703046820652	-5.79434642606858	0.437192710883579
acha1249	0.983691874114206	1.34642741598685	-1.68373340376676	3.58573797255763
achi1257	-0.870496375855937	1.52299785497397	-4.18978357100761	1.90507945706984
acol1236	0.836695057779601	1.55004164594846	-2.05955976050292	4.06235803771788
adon1237	-0.992127724190561	1.37501214844095	-3.94471216049445	1.52579998148278
afar1241	-0.888299749313903	1.49790848546667	-4.04399120647566	1.85468499842007
aheu1239	-0.482320954950276	1.59657995265965	-3.67224695952059	2.59854225660419
akei1237	2.48208171126525	1.03305808534113	0.583749782168217	4.68295228511968
akha1245	2.64663344195455	1.22241036663492	0.419629716615142	5.22248680897009
akoo1248	-0.129087526668814	1.46827794260184	-2.87712990906751	2.79611196232553
alab1254	0.81447810218393	1.12713001876457	-1.26171952020144	3.11681240961643
alag1248	-2.37251001149372	1.47736113493273	-5.4691403126144	0.291574123276719
aluk1238	-0.300934705154203	1.6862358386153	-3.80930793238647	3.01602071226569
amdo1237	-0.674314163630099	1.6072027423201	-4.04543841367444	2.34015196487726
amha1245	0.470812641951826	1.42808470159549	-2.28966009364651	3.41846550481135
amri1238	-0.752086512859444	1.40348969698512	-3.71925744859658	1.83465351839065
anei1239	-0.508860726303552	1.41436363701682	-3.54856459264996	2.13897916019516
anfi1235	-0.876513682181149	1.67524205819082	-4.44321559833157	2.3088125847746
anuf1239	0.673817263638033	1.62038484268297	-2.36589128962517	4.07025793860533
anuu1241	-1.05126371943992	1.49803867644422	-4.18715495621292	1.72184781601445
aona1235	-1.41347230008964	1.50096680972353	-4.66017223712806	1.33536643515472
aoua1234	1.57202759854924	1.61494965405229	-1.35179398934169	4.99099711540572
apat1240	-1.1525791838577	1.54601809924311	-4.4035896164219	1.67826314274098
apin1244	1.73186297684806	1.5888573276172	-1.12776330397294	5.05948880004169
apma1240	1.69027187756973	0.924649113253216	-0.0815010666589545	3.56610206537698
arak1252	2.77746131827756	0.982847540738855	0.998411153541711	4.87253938199604
arao1248	-0.653234294916915	1.59025507557474	-3.95635200470882	2.36543774751398
arap1274	1.71296417530445	1.61737966136837	-1.2010250746709	5.22307637061903
arch1244	-0.474003532798085	1.65291698317076	-3.85868098774493	2.71548763555123
area1240	1.91865642354826	1.13277219535225	-0.176609967939599	4.24248536241749
argo1244	-0.450547055827568	1.43939065343001	-3.46468315106684	2.26302877015174
arhu1242	1.33852262234116	1.37301744591179	-1.29454647028934	4.15726573908995
arom1237	-0.157190698029807	1.62002424043605	-3.46505581571168	2.93478967511793
arta1239	0.0352330832691378	1.12017747326692	-2.20801678205457	2.21560549219443
asoa1238	-0.773180764432969	1.31463563767952	-3.36303229939302	1.80329263516292
asur1254	-0.261571076458519	1.71017697744002	-3.76301733397149	2.9905267188254
athp1241	-1.04671878343163	1.54221930307614	-4.32163228331952	1.70136849581661
aton1241	-0.685267216061887	1.49775986035558	-3.86920613265232	2.0969864140516
awad1243	-0.416605140529882	1.7388467856778	-3.95346686453093	2.84808879723025
axam1237	2.58355256580124	0.896032847618037	0.987574359389596	4.50278284296122
axiy1235	1.20137864461911	1.32781731749827	-1.45993170635143	3.80695153295618
ayiw1239	-0.511251949486978	1.50350833693922	-3.63501065917279	2.28783037934948
azha1235	2.22625054614496	1.34403333242654	-0.32672291775096	4.9883321152492
baba1266	-0.609080628533608	1.2007672566879	-3.00686089169071	1.82738398935826
baba1268	2.57000035248649	1.51325256899125	-0.0447399889290362	5.86826381344975
bafu1246	-0.533203324296428	1.17415403902804	-2.78445526859034	1.87569818341074
bagi1246	1.67969411513089	1.45944614943412	-0.987572222412243	4.83406447978222
bagv1239	-0.512422469734271	1.64924142312445	-3.8628592128468	2.61169546098118
baim1244	-0.478771531081011	1.62448213012715	-3.84362826145761	2.56963160961757
baka1274	-1.19103297047337	1.47255666580863	-4.2520251051942	1.56102081878208
baki1244	1.56571617624446	0.874347321226304	-0.109849139950513	3.33843081517296
bala1315	-0.405290865962558	1.46145664933537	-3.48114127932308	2.34169550016239
bala1316	-0.843016285348664	1.40262678946452	-3.97059110300808	1.59068812834956
bali1278	-0.500745851130026	1.50811399461393	-3.7113660161927	2.24072655666932
balu1257	-1.2840893472182	1.33922817460584	-4.16030493009094	1.07836913593389
bamu1253	-0.945491188988076	1.25260495034335	-3.41390499324778	1.50529426693546
bang1354	0.520769826056798	1.60948640926894	-2.54611821106224	3.80761318599733
bang1369	-0.673386586790245	1.58828799898732	-3.97431724823605	2.27521542707592
bant1281	-1.11973788840956	1.52281843350274	-4.3340031214879	1.57465535114943
bant1288	-1.04272710676408	1.55848189245008	-4.47425627867121	1.73025673081546
bara1357	-0.906707923875944	1.5420607947325	-4.1457070885693	1.95052525374896
bara1361	-0.0304410577605029	1.41454919636641	-2.70901801051592	2.85206667823343
bara1370	-0.449469874930828	1.38828749303859	-3.36328253421209	2.18659012312531
bare1279	1.01380462364951	1.53455827978234	-1.76822076975029	4.32938169628122
barg1252	1.32707380909308	1.09973376337799	-0.810399815786121	3.5515756382888
bash1264	-0.0455153479909028	1.71606796817208	-3.45681050769427	3.38051880031057
bata1289	-0.713510442963797	1.59387997248037	-4.07320901932423	2.22993677690724
bats1242	-0.440403547097301	1.6636951030683	-3.88744441543285	2.72374962268752
bawm1236	-1.10041477254798	1.53507877653565	-4.4478694277049	1.66616130983627
bayb1234	-0.739839232305285	1.64164168626162	-4.32999475445864	2.26295406760686
beem1239	0.357369643173297	1.64575319627641	-2.70712658614525	3.77430406794078
beka1241	0.556397805808163	1.27021684654655	-1.96451678685136	3.04630046187803
bela1254	-0.237669055583785	1.64559026345368	-3.64743880368619	2.9247241404396
belh1239	-1.07618527380203	1.52768219953677	-4.26733401922103	1.64272653858787
bell1243	-0.115666425977527	1.76345540740257	-3.75690925036936	3.29166459469859
bemb1257	0.322687767841559	1.6631742672866	-2.8888852631491	3.74616448899836
bena1262	0.53051233739894	1.59467547821294	-2.40194796680493	3.93172178563038
bezh1248	-0.5124629380603	1.65098531239483	-3.93377757966292	2.63922055624349
bhoj1244	-0.639691149161104	1.71256069228943	-4.16793504917129	2.7123732692712
biaf1240	0.967757452791345	1.49820354415451	-1.7677222002009	4.12432030426443
biao1253	1.57066919812486	1.46932982751652	-1.12226053867562	4.66550281837322
biao1254	0.766309666572439	1.51679166802877	-2.16190121548128	3.77807921609116
biao1256	0.371833317166651	1.52827423375533	-2.71954633030713	3.32513970166939
biat1246	1.44245202944938	1.2370902670696	-0.931857753148525	3.97179357101893
bidy1244	0.744314766283508	1.60334275873756	-2.33426532343608	4.12497424921625
bier1244	1.59385333350625	0.864528357053572	-0.0452028854437776	3.33233464210177
bili1260	-0.925881864133128	1.45609091257947	-4.01572679132502	1.77900867000601
bini1246	-0.894092033728897	1.35741823302562	-3.61536203881836	1.65856170173526
bisu1244	0.946292169128859	1.31062427840245	-1.71581282973282	3.45687397290202
bitt1240	1.03851250239794	1.15235078541797	-1.2909916673856	3.33244172883321
blan1242	1.91153425516497	1.30656355174118	-0.591568460179506	4.59127048900759
bodo1267	-0.283132032952452	1.69619436957197	-3.76100820592013	3.04455130196304
bodo1269	-0.869271370580548	1.49024757012958	-3.90422204138486	1.91768839467882
boht1238	-0.350261731633212	1.73247052028194	-3.84449808733918	3.02308747296884
boka1249	-0.756472679279507	1.60089016085168	-4.0054155678953	2.27808400477538
bola1250	1.41444095200613	1.36130330464158	-1.07903407899069	4.29209260479607
boli1256	0.775165127550951	1.34196390794264	-1.82423378201178	3.48597925042453
bolo1262	0.724614891771137	1.58848315328439	-2.23361710844066	4.02789743145149
boly1239	2.15928546391478	1.43915921935526	-0.441673670924859	5.25381366526078
bomk1234	0.916988856592297	1.53095679471669	-1.88903093435712	4.25436046608111
bona1250	-0.523270450314437	1.6851180406252	-4.06771114061402	2.60363909855876
bond1245	-0.32515713800463	1.65045453464963	-3.81513470284615	2.78157427155854
bond1247	-0.40612268795963	1.53624139353281	-3.28407802694478	2.73485237163566
bong1285	-1.31254056054253	1.35113618923669	-4.04961495341877	1.21844171567154
bord1248	-0.690678075284042	1.54438595438111	-3.94489373956603	2.24162711876367
bori1243	-1.13677652222656	1.5918112058545	-4.48711952403057	1.75928844573483
boro1277	-0.565847320329641	1.64842588260936	-3.95070546433407	2.54468921945454
boun1243	0.167694903755438	1.64595604737129	-2.99400393886464	3.58285535284816
brah1256	-0.0733081898815051	1.73305510089173	-3.70893658715227	3.32610260520823
bret1244	-0.055632274354652	1.74826750131037	-3.54599409976088	3.37242326066929
brib1243	-0.662126174497222	1.63689265299836	-4.10593082031723	2.46964270446528
bube1242	-1.12398405448147	1.45329120619177	-4.10408910232589	1.65907168776165
budu1248	-0.355495855295138	1.63007915072098	-3.676794510768	2.74956994413226
budz1238	0.319101201564002	1.64599811152572	-2.75288133119217	3.75750404542998
buga1247	1.35050915598352	1.26452191865577	-1.12177115149347	3.90324075885025
buga1250	1.36524068576945	1.0832058752777	-0.678568027780757	3.61907970697892
bugh1239	3.20812064355946	1.41787613251722	0.705220365448967	6.29357225131535
bugi1244	-0.618370728771429	1.53182915149436	-3.81312055344708	2.21014773875121
bugl1243	-0.495282392312357	1.70610465049699	-4.06873897996069	2.76988558724764
buhu1237	-1.0287161471206	1.50362643703025	-4.21548335716786	1.7278112901708
bull1247	0.891309989314098	1.54459581653341	-1.87755017181892	4.16677954543637
bulo1242	1.50583622505936	1.43373648305787	-1.23926797033044	4.41389101236392
bulu1251	0.25006955467636	1.57358326202982	-2.6608438838716	3.48598241947015
bumt1240	1.34524713986006	1.48138510276463	-1.52800654266784	4.24391641240306
bund1253	-0.103288219481415	1.74068261588272	-3.65131235588728	3.37962635908424
bura1292	1.6139953327346	1.48102769926335	-1.02252471749451	4.78251430257977
busa1253	0.622230211148106	1.67764264439075	-2.47016698638593	4.16609516641117
bush1247	0.233363986879465	1.67533921749312	-2.92079463074646	3.71937178087268
buwa1243	1.35425118461095	1.16617547788753	-0.870455948805834	3.72149805914618
bwai1242	-1.19181837109808	1.43638060772894	-4.31029022568235	1.33079935280837
bwat1240	0.2180458460892	1.24953580876729	-2.29897128666216	2.62563097160338
byan1241	-0.46843944275486	1.62784743323983	-3.8290656325777	2.53188461686637
cabe1245	-0.628331624270356	1.63806604490195	-4.07262172689052	2.48848805144484
cahu1264	-0.221130016582256	1.65662994601519	-3.64716560539806	2.92481037228946
cakf1236	1.77514269543309	1.37311903543689	-0.608918031112565	4.74906746003045
camp1261	-0.234338036803246	1.64665886980961	-3.70370643392931	2.93503078410329
cane1242	-0.163149179368781	1.6277678206029	-3.59762223710665	2.94145357153624
caom1238	2.03583892654289	1.5999603708373	-0.816341491875817	5.63899791553966
capa1241	-0.372920917054888	1.60471402630332	-3.7191745126136	2.74231243400158
carn1240	-0.115450206993972	1.73603328354581	-3.68907284557765	3.27157146637316
caro1242	-0.71191977258004	1.53691521246567	-4.03666133168025	2.11657322682324
cash1251	1.49556674214959	1.5630569814576	-1.38052794080878	4.76970029036738
cemu1238	-0.14859596226185	1.2995414161039	-2.78791943936562	2.33817596895494
cent1989	2.01325175324293	1.56613070189802	-0.845624605241169	5.36767422075665
cent1992	2.15289112602512	1.44677477602275	-0.488459954822273	5.15242901562568
cent2084	-0.225246244527386	1.22927293286449	-2.7606160354201	2.08975014635504
cent2087	-0.977808174585963	1.54328143097427	-4.31052724501072	1.80480084375325
cent2131	-0.560182247091038	1.64452335246361	-3.94553404276391	2.53656077896717
cent2150	1.5631792550058	1.59227736177999	-1.33473004642376	5.05506844631689
cent2292	-0.724246698149954	1.04624774518822	-2.86816573769371	1.19835658313666
cent2314	1.44122264489292	1.39426034797816	-1.24901869104152	4.2562246748611
cent2322	-0.0646510255602219	1.7149453156955	-3.48147609510008	3.27077639020859
chad1249	1.21089581074727	1.49730786162385	-1.50338225301647	4.42815893672812
chak1270	-0.929048109296781	1.53729208650198	-4.15725068248692	1.97095464603926
chak1271	0.503993940519094	1.57884442273949	-2.43909791233027	3.84162268071972
cham1309	-0.509822076385671	1.65485793277717	-3.88881609281539	2.63438532445624
cham1312	-0.603547177750122	1.60338139582935	-3.94148815946913	2.3685362932992
chan1313	-1.30601066095141	1.48145026822987	-4.50374551056401	1.39097393498318
chec1245	-0.361752417492243	1.67751570713485	-3.75483659153878	2.84213501805672
chen1255	-0.128727946657451	1.75724115742271	-3.78839836608697	3.23917218803159
chip1241	-0.47346572694057	1.58846173133772	-3.74701564609867	2.55634700397272
chir1283	-1.39957875278416	1.46201528672241	-4.53585265765497	1.21354076130971
choc1275	0.810196545071659	1.42493737487251	-1.93458643282917	3.57978921851308
chon1284	1.29299412739731	1.37995867154748	-1.41841035632876	4.05719056111546
chot1239	-1.16855830037829	1.56167389513491	-4.46852931959966	1.6729966733447
chug1252	-0.274141550429602	1.50446210277673	-3.25840386728363	2.58627480821059
chuv1255	-0.165707044138234	1.75507190131051	-3.74801545033572	3.21783871020891
chuw1238	0.309606151832055	1.59012436579402	-2.688072499243	3.68907919717528
cogu1240	1.5275976320607	1.41239218750405	-1.12440788001066	4.46392204500786
coma1245	-0.240327289383535	1.63945033119697	-3.64923263700888	2.8554096215598
copa1237	-0.615831974576964	1.67455557324596	-4.05726638894936	2.53275559469786
cori1240	1.37682599367448	1.59432280091657	-1.56887022481397	4.76072520046899
cors1241	-0.321051784401718	1.66013044609396	-3.69987235185153	2.92746527210618
cosa1234	1.74144104438806	1.17936244690407	-0.535524578778994	4.11005632459279
crim1257	-0.0447832174779081	1.72932558284725	-3.63170691854566	3.34829569028505
czec1258	-0.151645795148452	1.62776222406583	-3.43472648491824	2.9095697882611
daai1236	-0.849785773419735	1.61002407954263	-4.18529711164335	2.16984465380921
daas1238	-0.809476073577505	1.26829094579823	-3.37724162972971	1.67582435222185
dagb1246	0.688337362098197	1.62704027841123	-2.36619031464082	4.05700553906167
daka1243	1.85013826610312	0.807866712659218	0.331543731261007	3.50362382698543
dana1252	-1.05383931579361	1.53167968923931	-4.33178484117458	1.75398957607762
dani1285	-0.204011530016408	1.6421975023783	-3.62169825425018	2.92522407655509
dara1250	-0.725358335342203	1.63570298710236	-4.15855388517807	2.34063298743221
darm1243	-0.472279529085329	1.62773087476559	-3.87720296508842	2.50855407323211
daur1238	-0.0848868822847307	1.68720536405477	-3.44276583614336	3.21953540199547
dawr1236	-0.773250430066226	1.50430130945817	-3.87924260888066	2.00704009562013
dege1246	0.136628653635756	1.56812054830513	-2.81847140488468	3.41253506202229
dera1248	1.46331887206268	1.46020827767593	-1.13247900535141	4.62451631181948
dhao1237	0.0644188674223583	1.25472760806218	-2.53695708243889	2.5162458002047
dhim1246	-0.662361144060273	1.55445056303946	-3.92132211691975	2.2930968785312
dido1241	-0.51463393746931	1.66837431518188	-3.93055247985996	2.63706283636316
diga1241	-0.644465133489913	1.54584351110596	-3.94542416864252	2.30607333893801
digo1243	-0.31352832208715	1.55450445649326	-3.29047590208227	2.85925050944403
dima1251	-1.32502306081741	1.54030445348069	-4.5852259948277	1.52200331153305
dong1285	-0.4072526297192	1.61182880658851	-3.69242238941742	2.59485932064644
drun1238	-0.250046232776868	1.56337393822431	-3.56065892813268	2.73830163661757
dual1243	-0.302037932697824	1.46407451835265	-3.1768144689389	2.67255553297183
dumb1241	0.774096404941938	1.30452858159114	-1.8167167365689	3.41675226892302
dumi1241	-1.12935607286692	1.50757466558991	-4.32171949038327	1.64702876691455
dupa1235	0.392569350554623	1.19314680393112	-1.94848255452304	2.72116891463561
dusn1237	-0.0637553090330442	1.34618256394133	-2.84600715547692	2.50646827764303
dutc1256	-0.302965462267245	1.62866242107514	-3.63488692050599	2.7657381784474
dyul1238	-0.936507275516304	1.40708324320745	-3.77003224113951	1.85135415361219
dzao1238	0.233907790695855	1.5238841086588	-2.80717839632968	3.19165412545085
east2328	-0.138046781958659	1.73736910820336	-3.68887945999891	3.17215352870132
east2342	-0.93482823441983	1.47004776026341	-4.04497293891992	1.81518163982283
east2447	-0.743165135403402	1.55094763688677	-3.99707692209156	2.14583253920735
east2485	-0.312256574087059	1.30186065971815	-2.96208231082433	2.19492702327058
east2773	-1.11627914620435	1.54372887291204	-4.39242854663588	1.67131292502062
egaa1242	-2.00571765007106	1.46426508400805	-5.07464064972735	0.656753750411514
egyp1253	-0.968454257786664	1.48726272576523	-4.13480845946854	1.76681228583644
ekar1243	-0.36438413727139	1.53379697355472	-3.50880146870298	2.53332529124725
elna1235	-0.309977993840025	1.64721588045705	-3.71783329537998	2.6723696579438
emai1241	-0.251706690252941	1.43453677312791	-3.05485909781318	2.65004101443338
enap1235	-0.249466471650183	1.64664846795436	-3.59921641529372	2.95965396688011
enuu1235	1.3923310431413	1.38370329754909	-1.28739458300691	4.16024689315008
ersu1241	0.330358836777409	1.46660348038338	-2.64454851643878	3.12150957102624
erzy1239	-0.103082845879233	1.69879413653265	-3.5698817466929	3.26525032709546
esan1238	-0.316171197404204	1.42366590026012	-3.05341510639542	2.56901623992194
esee1248	-0.6577990185783	1.58056706499908	-3.97286344384648	2.2655787422317
esim1238	-0.380995364037213	1.22007615961042	-2.71445098497262	2.09127214172857
esto1258	-0.17732722797745	1.70843834383436	-3.70616756378295	3.14133676306953
eton1253	-0.122890772948578	1.43494245072068	-2.85442723568819	2.87210563888369
even1259	-0.0936661297445873	1.76455801052289	-3.66907753385674	3.36674137361976
even1260	-0.109725697037298	1.75024584454429	-3.61016864505456	3.34370804656858
ewee1241	0.657991530788885	1.54342622826026	-2.21913540738969	3.93693403687139
fala1243	-1.01333493722909	1.61000946114201	-4.32828310963223	2.03321117461277
fare1241	0.658128100019429	1.63755368583813	-2.34865111224177	4.07104218651922
faro1244	-0.195588448987919	1.65159291271092	-3.65667138615329	2.89516498365968
fiji1243	-0.838646850949615	1.55852775657792	-4.17869773101114	2.01903668351871
fili1244	-1.27025549832122	1.46226222271263	-4.47056768316849	1.35402185835327
fina1242	-0.590149456154461	1.02023927277358	-2.65655077844392	1.35618439581104
finn1318	-0.0944848052664104	1.70677580099391	-3.49456833494301	3.29717662367376
fipa1238	0.27929968285795	1.60996074384841	-2.75204611602549	3.53528984763993
fonn1241	0.608345865931837	1.60858912584814	-2.37212825249765	3.96784811227898
fore1265	-0.0344872960842408	1.75853425918703	-3.68008643967201	3.38404886064491
furu1242	0.675238416897888	1.56014027529411	-2.204321614508	3.9983853804105
futu1245	-0.359795448717822	1.35560802177016	-3.18429433103067	2.21603118148916
gade1242	1.08177167072066	1.63664246819175	-1.98858681004184	4.55403752836458
gaga1249	-0.0737304788687822	1.74799097751785	-3.61659677325079	3.29351820328752
gahr1239	-0.478447076554036	1.59172754775325	-3.79553864427326	2.49545043205627
gali1258	-0.260532740184817	1.6772488615642	-3.70373167641516	2.96722606900205
galo1242	-1.04623753001022	1.60000023701882	-4.43389487979715	1.91256805856535
gamo1243	-1.00605290292855	1.50116011122744	-4.20394860061061	1.77464084326204
gand1255	0.485899245393725	1.60864976804426	-2.49772589163394	3.83422098332729
gang1266	-1.22996421211077	1.55415984375124	-4.56472844360843	1.57113143408768
garo1247	-0.633206280912071	1.530362949106	-3.88116022244781	2.18504293905605
gayo1244	-0.848913383632004	1.53978079617103	-4.08318259811243	1.93467116511506
geba1237	-1.17327539696019	1.48108881145871	-4.4076343041783	1.5060430242408
geda1237	2.09433127750685	1.09881680728531	0.0549641959334866	4.37947318616052
gese1240	-0.331360393188231	1.44170781832165	-3.32727295755726	2.45395891117586
ghad1239	-0.933553693426852	1.46457262086692	-3.99123413655294	1.80675764200865
ghan1242	2.63889017202014	1.45425610049293	0.150759184912375	5.94144271779954
ghar1239	2.84602704076566	1.46046010483467	0.24952032989114	6.06152849247147
gheg1238	-0.352857129402613	1.60274891353694	-3.66873843852972	2.67233276730972
ghod1238	-0.480392542492339	1.656217406979	-3.87711767837	2.73788340920499
ghom1257	-1.21714901314912	1.46113429076351	-4.37756646093396	1.51375284045005
gida1247	1.53670887817839	1.34472724571704	-0.938699886413172	4.32876706141034
gilb1244	-0.620521644051438	1.50143837265561	-3.81904613975017	2.11561821792903
gira1247	2.09862869619391	1.14662859965045	-0.0229534714550616	4.46677061134071
goem1240	1.43444376940097	1.37502865135026	-1.07579136204361	4.35855811677651
gola1255	0.546292153120833	1.63064095930303	-2.58303712233005	3.90122650889225
guan1266	-0.654885266383738	1.54396327859613	-3.86966914877033	2.16247379723688
gube1234	0.590436979545364	1.6279598217361	-2.43334071629162	3.99802997988932
gude1246	1.74394132031767	1.22780043602713	-0.508583154275894	4.32682711479716
guer1243	-0.541625556430665	1.64754686033242	-3.92568536412425	2.60822281379609
guhu1244	0.271510816132223	1.23753895900267	-2.21839381970703	2.70779468612387
guiq1238	-0.402601840603084	1.57641300815964	-3.687572174404	2.56415715116146
gulf1241	-0.0664535295263072	1.76773831753126	-3.68773930917848	3.4132307234855
guro1248	0.110397985716178	1.55965066395276	-2.96567275031357	3.32852568173562
guru1261	-1.13886669309834	1.5320470039364	-4.45813979497364	1.61824510361116
guru1271	0.643353883829535	1.30439563080335	-1.89419652933129	3.27971622233777
gusi1247	0.497020438952681	1.54115884897444	-2.37144207620887	3.76504401201937
gyel1242	0.0126825852941839	1.60087924687896	-2.98173977899429	3.27013351439733
haaa1252	0.336237913130123	1.65899452501775	-2.69012513896112	3.79892458426556
hadi1240	0.497299905548718	1.11676977404967	-1.59993418597961	2.77780962459727
haka1240	-1.08144758190612	1.54065725958163	-4.36116782576398	1.71224694593954
hakk1236	-0.146480188397461	1.53359807605213	-3.24857307923534	2.77801913486618
halh1238	-0.11034072597992	1.75516442845347	-3.72386003593565	3.26500471749571
halk1245	-0.216114453657569	1.66560552407863	-3.6018625704861	2.99390243693074
hani1248	2.23222909701906	1.47401889154308	-0.503237555985943	5.33718357359467
hano1246	2.0072294501929	1.0856789277598	0.0304465590412259	4.33190695614727
haro1237	0.494172605979733	1.54715747183748	-2.61922940632197	3.52368956429806
hass1238	-0.934424376499899	1.5054234909596	-4.09386229231445	1.90582882583719
haus1257	1.4423581870946	1.51319823665443	-1.32010130372628	4.70010500886819
hawa1245	1.66510325193894	1.5301323947942	-1.11907135186244	4.97519323999749
hdii1240	1.66061578925646	1.1854507445278	-0.523368708003847	4.13569366246381
hebr1245	-0.191992789312205	1.64080789140173	-3.49636611639902	2.97886180731732
hehe1240	0.226571292056092	1.60958017405267	-2.79781236021772	3.5797123367991
hela1238	-1.04767137793088	1.52261013061942	-4.33628841011773	1.71942600684128
here1253	0.231697043831651	1.65055332551934	-2.90211889344667	3.65928758642686
hind1269	-0.0982507901638429	1.72851401069394	-3.54683076267137	3.25228143737234
hixk1239	-0.460271691094291	1.68791752866696	-3.92804302577173	2.75025621474305
holo1240	0.255085812496785	1.61658399365042	-2.813065504461	3.56527294873538
hone1235	0.88314409708638	1.45658144528643	-1.89751952864688	3.88543786060886
hopi1249	-0.265951619169122	1.70132158939857	-3.72706136606326	2.97968201623967
horp1239	-0.588552725443571	1.58187231114494	-3.91133075448973	2.34050388554405
hote1245	0.916494866753714	1.02861678876427	-1.08687697629863	2.96083072163626
huar1255	-0.607971317033028	1.58616855651927	-3.93397079474764	2.40016114177361
huas1242	-0.487070740348597	1.66217913365824	-3.84287332725123	2.66353998113016
huic1243	-0.253350713648912	1.64441989053035	-3.61139480873821	2.84252332329032
hula1239	0.769348896128313	1.17543883479107	-1.57368937469896	3.07905488094508
hula1244	-0.102335287921767	1.72308810964745	-3.57763446545761	3.25501027430434
humb1243	1.09885212493064	1.56865088087734	-1.83169445797062	4.31691365619952
hung1274	-0.00666117915845148	1.74052521647041	-3.54346363252012	3.39109212960251
hunz1247	-0.507692126776268	1.64558753833915	-3.92639101959456	2.62284631573401
huuu1240	2.30539170245241	1.20559704615289	0.0424988877564719	4.79927105823345
iban1264	-0.625110707540191	1.49606824109477	-3.83148190509492	2.11562042185238
iban1267	0.387743099628303	1.13834415640074	-1.77065368471267	2.68125108570575
ibat1238	-0.640762557358798	1.46871628206322	-3.66322483120104	2.1132434702878
ibib1240	0.205165963868061	1.53805255261943	-2.73288694821495	3.34702337880455
icel1247	-0.227806206001563	1.67722418381741	-3.63081664999824	2.95792690035126
idom1241	0.831458742217807	1.5271743823643	-1.99242278002178	4.08250548245523
idum1241	-0.638548645541351	1.61730480734361	-4.03016814499041	2.33932741329733
idun1242	-1.15048279604164	1.4507978132995	-4.28981683666519	1.37692046647477
ilaa1246	0.29868182146181	1.60300925617575	-2.73484092162405	3.57515402892427
ilon1239	-0.102015895562863	1.10114982432862	-2.29191014564892	2.00675398813065
indo1316	-0.463291602526469	1.57380110367247	-3.72356106957754	2.42643490413666
ingr1248	-0.200132133498779	1.74003982634285	-3.72713232642263	3.18707007327937
ingu1240	-0.348353100946237	1.68689083267536	-3.77835449853611	2.83147007374642
irar1238	0.859995455194612	1.35635836956059	-1.75963281877127	3.56483209767027
iris1253	-0.0441526083118862	1.73486142915884	-3.59094041250266	3.35222618700179
irul1243	-0.0871212693628844	1.75017997968222	-3.57384084194613	3.31545022627241
isco1239	0.0420363425265958	1.57857693601521	-3.08058484123372	3.17543435419371
isin1239	-0.437338178772952	1.10235120485418	-2.71282259684025	1.62744115408422
ital1282	-0.255496203097059	1.68151411892496	-3.74369706576845	2.93264883847758
itza1241	-0.248389248694658	1.69592229215996	-3.68676432594872	3.05587465945138
ivat1242	-0.70280413356766	1.54269744967524	-4.03503203452927	2.14077262885568
iwal1237	0.900249123410389	1.05261492251247	-1.14326017376922	2.99217316922709
iyoo1238	2.51872922981121	1.31741839719005	0.133119875174932	5.21706418611596
jalk1242	-0.465222636814153	1.46476039336859	-3.33223171929569	2.45406305405207
jamb1236	-0.721255888825669	1.50667371694445	-3.91539310408789	2.07924627390915
japh1234	-0.697372270208386	1.57812938354477	-4.04861107910296	2.24411043808413
jenn1240	-0.303260194833226	1.68783346853229	-3.76973079532903	2.99753112359719
juan1238	-0.277435745733115	1.68457172545669	-3.73585311185358	2.96758569143374
juku1254	-0.202698399705773	1.25060675816567	-2.62946281723276	2.35394468128523
jurm1239	-0.139522207065844	1.47133533330776	-2.99726597458786	2.88361737085956
kaba1281	0.264689592179135	1.4786463986552	-2.60252662591325	3.32989015197678
kach1284	-0.283912269904687	1.35897773772935	-3.09061655034009	2.34006404921279
kado1242	1.72219926245247	1.20416583932608	-0.64398426612192	4.105929174803
kafa1242	-0.828463420847104	1.59984803089336	-4.19180551463093	2.12430744953409
kaga1256	-0.646021762146939	1.56777227669997	-3.9869872915168	2.29646409141113
kagu1239	-0.241363076037121	1.54815293185536	-3.24156243802187	2.95958002311874
kala1388	-0.34715807517125	1.29728724065666	-3.0335036852688	2.06783618627282
kali1308	-0.142255637182464	1.74021436465161	-3.73607812145613	3.20420965888081
kalm1243	-0.104925403275479	1.72354427169329	-3.56232578460146	3.24018155110166
kamb1297	-2.71932439322091	1.53111157123632	-5.99135930083051	0.0369115293130416
kamb1299	-1.04039219364097	1.4919380209262	-4.13505927750472	1.78053483007432
kamb1316	0.47432931135575	1.09414539266312	-1.58242909339781	2.67709346046732
kamm1249	0.616214055651623	1.5214932370383	-2.30142994358101	3.77389314869039
kana1286	0.28583459315699	1.20305681796899	-2.22674448445035	2.55319866870749
kank1243	-0.591291666789857	1.1086284707958	-2.91378417941349	1.5088501111537
kaqc1270	-0.227403250378684	1.7084909790696	-3.70400460323048	3.03224622053305
kara1482	0.321953966214638	1.57036679418274	-2.67636985432028	3.64546848372084
kara1486	-1.24525342060864	1.38748323774658	-4.22789982429469	1.22551575296948
kara1500	-0.498121942136664	1.65836464334326	-3.99040768057862	2.71978040583703
karb1241	-1.27729374155935	1.56549412514358	-4.52302250263996	1.57174136090562
kare1335	-0.127768572313571	1.72912370149539	-3.67711629838352	3.22347288761847
kash1277	-0.326388845700993	1.62540454555198	-3.6513290847218	2.70761887896775
katb1237	2.8482121844779	0.899286792367375	1.22120445524082	4.75383377523869
kats1235	0.214245106144947	1.49454171081332	-2.89208684825595	3.05897977688605
kaya1315	-1.19497615195659	1.47311610766113	-4.38387657923815	1.46284529498648
keap1239	0.437315330313963	1.19626093352334	-2.04092127035021	2.7615075298149
kele1255	0.183702207621546	1.61504034977055	-2.88839243898237	3.50632453832963
kele1258	-1.46526828173425	1.34487654188697	-4.46752454432045	0.869588969947341
kele1259	-0.574349212186319	1.0285895770255	-2.69008500754768	1.32559227813264
kemb1249	1.35088955160719	1.23897720527484	-0.991882163070293	3.8561593025951
kens1248	-0.636895265533925	1.59739175988079	-3.9529018288998	2.39816434784256
keoo1238	-1.34870436412288	1.5260660028328	-4.58940068257541	1.35598991104262
kera1248	0.708794549428488	1.6068037112241	-2.29752503987362	4.03022624847625
kera1255	1.7342491807298	1.44912848547369	-0.951536133797084	4.84344406385196
kesa1244	2.11923371022912	1.20829112082623	-0.126399268961059	4.62288038442201
kgal1244	0.25423543115392	1.59925041322243	-2.7620638283276	3.57689569010872
khak1248	-0.140571428708058	1.76810881553015	-3.72873405899905	3.31797967659421
khal1275	-1.02648581768094	1.48775426459266	-4.2258669080552	1.60576072146185
kham1282	-0.227831519282781	1.64324561115721	-3.57225484560588	2.88860899479443
khan1274	0.804146180693804	1.3964338637399	-1.98448632003743	3.50098040240002
khan1278	0.140312744477545	1.49460491714919	-2.65804299331042	3.28017895730996
khar1288	-1.42532843318399	1.46435690858523	-4.54666555528786	1.22434172365348
khez1235	-1.44693442354653	1.44035140146275	-4.49915019745703	1.23815462009751
khin1240	-0.395390354576014	1.64537166200364	-3.8722096513003	2.70784376702537
khmu1256	0.415126668592553	1.39958451343629	-2.4548304471669	3.13170022553835
khum1248	-1.09985243601391	1.54322531170584	-4.47031422575048	1.72672653392625
khva1239	-0.517783603845668	1.66004622064766	-3.95021861756344	2.59929284087756
kiku1240	-1.20186860557253	1.39297523168122	-3.99305949230986	1.61435711018841
kile1243	-0.110310664972468	1.75134261099521	-3.65041237349419	3.4042885284571
kili1267	-0.851989077800495	1.54923634693626	-4.12584750030834	2.00751330201961
kimm1245	0.980744029777854	1.21650139855591	-1.38646201496048	3.44510767622364
kimm1246	1.65710695030666	1.52767828194916	-1.10300390914742	4.9807896773602
kina1250	-0.950099464635154	1.55528486841805	-4.36491532892795	1.84172589899095
kinn1249	-0.466514239636283	1.61060495971782	-3.8363068314619	2.56006501506515
kips1239	0.465628573320834	1.49615760142113	-2.38776615571717	3.48782139175953
koda1255	-0.255781095062237	1.68707095252114	-3.68598286253538	3.00878538754236
koho1244	2.15317778243397	1.47446573844161	-0.596997290127224	5.27820056460799
koir1240	-1.40859038113919	1.46957488947415	-4.53374888032088	1.22459587567854
koko1269	3.04012451580937	1.46385529055582	0.469292146432183	6.27508158642661
kolb1240	0.560179364849149	1.57000340292278	-2.44378201170924	3.82504233841507
kolc1235	0.259663516901782	1.56491166854853	-2.67094358332997	3.54694845855788
komb1274	-0.497986508234547	1.64591158253772	-4.00506427557665	2.56244129813013
komc1235	-0.775774031038773	1.14760174540308	-2.94744838708739	1.58049578378274
komi1268	-0.092547376025137	1.72845839627855	-3.61266235489922	3.29646507196721
komi1269	-0.110602786191674	1.74309860505072	-3.69468793433511	3.23423222197645
konk1267	-0.0949443418823233	1.77327247215917	-3.72594774130279	3.41080287774027
kony1248	-1.24093516915644	1.51640757364431	-4.4568744360918	1.47106556908833
koon1244	0.318706900582602	1.67651082732578	-2.85515938991283	3.73198969850098
koro1298	1.21677108897374	1.51565555405993	-1.56915833253279	4.44665118187396
kosr1238	-0.731819693328543	1.51953816473969	-3.97765944863871	2.06532824107356
koti1238	0.286434446680384	1.64447337856744	-2.81316784049605	3.75864342036262
koya1251	-0.197221358244455	1.73058698609783	-3.74012966847061	3.28514559240343
koyr1240	0.595628161019615	1.69075451805219	-2.60049312723138	4.01749354362733
koyr1242	0.676253003922426	1.64269811892274	-2.46005238553371	4.07821372891116
kryt1240	-0.378430414838392	1.63623771171428	-3.76262982444074	2.69612070229109
kuku1273	-0.212637445627198	1.72042505360439	-3.72909369104141	3.06512442780621
kulo1237	0.0413224996537488	1.26361609196665	-2.56762811081835	2.42558221526888
kuma1276	-0.818518710675878	1.39616551361827	-3.83087682346163	1.69154222673756
kumb1268	-0.142624881278625	1.70050275357363	-3.61952702821269	3.21082563912288
kumz1235	-0.110948985755872	1.75195045183014	-3.72086118418941	3.22835974031765
kunj1245	-0.187605418077908	1.69213080729961	-3.61428871679985	3.10035111628769
kute1248	-0.239386056260574	1.21308239962943	-2.58234670486752	2.27468303105396
kuyy1240	-0.063012031449379	1.51748947011679	-3.15567123972151	2.84067503899428
kwai1243	2.32216452034875	1.13637909522857	0.290095494297531	4.75795464778949
kwar1239	2.60406535470243	1.20010169209927	0.495642979002795	5.18398223521855
kyer1238	-0.969718577243469	1.51892717686154	-4.11437092225867	1.78149570396995
labu1248	1.20464169231766	1.0551748183204	-0.813707900614839	3.33625831542312
lach1248	1.24241174791565	1.25128409167829	-1.14040448387734	3.81372316653264
lagw1237	1.64806273277961	1.48639310818355	-1.01450138551377	4.89868392077073
lahu1252	2.62809065328763	1.22203754889319	0.394106348160784	5.2019493517354
lahu1253	1.64095472000124	1.20175831324773	-0.729584732175467	4.01610136345647
laiy1246	-1.18280155932329	1.48855973504159	-4.28982550695887	1.51313819938174
lakk1252	-0.45685027354329	1.67236672689697	-3.91992919430069	2.80095588110035
lala1264	0.300481655047373	1.70551012106188	-2.96529023381059	3.82883192054794
lala1268	0.495919798136482	1.16655306033045	-1.85707359545285	2.76008761626708
lama1277	-1.22819134666846	1.33618697508173	-4.18272256908266	1.15436574228562
lamb1269	-0.148100980569175	1.70645067523473	-3.63695726735289	3.12340852152408
land1256	0.792458403591138	1.63161653327139	-2.31885786711754	4.18732960658016
lang1320	-2.52564547470771	1.47241774349821	-5.63668811253582	0.124170521469977
lash1243	1.82762878910763	1.49616015679335	-1.02969018535562	4.96059345554176
latv1249	-0.270483900955946	1.62734290477121	-3.55466252820318	2.94786738880719
lave1248	0.754266442982123	1.40996179737765	-2.01003745232687	3.55030708382664
lele1276	1.51320201967585	1.40232042356948	-1.02611236186148	4.46291311587612
lena1238	0.0484189831376444	1.27767779721051	-2.54737814975752	2.49771958424192
lend1245	-0.422939534310015	1.41775653843556	-3.30444025726593	2.35250903969979
lepc1244	-0.564913172993986	1.52008639127085	-3.7599415029046	2.30638813382061
leti1246	0.076065657507498	1.18302445739243	-2.30162393681709	2.31146414813318
lewo1242	1.34105101840591	0.919174612439198	-0.390786540718068	3.20020085722932
lewo1244	-1.209012972929	1.3414534620016	-4.08159305132755	1.22481251093942
lezg1247	-0.405913901620485	1.65438753817003	-3.97645130902079	2.69307229362065
lian1251	-1.38671575186887	1.52092692727871	-4.54387017306406	1.38559707227426
liby1240	-0.936450149248369	1.45851502467988	-4.06427104566061	1.75080431230786
liji1238	1.35902806493386	1.56025685139755	-1.5091210331661	4.64547502280473
lika1243	-0.211527741812763	1.48523311386626	-3.05424029644468	2.8290282350416
lill1248	-0.201238064762688	1.68361832169949	-3.67051720984892	3.03376015047081
limb1266	-0.909048157875391	1.48388669433551	-4.06565734737112	1.80477394203708
limo1248	-0.394706627410757	1.12748712469257	-2.66473087366973	1.74891455674989
ling1265	2.82413295163342	0.888105261852785	1.25166897835097	4.75448122469215
lipo1242	-0.212800380234105	1.49366944727619	-3.30969334630211	2.53925932872001
lish1245	-0.0429630062288309	1.72777084354166	-3.60497081456622	3.31686278314699
lisu1250	0.499268932173964	1.37302046145443	-2.3112847399135	3.12486939992519
lith1251	-0.174171054326735	1.71344577426072	-3.63779008277885	3.13488002916048
litz1237	2.82309253936115	0.896816594317922	1.22547875143625	4.75090290156588
livv1243	-0.1756891435689	1.76558916522338	-3.69947857033924	3.22408456059769
lolo1259	-0.226793047975293	1.50568721936209	-3.37827233114768	2.57822923768537
loma1260	0.704755096276779	1.58364513989343	-2.21089564194749	4.03791213548778
lomb1257	-0.379487368194868	1.6434963495456	-3.71946465454635	2.77085101454992
loni1238	-1.42023748035937	1.35432365073197	-4.40270151076618	0.943287024450026
lonw1238	1.82934268999281	0.809975396523708	0.300085680266495	3.47910662254546
loth1237	-1.44284155367774	1.5139637281689	-4.60673372040511	1.36231103725879
louu1245	-1.37530474620965	1.32280529923584	-4.27472616316899	0.93436848243366
lowl1265	-0.659905416670854	1.61595443719203	-3.99898979394027	2.31607199879317
luan1263	-0.267144238720214	1.22743579250642	-2.81594826197406	2.06372062468906
lubu1243	-0.672141004422615	1.10616018421878	-2.92351954587045	1.38720619772422
ludi1246	-0.137838105184518	1.67603294484386	-3.61463798032961	3.08046534133531
lugb1240	0.244208066541906	1.41521274932525	-2.46681554322703	3.18549289303643
lule1254	-0.16827038848819	1.66185909527696	-3.50758235336362	3.07844186241269
lund1271	1.18395027587405	1.30089301855612	-1.26472320135731	3.84374839746161
luok1236	0.487394547606633	1.55469939538156	-2.41503964772322	3.72986923187555
luse1252	0.810595639610248	1.53252090025332	-1.94638608322438	4.02291168242343
lush1249	-1.04139622523968	1.53624160367969	-4.41002468513166	1.74754727173699
lush1252	-0.212495069914955	1.71241857557371	-3.60228827650787	3.19101377820214
luva1239	0.22252730760564	1.69478038273318	-3.00041857010274	3.74176381241372
maan1238	-0.632940370120274	1.53045004714043	-3.88608127527407	2.19405639416751
maas1239	-0.434070200636509	1.49639643389683	-3.29183992545119	2.59848954102625
mace1250	-0.289178394330527	1.60964995262372	-3.57705498381589	2.81571999234725
madi1260	0.98279965694604	1.44023750503681	-1.66142249898573	3.96991091189173
mafe1237	3.02547298840806	1.054309170421	1.17556900152043	5.2592160355036
maga1260	-0.412199809963201	1.76853957871336	-4.00821471025485	2.99098416467544
magd1235	-0.665469682319658	1.67091120961182	-4.0935905713649	2.51040573848045
magu1243	0.506558151008253	1.183558943651	-1.87465095094332	2.85564222143554
mait1250	-0.839028059881649	1.62494015086389	-4.16829610274965	2.24101491721728
maka1304	0.159526329844545	1.54178281259998	-2.71751652573696	3.4377715705531
makc1235	0.437454268769461	1.4840963209661	-2.40214444912567	3.37891401124316
makh1264	0.292251530124045	1.6388667334016	-2.78350115134329	3.68382739551619
mala1464	-0.149194675698752	1.76736624965261	-3.59437935859663	3.30994739391541
mala1479	-0.531257759499336	1.63025266966678	-3.96487132604627	2.54414210311236
mala1522	1.55354907081535	1.40392236367083	-1.07645740054498	4.48518775902473
mala1534	-0.490679199378737	1.18204135578125	-2.87980048232952	1.73236369146539
male1297	-0.445950796313681	1.66342522345716	-3.95941103120412	2.76978313921731
malg1251	1.67180157816141	1.43846066653692	-0.9936355573942	4.7833224311034
malo1243	2.93064248924035	0.974585667855478	1.15139449112223	4.94832484968985
malt1254	-0.268298368239556	1.74381800497864	-3.91463718205083	3.07481341298617
mamb1306	2.00487784346914	1.48240329958658	-0.593023366606259	5.18766285773133
mana1288	-0.70989564860991	1.58219026298206	-4.06908665159529	2.21632023878644
mana1295	-0.138410724941617	1.41600991392417	-3.12921918303476	2.4805334617896
mand1415	1.60500354577385	1.52561596513799	-1.18599481063342	4.82310843498976
mand1423	0.52604894240663	1.59798850632577	-2.48874016332463	3.84283804056609
mand1436	0.760561928706645	1.59771660810333	-2.26770429851272	4.07412546012216
mand1440	-1.24729509071543	1.45873983369248	-4.40442909006768	1.40667508500535
mang1378	0.870725451379655	1.20333279204475	-1.52629777001769	3.17913790820007
mang1394	-0.317243067279216	1.29099731482114	-2.8346166811878	2.32095183173644
mang1401	-0.456657610121527	1.57845939411018	-3.84349569608922	2.49697184430858
mang1405	-1.18958400376967	1.55595996465575	-4.56628640846969	1.59570721978523
mann1248	0.502981255342678	1.6127932166146	-2.59911971423631	3.8168769705219
manu1258	0.766307092978081	1.20065025106674	-1.61343725069002	3.18954615472123
maor1246	-0.497519197235422	1.61231686281095	-3.87359926234683	2.46672249876334
mara1378	-0.114778445299378	1.70809067965199	-3.51481983706146	3.18610918604538
mara1379	-1.43326508245167	1.45913221326809	-4.54600870806079	1.20200949461291
mara1382	-1.1063107992721	1.55123358072282	-4.43928656767069	1.7217390291078
mara1404	1.03149463637958	1.3013336117857	-1.44544243030744	3.71111913429339
marg1265	1.77375299198519	1.37500020101656	-0.733812797755679	4.63953309015006
mari1428	2.26691617128189	1.11875106529	0.235010431191511	4.63417477249947
maru1249	0.683433554295374	1.51228242071684	-2.38543313235543	3.67702327818592
masa1322	1.75762612894555	1.47756812597976	-0.909050476232975	5.02501814773405
masb1238	-1.23707085300801	1.47792693004149	-4.35788881629044	1.42663418452618
mask1242	2.37134373789865	0.864617590387952	0.812564200721536	4.2018147374079
mati1250	-0.0740095761677098	1.29379126266198	-2.75736768579206	2.41715487099364
matu1261	1.41556978757817	1.0895277641296	-0.678418599380153	3.63081241736108
mayo1264	-0.476441343275254	1.66841372702247	-3.99247585723379	2.66422654672941
maza1304	1.61693916599693	1.2294310177695	-0.561000263319948	4.20909902201614
mbay1241	0.262757471564979	1.29273251347322	-2.22218867405366	2.89563182934405
mbul1263	2.03054987005933	1.39660692737616	-0.513746867526175	4.9794420031238
meke1243	0.0976916712284841	1.20608148805296	-2.42935892761987	2.41233761463344
mele1250	1.41757401572961	1.14601363319745	-0.723548720765642	3.77215572264679
melo1242	-1.07013154938457	1.54286389322616	-4.27419649046662	1.86963080634383
mere1242	2.87490797275067	1.06076350543965	0.973530301061053	5.13328637116766
meru1245	-2.36836042382468	1.32602938359238	-5.12367489824273	0.113496541516904
mezq1235	-0.571067215815124	1.65734217153652	-3.97331751559104	2.58081507112622
mich1245	2.10648930813533	1.62749873579297	-0.917376098258783	5.53063705525219
miju1243	-0.608132388772741	1.53669853433324	-3.84490766858625	2.25800365549814
mikm1235	1.72294695561869	1.5866965426135	-1.19270458753294	5.07648469826814
mila1245	-0.876743186108224	1.6530617667502	-4.34699787591567	2.1614970808378
mina1268	-0.705763003125774	1.49482082034572	-3.89232820054591	1.99573156738186
mina1276	1.46136594438775	1.18319411638655	-0.713859394706361	3.87084253784711
minn1241	1.54491894302943	1.55128248840684	-1.28480708818694	4.85349982014907
misi1243	-0.616717402869087	1.5210069963987	-3.87018731501241	2.23363983452218
mixt1426	-0.411994219501774	1.64929074192456	-3.79559049377275	2.71050188386258
miya1266	1.48125861110123	1.35697980136496	-1.01524738221625	4.33758276917785
mlab1235	-0.595101149188936	1.4863708984169	-3.67585622308632	2.11194962726711
moba1244	0.685099886964175	1.67543213634125	-2.39447319255427	4.19919453624364
mode1248	2.13150933175184	1.61446196281169	-0.860210898346752	5.53180200087008
moke1242	-0.341851588615824	1.62359142558712	-3.70665887415519	2.74233949152063
mokl1243	-0.434980980572281	1.62166896937051	-3.76090385876577	2.70217602558231
moks1248	-0.13764577791964	1.6795015489286	-3.55828097801342	3.1021708509251
mong1338	0.395802027329761	1.65383022042154	-2.72190142519072	3.82384495962397
monz1249	0.530565786506056	1.65520841526639	-2.48953931760375	4.03634424588002
morm1235	-0.23778135494828	1.3605470653833	-3.06560447196559	2.30320547173479
mort1237	-0.642365314734978	1.51380277722362	-3.7968215030713	2.19555125050507
motl1237	1.67590200589712	1.2004033345408	-0.576161065416308	4.1170478756071
moyo1238	-1.16854384106614	1.5516899532063	-4.45423159495696	1.6180261246399
mpad1242	1.46004322740409	1.53491164890209	-1.38703634836669	4.73779687796278
mpii1239	-0.556270495108438	1.57483166182545	-3.78849815635719	2.34212427873757
mual1241	0.401430107673861	1.30714997914662	-2.18814987939523	2.90343321529285
mudu1242	1.65919069581694	1.41959948318799	-0.947624050430431	4.76685730796051
munc1235	-0.711811410969718	1.64399847328812	-4.2052719170936	2.3818882833106
mund1320	-0.293306327253996	1.7009499491898	-3.77225062404157	3.01684168720449
mund1325	1.54668421713628	1.43363385875423	-1.13762192584199	4.60259753881732
mund1328	-0.860983301978926	1.15639664159469	-3.11278361785661	1.4476641566308
musg1254	1.68084010760719	1.45763497535812	-0.977294191376706	4.72640876633393
mwag1236	1.82706148507266	1.38617647159985	-0.615436686517223	4.82752511206617
mwan1250	0.164510588547895	1.58160303133501	-2.90535090611247	3.33819878818439
naka1262	0.21370263230711	1.34201584243366	-2.51015497105166	2.81002613737012
nali1244	-1.27063842326636	1.3812437409547	-4.2563846437634	1.16228519961435
nama1268	1.28944621071004	1.05945406154917	-0.741216152465471	3.41166621649603
namu1246	0.923452278801657	1.40190091381195	-1.80156058074835	3.65543591987595
nana1257	-0.114397311091172	1.69249959401984	-3.49669203215419	3.13094849422118
nand1266	0.514792475092738	1.48538698307501	-2.25510574721349	3.58329991014307
naue1237	2.03399978159716	1.34214638256014	-0.3446577365299	4.90842070748966
naur1243	-0.626210316382926	1.53807896083683	-3.86835892510224	2.25633030428434
nawu1242	0.740615397549981	1.62149373507816	-2.32828792055632	4.05760792343953
ndog1248	-0.942240069574684	1.39316627032762	-3.6762017015002	1.80303651537518
negi1245	-0.10441096296044	1.74017662667327	-3.66375804799308	3.23516603248081
nend1239	0.873590266589245	1.30063545530699	-1.67038347603518	3.42368075866615
nene1249	0.00658942397478507	1.78113482774293	-3.55874027255353	3.56527177852161
nepa1254	-0.935487386293897	1.54863391492346	-4.22855732857696	1.90590007229929
nese1235	2.80481681309203	0.93789291362656	1.04224737516048	4.76490165335968
newa1246	-0.995717154842109	1.5340894228728	-4.29082928043122	1.78720516743596
ngab1239	-0.629338207179102	1.65231442897894	-4.06952079425565	2.60145853845616
ngam1268	0.825551317588712	1.35801421981501	-1.74958103013891	3.67787585501387
ngan1291	-0.0384239482943261	1.78268746200849	-3.63000635324164	3.54704527251413
ngas1240	1.74047890186585	1.27033606803242	-0.558241131313587	4.52222677428499
ngba1284	0.461446143882087	1.655182266207	-2.57298961860127	3.85135026973755
nige1253	1.07972757928697	1.57832346558232	-1.81857818084414	4.28500525080678
nila1242	-0.529392231401984	1.54759882961952	-3.45578817448904	2.59648426329773
niua1240	-0.592655506545824	1.63821481028189	-4.0743809869566	2.35416918368569
niue1239	1.66824255793473	1.47802313136592	-1.11710625368742	4.80609843692828
njan1240	-1.61171786665717	1.32679785503385	-4.22391228796623	0.95410677679104
nkon1248	0.86491745493175	1.48387205979712	-1.78855461443109	4.1281204550924
noct1238	-1.06401416659022	1.57762644430803	-4.42247935155703	1.80068967956572
noku1237	2.49586285859874	1.23521486497932	0.265598077106023	5.12144024756591
noma1260	-0.351527590003219	1.4009795665554	-3.09369203328841	2.45157045977342
noon1242	0.399006094168536	1.6308939163331	-2.71474171327942	3.79393384377148
noon1243	-0.996044942695619	1.18794059287083	-3.33939223492354	1.36057235942591
nort2671	-0.11315815906087	1.73442474643053	-3.69653204423675	3.20895645536567
nort2684	-0.142530300072933	1.54185048068975	-3.27782153297489	2.85391316253166
nort2690	-0.0225703877048489	1.7379736593176	-3.45390800973903	3.33278382326472
nort2697	-0.405920560473798	1.68325908291302	-3.92153688070097	2.80285427021501
nort2702	-0.21076675118599	1.7028145814223	-3.58216116050545	3.12684888395361
nort2722	-0.649845173786493	1.58411254706879	-3.9933145842151	2.28752469916183
nort2723	0.302659547284269	1.42531791276108	-2.59919853142082	3.04177016012555
nort2732	-0.170548586271477	1.6549248071857	-3.56090008388605	3.01271567461839
nort2747	1.94724813382687	1.58774888792177	-0.931032005893226	5.32005380239741
nort2774	0.472916129733943	1.6218380478724	-2.63592597533198	3.80275972999825
nort2775	-0.126280188370244	1.5983557156998	-3.16681011216824	3.10066672348684
nort2839	1.56238857168253	0.850430625962928	-0.0892729843143909	3.32843847860483
nort2845	-0.481758309075519	1.60233167161927	-3.96321976935009	2.42638123847906
nort2877	-0.728125557767542	1.09083804483562	-2.96619592394334	1.27117006457848
nort2885	0.0357600616484238	1.4144790461443	-2.85278973062231	2.7695680280348
nort2954	-0.124124600306013	1.68068969891814	-3.59763035263279	3.08586030615277
nort2957	-0.810182597479331	1.59858771272928	-4.11736216114083	2.21682012507811
nort2959	-0.530203581526037	1.63931553372679	-3.96224344322017	2.55853196915382
nort2961	-0.475923021090185	1.62658557503073	-3.87656914578027	2.55893582977989
nort3139	-0.0722542568363546	1.73717200094358	-3.60669485675119	3.39985889032901
nucl1235	-0.218847720058408	1.68798938723615	-3.61973112658005	3.0169344234482
nucl1301	-0.0767512348694616	1.73671546735912	-3.59147132762411	3.32724892161281
nucl1305	-0.158277296728516	1.70664924368355	-3.67512917654022	3.22950847173222
nucl1310	-0.855436171735555	1.60331002086874	-4.23394564455351	2.15728429885772
nucl1347	0.351449249471902	1.59079092473297	-2.62153029958551	3.60265978860961
nucl1417	0.136891655276686	1.49994980448618	-2.64171774829386	3.27527924376597
nuer1246	-1.6154052262356	1.59033955623139	-4.89440137478186	1.35852541142279
nukn1238	2.27672682058878	1.34018302160729	-0.173756598918696	5.11299644865177
nung1282	0.169169421238322	1.45003767876487	-2.86770922013351	2.98781589038067
nupe1254	0.594530859897516	1.6498133066946	-2.4297751897529	4.02867067026342
nusu1239	0.757634108497178	1.38293718953623	-2.01761261860353	3.45124620976681
nyah1250	-0.4348198673593	1.62821262172258	-3.73776850326376	2.60813480143354
nyak1260	0.479811403198866	1.62024173105471	-2.56854389712063	3.86875986532232
nyal1254	-0.771721871626633	1.51457723645717	-4.01694113662006	1.93294109928996
nyam1285	0.985109180599931	1.43565503312372	-1.70505584159388	4.02544085874976
nyan1307	0.383470540866237	1.60785839517264	-2.72077512053713	3.73147312465887
nyis1236	-1.11864275140563	1.54885206402089	-4.33220908696289	1.72484047411011
nyor1246	0.313391792679154	1.51920180617888	-2.57137654410928	3.51493071323326
nzak1246	-0.806786120854684	1.44258097375026	-3.67035113771566	2.00839753661723
occi1239	-0.256033288628741	1.65782123629196	-3.70536087392998	2.95515406417636
ofay1240	-0.457347927859309	1.6111155204147	-3.76642732957609	2.56803393546384
okan1243	-0.260772006616944	1.65586712907848	-3.63832927431565	2.93999991132054
okoe1238	0.230471739419039	1.5341658804721	-2.6411225939161	3.40763572396737
onto1237	0.0857212203745925	1.56445954325182	-3.14477021498351	3.0123493806918
oriy1255	-0.295934017211293	1.70966915783689	-3.77684936935245	2.92736953240182
oroc1248	-0.103808521104697	1.69962664635416	-3.51580688795018	3.2722829972541
orok1265	-0.0763554115630557	1.72527318371489	-3.60734022716426	3.27635026163282
orok1269	0.0386535875190144	1.37277602201321	-2.68491723794867	2.74710333251677
otta1242	-0.459332389074098	1.61549479635593	-3.78047061708761	2.57531721634257
owaa1237	1.93902323572633	1.48253588131568	-0.777549310881466	5.16589548861799
paaa1242	1.55928226031788	1.41062021680585	-1.00590421065845	4.57297600339075
paas1238	0.536201900244871	1.58602240746499	-2.46796020108766	3.85078546510252
paco1243	0.465884764820388	1.45164202295251	-2.41468405602603	3.33807998536827
pahn1237	0.834537510079997	1.25639996941066	-1.64013402762635	3.3680723499514
pala1344	-0.569349776212995	1.58845459390289	-3.93384780889398	2.36204796878362
pamb1243	0.0471221043657646	1.49437604066013	-2.79252421817001	3.09789907198693
pamo1252	1.4257343522184	1.38092500741424	-1.20817747677997	4.30911692363022
pana1307	-0.672876835280331	1.61056300513435	-4.00884011790132	2.4169374257596
pang1287	0.582755603541572	1.58415221129823	-2.37145768602522	3.89857452641835
pang1290	0.079827190973157	1.25950657912209	-2.39033489236291	2.47567394237509
panj1256	-0.191478449777022	1.68331428648192	-3.62072109653973	3.1083181569219
papa1265	1.05021439098744	1.27697471509076	-1.45833545612614	3.55630741782383
para1301	1.35193733291724	1.48758001772633	-1.45691919564062	4.49509431692503
para1302	-1.22804139474031	1.49048029011985	-4.38132795495286	1.51308864749707
patp1243	-0.914248801750669	1.45803509389855	-4.00160635844365	1.75966444940866
patt1248	-0.418883677249524	1.61287232584139	-3.74602028299262	2.64589662439926
paul1238	1.50862615688647	1.27829230628022	-0.954406635094296	4.22153676370074
pech1241	-0.286637099825983	1.67526739380447	-3.69484097483288	2.9957842152736
pela1242	1.20030781221876	1.33126511170591	-1.40845633465779	3.79250863417282
pemo1248	-0.236441004568863	1.66111753977741	-3.64124645925301	2.91445440068735
pend1242	-0.336959626972565	1.33848560707491	-3.14386665763188	2.11697602964744
peng1244	-0.328940766032521	1.64354710013243	-3.77814282130023	2.75764558037003
peri1253	-0.0828599207605778	1.70908927435738	-3.49960035884821	3.15373387393922
phai1238	-0.439281293163275	1.45403510895713	-3.44752666418321	2.17416525757032
phom1236	-1.35396921831768	1.48520591976607	-4.5495122361031	1.37907539316881
ping1243	-0.739066649862156	1.53507951990058	-4.11083965074965	2.15190714157558
pite1240	-0.15664709486035	1.67566547691035	-3.60325353858079	3.12175707736776
poko1263	0.581073526598865	1.54463120552452	-2.30223402564563	3.83825634596393
poli1260	2.12292035541048	1.60581619613331	-0.837090022200908	5.51989033155162
popt1235	-0.261698742923573	1.69848171560352	-3.7629284480513	3.07781391178505
port1283	-0.28763709875843	1.67323588533795	-3.80308808119639	2.8554814914887
port1285	2.45507426660396	0.875495325135448	0.882218496839848	4.29029170182178
psik1239	1.65793777117576	1.14972770423939	-0.444859118582462	4.07858750111256
puka1242	-0.481171860311729	1.55009359331576	-3.65543250757774	2.36559558920753
pula1262	0.543502760640484	1.63903543908023	-2.44736086134088	3.96543388667368
pula1263	0.424036648657085	1.62873784224886	-2.69267599450539	3.75637251549591
puma1239	-1.11923980066601	1.52667983274387	-4.40668807114392	1.66153775291891
puri1258	-0.367481464648108	1.64702068841029	-3.7283518790649	2.66464718285211
quio1240	-0.584036014182463	1.7026404539145	-4.05316614406719	2.70500790181446
rabh1238	-0.723961108127915	1.42933227645292	-3.72117310920315	1.90429057030501
rama1270	-0.433561277211043	1.69157809847759	-3.99006181145329	2.82156006297607
rapa1244	1.6877728921537	1.47326510260654	-1.0175278186473	4.82392377412808
rapa1245	-0.4565135724166	1.53725450079758	-3.61411105344469	2.43274480530721
raro1241	-0.484169531112034	1.56224504502378	-3.86124109133176	2.36434934666961
roma1326	-0.347423436289481	1.67881186272182	-3.92245928801726	2.74509621071251
romb1245	-1.20254142443743	1.50452218280616	-4.52839697382569	1.41192410885628
rong1264	-0.451317536387144	1.6576516804253	-3.95620771434025	2.63139402330024
rong1266	-1.40120165820512	1.51549679176879	-4.66534470080693	1.33176538993264
ronn1241	1.84215039844901	1.36489150023714	-0.598497492877023	4.82535214092264
ruch1235	-0.161719276304287	1.50704123230881	-3.22616845753941	2.72806314470556
ruka1240	0.059743171725465	1.29654390403318	-2.54260185413056	2.53411446690505
ruma1248	0.242145324156327	1.41349019868511	-2.58830015152679	2.91451083185507
rung1259	-0.759164713706611	1.53366700418045	-4.00671335465164	2.0802159110919
russ1263	-0.0750317754130212	1.7600552595655	-3.62252263032177	3.38427728341086
russ1264	-0.127245689889323	1.73084570202204	-3.58916914461996	3.24557203718004
rutu1240	-0.462372522201779	1.67462688740064	-3.89572032787938	2.8008786452513
saaa1240	1.89706947249581	1.28799638405834	-0.507898278352952	4.58916350347338
saar1237	0.493616415076095	1.22175539698003	-2.00754196777608	2.85524962354282
sabu1255	-0.665305483720868	1.46217371713561	-3.72391312862268	2.07229186924081
saka1289	2.92132148095509	1.13655679965213	0.890305181024251	5.35473306752085
saki1247	-0.326080178849391	1.35576027885334	-3.19788417863808	2.18085419616507
samb1311	0.361594127960044	1.52640369383388	-2.54684720375392	3.45519691160363
samo1305	-0.50437767659669	1.58235659687803	-3.87127365591273	2.41250482426988
sana1295	-0.105410107954394	1.74837808510565	-3.64350354482418	3.27220559442995
sanb1242	-0.718577801202313	1.62484032749877	-4.19745744555778	2.30456901093904
sang1321	-1.3940437387237	1.46254960168464	-4.5823344265125	1.33440363608369
sang1331	0.290739286024794	1.6267067438258	-2.72856553301452	3.70514858686943
sani1269	1.55305973857581	1.29623289903058	-0.928063511914991	4.10625500226613
sanj1284	-0.575916950418359	1.67397002498913	-3.92384327349128	2.60494563467756
sanm1295	-0.649510928959471	1.66194721963571	-4.03623190280544	2.52179794736559
sant1410	-0.498037396186374	1.64309435965695	-3.80651803318207	2.63659682470884
sant1436	-0.570845241468938	1.63606900281392	-3.88927996886601	2.59092693962857
sapu1248	1.26960462452967	1.40578222197126	-1.37315496818097	4.13338240029097
sara1321	0.777800390798518	1.54505345255926	-2.12331345133588	4.08275076396057
sata1237	1.4275009398146	1.50309578481961	-1.40930544127277	4.62600824069187
saur1249	-0.472210445362594	1.67224261647138	-3.90396388859248	2.78031545223728
saya1246	1.34893428237847	1.25568882182169	-0.967690883723726	3.9513667372104
seda1262	0.502676417425871	1.48358345851858	-2.40416699854699	3.44933019141243
seim1238	-0.801016238334873	1.52185989012132	-4.03025752498391	1.90358769742358
seke1241	1.64855133402484	0.917634409700131	-0.112033817260623	3.51767339493118
sekp1241	0.879318301705626	1.4710632101612	-1.77473448248883	4.04569887867773
sela1259	-0.72254718566054	1.50327045563673	-3.93222367184464	2.01882447643522
sela1260	-1.14713354380617	1.50934190310072	-4.35529563915093	1.56844241094198
sele1249	0.879250728030308	1.47489566030648	-1.76568646834326	4.10831042650658
selk1253	-0.0360174072331402	1.75692408352592	-3.5013122909122	3.37887520567769
sema1265	-0.566531358100716	1.66437177685457	-4.02007361018098	2.57022683966804
sema1266	-0.823358252239886	1.59178454265832	-4.14376007459119	2.0991603952142
seme1247	-0.593080721172704	1.65682890092444	-3.98373284997726	2.54027706390374
sher1257	-0.704085523264864	1.50214575287193	-3.91856257281378	2.07792511159241
shil1265	-0.280938812846434	1.66871922963825	-3.60423765153204	3.08882958491958
shix1238	-0.167510240010133	1.51918047201383	-3.36067035816586	2.66617891557744
shon1251	0.257685942228202	1.62295815812713	-2.71303640904003	3.69577522849869
shor1247	-0.0734820858082327	1.73645710992779	-3.57016220494709	3.37241277572221
shos1248	2.14171900178085	1.61647287489873	-0.884900614821964	5.4907020196695
sich1238	1.49437882724721	1.48197779826666	-1.42876854796757	4.47250355877155
sici1248	-0.281427035796254	1.65508445886085	-3.61042988640971	2.83690493939289
sida1246	0.608120081373634	1.2564604582355	-1.77206941760521	3.14877341259009
siee1239	0.960724452028583	1.28864455057921	-1.45738858473017	3.60352667681882
sika1261	0.0207981547676156	1.41220400748998	-2.86554988322788	2.71602300647181
sina1266	0.536235125733795	1.16821491487511	-1.80927163674708	2.80831804525268
sing1264	-0.966048985982839	1.58620342182696	-4.31390703072165	1.98737130564191
situ1238	-0.667363286022066	1.54710496010117	-3.95040985341715	2.16412431722412
siwi1239	-1.44249284157262	1.50941915243255	-4.63609979716593	1.43847319740738
siwu1238	0.885310663225572	1.47586055616062	-1.75336794609605	4.0965924045534
siyi1240	-1.14285460162352	1.59925087046894	-4.57115456245694	1.79320144895111
skol1241	-0.0238749341065292	1.75191888975374	-3.70965151178334	3.42738458799287
slov1268	-0.259620148884053	1.69373722260436	-3.75651006717999	2.99309917098918
soch1239	-0.571615767496975	1.69553325373371	-4.00214643769054	2.70282004560891
soma1255	-0.987710512916621	1.48788428664548	-4.18169601010355	1.72121644586176
sons1242	-0.701917413525007	1.55552860103384	-3.95104334894556	2.16205683800268
sooo1254	-0.519041416462477	1.54206189275629	-3.68401461835256	2.42694995024395
sora1254	-0.308082143084612	1.65606594998816	-3.77382430561741	2.80241747896794
sout1528	-0.239161450297268	1.652082962125	-3.66995881632099	2.92033561587234
sout2649	-0.0665804826643353	1.69582344899068	-3.50224164646096	3.17529879560269
sout2674	-0.0318303085044361	1.69901751719767	-3.41697005800022	3.31594243254643
sout2679	-0.197171242440938	1.74958508281272	-3.76735958409392	3.24386056284746
sout2728	-0.564715730037827	1.57647576009936	-3.78061834448529	2.47566642109453
sout2729	-0.0139265827104396	1.46298141055624	-3.08710677741246	2.72293103706966
sout2782	1.43783876426712	1.44166839076532	-1.21776350592257	4.43352200447333
sout2807	0.272472822472725	1.66147915716104	-2.86067403563603	3.66071421304189
sout2856	1.3497865146283	1.14056886700175	-0.798197326822077	3.6641199901403
sout2857	2.75845965202445	0.985501823496198	1.00210887980421	4.84292688340716
sout2895	1.235421572156	1.17326583063509	-0.996719603644778	3.68693556434471
sout2912	-0.890673526777976	1.53741999374628	-4.18830082525083	1.93355424431311
sout2918	-0.722561362853706	1.53396269428188	-4.0033921328789	2.01363501172533
sout3261	-0.423074705307674	1.67363206458967	-3.87482867911631	2.89354719892482
stan1289	-0.238574303304107	1.68512885635317	-3.71256731114037	2.94495175229034
stan1290	-0.193379013519915	1.66857120315522	-3.61791617182082	2.98868770062179
stan1293	2.14033821535486	1.65664495173138	-0.89353311253561	5.55981531037476
stan1306	-0.738797976204542	1.62725162073889	-4.1542847592685	2.27641584280108
stan1318	-0.0416004668663099	1.71581741921808	-3.50809928499562	3.21523949620863
sumi1235	-1.4403856816774	1.46581810174311	-4.58228005763163	1.24801953621271
sunw1242	-1.13973148951242	1.54333070178216	-4.44767381334753	1.60850198020571
supy1237	0.316326771957083	1.49880018839273	-2.48923175584296	3.43030555740351
surg1248	-0.0554823884223035	1.77970740597714	-3.56372250018093	3.32427974522219
swah1253	0.296901610843677	1.60755657704352	-2.68405441163218	3.53906730039734
swed1254	-0.250413560282766	1.68362903996786	-3.68003475813783	3.00008353081781
tafi1243	0.779073601379264	1.48780468563187	-1.90353365277413	4.03910471705221
taga1272	-0.270311348410342	1.22159750768215	-2.73866464868725	2.00088178191284
taga1273	1.44684674697909	1.38012220852793	-1.11119548647453	4.30778201195147
taha1241	1.0439900832208	1.4715450238456	-1.70784658339069	4.13312471189581
tahi1242	1.68204311812637	1.53332337041381	-1.12343748369056	5.03639836153918
taji1246	-0.139290764288404	1.31112540416823	-2.90318417275048	2.34908035929948
taku1257	1.66600310932758	1.49876749342597	-1.03655515819049	4.88601071230653
tama1365	1.35799635709448	1.44430525734389	-1.26391590285875	4.51257105710554
tamb1254	-0.408356176261604	1.32706322123984	-3.18667707186098	2.01085541474595
tami1289	-0.153438094509129	1.68411439674112	-3.57033545840028	3.18848287625008
tami1290	1.02549056445925	1.16754724402434	-1.20757877198794	3.39059330798743
tang1347	2.82513183454286	0.988348502916419	1.0414313850404	4.91939652669964
tang1373	-0.386042755407066	1.60304638414316	-3.61196594051315	2.58140143761018
tang1377	-0.778766789972884	1.59541629221486	-4.10865073257845	2.14447798743195
tari1263	-1.23046759305445	1.49669830489331	-4.44460228888437	1.48140175007017
tata1255	-0.120853673879342	1.7370806529048	-3.62151274325035	3.20655200798039
taus1251	-0.733563798256447	1.49374163628627	-3.93623911044865	1.97825447568937
tawa1286	1.14499117718215	1.49661882154589	-1.5587190564556	4.31137622429815
tedi1235	-1.12388353408871	1.58737984921448	-4.44295235771075	1.75815305103408
teke1275	0.309153638799376	1.65498340885707	-2.82461999728644	3.71583709749377
temi1246	-0.795718025129683	1.56685556396731	-3.95892346924061	2.18129652461405
temo1245	-0.537525652059026	1.62792073462184	-3.78952260500521	2.67342208627934
teop1238	1.17831942057754	1.30259649790405	-1.27607189063691	3.82367017172379
teri1250	-0.646885378290622	1.626344708333	-4.08047252616755	2.4464396640462
term1237	0.756741807942123	1.3202261999244	-1.76977937540276	3.42980373693581
tete1251	-0.665117045287857	1.59351664200751	-3.87534252307219	2.36430773498495
tezo1238	-0.64848835413826	1.69292400396621	-4.12059791910299	2.5709065676173
thak1245	-0.640037904149481	1.57223716918266	-3.94481485471619	2.331165212722
than1259	-0.828667909778242	1.59611013156875	-4.18968114472229	2.2472703205211
thar1283	-1.97394370738389	1.32625447694873	-4.62275111075522	0.538071815203413
thul1246	-0.960293124928561	1.49650613893813	-4.08039907276398	1.73297741007391
tibe1272	0.610773869126769	1.54178355367953	-2.4435671786341	3.60668287499399
tibe1274	-1.22759692005042	1.26312391384165	-3.80976388551345	1.12228416813729
tief1242	-1.21725936796747	1.41312945481352	-4.08607339433135	1.44853293337173
tigo1236	-0.704359482737382	1.26543372955223	-3.20854144303984	1.72348418921439
tika1246	-1.41344018339071	1.3054650817387	-4.07205583448323	1.1288831947175
tiri1258	1.5047393948406	1.22166984394142	-0.794524179045589	4.1150608208979
tiru1241	1.02951177797462	1.25712905686326	-1.37554525269924	3.58578029348424
tita1241	-1.42078579226986	1.37381684706824	-4.45159929556071	0.992655088001773
tivv1240	0.301903138201579	1.42228006303104	-2.46828810687517	3.14551769811419
toab1237	2.71326271931894	1.30514274001478	0.414942427825838	5.47670879408668
toho1245	-0.252722405273681	1.65074039454598	-3.6285880163192	2.85739948004224
tojo1241	-0.247431020893936	1.6641845880597	-3.5921524066642	2.94085400313446
toke1240	-0.502293557329987	1.53815686517017	-3.77489437345108	2.45457267795275
toma1245	0.639511930826099	1.60556816585384	-2.44832109485075	3.88018670750331
tond1249	1.11205340863647	1.5761652033683	-1.85147754521533	4.37610083136025
tong1318	0.295351272602376	1.61988343246787	-2.82518015682109	3.60755947716125
tong1325	1.68015512800957	1.53223053153091	-1.19073401660523	4.86043315380536
toor1238	0.263983055187107	1.55822412307192	-2.74170034841992	3.46443764857436
tosk1239	-0.19038271178839	1.7386413301513	-3.73200601023241	3.19925418413513
trio1238	-0.403886558684972	1.627137445182	-3.77357782985111	2.6605259603739
tsam1247	-1.27669689325988	1.45860189023411	-4.44208935078263	1.30756237434531
tsat1238	2.03283501645226	1.59036139012183	-0.86194140179983	5.43763083743994
tsis1238	0.667373676949696	1.65991622776412	-2.4285603676007	4.14533769008911
tson1249	0.334000208031523	1.62244107763419	-2.66275755656882	3.73118461488785
tswa1253	0.227125198234388	1.63506766747234	-2.8836166255327	3.64100928275923
tswa1255	0.323702622442199	1.64789995261725	-2.78848852377788	3.75837320218173
tugu1245	1.70300617683204	1.32820289916337	-0.737142995979013	4.45753192076115
tuka1248	-0.692654483262973	1.54159786035138	-4.03497266291485	2.15619649936317
tulu1258	-0.173103366652947	1.72663581558459	-3.70801813098133	3.21325636020476
tung1290	-0.949173997020014	1.45730962522192	-4.11610263307343	1.69125898194118
tunn1238	-1.02164738725693	1.54000896304968	-4.33682901447556	1.80593751121122
turk1303	-0.0873777268941927	1.73638441829965	-3.59120959104843	3.34215840086778
turk1304	-0.037677517135497	1.72434838648398	-3.51264626059131	3.28877913972388
turk1308	-0.409539150439664	1.30277017475299	-2.98112532348548	2.17700251067406
tutu1241	2.98979496468321	1.01143202853207	1.15460574182153	5.14035123093093
tuva1244	1.66982913690607	1.51999394283291	-1.16079714728945	4.86962933441165
tuvi1240	-0.0515147146921025	1.76495315298498	-3.58123139751381	3.34522120106674
tuwa1243	-0.510577778690296	1.02709705351777	-2.65103462347449	1.41138943067229
tuwu1238	0.880863051566747	1.48790516769022	-1.79661637390099	4.09404581443707
ubir1237	-0.892173810725682	1.46828377750679	-4.01161299118174	1.82555575516436
udih1248	-0.0680964495529341	1.72261653331173	-3.54586578768563	3.27115417605455
udii1243	-0.388124984839209	1.6750673015403	-3.77244983879578	2.89574873058127
ughe1237	2.82177446462781	1.48877694438403	0.201310879880134	6.02359802580215
ukra1253	-0.243341283247069	1.61621048121786	-3.5880002573414	2.84339813280488
ulch1241	-0.13850364010351	1.7037996411379	-3.58073982715081	3.23295331538525
umaa1242	1.42945526544974	1.40140131215438	-1.21007760472325	4.29300530412623
umbu1257	-2.11593470820479	1.57105979705609	-5.40540215019501	0.8114637439941
umes1235	-0.0912162043453497	1.75212789255003	-3.67509171574017	3.42580083729439
unua1237	2.74858573502114	0.875039103269265	1.18706161033516	4.59985382876675
uppe1427	-0.232858199523156	1.36385331614702	-3.05328584995828	2.37498254989489
urip1239	2.78600185825703	0.913740488481702	1.12704438408699	4.70112096945125
utes1238	-0.106118154697464	1.65787362719981	-3.5250086606169	3.18003638380662
veps1250	-0.125767902224491	1.72380052739836	-3.60876303229668	3.22895272191781
vera1241	1.76369170772318	1.10254303932577	-0.254593511613423	4.04854633537742
viet1252	1.89598789273721	1.52074111782283	-0.883583932304472	5.07807335309281
vinm1237	2.85424194675836	0.909392489602618	1.2225590132765	4.81291203165453
voti1245	-0.176263321181851	1.728630136521	-3.68021109827461	3.12967620842838
vunj1238	-2.73290267345516	1.57347725764284	-6.03585685306341	0.108238185700694
vure1239	1.78001753930889	1.09965861672688	-0.220803117924313	4.06967262134614
waig1244	-0.603287402299728	1.52073153033525	-3.75288140932056	2.23203585568061
waim1251	0.168485822828367	1.18014269900111	-2.27431609716301	2.35766176549815
waim1252	2.35444251785343	1.37550286730296	-0.0855555179899644	5.31413814080672
waiw1244	-0.468431352894187	1.65956014333384	-3.89638231062263	2.68650450769081
wall1257	-0.647167507263187	1.57406948914291	-3.91238999476529	2.25389339320611
wamb1257	-1.11781824467976	1.51446380977544	-4.20154558276843	1.63001542767044
wand1278	1.68939524796395	1.31901720986494	-0.753602562987207	4.43267861450418
warj1242	-1.00589713402926	1.53540683476784	-4.24267631978785	1.81936677511914
waro1242	0.732981154162128	1.35071613661245	-1.83891894252204	3.50626887760399
waru1265	-0.119026882520497	1.69329400342996	-3.60861153837014	3.15305701508393
wawa1246	-1.18066951366781	1.34544801297061	-3.82622463083234	1.48509290252655
wayu1241	-1.1129563480274	1.52205899021583	-4.3051879807383	1.63834266177843
weda1241	-1.14379103126101	1.46803350667123	-4.21721645602071	1.4371769141468
wels1247	0.142852389851022	1.7281016598539	-3.21061968544499	3.58888937959491
west2354	-0.311868174499186	1.6475195180499	-3.69074417597689	2.76734994736227
west2369	-0.087188056375986	1.75230758042514	-3.64108324391158	3.38758086590913
west2386	-0.182679970686204	1.69651746158528	-3.64031249139396	3.02481816039564
west2392	-0.136204122609662	1.71890890919626	-3.63097509755274	3.17620735615573
west2396	-0.504062230261327	1.52169281915596	-3.66984563477415	2.33722292318925
west2397	-0.573554644255096	1.519620970278	-3.73170447109115	2.25022605266486
west2418	-0.644707493591732	1.60588404835502	-3.9836859027458	2.30759680741253
west2430	0.169796163867759	1.56487970688318	-2.97759370794511	3.2281912275147
west2441	-0.167573222907935	1.67574552046454	-3.56770125846138	3.03798157456158
west2519	-0.776779035544029	1.52624388274822	-4.01958565588445	2.0085830419068
west2548	-0.499561678605069	1.51666439348917	-3.65780756228369	2.33393142584947
west2557	-0.363788707370502	1.50136812536477	-3.5046217073916	2.42379610392192
west2560	-0.557097777632013	1.37414003472356	-3.42364682110412	1.963562551734
west2564	-0.418901618270653	1.27240202569917	-3.01919472709622	1.94111180167399
west2594	-0.254158084030763	1.58427132875565	-3.53150374695759	2.7563100496593
west2644	-0.523586263094011	1.62656949877487	-3.88267873760143	2.52777137211148
woii1237	-0.332222702610283	1.42353397485385	-3.34286414216066	2.34788681741595
wola1242	-0.535715180209302	1.40676065317867	-3.42686004042729	2.13326152309171
wola1253	1.0343490247533	1.30980517483138	-1.40968734366185	3.79091616819986
woli1241	-0.862948151065274	1.48573909596008	-4.08169078694863	1.83725541183976
wotu1240	0.338603736273086	1.32847699716116	-2.31894808104351	2.933017950893
wuch1236	-0.500413305775068	1.56426375626816	-3.71323931286637	2.44347768446753
wudi1238	-0.20638915819973	1.41321776698432	-3.26738377813911	2.41599042269584
wusa1235	-0.190838157453117	1.44232246652163	-3.22354295914641	2.48124070664549
wutu1241	-0.568539857479995	1.7167588076122	-4.23678262119768	2.59137154405673
xara1244	1.48695781023879	1.20741768832234	-0.820977865347797	4.01500333459393
xhos1239	0.281887639106599	1.62568301513568	-2.77160366538331	3.56438049995788
xish1235	0.093921337972729	1.49813892991306	-3.00618593529933	2.92232977618925
yaak1241	-1.93833896571816	1.33384955703429	-4.67397474724959	0.500042420644874
yaka1277	-0.382791905561809	1.47591859535783	-3.51577871792984	2.41492727867581
yakk1236	-0.872486106048564	1.49460938149511	-4.0863562225244	1.89213729715023
yaku1245	-0.0722282844097138	1.76049370766316	-3.6205016531159	3.37628613535811
yami1254	-0.567227676351538	1.49965674492289	-3.73530476956975	2.16307233862193
yaou1238	-0.423563939955352	1.54743054001885	-3.59179772227875	2.69821326618509
yape1248	-0.490094781369542	1.52629170589377	-3.71727252157339	2.36104217849317
yatz1235	-0.523583460647909	1.69163424818732	-3.85919948444704	2.79329892285758
yems1235	0.217176803574659	1.26315137378643	-2.29365036667483	2.76053820126219
yeyi1239	0.228493532910567	1.64110836674885	-2.82708081029849	3.66295341598934
yidi1250	-0.211310170891607	1.70912095527721	-3.70480819302769	3.14218821386739
yind1247	-0.124251080065183	1.72974326821932	-3.49480585458702	3.27601939715503
yoga1237	0.340136330391898	1.11070733258687	-1.77422258609493	2.56166092080459
yong1270	0.15086428458886	1.4462038989972	-2.83041710150938	2.90455030981128
yong1280	-0.416745305642765	1.6018773550645	-3.76358572601202	2.59201521688997
youl1235	2.3222550774957	1.20446329742455	0.0547491235795792	4.81127953529281
youn1235	2.00804330102907	1.55302501421416	-0.777191896518193	5.33632517297365
yuca1254	-0.174978747473224	1.69009574546062	-3.65803563845846	3.01751008542393
yuec1235	1.89315812071493	1.49979767697049	-0.801191209491497	5.16971453991771
yulu1243	-1.37498448173563	1.47349204782489	-4.40883900792888	1.39291425167666
zaca1241	-0.809126041153952	1.6002788473703	-4.095529683421	2.22644165806585
zaca1242	-0.483410049755852	1.64291279734803	-3.91302994093119	2.60471153516223
zaiw1241	1.81945951892881	1.40860287834235	-0.818966527250336	4.70135087489391
zakh1243	-0.557328615485532	1.55191846349361	-3.76347613303264	2.30979532625499
zand1248	0.0326164552293734	1.56067290291855	-2.96348431573998	3.21412551224483
zani1235	-0.602185041337993	1.63914683148652	-3.89245784359805	2.48218943275245
zarm1239	0.757916453301341	1.6339879685368	-2.33642092191158	4.23946688764159
zaye1235	-1.1616146134361	1.48552320972263	-4.40267225661836	1.54523185163863
zeme1240	-1.41629399676301	1.50520229992545	-4.60971514979117	1.30733777566114
zinz1238	0.343369164406893	1.65205217105315	-2.8018664558402	3.89908531964641
zoog1238	-0.536231186963635	1.68681526107489	-3.90502986059382	2.7334468433079
