Estimate	Est.Error	Q2.5	Q97.5
abar1238	-1.75861209117484	2.46407865362172	-6.96662651599391	2.59187559035225
abee1242	2.3263382750834	2.37838515452011	-2.49758028879554	6.93465491881142
acha1249	2.842765981447	2.49695305034489	-1.58636191800515	8.22585208246966
acha1250	-1.62520968383621	2.40621576718834	-6.8193439711245	2.66640514741525
achi1256	-1.26573090237357	2.75824019571226	-6.92874686969714	3.86938652573
achi1257	-0.976232256143168	2.51815917147808	-6.51125598100082	3.54808788854434
acol1236	1.16264071977001	2.26884848138123	-3.33823129694355	5.54519528052132
adny1235	-0.769263814811444	2.59566671578531	-6.32044828511956	4.05905689060388
adon1237	-1.05274119396686	2.38167602475653	-6.2344194632134	3.15650865893578
adze1240	0.384512735781021	1.78130618164069	-3.10265352687327	3.87103207956066
afar1241	3.67122642564347	2.27320649248919	-0.30576178121908	8.83734164774165
aghe1239	-1.71526459504068	2.51072622321138	-7.05708558734919	2.82650853008576
aghu1255	-2.35627518804201	2.20643614250017	-7.14226188190903	1.66864422910062
agut1237	-0.632328781922803	2.51375222725397	-6.10346857032611	3.84439644181149
aheu1239	-1.66373853780896	2.58571989084165	-7.1000690988909	2.89785158609963
ajab1235	-1.21764400885364	2.57375447918784	-6.75314850192518	3.31041286032798
ajie1238	-1.34819601260405	2.48534547653653	-6.72284475512804	3.03741626247859
akha1245	-0.709338446515208	1.94547581758217	-4.43892819272055	3.24387701939912
akoo1248	-1.29638042276185	2.61495292956745	-6.95004665634212	3.434824983614
alab1254	5.5739714570557	2.25774229200772	1.75053092201999	10.6168746687508
alag1248	-0.352740444039698	2.38354820081919	-5.3175213760288	4.10116197172175
alor1247	-0.98890417615896	2.70386857693832	-6.74337408356611	4.0203866318107
aluk1238	1.02362203675324	2.68105125779797	-4.07583811470043	6.57712737489617
amah1246	-2.98599331103232	2.35155143756567	-8.07525587092818	1.0777808852983
amdo1237	1.02106208362164	2.59820455960338	-3.72568943799912	6.53820215018831
amis1246	6.49923556087937	1.96926398862578	3.07157768350233	10.7645162381184
anei1239	-1.16848296207324	2.63194692818429	-6.64312331773777	3.6873313448317
anfi1235	0.949930593811562	2.39929821898585	-3.74219003060863	5.97503561609097
anga1288	-0.540290521710744	1.74139641618038	-3.8771042246388	3.01208986701446
anta1255	-0.360194666272889	2.75857143656113	-6.21534600850778	4.94385028967923
anut1237	-0.645843260201077	2.61775276168627	-6.00325683407176	4.2206907973807
anuu1241	-1.14945854790366	1.83997282479486	-4.66740849804574	2.63944836922779
aona1235	-1.18145052764317	1.64585249992322	-4.42733452429037	2.04834120099826
apat1240	-0.18103846722731	2.20690254026005	-4.30462743781453	4.46434981061796
apin1244	-1.36632599880427	2.50718624509267	-6.80008585888355	3.01696346086778
apma1240	-1.98694890690297	2.39002910710268	-7.13908877786123	2.40525757400677
apur1254	2.41152648506589	2.18395505229029	-1.55479188499	7.09072814605469
arak1252	-1.81171121936172	2.47931084976639	-7.24149204506028	2.66627280362412
arao1248	1.37377378767786	2.09399266964533	-2.51978175659879	5.84644620407202
arap1274	0.938007371416117	2.53186494188246	-3.7611867297587	6.1578159601257
araw1276	2.81890604017323	2.09234072117398	-0.845714679371331	7.42258830676557
arbo1245	-0.323201260282502	1.96610103091756	-4.52539959227799	3.30394819551682
arch1244	-0.287102940280228	2.22140843938268	-4.61423035219757	4.08931601780813
area1240	-1.53834806236955	2.49528762814655	-6.99793942003251	3.02595281749169
aree1239	-1.0949525242412	2.18581824729179	-5.7870470537318	2.69746805748287
argo1244	4.21045426458642	2.38120719679202	0.137790079131344	9.44880304034917
arhu1242	1.72630534667952	2.06740053530755	-2.31103577249712	6.03732178228374
arig1246	-0.790470471132865	2.63695065290478	-6.16698439955282	4.1935796906955
arop1242	0.0594200670830031	2.28417942440754	-4.82516773681992	4.14003258610556
arop1243	-2.06389781651369	2.32977630700767	-6.92837017524186	2.24314484654182
aros1241	-1.15791105852757	2.63341890338377	-6.69776110106682	3.70608747233876
arta1239	3.54562907596418	1.50222168154271	0.739794941385365	6.63694138273295
ashe1272	-1.26324546686282	2.35596924951334	-6.30182804184414	3.03267658596954
asoa1238	-1.64964725007958	2.45099925167948	-7.09054897572512	2.64936898569681
asut1235	4.24998068531732	2.24805753438229	-0.0357173468874426	8.94063187931453
athp1241	0.029578356047334	1.77183448775436	-3.35697109457237	3.68847670822563
atii1237	-0.465474750456845	2.56948440524603	-5.93347801735825	4.0751878792091
aton1241	1.30107133115265	2.28187020843726	-2.84299539839977	6.26814750929435
auye1238	1.75337269221593	1.97256242504184	-1.84440670037734	5.88064186793153
avok1242	-1.28998785290765	2.43356543619651	-6.58298160286693	3.07722294804557
awad1243	-0.5119682695882	2.07972460913784	-4.89785324836962	3.34924692790051
awar1248	-0.110263617003099	1.63200213337367	-3.37679691623311	3.11996687388606
awji1241	-0.99504985746639	2.48018594815938	-6.366919722849	3.35914998223511
axam1237	-2.19813206417369	2.27013265487982	-7.04191699013693	1.73184493565805
axiy1235	-4.5840823080324	1.94298671720264	-8.86477709067721	-1.15449936534912
ayac1239	1.02026549088223	2.39935113397468	-3.34936793081064	6.11788317435205
ayiw1239	-1.00231800225531	2.60417004281653	-6.51140982133834	3.64035261973637
baba1264	-1.74319285020548	2.47066011358027	-7.06383046966418	2.82069720161772
baba1266	-1.68199574219184	2.52651493401854	-6.87202181359684	3.03936987244354
bafa1247	-1.21367507961982	2.62930891134512	-6.85776119029554	3.65961665242089
bafi1243	-1.36174593617406	2.72590573328338	-7.14542889531771	3.77325157510529
bafu1246	-1.68715033802622	2.53169055298486	-6.88869677161502	3.00821116787884
baga1272	3.42615621061008	2.10213762158224	-0.573350534820344	7.75465576586886
bagi1246	-2.2579156624355	2.48097564325696	-7.78272854288195	2.09100399719633
bagv1239	1.50031562546207	2.27739218508529	-2.84196618630485	6.24145740534724
baim1244	1.26057465090358	2.55070075161232	-3.39074287436151	6.61654707968427
baka1272	-0.477160462386361	2.80728633859435	-6.4746197794753	4.6795354120877
bala1311	-0.669546910784766	2.68806222914742	-6.30320105680964	4.25543678841529
bala1315	-0.649357721148868	2.70756943547744	-6.24154003423732	4.45118369430527
bala1316	-1.05405254016769	2.50995217925943	-6.28322800240639	3.44530168969934
bali1278	-0.374749212922764	2.62645265529427	-5.76937236145367	4.41451517121634
balu1257	-0.836066328457404	2.48025551989598	-6.16948408052065	3.64934830975329
bamb1270	0.859476706928012	2.47030302494672	-4.22883887491373	5.55987575363111
bamu1253	-1.56521408659178	2.58280873720221	-6.89554152863473	3.29324906508533
band1344	-0.976452688795011	2.68260522131451	-6.64589882936565	3.96609350437069
bang1354	5.06300727728459	2.40983116563477	0.565739297852303	10.0504258229292
bang1369	-0.412129334479318	2.18613462961247	-4.40121085621282	4.1868456913216
bant1281	-0.692515652897732	1.68451145320065	-3.99395276652865	2.60922189944027
bara1357	2.59703310584717	2.28219194361282	-1.50124533762471	7.72087665124179
bari1286	-2.04424111935922	2.5281782396032	-7.54053761160817	2.41300514464555
baro1253	-1.41620914874944	2.51833105703129	-6.75065947696969	3.07537834291234
bash1264	0.323784962124685	2.66977022300316	-4.67906409715338	5.89016484777063
bata1285	-0.744518713698927	2.67863440486516	-6.22081241540103	4.21274231199074
bats1242	1.65577857500827	2.44249978482354	-2.8795045522012	6.81867063627536
baur1253	-0.617736931623645	2.5195727659259	-5.89398270508705	3.99511938619184
bawm1236	-1.98404345564417	1.54743800365003	-5.09526710439155	1.06285311577973
bebe1248	-0.98121944789738	2.73714641983495	-6.87327241531833	4.2299435565151
beka1241	-0.584708111108277	2.67609729692596	-6.16339308771834	4.38314961709298
bela1254	-1.48295215769804	2.45435261766616	-6.85618549865409	2.71474025654064
beli1257	-1.03070231695691	2.5907454985914	-6.50121976909787	3.90254858885818
bell1243	-1.41673924547405	2.37257826293321	-6.60692148212902	2.86306127066438
bemb1257	-0.350213144953958	2.85042310603358	-6.20631563117673	4.93445380361468
beng1282	-0.686725095817413	2.69914268036555	-6.26474574494314	4.38400389065436
bezh1248	1.31657651917901	2.24512276335223	-2.85446851130817	5.97768995994451
bhoj1244	-0.529001524443939	2.08935384823899	-4.93653080954414	3.31144038412957
biao1254	1.3540321716342	2.68642565844039	-3.72128346709818	6.99737573213796
biao1256	1.31727660756485	2.62870186231572	-3.45638032327931	6.8225932592093
bier1244	-2.13441773190308	2.34958232798313	-7.30911693626491	2.03648496693536
bign1238	-2.05453755076579	2.32097299131835	-7.0125178488156	2.06781332366258
biha1246	-1.74752719474531	2.30543271193528	-6.73776000588954	2.41629021002903
bilb1241	-0.969156637962943	1.82288828025757	-4.84296362940691	2.46725402924058
bimi1240	2.45489185451093	2.1620680151839	-1.40140283460053	7.06874348151797
bini1246	-0.692586618974539	2.72311456935615	-6.33683595006739	4.32400116769481
bisu1244	-3.16584959244693	1.88496090770381	-6.94711944359712	0.337563303009468
blab1237	-1.40315608328418	2.55990969222271	-6.78739607370634	3.1751511060531
blan1242	-1.053914763227	2.0721590417641	-5.32669529885557	2.9506891884636
bodo1267	3.22776678610544	2.27799581681636	-0.742692717488491	8.30978528229252
bodo1269	1.44070021130932	2.30757413037838	-2.86507516613393	6.35526497059511
boka1249	-3.01588445766785	2.02944615514752	-7.20705616406435	0.846903311542687
bola1250	-1.74930959735486	2.48019125387517	-7.11799319831506	2.70186739549843
boly1239	-2.58967624263757	2.56817062273846	-8.06285650413408	2.06264005193448
bona1250	1.2348151304839	2.52909447519801	-3.34004453995424	6.58081023671111
bong1289	-0.573600481725431	2.7317105922308	-6.19653302033056	4.4709601403785
bord1248	-1.36834185795514	2.50315429058238	-6.68900252642793	3.21471141995169
boro1277	1.74666601403039	2.7448710401276	-3.36147151423019	7.52848137886144
boto1242	5.54018873616705	2.22302632638305	1.53270512173588	10.3919113455756
boun1243	0.320766525741096	2.41137405386238	-4.7660405650187	4.85826865494636
boun1245	2.0773142577366	1.82364763806342	-1.30321394876741	5.87135133444218
brah1256	0.203039979397147	2.65234021504798	-4.83921224795688	5.72752987106241
bret1244	-0.692310999400556	2.57424213694507	-6.13538204309291	3.93887850850885
brib1243	-1.3450633212836	2.4718083298849	-6.49144212677466	3.2165306708642
bube1242	-0.889820122530863	2.74477978187321	-6.46582175869656	4.28257670853286
budu1248	0.186922572581746	2.1734934883027	-4.00248153925821	4.61478776814805
budu1265	-1.660720574364	2.56050269437008	-7.11570805954569	2.80524565240102
budz1238	-0.627405465417808	2.78678266730956	-6.39606119199785	4.65360138847256
buga1247	-1.85412140595262	2.31553496184653	-6.66138616156432	2.39567581511308
buga1250	-1.81408201298779	2.09769115582789	-6.35608306313528	1.91864314531708
bugh1239	-1.47911093249894	2.49115693728978	-6.81228225876699	3.07232692793155
bugi1244	4.31793060766131	2.27871204677082	-0.0614977841665106	9.05087739431762
bugl1243	-1.41503015159056	2.55520186355194	-6.84978565285479	3.20373692302741
bujh1238	2.91359133831373	2.06039184191597	-0.729275216126142	7.5633246440368
bull1247	-0.049671295888136	2.44212185054202	-5.22003496083409	4.31689285905446
bulo1242	-0.666957203250196	2.27418039930814	-5.334926412052	3.64373359869796
bulu1251	-1.11271857268466	2.65027097172592	-6.95613602619352	3.66086712823168
bumt1240	1.60099416403229	2.45813800696331	-2.82466879755829	6.83625348450581
buol1237	-0.66919616599728	2.67982458424044	-6.17529998566133	4.32978153097256
bura1292	-1.86795957422405	2.5628237944872	-7.23186569616178	2.8169121673163
bure1242	-1.82627400089577	2.4771853908898	-7.24518558549949	2.46017941218609
burj1242	3.28075639919422	2.18907238591445	-0.668142959201773	7.89976735664168
buru1320	-0.540286038228737	2.29544423189154	-5.4432508454645	3.54472409771604
bush1247	-0.167788508708206	2.78529956556004	-5.75196195564284	5.12750936609955
buwa1243	-2.21621980600449	2.54848974646898	-7.73346758464157	2.32414762552948
bwat1240	-1.26726573608559	2.53022773638776	-6.61002312641654	3.27706355047801
byan1241	-5.26310547395967	2.01886278337449	-9.76909795684124	-1.78658321012661
caac1237	-1.15232831403939	2.50135812456069	-6.32071276390836	3.33599923525193
cahu1264	-1.35917659692515	2.38705897729246	-6.71764688186444	2.78650907522287
cakf1236	-1.77066826687356	2.50830954199363	-7.00476651142593	2.63797212127007
caml1239	-0.603984227181642	1.68888165542488	-3.82927445038026	2.75724737090012
cane1242	-1.3639658499891	2.49814471461529	-6.79101195124853	3.24835946798149
capa1241	2.38763617949389	2.28037878350467	-1.68378242693569	7.21997557147168
carn1240	-1.11086366252172	2.53861420598813	-6.42924279808086	3.35694022182715
caro1242	0.595764406224098	2.58761408986678	-4.82327668205656	5.46250044231807
cash1251	2.06710480949724	2.28148104131391	-2.01654928202951	6.99282274091596
cavi1250	1.95092567905503	2.30248398792641	-2.24293444924652	7.03897699517592
cemu1238	-1.31432413955737	2.58679926588057	-6.69884339516796	3.50286407796484
cent1989	-1.03926231757045	2.45527283601266	-6.38878137565436	3.31324700403567
cent1990	-1.05231470207293	2.53912602750822	-6.52825554339659	3.51228307615308
cent1992	-1.61794100577052	2.34621319037237	-6.72930991560762	2.55150763901248
cent2004	2.49684929906162	2.45279349352232	-1.83972795785603	7.88315056014749
cent2090	-0.56190944483538	2.56493625762411	-6.07429226346513	4.0114920059376
cent2131	3.08606154820912	2.08963130305149	-0.68764502164011	7.7086362891829
cent2150	-1.31683618713067	2.42620560848893	-6.45851975335594	3.15691093538512
cent2292	4.77689693708494	1.5508923454913	1.97650298048097	8.09382195863986
cent2314	2.32590285229657	1.80917519952017	-1.12392820794576	6.03910356416447
cent2322	-1.95049066939977	2.24921311878311	-6.99136008198107	2.07825079572206
chac1251	2.34017515940089	2.15895321178035	-1.70327521637276	6.91027828725413
chad1249	-0.784390336089996	2.69582301386859	-6.49236140674691	4.1694365730349
chak1270	-0.922307814238219	1.94047433580728	-4.55838673385363	2.95475017538514
chal1275	3.07055347950626	2.0959548825434	-0.844511892078895	7.45249536586603
cham1309	1.70840866847215	2.29156846511695	-2.6405276969053	6.63290794546473
cham1312	4.5682105089441	2.2837706632803	0.350842232934665	9.52103952737986
chan1313	-1.55088305159858	1.55546916095519	-4.72136328965337	1.44429995475725
chas1234	2.35268085421726	2.56039075398876	-2.20415389034991	7.94187701954138
chec1245	1.79433260384321	2.56878598827401	-2.93796414110014	7.13314046162355
chek1238	-1.44120250649763	2.54091018007225	-6.87149150898791	3.20805387180201
chen1255	0.819387426940237	2.79494550148912	-4.36822448753497	6.55621438185456
chep1245	2.30209333752827	2.05270491903766	-1.32468865876735	6.7873485194048
cher1273	2.63750753818728	2.39170072379926	-1.5976056283174	7.8743645975503
chhi1245	-0.370537436308555	1.70766340067354	-3.70872358174325	3.090112009604
chil1280	-1.34532363937669	2.42312418448667	-6.43261918611275	3.01698338793746
chim1302	1.45182220866564	2.52726671763331	-3.18827915270195	6.74089060430695
chim1312	-0.977470575508952	2.57798248229862	-6.47275530693149	3.54615180358298
chip1241	-2.1888321176291	2.33108689396976	-7.2018100775296	2.04869592574694
chip1261	-1.13711959655229	2.4600209078479	-6.55119776270186	3.33176639185237
choc1275	1.56522416035306	2.44472386524312	-2.77586546325621	6.9207257368943
chon1284	1.69330254573043	1.76738928112019	-1.69002167055996	5.16675556649952
chot1239	-0.396215330206673	1.59729286216617	-3.53724943628362	2.8965397604475
chra1242	2.57971370084426	2.08163770520433	-1.37401541213703	6.96684167364918
chuj1250	-1.42973664394254	2.65818406396852	-6.94501966611041	3.60822169687508
chuv1255	1.93196303824968	2.54639247251575	-2.65897931222996	7.27344339578781
chuw1238	0.252344929612694	2.75896878227627	-5.2758711738979	5.40154723128989
cici1237	-0.579890189933854	2.58163080939966	-6.00802432556056	3.94460553464523
coat1243	-1.90718933552604	2.59233554567258	-7.47101492762707	2.81123303640623
coca1259	2.21589182275606	2.32688066166907	-1.92451789193956	7.23351264326462
colu1241	-0.682917683699668	2.26636792240718	-5.40895180829685	3.55063978863364
coma1245	-1.38833168947073	2.3741512908816	-6.62107452850573	2.8297565385026
como1259	2.37339799242468	2.30114646597439	-1.80880907856015	7.33686483432912
cong1236	-0.340541567497418	2.79665930503177	-6.12473282474322	4.98578432935088
copa1237	-1.20974415881564	2.49204832662228	-6.25197302030599	3.6161204239817
cori1240	-1.31071338216675	2.68800112034778	-6.97758994276415	3.67312808355227
cors1241	3.92299682657412	2.23318004418121	-0.193300360850312	8.78632839943116
cosa1234	-0.190038719776442	2.00695362376566	-4.07218709064153	3.88052502371226
crim1257	0.310345706664073	2.67623582199048	-4.86999488384144	5.81428903712238
cube1242	-1.084072545553	2.30659684434362	-5.7569396878563	3.23462764021781
cypr1248	-1.01371754160058	2.47619699264176	-6.37073710698594	3.48394881726407
czec1258	-0.661279626283304	2.60927018173197	-6.09531469020807	4.1103237317859
daai1236	0.370586906209811	2.24407786548001	-3.55153162735599	5.18025144868254
daas1238	-1.03997339417645	2.22020221391504	-5.85927689228601	2.94831211110654
dagb1246	0.269974454617463	2.35128801068102	-4.61599218093759	4.68093216502367
daka1243	-2.1968767833615	2.30296797606359	-7.24775834706361	1.78188546585618
damp1237	-0.756398524327153	2.64244993824371	-6.26894496709043	4.0322948831396
dana1252	-3.36224610610622	2.06652106081512	-7.73958016358122	0.260401517477315
dani1285	-1.35349662998973	2.37905165994842	-6.52411002448592	2.74122899072408
dara1250	2.8388175296784	1.94388312932311	-0.660666120694708	7.24652231270504
darg1241	-0.211431868347043	2.29038645022972	-4.65995412957227	4.38757586575754
darm1243	-5.31836300156759	2.02264560456737	-9.95985019000307	-1.88946652719392
daur1238	0.594452309014604	2.63710798141038	-4.34584130036227	6.20525946511996
dawr1236	4.36640219913034	2.50940495215266	-0.0668452629695467	9.64882771604016
dege1246	-0.78931593342183	2.69538673999055	-6.47045474551068	4.09119188389261
dehu1237	-1.21718709789018	2.58691832285458	-6.62162317444322	3.53270655467186
dera1248	-1.86609633923748	2.60750517246637	-7.35596061189536	2.96677083312299
desa1247	-0.845935177144991	2.13659142113528	-5.27518906684514	3.18084413611207
dhao1237	-0.235785480799716	2.59596027293517	-5.56948979615199	4.54652035535384
dhim1246	1.87043760209895	2.15162798708207	-1.97884653056619	6.56577213979318
dibo1245	0.747301581751011	2.65865769781146	-4.74796023131094	5.78652309819327
dido1241	1.70845442887383	2.27191440739621	-2.40487668982012	6.66123985588288
diga1241	0.951966067651771	2.15823873427199	-2.93643380015245	5.60160483946534
digo1243	1.12649216112053	2.46615680852835	-3.84936645604401	5.77108916662449
dima1251	1.30147133223903	2.04160645760451	-2.42376446071181	5.70140978271305
dobe1238	-0.464638015025225	2.64991755224041	-5.82289152006174	4.44362918179148
domm1246	1.85420270650195	1.95419361956337	-1.80018065823505	5.92950150755757
dong1285	1.00350241274618	2.65707053176598	-3.93654409412468	6.40926490163691
drun1238	1.66170603957369	2.64084613345941	-3.17370727169424	7.18638145935369
dumb1241	-1.10267202553319	2.60365383514323	-6.56855474423762	3.74346045315217
dupa1235	1.90628943942433	2.04661317769753	-2.13693045555056	5.81161828586658
dusn1237	-0.17412609101273	2.52848500955347	-5.54875175527847	4.54904671432835
dutc1256	-1.45677192076623	2.38853445915032	-6.61509125951897	2.69966456984192
dzao1238	1.33459123883367	2.67631699579425	-3.49889382403946	6.95183348654089
dzon1239	1.89104331264628	2.5681026061355	-2.84678070063998	7.4362670505902
east2328	2.36894086397284	2.29123456975795	-1.58111434832707	7.46483505992205
east2332	-1.65167578875228	2.50583944149651	-6.95329175117155	2.75862005430092
east2342	-0.618638355995639	1.86719372544304	-4.14543745526771	3.32599678172409
east2443	-1.88903264013703	2.45791032469224	-7.21374893680806	2.60183814099279
east2447	-0.43632698755449	2.78910874890783	-6.26317111577502	4.68074705255263
east2516	2.79651566013963	2.11768499784876	-1.05285651281097	7.26498750954393
east2555	1.85368052500337	2.44255964986278	-2.60477126170424	7.12156033479859
east2690	-1.16762187570196	2.51555840200646	-6.56372996078755	3.30832344463217
east2773	0.786843660618581	1.96272490905096	-2.81632307833922	4.9854808945054
east2782	-0.28729880436092	2.79362548576603	-5.95928702224115	5.05814236234573
egaa1242	4.9707771895922	2.42392252906498	0.483372582751997	9.97751545544501
egyp1253	-0.583339427014085	2.76759168968729	-6.37183525081101	4.50781158704235
eipo1242	1.90475022499184	2.09195262256896	-1.88756336554115	6.48632289967361
elem1253	-0.914073251809507	2.65160774140221	-6.59884658394862	3.97291563740328
elna1235	2.33267967530454	2.09837289290283	-1.45780743811861	6.9567719464413
emae1237	-1.95205991640909	2.47212930830236	-7.34352783177135	2.52853789617126
emai1241	-0.778236943636707	2.65332021571539	-6.31979574853177	4.13975317702109
enap1235	1.61322167122245	2.39354210638314	-2.54188552402652	6.71150140584284
enuu1235	-0.0312021855582615	2.06814718644656	-3.92544395397401	4.16788466675552
ersu1241	1.58362878403423	2.58564184024881	-3.02149728882068	7.19514346439976
erzy1239	-1.8759536340278	2.17875989904134	-6.55917176581406	1.88728208261526
esee1248	-0.197338294888979	2.00756003630917	-4.22076132948243	3.64367495548285
esim1238	-1.6250200352494	2.58358168916756	-7.14070072976236	3.08925855845569
esto1258	-2.55911258904913	2.29627463927081	-7.67569852471312	1.42703243296715
even1259	0.508857431778258	2.63629964224785	-4.37371735009884	5.86679196174227
ewee1241	-1.18146055461387	2.48868838202051	-6.51307136449738	3.3112008938399
fare1241	0.52324407024763	2.28644051448643	-4.12001385529809	4.84570181051399
faro1244	-0.581299936514276	2.61820711649817	-6.12990960113855	4.18017765950621
fiji1243	-0.570131729059555	2.67026196913233	-6.10585894380369	4.25600127864025
fina1242	4.15013932032294	1.43570778225249	1.49747286294474	7.18652762520062
finn1318	-1.97611208591608	2.30379418144573	-6.96016891388148	2.13458406852408
fonn1241	-1.20799397643982	2.58395395646388	-6.78157741264793	3.29882675319356
fore1265	2.11609704955123	2.24843679575998	-1.78308510080898	7.13122456533623
furu1242	-1.41362746802367	2.52024016860803	-6.75345831317103	3.07088090589643
futu1245	-1.1253610354703	2.5606335784155	-6.51998858705243	3.60172137074261
gaaa1244	-0.861174453256455	2.607745808492	-6.37023255720948	3.87556334541465
gaan1243	-1.93241526106787	2.56555374024215	-7.32005938146023	2.69928276977472
gaga1249	0.406756674409242	2.77071959621278	-4.8782423715883	6.15821879643667
gahr1239	0.459228299431439	2.39648950058846	-3.78487785929447	5.54224285415335
gali1258	-0.671599763456256	2.58778949164538	-6.30513342513287	4.04497493660081
gali1262	2.76958273145081	2.13126252276503	-1.02116009972757	7.3932964864937
galo1242	-0.633886597856876	1.9817527753912	-4.41347001303093	3.34902877244321
gami1243	-0.100599462715598	2.74701527825725	-5.83152565062445	5.06698682272131
gamo1243	3.47172607868965	2.37015692397777	-0.833227714905004	8.45924643444605
gang1266	-0.602692338481935	1.58211451355028	-3.72122593465926	2.55220515407866
gant1244	-1.02885624410555	1.73916910842333	-4.69178259207307	2.25424237445722
gapa1238	-0.878269072624894	2.19864624484808	-5.61846357347993	3.0496395360092
garo1247	1.32377933970697	2.36883140444164	-2.94746187320987	6.57681038703597
gata1239	3.43043850571444	2.22892350428695	-0.440089326973003	8.47115365827318
gayo1244	-0.86304966956801	2.59055114901425	-6.31296364117178	3.95538046244371
geba1237	-2.95002069468796	1.76844103368906	-6.74237477768025	0.253737178762269
geda1237	-1.09096476378824	1.8460771476112	-4.93575948579113	2.32837912026364
gela1263	-1.57971671902365	2.51056820111054	-6.85262858970237	3.11183556891284
ghad1239	-0.435405665770423	2.70028298568264	-6.09668890482674	4.51948902811062
ghan1242	-1.17987166146599	2.6177149702915	-6.6476185799947	3.68530260350477
ghar1239	-1.4433711941741	2.57850068528548	-6.96491712653019	3.22349076102192
gheg1238	-0.911289470246766	2.5522722704287	-6.29711897660909	3.83196952709621
ghod1238	1.47029198560857	2.4013032870422	-3.07652337565604	6.44084044442222
ghom1257	-1.02485581182998	2.35824962817141	-6.06515206983702	3.24174598317129
gilb1244	-0.414674769307552	2.73055793395102	-6.23042742814434	4.57966358356284
glav1244	-2.20569847461417	2.55366405940799	-7.68535624536162	2.41954878625496
gofa1235	3.89091212173493	2.41338798119712	-0.611234535233276	8.97742466845168
gola1255	-0.264897703901992	2.71229562147403	-5.91794681247814	4.77478535621288
guan1266	1.77198406107194	2.50793192262804	-2.67069227523928	7.3177608564138
guan1269	-0.0662353573413349	2.21549877956166	-4.49681510840527	4.37605174390243
gube1234	-0.0282863701904864	2.78639582538022	-5.89008191108018	5.27702986177476
gude1246	-2.08748948604378	2.60928015752643	-7.67339331446865	2.53270147409465
guer1243	-1.36065955034579	2.48872036776198	-6.49269990589584	3.3353503803337
guiq1238	1.71120509281526	2.59403981783924	-3.01822750180563	7.11353360487059
gulf1241	-1.15581458456654	2.53021054938179	-6.62322545232296	3.39946838526618
guma1254	-1.44925768853424	2.30305568340992	-6.54094882751632	2.58572873277186
guny1241	-0.1442191835311	2.78080057252018	-5.99967678863445	5.07782763772789
gura1251	-0.265871377274139	2.2073348924272	-4.79681628567857	3.83651173633872
guru1261	0.131305523435953	1.77545266328122	-3.16800369322471	3.77888324033051
guru1271	-1.87552436864261	2.58331230853779	-7.32294139257373	2.83018926165504
gyel1242	-1.07818878603037	2.57986067252992	-6.51614860617604	3.55719873911828
haaa1252	-0.359943114750425	2.81098069693406	-6.21455887175475	4.94737479020643
hadi1240	5.96870574213326	2.20177196261334	2.2378243122798	10.9408911332465
haka1240	-0.702291663392595	1.54493170773821	-3.64600706898879	2.40560373922042
hakk1236	1.58244236295772	2.45910015798463	-2.85156778105721	6.93129469813869
halh1238	0.652078682428378	2.69502598984979	-4.43005184169573	6.36622610242476
hali1244	-1.32593152167039	2.51791378565302	-6.78253715962853	3.2771338087304
halk1245	-0.222613722030418	2.23953908644633	-4.78632605956736	4.05361567021461
hani1248	-0.508118412964151	2.19134448627373	-4.59729157965036	4.10119416103901
hano1246	-1.87852016774891	2.45998485692095	-7.19259852961729	2.5989714487411
hass1238	-0.391088479533431	2.67721744086469	-6.02892954730777	4.53016294604778
hawa1245	-0.33929426614667	2.73636258597223	-6.00847983679286	4.72535511541316
hebr1245	-1.23131568219016	2.52494964918425	-6.71924689350922	3.28848694373158
hehe1240	-0.643200215694591	2.76369666318054	-6.3012082526101	4.43252302843327
hela1238	1.77492065235674	2.12923809431938	-2.09719208008065	6.36960616991618
here1253	-0.262739179462479	2.83220563994548	-6.18628252268191	5.14001050108262
hert1241	3.8707152391736	2.29821168257501	-0.101602812582578	8.97016016081583
hind1269	2.74948337141289	2.18068597863254	-1.17775307851011	7.51537728980713
hoav1238	-1.24571854649699	2.50285652220004	-6.54824472004324	3.28648595897006
holo1240	-0.351702136909423	2.75486761503356	-6.07221353583632	4.72378706695049
hone1235	-1.88972721839495	2.63178918944214	-7.327805057694	3.02509264354076
hooo1248	2.40536840347242	2.30866506875941	-1.83635334248959	7.41932414550751
hopi1249	-0.289982788020815	2.15881053650225	-4.98292730802474	3.61921213660018
horp1239	1.6693998242636	2.54627294092733	-2.90243086240211	7.08014626490569
hual1241	1.05253123020546	2.19920424987752	-3.11793023870372	5.64145570706571
huar1255	3.27765993902694	2.20450022055014	-0.55010047826554	8.2425824155943
huba1236	-2.057167426591	2.60242878778417	-7.66700012595753	2.63180183022722
hula1244	-1.05974753596263	2.51648492523987	-6.42848213239859	3.44130783672132
humb1243	-1.33410993159012	2.58841950702356	-6.7920617012802	3.46468848550033
hung1274	1.97703589172924	2.18822142506132	-1.86969256354044	6.73773167172641
hunz1247	1.08144651022558	2.25111257628746	-3.19423821110851	5.73228205007151
hyam1245	-1.25235589054825	2.70933808173553	-6.89513707249039	3.86361633921505
iaai1238	-1.2892550680768	2.56125150635952	-6.81185272406222	3.3795229651834
ibal1244	4.55619656843624	1.54149935483783	1.69747270442528	7.74385307218018
iban1264	-0.447801580144898	2.7370834720551	-6.10287764820076	4.57397858883618
ibat1238	4.74439134141037	2.20124536168615	0.745043130479876	9.50997820060467
ibib1240	-0.993004134710294	2.67776370874329	-6.55250402815507	4.04558088191581
idom1241	-1.00652995387761	2.77163590369961	-6.83009244855703	4.25366180722206
idum1241	-3.07704257888259	2.01937779148547	-7.21986957954466	0.857324947355296
idun1242	-1.35933686713083	2.2290806334928	-6.3180810744784	2.65191090020683
ilaa1246	-0.307212696747433	2.79977160377111	-6.07092284566672	5.00705037475921
iliu1237	-1.23016799141604	2.52440828100489	-6.81508961762918	3.21902917092706
ilon1239	3.65342629327796	1.47028934308369	0.902819765131693	6.74201903091668
imba1240	1.46693682152882	2.54831206720458	-3.16213585816746	6.92318030456364
indo1316	3.20892462787913	2.05392258653774	-0.614284101332291	7.59024807371162
ingr1248	-2.63337410858545	2.34398544819503	-7.8253739885102	1.38101590093434
ingu1240	1.808373730113	2.48553174673767	-2.70083758228823	7.12999417699396
iris1253	-0.680800948548753	2.6507597234807	-6.28403112167215	4.11401767541221
irul1243	0.590695170148672	2.79852249576096	-4.64325637010162	6.4448028143006
isco1239	2.21803644808827	2.24914748142425	-1.92289546457282	6.98887228648532
isin1239	4.03774690043926	1.44079844328431	1.34144754809537	7.01119607037711
isna1241	2.99518664163325	1.94698539278061	-0.850877680785162	6.68735285313636
isth1240	-1.12609631663071	2.69766439922819	-6.77745657554698	3.76945932761961
ital1282	-1.18406582605858	2.31884277325943	-6.06601006289382	2.92282475035949
itza1241	-0.888109260211336	2.84882095434577	-6.80044947291055	4.50949436600681
iwal1237	-0.576045445304184	2.06504062387515	-4.99539043787468	3.26186374784908
iyoo1238	-0.282851500291958	1.70320255379546	-3.77088036430546	2.96403281084521
jahh1242	-1.80706959844467	2.44499991349465	-7.13254771118736	2.54008778047795
jamb1236	-0.482938220201922	2.68593621934894	-6.06298684525313	4.40358008567373
japh1234	1.78977536879984	2.52524164025533	-2.68786711567874	7.26462793347418
java1254	2.12710733603743	2.02874730601182	-1.88232663838211	6.07014812184309
jede1239	-1.75408555138646	2.47703164101577	-7.19640917405556	2.65968377927259
jeha1242	-1.71160198026021	2.45206736916281	-7.09289494581768	2.64852052146844
jehh1245	-1.66560301596961	2.40203255289459	-6.71724494744215	2.67540033315535
jenn1240	0.990576753448528	2.71095172834697	-4.28142076894402	6.50581628002257
jina1244	-2.25802868348881	2.53741066898685	-7.78181766281323	2.26195120923077
juan1238	3.54314121071089	2.27570268679037	-0.356146376250259	8.63834532982489
juku1254	-1.68105860936842	2.62443383679041	-7.29844991748621	3.13933872268161
jurm1239	-1.07395296744389	2.55804424931645	-6.45992351850824	3.66523535965782
kaba1281	-1.61874885778663	2.48678125071426	-6.91069833607532	2.81910672196034
kach1280	1.93330797857172	2.68522915615294	-2.94361847781615	7.72717108882146
kado1242	-1.24056203468284	1.76713594906964	-4.7282518981788	2.26077658792713
kafa1242	3.34509004925538	2.576610436733	-1.38016068592007	8.79113216731884
kaga1256	-0.621189795679409	2.50114616648171	-5.93939553528089	3.8038470827022
kagu1239	-0.0887481526770526	2.60084666706245	-5.48460576674833	4.8165711901007
kaik1246	1.12335767164739	2.34201487822337	-3.15833645503064	6.10140089997006
kala1384	-0.295703214560225	2.79036483680958	-6.11000348326594	5.03705892854914
kalm1243	0.650847075110394	2.72895415677857	-4.56491729836211	6.25122008431612
kamb1297	-0.344576279871723	2.63872699960718	-5.78068436078455	4.61873506119279
kamb1299	3.94892297576586	2.23797923303058	-0.273141849713667	8.62200004475109
kamm1249	-1.7789608355934	2.68011961096729	-7.48588292403246	3.13240846199162
kana1286	5.94167753618652	1.59210166834498	3.09682011929123	9.40681391117437
kani1286	2.50720966696622	2.00291012324819	-1.13006700611383	6.80820443650177
kank1243	5.1835117687913	1.64626850964081	2.15535689867017	8.72227686379073
kaqc1270	-1.3143752774138	2.73975376940227	-7.01325462323577	3.72822754757215
kara1486	-1.38211438785403	2.57462342604882	-6.98046350677379	3.15090892119089
kara1487	4.56130287090816	1.38650365713203	2.02947424140551	7.47344112636888
kara1500	-0.83645683691792	2.38876909282627	-5.7934604761231	3.65357613574757
kare1335	-2.13010117060008	2.33760917567241	-7.31015284294384	1.90426365069794
kare1338	-1.15976342600682	2.84071236839979	-7.09025433679831	4.17440285317044
kari1311	-1.98388193355657	2.28864961313497	-6.87107845153505	2.20409905057456
karn1252	-2.28557127704762	2.46588886955054	-7.5204503483992	2.13804642202978
kash1277	-1.09908263610281	2.26886972225911	-6.02736368213734	2.86284064867429
katb1237	-2.17547300277824	2.29434247506998	-7.21547922013151	1.84175069163207
kats1235	-0.446667314245676	2.16272396424491	-4.44671008126064	3.99419062932364
kaya1315	-1.60254263849376	1.66903875504522	-4.87386358280317	1.78616654019232
keap1239	4.62817872223647	2.00935309722307	1.09473043714255	9.10037667599673
kele1255	-0.675351306695679	2.76915149041827	-6.39240269812908	4.61756590912943
kele1258	-0.74786389532328	2.47720086066694	-6.06711623024701	3.68518978458003
kemb1249	-0.652122309486946	2.62550744494397	-6.23883713426054	4.21508370631011
keng1240	-1.31736821950749	2.54685671713486	-6.88459322688841	3.35763074543612
kens1248	-1.62687487245925	2.44990803451019	-6.91407434977678	2.7312278113146
keoo1238	0.448896296501419	2.35195505731971	-4.50121895916461	4.70727051414676
kera1255	-2.11811305480216	2.58142797473548	-7.5694811710464	2.4837866833376
keri1250	-0.585010991439121	2.706895547064	-6.20513593976862	4.37963406324462
kesa1244	0.82016417599399	1.77625681805746	-2.66754144899014	4.37448901870706
kgal1244	-0.273199518205803	2.80575375360051	-5.92629670560514	5.00408716280869
khak1248	0.528316556855165	2.72744152954998	-4.6880540209005	6.12900214546904
khal1275	0.835925718690687	1.79593032508815	-2.39551837890822	4.62326441764892
kham1282	0.522383128249663	2.49552027837422	-4.03684565030868	5.81075230364238
khan1278	-0.925899303769871	2.65514008248687	-6.44948249943695	4.016257092798
khar1287	3.00981853512477	2.28738571944791	-0.972924344197637	7.91910619157568
khar1288	-0.573693095371033	1.609253337462	-3.73388229119242	2.62650235988168
khas1269	1.67781166908973	1.65188359848754	-1.62166987019525	4.87126301577833
khez1235	-1.85802899371619	1.65885375301295	-5.20876720297433	1.34996327172113
khin1240	-0.405715294794253	2.09455430436082	-4.48174923787256	3.80454314240502
khmu1256	-1.74128271843878	2.40074793897133	-6.86618418216333	2.55513495887313
khum1248	-0.610281499208131	1.61675884108285	-3.73469528471771	2.73443480578424
khva1239	1.54506442990312	2.23916318745007	-2.61522508415327	6.29805917404181
kich1262	-1.33325294066208	2.73329007716453	-7.06955309784561	3.74408288964647
kiku1240	-1.25644388036012	2.5122201382763	-6.6086594473235	3.22702488814374
kile1243	0.579214482343963	2.70371828720005	-4.52191107364952	6.43851303024414
kili1267	-1.25625642599707	2.58153484184773	-6.75041851737496	3.48906893311526
kimm1245	-0.746945718492625	2.2719243535161	-5.1935740687776	3.76506705571186
kina1250	-0.515740207385425	2.58946519881447	-6.04291239563858	4.22699448681473
kinn1249	-0.332619981008867	2.30838799356274	-4.55147838148611	4.68152710046404
kips1239	-1.03139585005079	2.7211548521367	-6.69336846514998	4.27468383849513
koho1244	-1.04713579029344	2.00199657259486	-5.15975307116223	2.74748814031486
koko1269	-1.37699152061981	2.57833645343458	-6.87342057583932	3.3355748339029
kola1285	-0.336070536120748	2.52600400821399	-5.62279175174235	4.43699746223389
kolb1240	-1.61353245910903	2.67801040143983	-7.50820207492242	3.24550658810836
kolc1235	-0.927654872129419	2.69653178433823	-6.74258529964576	4.07953264273111
kolu1245	-1.4352682541764	2.23155617946197	-6.22175570316684	2.49158662060587
komb1274	-1.539149738605	2.12863403577264	-6.00744019041705	2.28278340543031
komc1235	-1.75420168243495	2.47136177939852	-7.03235156249504	2.71818994338579
komi1268	2.08939134059265	2.26639749517226	-1.89977316947869	7.05409718593735
komi1269	2.12439454027425	2.21991100430576	-1.69583222565721	7.13953493627405
komi1270	-0.733284906697069	1.73909775898887	-4.19446570963202	2.7221923941071
konk1267	2.94091910999542	2.2564155084547	-1.11425336698617	7.92036492693398
koon1244	-0.296145910448639	2.74712581743834	-5.83923655552888	4.88993710898832
koon1245	-0.703156745492259	2.7608921421284	-6.39754047945886	4.4805576706605
kork1243	-0.505828255018451	2.45872234584468	-5.85460804333365	3.8872978254456
koro1298	-1.04965729912729	2.54132567072135	-6.46640555058085	3.47889451579614
korr1238	0.831503834753667	2.66153802571844	-4.17501034055904	6.34342822408543
kosa1249	1.78863110601075	2.08084454180179	-2.05014641754007	6.18491418967329
kosr1238	-0.452623637132695	2.71696265102247	-6.08754982816734	4.56402999420544
kota1263	1.04780515184464	2.68203835087079	-3.8574288037087	6.68352192269393
koti1238	1.05588396633151	2.6038725204258	-4.09564004124405	5.9693056263234
kove1237	-1.82604395093054	2.47869826285359	-7.25190819237042	2.46158977202097
koyr1240	-1.09354430570337	2.62755876955389	-6.38025076964261	3.76914499210433
koyr1242	-0.952535834396142	2.60502029459611	-6.28951426790576	3.92005802523764
koys1242	-1.34847460250669	2.2984044680382	-6.30935280542632	2.73290736669297
kryt1240	-0.115457649970842	2.10211784210095	-4.20570866801114	4.23103530729541
kuan1248	-1.4336042559566	2.58750002948377	-7.02564066236159	3.26487815244583
kuii1252	3.34197006183438	2.42211581854706	-0.872567767994967	8.70364933124564
kuik1246	2.17776454801285	2.46403314491824	-2.19534146829022	7.56563238728489
kuku1280	-0.795308761914705	2.64631964043857	-6.40853563576486	3.91902294463413
kulu1253	0.856658047742112	1.71737682081957	-2.25432324831269	4.52361862857479
kuma1276	-1.07542987987268	2.48576176124586	-6.30904429499813	3.48341877056159
kumb1268	-0.367027124355634	2.76273767653457	-6.20560454993884	4.91263757075038
kumz1235	4.04512213108218	2.24783752924536	-0.0613464395112972	8.90724609159033
kunj1245	-0.799059186062327	2.5652929514355	-6.21133039598139	3.84424054685811
kurr1243	-0.850478042961571	2.66878413412422	-6.50455637921873	4.32997327680262
kusa1251	-1.26224028777357	2.51463543910881	-6.68351761353292	3.24174116727395
kute1248	-1.66103785267717	2.64330899513576	-7.32935133580603	3.17610340146971
kuvi1243	3.35089131012823	2.37459064319769	-0.872105182078029	8.71592217266225
kuyy1240	-1.68377929411492	2.55731618148721	-7.0925475246244	2.7989268248435
kwai1243	-1.60102313916549	2.48427638439271	-6.95261343515764	2.89362980107366
kwam1252	-1.51305045135569	2.42355612955245	-6.86030069555291	2.71732623720596
kwar1239	-1.59869661692652	2.48108475932523	-6.87153775340287	2.85340159342857
kweg1241	-0.0981402569967888	2.04633926328702	-4.22542742210852	3.7340581538921
kyer1238	2.27554949679224	2.23588178851302	-1.66586991130352	7.23163072675656
labo1244	-2.12477637119061	2.33442328313035	-7.25339285733913	1.97184753335991
labu1248	-1.21202775892333	1.92960674809808	-5.4070442709528	2.33423666877587
lahu1253	-1.64636111395254	1.7146354642493	-4.90854796519537	1.67533360478184
laiy1246	0.462491795669641	2.49359370123798	-4.74831788288199	5.18187707440378
lakk1252	-1.12371428646105	2.18995714015683	-5.40788537824635	3.09447525614635
lala1268	4.63167898225395	1.93872986859778	1.31888042714671	8.83431210739698
lama1277	-1.01556225789559	2.31130430521087	-6.11124535297644	3.10682912564972
lamb1272	-0.536949745129011	2.73251258085932	-6.1735447054734	4.49708050963945
lamb1273	1.86912778791104	2.20714237603404	-2.59241250777273	6.13163554175468
lame1260	-2.13558055160124	2.34456154708565	-7.32480818533357	1.97689276968729
lamk1238	-0.0906470979490225	1.75317321633301	-3.56240179021855	3.45494566088809
land1256	2.08328209741599	1.98453257080237	-1.77000964400031	5.97340710967645
lash1243	2.27485316941585	2.60289207889633	-2.34275973984465	7.84273997376201
latv1249	-1.91418260108802	2.40547355872957	-7.27197171644445	2.19410195344089
lauu1247	-1.50152082255546	2.56012832201345	-6.89259779007171	3.13908465385117
lave1248	-1.91086530855162	2.60964369242205	-7.64029285156283	2.69373225080212
lega1249	-0.389570587037785	2.73465397896144	-6.04332339224556	4.75707965143839
lega1250	-0.361038250546808	2.78860301309336	-6.17535423511585	4.8744992761547
lele1267	-1.83277825000298	2.4936108168359	-7.14425415142478	2.60666673164517
lele1270	-0.806742904843961	2.47529142167543	-6.24883900519547	3.54824805304836
lele1276	-1.94578769693854	2.49206486960888	-7.33203674646517	2.42891413802794
lemb1266	2.22680242361058	2.02193142929248	-1.42122716263909	6.46905129886521
leme1238	-1.32510945872372	2.58730649993064	-6.78146151855641	3.25635659591397
lena1238	-1.57552987411134	2.41810027779077	-6.85755604409235	2.56999073164833
leng1259	-1.53830551818473	2.49646383985261	-6.86177369209337	2.88441199449069
leti1246	-1.02480750021869	2.60173205282484	-6.48900183124182	3.71907402620187
lewo1242	-2.0439957675704	2.40745825973501	-7.25083294594438	2.31123719828854
lewo1244	-0.940923412000556	2.33756357121394	-6.11352128241808	3.15288800680479
lezg1247	-0.218364882678615	2.17105657761079	-4.53108937126007	4.1623295535475
lian1251	0.804092253690893	1.76674120503492	-2.46727482027594	4.53159030485615
libi1244	-0.506281043391151	2.67617077290467	-6.11349965224312	4.52956972783283
liby1240	-0.421531386792534	2.74640184792169	-6.2271514697649	4.70014992473467
liji1238	-1.3527566634269	2.75326489185587	-6.98076118526174	3.83468058280714
lika1243	-1.31931060901887	2.54124043659156	-6.62173182774841	3.35555254808189
lill1248	-1.54141111554486	2.45544503019496	-6.653350893127	2.90220742881629
ling1265	-2.186486274399	2.28690587068763	-7.23507915986951	1.78321937433589
lipo1242	1.63359560997671	2.43035917560106	-2.68470707989924	6.96795354171058
lish1245	-0.858124559001628	1.99011919101519	-5.01139303345465	2.77421724415454
lisu1250	2.19579784092357	2.52888633423406	-2.2906862854715	7.62567129015603
lith1251	-1.72328777662116	2.45708021877287	-7.32432578834601	2.52375616962505
litz1237	-2.15242283708765	2.28939642997672	-7.16028015312787	1.81354408671938
livv1243	-2.40720010629005	2.35290132276114	-7.54921498271931	1.69871956753138
loba1239	-0.451191384001463	2.60282593509791	-5.95865203598217	4.43338529053834
logo1259	-1.13216659399288	2.38983703873428	-6.34281866760115	3.12702552517304
loka1252	-1.05463508892757	2.73865246967557	-6.84663252537932	4.14020148831997
lolo1259	1.74313706311405	2.47441999640678	-2.61173968555637	7.1354081525711
lomb1257	-1.29820065217404	2.40384023696747	-6.55593697017605	2.86958709249955
long1395	-1.50056040340751	2.52755223229154	-6.8011014898878	3.0718727467555
loni1238	-0.85361480974332	2.47964032193823	-6.3283081825137	3.48788799450907
lonw1238	-2.19015030911584	2.31020284186909	-7.29729475180544	1.77955940899389
lote1237	-1.51648669681035	2.45628422682805	-6.76138728302119	2.78493289101072
louu1245	-0.870851517785051	2.47076351902597	-6.21308265328403	3.61346163749301
lowl1265	3.3318608103093	2.06278372675731	-0.308504318821452	7.67489778354464
lozi1239	-0.338508118742367	2.85339484648053	-6.30582108555667	5.11007392899529
luan1263	-0.966427392007333	2.59821891140159	-6.49029063907106	3.75711852244295
luch1239	-0.416948664754505	2.73100499163075	-6.05395794411945	4.58146015948495
ludi1246	-1.57986743161443	2.15123863588993	-6.25575658185386	2.21608633019684
lugb1240	0.127426565073303	2.26051034119732	-4.57763240750854	4.4284195630739
lugu1238	-0.148132940829677	2.63981444580391	-5.64241216384138	4.82038571376474
lule1254	-2.44756829159762	2.31723797448551	-7.55401229389467	1.59673332129303
lumb1249	-0.32648503657131	2.73467060080559	-5.90930084112933	4.66315277008085
lund1266	-0.230173713969988	2.7360946098855	-5.7061025733822	4.85649332374032
luok1236	-0.748397155873578	2.82131996124329	-6.42986895283967	4.64947389743002
lush1249	-1.74589002231811	1.55898661544899	-4.91042839409293	1.31057296671544
lush1252	1.91470796222592	2.24915916857099	-2.35346848605308	6.5574659772749
luva1239	-0.38976920146092	2.77137335652985	-5.97902991296438	4.72200676755462
luya1241	-0.341704048164339	2.77240851919623	-6.03436302913538	4.72931632781693
maan1238	-0.375926743529469	2.67933137973619	-6.03598388212773	4.67768785231857
mace1250	-0.94055918997089	2.4790389252084	-6.1083108009704	3.63945693891835
macu1260	1.00274284601845	2.31966317245225	-3.38590130662541	5.71720684281881
mada1285	-1.43897388302472	2.4979909545946	-6.70377174489875	3.12856121008985
madi1260	2.21647145718803	2.07121902641268	-1.61445083850606	6.4608870969936
maee1241	-2.07965673130836	2.32382100766249	-7.01496572113024	1.97153930516491
mais1250	0.941729798708043	2.04403980980057	-3.2683370502852	4.88929814393351
mait1250	-1.25265334484315	2.07708059072115	-5.63310532042696	2.50847128248468
maja1242	0.674463036371995	2.30497049356384	-3.88326661221133	5.16538371299019
maka1304	-0.886300591299723	2.64208659930727	-6.45978557335885	4.14091409226109
makh1264	5.00285737710863	2.44667471773863	0.350887533535174	10.0397645157555
makh1266	1.6607863028253	2.48827639762313	-3.3234534574436	6.52281995278012
mako1251	-0.185929917208666	2.74023630010262	-5.76707225074657	4.89308826396596
mala1463	1.05599404543219	2.62666827178979	-3.83591408978333	6.60176663912265
mala1464	0.990399854973813	2.74787180217076	-4.162603925551	6.69871379591819
mala1522	0.883808049903652	2.00425560173156	-3.04708999275025	4.8671742707106
male1284	2.3616151987462	2.15617044580909	-1.69069977125733	6.94122451829892
male1289	-2.11076921225916	2.54975447289069	-7.56168009411414	2.44874829523137
male1297	0.151429122604862	2.35029225431625	-4.62467151991972	4.61628749053623
malg1251	-1.91136157035369	2.67247542191964	-7.63098305165095	2.99400278395432
mali1285	-0.57820855411164	2.52836153314357	-5.5854822553808	4.28840822961439
malo1243	-1.94286237134824	2.39135013376847	-7.07028158593731	2.30688792576089
malt1254	-0.960625212255524	2.54139072696541	-6.4576494655893	3.56430401149585
malu1245	-2.03181887715596	2.34469302686284	-7.00451718968135	2.09886580796181
mamb1294	-1.97983422481112	2.62838889471112	-7.53129819371248	2.94775780740962
mamb1296	-0.352368634444895	2.89637449526108	-6.38472472097102	5.12558051601975
mamm1241	-1.35160882835372	2.72272120382502	-6.94364534454788	3.77961767749794
mamv1243	-1.08388754120814	2.46216952043522	-6.40464220385652	3.41697978133607
mana1288	2.53437071641136	2.23140013511015	-1.35997055179224	7.41502773790533
mana1295	2.08388549359723	2.01864188352891	-1.70008797648097	6.25227869863493
mand1415	1.2970634813133	2.41589879124261	-2.91438143462898	6.55468484787672
mand1440	-1.31447032744006	2.54868287819725	-6.77416180080151	3.23417255782762
mang1378	-0.688408935365849	2.15762232801183	-5.17005464615022	3.28570361870627
mang1394	-1.68726883977485	2.41207977539216	-6.89191765427614	2.62281987167063
mang1401	-0.34017756390219	2.73335131093962	-6.0190685682194	4.51819382147455
mang1403	-1.62285847187915	2.44548874221369	-7.02261712117093	2.60055172577157
mang1405	0.822883071008944	2.31898085073491	-4.02228035164829	5.21031521153494
maor1246	-0.378909433656471	2.68591172997521	-5.95432248076609	4.56215679846579
mapo1242	-0.754800354048179	1.94633792283396	-4.8513139238096	2.86165718525984
mara1378	2.99894018202661	2.26072596044654	-0.829581911255397	7.83362988850027
mara1379	-1.2179594299335	1.61648529138203	-4.42447349546709	1.99069793022752
mara1382	-2.55498493507927	1.73204285830594	-6.12653540287851	0.776882720281942
mara1399	-2.1060546224311	2.30312691499795	-7.04559917885115	1.91255815337165
marg1265	-1.9693962964411	2.56704943797819	-7.4151024627199	2.6554323536476
mari1426	-1.64006782649525	2.57916535869859	-7.00314204027566	3.19004003114715
mart1255	-0.798756032993501	2.63752678649327	-6.30208047021258	4.20008204875147
maru1249	2.05361799529614	2.55154478236548	-2.63412601536721	7.51457486218828
maru1252	-1.16413181707785	2.16191500672687	-5.57834527059525	2.85071055515908
masa1322	-2.06822530624649	2.5785162463349	-7.5939354110458	2.63985598849961
masb1238	-0.179590372455213	2.64801332299755	-5.79617028333838	4.65611824093923
mask1242	-2.20780713976532	2.27859696182722	-7.15384811526292	1.7607440748042
mati1250	-0.563969422646022	2.75362647977187	-6.28170805275753	4.51589564250779
mato1252	-2.06398956990964	1.80660148555013	-5.91696135389149	1.21303169814651
mats1244	1.28169106258319	2.1450185286722	-2.71176501872118	5.79120781068577
matu1261	-1.12241254152806	1.94252103641845	-5.13272181014381	2.49588187650235
maxa1247	-1.21543552980096	2.45347049647897	-6.51996493140056	3.15290677645366
mayo1261	-1.40963766198612	2.60701647361854	-6.90282178887007	3.49330870809881
mayo1264	0.206295037021356	2.36869143317517	-4.76105701266972	4.63154161634004
maza1304	-2.13461661456981	2.59169251349019	-7.62060982795406	2.51824461776945
mbaa1245	-0.944992552142364	2.69038424609022	-6.63189642088193	3.83546055102779
mban1263	-1.14599120460522	2.67882652345893	-6.71786245027495	3.78646701175106
mbar1260	-2.09282595029541	2.56326540297944	-7.65780442984069	2.42798476460749
mbay1241	-1.77026105179373	2.61513298901266	-7.45422368596429	2.95450863361192
mboc1235	-1.36690669537178	2.64955296375203	-7.17194600722767	3.45924487378073
mbol1247	-0.488138508594869	2.78841492422785	-6.12915215214437	4.65316776214506
mbul1263	-2.23145134462889	2.50940031763584	-7.58200312237323	2.23009134157924
mbya1239	1.85693954415366	2.40320165559359	-2.5931914224675	6.80943752810279
meen1242	3.00054446895042	2.3175617654483	-1.13790333572313	7.97868247818543
meke1243	2.18155916552736	1.76705828355901	-1.33283883277876	5.64768546643041
melp1238	0.613494234503528	1.74136103323278	-2.76624811291146	4.06718100015048
mere1242	-1.68836316924552	2.5567993268419	-7.20017778546665	2.90854264396106
mezq1235	3.32975431247781	2.21237052005845	-0.767536067936813	7.97382966388998
mich1245	-1.26963489512581	2.33401111759116	-6.31832270900288	2.88272178882972
miju1243	1.09113725094685	2.22823797152608	-2.85258692205368	5.89480036095809
mila1245	-0.478721721021119	1.71805842636273	-3.69858076331028	3.05748679721261
mina1268	-0.575046390206049	2.69680436858735	-6.17279577567654	4.32550966822321
mina1276	-2.19794369301576	2.57408309907454	-7.68417432411656	2.37909458242512
mini1251	-1.43352706874573	2.6045009418527	-7.04945557321874	3.37685112036623
minn1241	2.12424754593843	2.50224241951477	-2.29167628152683	7.61585882869264
miya1259	0.949410392866228	2.68422380767112	-4.14220677217229	6.55772090633207
miya1266	-1.46032093364977	2.58765607053882	-6.95013733609437	3.30667005927614
mlab1235	-3.2139971769023	2.55926524604448	-8.692663221683	1.26695310854069
moba1244	-0.430422649398059	2.47503794316362	-5.7117262763195	4.07819256672591
moch1257	-1.33292033530794	2.70546185141017	-6.92466148894968	3.90874672203263
mode1248	-0.677960651226988	2.56483606881704	-6.04312169967271	3.87964379816832
moha1258	-1.6364923477504	2.48133310505541	-6.79231814706462	2.94212751801073
moke1242	-0.959623606488679	2.56416605622771	-6.38299563402389	3.75225060247272
moki1238	-0.790069984225893	2.67489681502697	-6.23739047433767	4.10425951743655
mokl1243	-1.17810736944943	2.54038135730342	-6.43345241187478	3.45604795242572
mokp1239	-1.10519608133231	2.69751855063916	-6.83419495669683	3.94481923018565
moks1248	-1.98522473843428	2.29011108009875	-7.10080015285816	1.89023453672249
mono1270	-1.21710613096188	2.66495892919105	-6.76015753869966	3.71665670983683
mono1273	-1.39504884013002	2.54428893212118	-7.21514068492915	3.070346777418
mono1275	-1.14740861544557	2.3305451820613	-6.26201650296106	2.96146587493269
mont1268	1.9189030448232	2.35208081495175	-2.44961394232375	7.04276146834404
more1259	2.42728736017175	1.84114063510346	-1.04822132424133	6.17402611316858
morm1235	1.45490278462789	1.83037120998645	-2.08965926080717	5.0581041420262
moro1287	0.504302460563544	2.51143860000305	-4.74282382343408	5.14219254655554
mort1237	-0.365463544319154	2.78870583077448	-6.16355565406638	4.67764066252354
motl1237	-1.29994411712021	2.63690484767951	-6.91614018343129	3.4286934611555
motu1246	5.28617563504547	2.1190142461476	1.75941223603067	10.1389077016769
mpad1242	-1.81525983559005	2.64816990021676	-7.51829719683624	2.8822559771977
mpii1239	-4.429873733924	2.18687042612435	-9.26666104982175	-0.470299736136781
mpot1240	-0.421830628534826	2.75872682280482	-6.19150875211718	4.63713628408934
mual1241	-0.582821424978158	2.6166019187568	-6.15816693298752	4.32437746689481
mudu1242	-1.60570238697867	2.62516108809068	-7.11860340320222	3.11470043710961
munc1235	0.260132595652689	2.38087316202422	-4.06836465294222	5.36832762721225
mund1325	-2.11061188183036	2.56505029656926	-7.59222347373263	2.52188340993219
mund1326	-1.24212666676676	2.47221408540149	-6.61398693973231	3.21182924812719
mund1328	-1.76517840160797	2.45967661029144	-6.93145789452849	2.65471030590008
murl1244	-0.112586326401761	2.62832299743809	-5.36341524539839	5.00827586207716
muso1238	-1.59113685795486	1.84688219615614	-5.55951955528319	1.73412461010264
mwag1236	-1.77129505279454	2.48035406844009	-7.06029348794895	2.60780140295134
mwan1247	0.227642699237454	2.69836839058133	-5.32470536489793	5.23951362998181
naka1262	-1.55199567372283	2.47259286275526	-6.81487045008454	2.97693324851049
nali1244	-1.43018344373983	2.53157514715851	-6.99997730615509	3.06188572861362
nama1268	-1.9021215708759	2.51300838313964	-7.13121601647957	2.69296496385392
nana1257	0.691276671269686	2.66350958390199	-4.33459892257507	6.21150171097413
nand1266	-1.26128750641628	2.71546155472745	-6.95016088163932	3.8389775236706
nang1262	-0.981906526355986	2.62592552042404	-6.63075167789711	3.68669124697423
nant1250	-1.30542313573445	2.60040925343741	-6.938706639327	3.50336625339159
naue1237	-1.05130290408037	2.64567570635253	-6.55313197687657	3.66202884616127
naur1243	-0.379635717488914	2.66610123738513	-5.82158389792577	4.54337477636684
nava1243	2.66541877354598	2.17004425158486	-1.34100692672019	7.23685249002399
nawu1242	-0.554739043980828	2.71452022448969	-6.10679677307538	4.49881217020725
ndam1239	-0.612737954347384	2.78537472293701	-6.43483571648442	4.56254628331952
ndog1248	-0.710138828166978	2.63544248446983	-6.42642633134951	3.98646305107518
ndun1249	-0.728178735819275	2.75261100564062	-6.30998147907051	4.52634704287488
neha1247	-1.15031004811811	2.62696068045107	-6.89625344957424	3.64337696859753
nend1239	-1.31763938926248	1.67883183920998	-4.82358641852593	1.88693426890741
nene1249	2.10792139646159	2.29679509963305	-1.88892967050283	7.19478789834022
neng1238	-1.01924197056342	2.64463583692121	-6.58604777639292	3.91995879475202
nese1235	-2.0381380407757	2.34405222624141	-6.99683874340654	2.06641400514018
newa1246	1.76211491232525	2.08787848482759	-2.04883242104816	6.11017449250486
ngaa1240	-0.368073879240045	2.68162980524685	-5.84599201480169	4.63774249653681
ngab1239	-1.65648535165762	2.48630167424363	-6.91393129452428	2.76142694160608
ngam1268	-1.85306973438043	2.60984649052823	-7.54524088687177	2.8522787965178
ngan1291	2.16173545741286	2.22277927839579	-1.78203490356329	7.05632814627701
ngar1235	-0.377712720182895	2.71598218511832	-6.1518982147654	4.70046238918019
ngas1240	-1.83081095863247	2.51530089152475	-7.17492321674107	2.58960622317555
ngba1284	-1.01620966009022	2.60380818802519	-6.3933367670125	3.71111021769372
ngba1285	-0.906813791842353	2.69252334230721	-6.46426405429603	4.1925712739952
ngit1239	2.60169790668454	2.10651581391587	-1.39180448525167	6.98148399587849
ngom1268	-0.428746928573072	2.74126037087327	-6.14544070794673	4.75935085001185
nhen1239	-2.37699738190427	2.33184106438055	-7.4246705541288	1.82345670150136
nila1242	-0.541367384756609	2.79728270558731	-6.27213131034735	4.75797337903375
niua1240	-0.443201497902043	2.66176784209989	-6.14040560465337	4.430955192564
niue1239	-0.356762772107291	2.71764417524322	-5.98884436635197	4.70538423758536
njan1240	-1.61466063453717	2.6614833763121	-7.21688083145189	3.37249261191161
noct1238	0.00179952162965697	2.00839527861034	-3.7464535578199	4.31072937211652
noma1260	-1.33234488215956	2.73896896231524	-7.18699655293977	3.78893292537808
noon1242	-0.204066111442147	2.79949318835952	-6.00759144454521	5.0532299616762
noon1243	-1.78591104985565	2.48210104252745	-7.23299464084687	2.62051396625609
nopa1235	-1.89703253382909	2.53576703220896	-7.37748968091365	2.74434432283459
nort2671	1.98006380850139	2.19524754235622	-1.88383631518763	6.84427099247845
nort2684	-1.26771422731637	2.47785953459968	-6.60042383830865	3.12441116694749
nort2690	0.377273212942158	2.73739378634892	-4.66817899412174	6.22975716735928
nort2697	-0.782748296373525	2.39895747620218	-5.50001365844973	3.94987612998641
nort2702	1.57707010527026	2.78907347231519	-3.6529028847756	7.55327890097456
nort2722	1.7679368794389	2.34336116074783	-2.43989033930385	6.75036008013835
nort2723	1.90845472006979	2.5572700656922	-2.82390015821828	7.38242814175207
nort2732	0.990297672415226	2.58764886970973	-3.75344547257296	6.58523230771394
nort2747	0.868520776621675	2.71802828490157	-4.18336018504363	6.54206586596372
nort2774	-0.908545335291088	2.67909450305133	-6.47779679360798	4.08634490138934
nort2839	-2.11969783879592	2.34463594178872	-7.30754769945034	2.01510789514691
nort2845	-0.331601053414774	2.70810576708225	-5.9814222966974	4.68417180135415
nort2847	-1.58120088934431	2.41226286118326	-6.82493306389205	2.56577940096889
nort2885	-0.698772967680008	2.67126702670148	-6.38179642349001	4.16898538052999
nort2942	-1.08698785145888	2.45621091324567	-6.2677100873495	3.46397902141471
nort2954	2.62849339025712	2.21385093937132	-1.28778870741097	7.32114359915028
nort2959	0.128253575673732	2.0571623977693	-4.16115836226699	4.02288066714281
nort2961	-2.15017554704101	2.36360618748448	-7.28771624339922	1.99204865303456
nort3047	-2.26815239841468	2.5571030537252	-7.82627081788179	2.2222691091978
nort3139	-1.3757979081443	2.46769694119076	-6.67824213772865	2.93758934242751
nots1237	-1.43392445532965	2.50804619471304	-6.84142320607106	3.109553079585
nucl1235	-0.959752954741367	2.28075057163694	-5.99544294291381	3.04155687596128
nucl1240	-1.87441428098208	2.61775215905362	-7.49593534969189	2.86447577295192
nucl1301	0.334143603288027	2.82203602593315	-5.117001471435	6.1088905890734
nucl1305	0.844694422848229	2.80654525830456	-4.42779747543442	6.67812019752244
nucl1310	0.342312179661029	2.26316793177089	-3.58590409734843	5.22486161541876
nucl1417	-0.883116641368667	2.64051600033783	-6.45797057326283	3.88832349841516
nucl1643	0.601919144013648	2.64008026384606	-4.41603283858115	6.248923844728
nucl1706	-1.06979564866433	2.50917688764749	-6.4489554770529	3.45042172804526
nuer1246	-0.522822733646918	2.66365485750327	-6.02275442635941	4.59524584895885
nukn1238	-2.24905852549766	1.81220217554607	-6.10976552294816	0.936059851061734
nupe1254	-0.924584765052675	2.5994335898849	-6.47980693442888	3.8177426094485
nusu1239	2.24858673804813	2.52197664663969	-2.18457202353888	7.6116999488571
nyah1250	-1.3323627903336	2.59941146830339	-6.81309503043052	3.23103898427413
nyak1260	-0.571427530772186	2.6737233170799	-6.07964938390363	4.32203189897848
nyal1254	-0.762392539988689	2.60596476983553	-6.19233040811038	4.04912878361708
nyam1285	-1.87309672372181	2.58991065897882	-7.20631078227256	2.960838773173
nyan1307	0.343150133963294	2.67309734662683	-5.09215782262413	5.39725810632224
nyat1246	-0.657720019132587	2.6600234078223	-6.2492314493463	4.40069746610767
nyor1246	1.00118375767213	2.46002257066544	-3.88914738573784	5.75359552249769
occi1239	-0.466596138168872	2.54127127289793	-6.05667915822962	4.07130601107294
ocot1244	-1.98788292896302	2.56384254464156	-7.41185444080463	2.83583829370178
okan1243	2.06317941609914	2.35316139822965	-2.36787232412109	6.98456860690121
okin1246	0.876170497776082	2.69147001470368	-4.1547437514578	6.48985901346084
oksa1245	2.73412666455515	2.18416597997799	-1.03026809092056	7.57928836982639
onon1246	-1.37862483389002	2.65863332191944	-7.07838514341085	3.33039143834558
onto1237	-0.593150152052349	2.74001187878286	-6.40647222445898	4.38685137014857
oriy1255	3.83049492197382	2.22223742776116	-0.00422218629052879	8.77406877893775
orma1241	-0.811664635177607	2.39462107646376	-6.05115677591196	3.49580679760019
oroc1248	0.564881302772796	2.60220311822357	-4.28518321168581	6.05533474547164
oroh1237	-1.30710819267312	2.53911829890791	-6.76496279815229	3.30077622985612
orok1265	0.572263922165669	2.75496183655493	-4.71743355696526	6.2482125723483
orok1266	-1.20341798808924	2.69444373483917	-6.76766565716007	3.80588181750617
orow1242	-1.27905760662141	2.461824602533	-6.59314425665734	3.08933531157545
otta1242	0.972896462634975	2.51397730309755	-3.60061398811858	6.19603596895323
paaa1242	-1.26544791145587	2.66269546389588	-6.86445575001838	3.77435975439691
paas1238	3.62529054798717	2.23939479689221	-0.528353646396396	8.30155102801474
paco1243	-1.34752855182225	2.47525609272118	-6.52126692979191	3.15951075560308
pagi1243	-0.803371959087975	2.6942753353828	-6.49855748860773	4.16443419207086
pagu1249	-1.88798666058995	2.59103421329255	-7.27863846982305	2.97711861241768
pahn1237	-0.431024326015581	2.31345635885977	-4.9180072340149	4.32055952331335
pala1344	-0.37197060610055	2.63873469606279	-5.85191317899633	4.60752731103447
pali1279	-1.64556250830008	2.39256103556189	-6.8566058748493	2.5370329648528
pana1307	3.17273028575231	2.37456786438098	-1.1140861502374	8.21438464884894
pang1287	-0.608969745926531	2.70398799745758	-6.26696419108207	4.41384564518664
panj1256	2.76898651264917	2.2091690750698	-1.05570687424237	7.63007408031369
pany1241	-0.651671110212903	2.81629496715063	-6.56085169924823	4.60606929115241
papa1265	-1.46849328857336	2.4915225699895	-6.79785913143583	2.93934157888273
para1301	-0.331345808675222	2.24219817871488	-5.05445430483775	3.79460645369478
para1302	-1.28415811935172	1.72211059348038	-4.73387922713193	2.15131844733518
pare1266	3.3393017311409	2.34752470761326	-0.624143921016566	8.63890392238664
pare1272	2.63968736138554	2.29141521046621	-1.39549112080223	7.70053486895878
pate1247	-0.342518946262803	1.97878514684278	-4.54021084265948	3.37443973611767
patp1243	-1.37660423922253	2.54302857137526	-6.73651348844358	3.1460099828157
paul1238	-0.44273535355478	2.66423815989713	-6.05397540219616	4.43221034914819
payn1244	-1.15836394708099	1.67093197840855	-4.59848962978235	2.05143416393333
pech1241	-1.03824152670236	2.50772615012624	-6.46714539783205	3.65497723116544
peer1241	-1.69510620217395	2.57679833200724	-7.26546472444546	2.94200771230258
pela1242	2.77930296286444	2.50492564366789	-1.69150913061783	8.07084539958442
pemo1248	1.671734760832	2.44491721339138	-2.72429802737349	6.94511892411086
pend1242	-0.784486080716985	2.65320915569124	-6.30140698955742	4.04619129884886
peng1244	3.28821916506811	2.45081193049579	-1.02737513402821	8.68925720542074
phai1238	-2.94624718470157	2.53526039962007	-8.43620331013271	1.63730110308984
phom1236	-1.41666545622227	1.56390683860036	-4.50874937823602	1.60235313510192
pile1238	-0.963370807588548	2.60086956881394	-6.41590604525588	3.71518665342477
ping1243	-0.656455634797514	2.70010307935749	-6.45492518082495	4.28448214123855
pipi1250	-0.985985009039596	2.63206423501834	-6.55929611735978	3.7972689044108
pite1240	-2.66870562042944	2.35229786743974	-7.80869030386302	1.29572595195881
plai1258	0.917737921433443	2.47912999964481	-3.61451968752244	6.19898814874047
pnar1238	2.4021978328774	1.75023651098472	-0.990015643633045	6.04333726802306
pohn1238	-0.903399567331739	2.50883000843988	-6.20696431006221	3.47898622097253
poko1263	-1.15101941208343	2.66522768956529	-6.62692547075564	3.83208007447168
poli1260	-0.594560749388243	2.54661569097044	-6.17153193189953	3.98045376502279
popt1235	-1.47299960169439	2.66132228426552	-6.98132833814661	3.51887852696207
port1283	-0.698950860233617	2.60336888345184	-6.22391755739643	4.03781103060467
port1285	-2.20770018437612	2.27716899958892	-7.17079289493756	1.73069799834967
psik1239	-2.16038303109502	2.55385685140752	-7.61038249175982	2.3201497780192
puka1242	-0.819239547657165	2.46124376945052	-6.04254931702528	3.56116518742541
pulu1242	-0.438848507679377	2.72285664206568	-6.03882449568873	4.66994126209292
puma1239	-1.27158613988378	1.73222025423001	-4.72746985568925	2.04395841741418
puoc1238	-1.15912291663654	2.51006452378367	-6.55957502733712	3.36233123032908
puri1258	0.341929959007119	2.42623800595701	-4.04464037243917	5.36530941362281
qanj1241	-1.4380532837745	2.71497991013003	-7.10340504471722	3.65241322592996
qima1242	3.88895446442002	2.28411536967304	-0.108808331650007	8.85098284427249
quer1236	1.9142074211999	2.20063509460222	-2.39569576674507	6.27580339346525
quio1240	-1.60805154587262	2.5539500607279	-7.05328835061889	3.14749439051269
rabh1238	1.36609312625994	2.24940805100734	-2.87224024388404	6.01253915359786
raji1240	-0.911485628786472	2.14786114421479	-4.90223408848871	3.62387971683157
rama1270	2.72881426562249	2.28764038370961	-1.46854065689641	7.60343616007328
rapa1244	4.64251119547428	2.32101169601572	0.376318742821107	9.62691835834264
rapa1245	-0.336498920671979	2.70743117479378	-5.90255177980859	4.6677787673101
raro1241	-0.344304694927419	2.76335433764273	-6.23868506130785	4.73175583869223
rata1244	-1.08672282779538	2.48237460283356	-6.25935746837435	3.41359971048063
remb1250	0.295102118277901	2.33048333162559	-4.676292870606	4.62366724685888
remo1247	5.43664016280634	2.2491485945686	1.45978236512778	10.2962245686725
reng1252	-1.81846349831381	2.4500596864813	-7.13363762958179	2.48739781554808
renn1242	-0.742043202854993	2.71819240552053	-6.43953952132032	4.24491293058277
reye1240	-1.53591408535648	2.18749929885244	-6.16147714974035	2.51149607224174
rong1264	-4.62466051386556	2.1665967538978	-9.27714959611191	-0.77220488146985
ronn1241	-1.79815444782047	2.45715375471937	-6.90239819893238	2.47254180348217
rotu1241	-0.403851164448648	2.70878560870591	-6.12573531730693	4.56228229420853
rovi1238	-1.23919828035358	2.50972996483576	-6.52129276269934	3.24126684609488
ruch1235	-1.21687921692113	2.42864987752119	-6.36726097422925	3.17712646058673
ruka1240	6.41525102246669	1.92108960165071	3.05553599124399	10.5836849700987
ruma1248	3.44786344060925	2.13359569257718	-0.388084013879467	8.03298672005401
russ1263	-0.405104364819747	2.49124438191545	-5.70800242883253	4.04268245184685
russ1264	0.72505782269756	2.61548014309849	-4.0242734421996	6.18398864503275
saaa1240	-1.35885360429968	2.53295714076654	-6.85124729806828	3.23672916430601
saaa1241	-2.00293930904042	2.39783062295692	-7.15363327372227	2.35585865134206
saar1237	5.94210060231953	1.66077822879228	2.92870173153415	9.48773996502618
sabu1255	0.448290861589103	2.53322602666662	-4.81709475499877	5.17538331026718
saga1262	2.04330105002723	2.25036545584639	-2.40381049358768	6.41963951642494
sais1237	5.87067464985214	2.14984347022821	2.07445289898535	10.6327208115714
saka1289	-1.6800937967954	2.58920453950235	-7.10979486391887	2.98341254726026
saka1291	-0.369098304446205	2.72051315988074	-5.96833708208249	4.74608968133324
samb1305	-1.84245889968947	2.54832961268946	-7.2503391068753	2.67960336348185
samb1311	-1.81622109573793	2.55284032050838	-7.26234114730334	2.76604148559719
samo1305	-0.377668390086682	2.70249472636378	-5.92660914583426	4.76775972731811
sana1295	-0.914561849003813	2.48797702526635	-6.1786267739319	3.58776224389439
sanb1241	-1.84465584364409	2.59296007517376	-7.40985695224912	2.88095664479154
sanb1242	-1.48005962397897	2.53165226116869	-6.78457645877205	3.02213072434555
sang1331	-0.349510071450644	2.82306905373468	-6.11076193600666	5.05035272274383
sani1269	-4.63407322752229	1.92869034623739	-8.80553027662796	-1.17719062798314
sanj1284	-1.93169940412504	2.53459558724303	-7.32738135429333	2.91299157981805
sanm1289	-1.24877388029941	2.30684760694175	-6.13756529932593	3.1239647303757
sanm1295	-1.56565102028104	2.56173479384789	-6.9298613201569	3.21438812816838
sant1436	-1.57557268414994	2.49938165707525	-6.76870743075599	3.11605915142596
sant1451	-1.56833663874409	2.68837922138903	-6.96918760809303	3.61840220478783
sapo1253	-1.38612665013419	2.5037492018124	-6.70930161084258	3.02316729887631
sara1321	-0.908508299331008	2.72275305193453	-6.61684890917237	4.12062165305652
sars1236	-1.06017386502121	2.43644018267176	-6.31373698546793	3.48636577965094
sasa1249	-0.344853793460496	2.60227363632919	-5.8847157656422	4.51680251459077
sata1237	-0.423051806643757	2.72654629700676	-6.12452057906964	4.5485403628373
sauk1252	-1.47537673831436	1.66958062952617	-4.95250038513678	1.58419189533425
saur1249	1.51574310273797	2.61470649216575	-3.20691343718246	6.87978780224551
seda1262	-1.73136270205287	2.40883790511132	-6.89426636116729	2.57220266724678
seim1238	-0.228151756781786	2.56567615092816	-5.57855989924671	4.50782894796498
seke1241	-1.99383286400595	2.39096923271007	-7.14262357012077	2.41344998813453
sela1259	-0.436993398508609	2.71933479532394	-6.1063042709869	4.61934797716234
selk1253	2.05945320240893	2.20207326394106	-1.82106011752218	6.92818707910758
sema1265	-1.63213735953781	2.48290980156761	-6.98075630376271	2.83449012909928
seme1247	-1.43646198465578	2.52476672462711	-6.76896406175485	3.12454525172505
sene1264	-1.19692378797439	2.63032266078947	-6.77492716619088	3.6966460323195
seve1240	0.83627198888964	2.51459832425771	-3.70979891293657	6.23672800979421
sgaw1245	-3.08213027840744	2.1696233726418	-7.78925373720215	0.745032887783963
sham1280	2.39917722877777	2.2676045379108	-1.96965773725578	6.96481774268791
shan1283	-0.943006338763643	2.39957540953977	-5.97163190680845	3.52161686000256
shaw1249	1.00987001507815	2.50452024738075	-3.61931245700874	6.32672911252335
shil1265	-0.358803418135252	2.74212841548496	-5.97251351854858	4.99289193189472
ship1254	2.51937708697671	2.21347193357046	-1.52309882078073	7.17156236546908
shix1238	2.11159441811051	2.41778738764185	-2.06174486292241	7.47297539696097
shol1240	1.00154675145889	2.71650969902326	-4.08983199890657	6.68564287890854
shon1251	-0.22571212406041	2.75277522388265	-5.85334074533862	4.93027317250857
shos1248	-1.31504980936905	2.39344780271877	-6.56915528769102	2.81947481896568
sich1238	1.54554446580475	2.56812322174923	-3.04034830831545	6.95769118651954
siee1239	-1.55437516558101	2.54137676665982	-6.9946392425047	3.15527892081239
sier1250	-1.71696908234373	2.55850466608384	-7.29301926192372	3.06392411293063
sika1261	-0.786027945706829	2.64532296995461	-6.3375426399913	3.94142099767512
sile1255	-1.34444255757202	1.70840456716395	-4.88107996146731	1.86159494966218
sina1266	4.87779002734294	1.94032256558476	1.47772585564927	9.20559234420532
sing1264	0.342838928450356	2.12252041315862	-3.58774287304672	4.83165069546791
sioo1240	-2.43570186319114	2.10470836004062	-6.79627520070757	1.43564775902892
siri1274	0.581316414247431	2.28534694759126	-3.82221212643183	5.16526445692409
situ1238	1.97738236176964	2.39026911359448	-2.24753728609136	7.14595763504164
siwi1239	-0.486288086525325	2.6765498015104	-6.06310257900774	4.51230542298684
skol1241	-2.02122482833814	2.25532006916792	-6.92594348149046	1.87482062013759
slov1268	-0.70071985982361	2.63801082198381	-6.28413828353862	4.12094014550066
sobe1238	-0.368837473735246	2.36492520711651	-5.47480541153131	3.89037815717653
soch1239	-1.39680697599535	2.57855015040494	-6.9105723579791	3.44236957115188
soga1242	-0.406276414514926	2.73193653547722	-6.06373249062096	4.73711473253212
sons1242	-0.449331051967272	2.77351934850612	-6.07995568738698	4.77825848172239
sooo1254	-1.87759156187313	2.45947766321288	-7.20645911368631	2.40376889052951
sout1528	-0.503621355996937	2.52231031495314	-5.89757774496283	3.93445258237657
sout2649	-1.29062396276725	2.36300841229508	-6.53424600912427	2.83185991325631
sout2674	-1.94189571684486	2.25393399504721	-6.95535370114299	1.9356385020361
sout2679	-2.66349325286989	2.35150672874549	-7.83380792228916	1.34008830563129
sout2728	1.88441099010357	2.31255750253987	-2.17588776914961	6.96806942768214
sout2729	2.14587184064353	2.55265872369598	-2.44183083455383	7.73422489080414
sout2730	2.34737253709435	2.37582108407129	-1.81073835753675	7.5464078033448
sout2797	2.21096914337114	1.76487946178286	-1.27181228602446	5.82189569291403
sout2807	-0.291133827304566	2.79775374845616	-6.0354258125416	5.00575062766766
sout2856	-1.78830529586256	2.53085144742136	-7.12790669733062	2.84496381787651
sout2857	-2.11687624758064	2.34073845102662	-7.2648961007142	2.05642085285072
sout2859	-2.11119681140243	2.36079941692402	-7.29872968286067	2.05159214518923
sout2869	-1.53845474804988	2.42744461746603	-6.90225645792217	2.6403345956628
sout2954	0.799431604725285	2.67327724417982	-4.28063703998766	6.34768024838609
sout2959	-1.17588823514095	2.49508953898049	-6.59550654205288	3.30461142366281
sout2976	0.783975338006298	2.20755198474842	-3.7430394863022	4.88617745107817
sout3261	-0.43235228480188	2.24505506691687	-4.90517492660762	3.90624445472502
stan1289	-0.645449192505459	2.58782145022553	-6.11740722890764	4.13899061041937
stan1290	-0.646709574576046	2.58142053231763	-6.19451919989211	4.04297426102609
stan1293	-0.714634529589296	2.66699838919812	-6.43737559112781	4.02559104438123
stan1306	-1.58209606285406	2.53674989385585	-7.06173155397315	2.96774660195132
stan1318	-1.02770807462787	2.4786884753862	-6.12826011311795	3.47020890740736
sude1239	-0.447778148131029	2.72769806264032	-6.10965489824509	4.69276924864538
suku1259	-0.292022710712975	2.82531788353642	-6.09939558574148	5.07741135405225
sumi1235	-1.649189761344	1.59849592147887	-4.84735567191322	1.50373372420418
sund1252	-0.0584406002000407	2.67054414053361	-5.71989675469256	4.88010210515599
sunw1242	0.414500978514671	1.83667976537812	-2.94098922822226	4.25744489363791
supy1237	0.361027446772649	2.37497088204018	-4.5336489990109	4.81347375935403
surg1248	2.08617751183028	2.20580324745661	-1.81183292251109	6.92347524767671
surs1246	-1.33972442966973	2.60764158334657	-6.8642565069746	3.33535666917344
swah1253	-0.39166337556906	2.75208093463303	-5.97497827450241	4.77015852121916
taba1263	-1.80164259943858	2.6582517676694	-7.36604149450887	3.2280071786825
tagw1240	0.0952855518573129	2.46153921587782	-5.02981084207257	4.63408765349344
taha1241	-0.387367537494632	2.64339832184036	-5.85515000391448	4.57134880723287
tahi1242	-0.349693896037505	2.7106800976759	-5.94992574105734	4.67404771518888
taji1246	-0.757012336715759	2.65026861128431	-6.26451268493669	3.98150713801084
taku1257	-0.766788193334889	2.72107176156387	-6.42455186610839	4.18175512842637
tali1259	-1.44432710417107	2.5530471750925	-6.92760149317518	3.1163456163095
tama1365	-1.0975131947212	2.56389021957814	-6.57580628342284	3.45883732061671
tami1289	0.718948226888002	2.76204947525132	-4.49745163293191	6.33869236836268
tane1237	-1.0999133564776	2.5556153609287	-6.58566297576926	3.44195629744743
tang1336	-0.832221677589987	1.66913818869432	-4.13236030110603	2.47008694305143
tang1347	-1.80637734592327	2.47690476773078	-7.19615265088829	2.68482529400101
tang1348	-1.15882269074546	2.62901756405218	-6.62133230528298	3.69566726424453
tang1377	-1.5713809873949	1.79144909041795	-5.04809969072931	1.97523251692445
tari1256	-1.44642850198429	2.17992626441764	-6.09958069031646	2.56902011112217
tari1263	-0.738340011201207	2.66494607630946	-6.26616193262515	4.18359688633397
tata1255	1.66228269475417	2.60647175448585	-3.08269169463134	7.16042124037747
tata1257	-0.636822636706657	2.6549584583057	-6.12963900731833	4.25193705588595
tata1258	-1.85200198354825	2.48482953010523	-7.1090332437507	2.74161788262483
taus1251	-0.537261094510034	2.73547261647485	-6.15686468071564	4.39335283389241
tawa1286	3.22322525959066	2.19786948991867	-0.774276877353387	8.02128481721883
taya1257	-0.284800182202126	2.63279087447112	-5.73211154445787	4.5990445968339
tbol1240	-0.607851655675237	2.75240397591323	-6.23216234481574	4.42886528234267
tean1237	-1.1028762427867	2.54989687498451	-6.68081845748202	3.4894661452933
tedi1235	0.779331979039128	2.00952837285856	-2.89423068361664	4.98445785129622
teke1275	0.476287328191257	2.63854297317081	-5.03091022698688	5.38104339742051
tekt1235	-1.3627005101563	2.69830869781769	-6.93782079636507	3.82337474112757
telu1262	1.0332366224848	2.76099110241091	-4.32725274561603	6.80693921740433
temo1245	2.1196798962843	2.10056122781206	-1.9428519873921	6.50837961633632
tenn1246	-0.483987435088985	2.40462298474988	-5.51420752053004	4.0012242785174
teop1238	-1.42734453839844	2.49047944803808	-6.79803799875925	2.90283711674664
tera1251	-1.59526941311775	2.64735348370478	-7.03752583122102	3.34872570634307
teri1250	-1.57920957106353	2.47576270429845	-6.98366452651374	2.92678759141141
tern1247	-1.67897350559763	2.63829732750746	-7.04288772227658	3.31057988637084
tete1251	2.80717498781106	1.91551378182108	-0.816974055124568	6.81355214915247
thad1238	0.566398003855437	1.9280763406054	-3.08639880839346	4.49560000738028
thak1245	2.0264130924283	2.25493802467923	-2.02507920704145	6.9631061096858
than1259	1.85195467273693	2.47077502279695	-2.53853813201401	7.18729166095985
thao1240	6.25806880803066	1.91040512901601	2.89887524566592	10.4310899085751
thul1246	1.06497781918269	1.93901124121655	-2.46670123034206	5.09423818152058
tibe1272	1.34416222425837	2.52638682342737	-3.24571104482918	6.6473995399219
tief1242	1.84380841423789	1.68147211131542	-1.50613384947499	5.11272287120802
tief1244	1.90626073350657	1.72460644727552	-1.48307876303395	5.34436884838777
tien1242	0.822025084854984	2.60230341639155	-4.44278409995941	5.74027775422575
tiga1245	-1.3087919169798	2.6412686288973	-7.05216556223081	3.35156944066545
tigo1236	-1.73739903938225	2.59916952539541	-7.28521870800572	3.05067002047042
tika1246	-1.51742036202361	2.59243444153771	-7.01553238973545	3.25395148583001
tiko1237	-0.891313793265971	2.65272963543885	-6.33993083724191	4.05893940723359
timn1235	-0.490485424463125	2.50664520288867	-5.93359203086266	4.13282930433362
tiri1258	-1.26358879399653	2.45772524842975	-6.51493493053864	3.18394292446497
toab1237	-1.47813884373329	2.58775523565699	-6.89311503092034	3.28350355933967
tobe1252	-1.77966846020657	2.62548156334047	-7.27458006788879	3.20004349217902
toho1245	2.54434772452194	2.21681388686584	-1.45062901535926	7.27881150608819
tojo1241	-1.24309883406079	2.71405422622384	-6.86802474616002	3.88828506383787
toke1240	-0.374105294468529	2.71704533525661	-5.99934374602672	4.70896304924486
tond1249	-1.34627978590092	2.58886199251092	-6.77807306457306	3.52576467417751
tong1308	-1.32627309958402	2.5565512431263	-6.90367646563677	3.26514172836344
tong1318	-0.360596615156153	2.75981623373401	-6.16372604610311	4.78701132325995
tong1325	-0.413066888715294	2.71989108720087	-6.0320578463386	4.53322458596246
toor1238	1.37214441085321	2.32569962369296	-3.35470585115934	5.89800532223023
tosk1239	-0.799953616933904	2.61749691310303	-6.39311941221206	3.88470060473252
toto1302	2.10666345948721	2.32140423711457	-1.98276952485585	7.18376502119165
trio1238	-2.82873773382806	2.34526443206608	-7.87804498331177	1.2999170561625
tsam1247	0.403681387717948	1.88008669815657	-3.44450562150222	4.0081849341124
tsat1238	3.4456413119051	2.32628025782388	-0.838904638412981	8.25789884680209
tsha1245	1.33907367399663	2.49774187924424	-3.17181818595244	6.75559167588723
tsis1238	-0.729857993356851	2.6839175528822	-6.42063699402951	4.32625703827811
tsog1243	-0.329495670395898	2.81561735532825	-6.17801081506142	4.84455273987686
tson1249	-0.276643574980213	2.70281560492005	-5.68118781930851	4.85728307357996
tswa1253	-0.294043146462295	2.85058004460465	-6.24650656808357	5.07431457857089
tswa1255	-0.298153613583677	2.71663867390688	-5.85104793900799	4.83668055770569
tuge1241	-1.33038393635036	2.62411263842372	-6.76586464278099	3.5914212421378
tugu1245	-1.1320674031759	2.62713257808165	-6.77492545286269	3.61328827698591
tuka1248	-0.507888985897861	2.70343973067115	-6.1949887584683	4.40638609012121
tuki1240	-1.29297165353582	2.71799842744953	-6.85507995173105	3.78501470696426
tula1252	-1.85188839144247	2.66455884163734	-7.5507414376336	3.12914579388623
tulu1258	0.838670314783767	2.67193689787509	-4.17786237315923	6.37734938728128
tung1290	-1.09494701102456	2.68413022687283	-6.63870227973627	3.76775477141917
tunn1238	-1.05439420555236	2.51223398867954	-6.4857460773426	3.31905990955643
turk1303	0.241793625576797	2.75857597682694	-5.03373674417727	5.84061137095722
turk1304	0.364561839759638	2.70691827531651	-4.68297598386523	5.9089206833837
tusc1257	-0.942516977953925	2.53990757629543	-6.35605880877007	3.71189560633121
tutu1241	-1.95889067224683	2.39678706963533	-7.13112458356552	2.3524661387074
tuva1244	-0.369117469749213	2.73738037347686	-6.19435166125086	4.62563075922008
tuwa1243	4.15574796999082	1.3356113706557	1.70117598137299	6.83719382588507
tuwu1238	-1.10839341500693	2.54160640590129	-6.42440917286502	3.53730615985992
udih1248	0.676210442584988	2.73942326382384	-4.45286311362497	6.54087460794066
udii1243	-1.90594214477662	2.19393283915302	-6.41321149753466	2.16284984266741
ughe1237	-1.15692766728344	2.53609170030477	-6.49533795237407	3.4483798454109
ukra1253	4.04784229644345	2.19877426177367	0.0820957712941571	8.88358910602081
ulch1241	0.567229968320187	2.71096680406901	-4.44509345223374	6.36968930271396
ulit1238	-0.365557684893705	2.67940176225889	-6.144088072154	4.54902987554443
umbu1257	-0.210992925881113	2.75125298467594	-5.79639282608507	4.91160733906158
umbu1258	2.46567319700361	1.90921003795755	-0.997578721655688	6.49228930246007
umes1235	-2.24328672051933	2.33279159853052	-7.47918769508185	1.81661138990456
unua1237	-2.20940279174718	2.27459640996438	-7.19410749696654	1.78267393265045
urav1235	-1.56103758896329	2.56612205262316	-7.0273955643323	3.06060128372057
urip1239	-2.10940548588702	2.30360306042304	-7.0823255468474	1.92367424230784
utes1238	-1.27757393166511	2.36290832036297	-6.54069087670251	2.86980794628148
uuuu1243	-0.0898465975484958	1.96481875155679	-3.93230152136219	3.69692224817566
vano1237	-1.09594296471412	2.56004770017506	-6.62791307870826	3.4778642129346
veps1250	1.66963549472225	2.0900599966436	-2.11438862543734	6.23594330586125
vera1241	-1.3746538156418	2.5825807253511	-6.77891386650063	3.24362491651433
viem1243	1.22072538293161	2.05694413212085	-2.96002289036573	5.21926896912777
viet1252	-0.968339366991137	2.50803659776854	-6.38045515551866	3.48053917494425
voti1245	-2.80952234054119	2.37810216460524	-8.04857931743354	1.27028381441785
vunj1238	2.31135031638329	2.23530752916958	-2.07802116873216	6.76885365487397
vure1239	-1.38118048964816	2.58241348995209	-6.79766951063519	3.25165610262671
vwan1235	-0.618344788603236	2.72579302874346	-6.40963743037052	4.39299733640981
waga1260	-0.462173981015043	2.72493646695928	-6.20299521437037	4.57986308961023
waig1244	-0.60760824871624	2.73199099738266	-6.49323377017532	4.43668339486174
waim1251	3.935152677971	1.78656239773458	0.773562444275137	7.73190315340387
wala1266	-1.62075134812871	2.46671770124794	-6.89669146219694	2.80288340656783
wall1257	-0.488370111206193	2.70155389357559	-6.00685479329754	4.50265144120498
wamb1257	-0.783480511605387	1.70677257010552	-4.10898756093695	2.70930897498752
wand1267	-0.330439469239294	2.57605817327387	-5.76160758583844	4.40895193946672
wand1278	-2.17823952219001	2.55527807830191	-7.77041076824957	2.40138386889937
wang1291	4.76402072558469	2.53903858580182	0.183857061381117	10.0664437451849
ware1253	0.781207968118175	2.36857027228766	-4.06709530449466	5.2264704150473
warj1242	1.06738638944183	1.77092408457313	-2.58240992767399	4.40023937679311
waro1242	2.89062048487593	1.97451880733829	-0.8309281514842	7.09350258591108
waru1265	-0.443841601824298	2.69441727004209	-6.04067423757613	4.63200915051835
wawa1246	-1.56412134564611	2.71076706262508	-7.30157185272163	3.63643402760914
waya1269	-3.00512235418896	2.43323484461007	-8.13742246529782	1.27588598260142
wayu1241	0.115180461736122	1.86192402695703	-3.36742445941145	4.01028592474038
wayu1243	-1.13988314486086	2.22845036097855	-5.92435639743069	2.89891019784869
wels1247	-1.43619514963482	2.45197668439436	-6.60252232755513	2.86377264430825
west2354	-1.1048290274845	2.68208650036878	-6.76229763118573	3.60977215865649
west2369	-0.602801955345617	2.6263525949342	-6.20178304801003	4.11563304913169
west2392	2.28259400614729	2.26311546211768	-1.77820329580025	7.30838329385112
west2396	-2.10962166353341	2.30540551040226	-7.08385614071899	2.15376067189121
west2397	-1.87954838986302	2.53428890877981	-7.33316113413658	2.65850011407586
west2415	2.49717397301391	2.15160477748611	-1.27146517889576	7.1647259934158
west2418	1.9268957287064	2.21251359143967	-2.11836901507973	6.63560356721245
west2430	1.13691435883477	2.59636824764568	-3.68115572772758	6.71817557808656
west2441	-0.764640657076151	2.61562900987291	-6.49339907183796	4.11802701348255
west2466	1.78560786748855	1.79243502078628	-1.72981806866379	5.3256237189296
west2516	-1.26619217678258	2.56300584841294	-6.70763426981017	3.49054967035144
west2519	-0.58466105356663	2.67354905447216	-6.38037985031275	4.18631129473707
west2548	-0.737808046841755	2.72563558162468	-6.48764200240266	4.1812783868746
west2557	-0.699747851346513	2.66004595218589	-6.20819845477481	4.17138287836057
west2560	-0.684805449538357	2.65831760153234	-6.23120401072581	4.23882310175553
west2594	-0.956665726550224	2.10384695231093	-5.39321247835734	2.95779810804347
west2600	-1.56334216957927	2.61626702287425	-6.88621345652666	3.40292746738063
west2635	-1.46109514801933	2.66120383283678	-6.9732513961474	3.59831363891354
west2644	-1.92431954996247	2.49685909981989	-7.23331758931807	2.63810562639779
west2650	-0.838772958686836	2.40339262539102	-5.9160272472931	3.5425774329804
west2763	-1.35538820625542	2.46807911276829	-6.74539121634521	3.08187184899792
whit1269	-1.55362290390599	2.41457336814926	-6.83868827146658	2.5831264971009
woii1237	0.607353611149985	2.39667236280562	-4.16741363645446	5.0966156259828
wola1242	3.83829099154282	2.49216725426397	-0.693092369452914	9.06537221888756
wola1253	5.18797201970029	2.30673410067752	1.31919597931918	10.3416355131953
wood1236	1.00100190273572	2.5391706208369	-3.63976646124258	6.39810267194451
wotu1240	0.251558242326897	2.53385819723215	-4.97876056613481	4.98888642690013
wuch1236	0.7121531086508	2.66490347079755	-4.04440650753073	6.41638948537323
wudi1238	0.193038244142816	2.25919787422676	-3.87784920872928	5.07013256392128
wusa1235	0.621182219721176	2.33648928680393	-3.53873274990216	5.70666992764965
wutu1241	1.28032629558698	2.4979624767894	-3.18666935347399	6.62844900065591
wuvu1239	-0.324237135193069	2.56521670588317	-5.65094851298053	4.3935575442251
xamt1239	4.28894205809006	2.317930938861	0.283999021600866	9.41691847988421
xara1244	-1.28391050307447	2.47853746129842	-6.64762901170882	3.18578351721845
xhos1239	-0.328439124913543	2.79325374472179	-6.20414577805293	4.91054756302378
xish1235	1.77388482368603	2.44712824627051	-2.69382952264714	6.99324145534044
yaak1241	-1.32509481733278	2.46636306263994	-6.57993578697752	2.9293048426147
yaey1239	1.87796366593646	2.76791196895279	-3.16559213841115	7.69701895570542
yaka1272	-0.755568021012021	2.74658099125231	-6.51534492372436	4.40413275783881
yaka1277	-0.745728772210168	2.61109568629123	-6.24578658293629	3.94962718784049
yakk1236	1.44775020376959	2.05298418791827	-2.24929400253564	5.83777188883462
yaku1245	0.371849591684824	2.76481593293251	-4.93545544153112	6.28823577966038
yami1254	6.10659952520759	2.28363137040531	2.10625979294327	11.2138404232493
yami1256	-3.14129911388243	2.34132960854438	-8.23672393776246	0.948898359770221
yamp1242	0.28800586073584	1.88834823819302	-3.30203362203748	4.14332461101152
yane1238	-1.01068756969583	2.12746639398493	-5.51325424432301	2.80249408602
yaoo1241	-0.0376721032998428	2.80810563982578	-5.89933626245692	5.42435948918726
yaqu1251	-0.752726409334399	2.23801732268328	-5.49584523060687	3.21378195511539
yasa1242	-0.971532913903996	2.63708380481349	-6.41131942740231	4.03250322150465
yatz1235	-1.81533748766282	2.5364714279675	-7.24117019167701	2.79851955555045
yaum1237	-1.96183317393133	1.69620339358707	-5.59314058259691	1.06351303952304
yawa1260	-2.96428858133614	2.37346405377883	-8.08677418653369	1.36942270623376
yems1235	5.38721025906498	2.41942359124147	1.16247497148302	10.6787567533929
yind1247	-0.98817560741044	2.52788754297711	-6.25514918280417	3.69380436357452
yoga1237	2.80061436338579	1.46149056009225	0.0319419870530005	5.71722714527693
yona1241	2.75620965382152	2.72479474229206	-2.1990960626809	8.61469151855449
yong1270	2.09407848062592	2.58912323817658	-2.56076061375019	7.68596578909401
yong1280	-1.40434869447183	2.1615886175753	-5.97683213745783	2.48881657296876
youl1235	0.0840166264499709	2.05553038883552	-3.80547634568589	4.39026314956517
youn1235	1.25775212704786	2.74817979155196	-3.8338051332272	6.97353630930481
yuca1254	-0.626693668808698	2.7267863840154	-6.40132638198255	4.30425552158957
yuec1235	1.03873847309674	2.65238458436706	-3.74107493977657	6.7123637689773
zaba1237	-1.26968805281129	2.67177929777856	-6.90810620505267	3.5244059206282
zaca1241	0.767492324223972	2.31978972884302	-4.11144096253725	5.10776685496775
zaca1242	-1.85701702766675	2.51856324543767	-7.10209487058038	2.73728716326497
zamb1245	0.170568120855898	2.60978044602248	-5.28200209841883	5.01503921809854
zani1235	-1.93364117059893	2.55071380666248	-7.32897739898527	2.73617289536533
zarm1239	-0.295182482393766	2.56109106439464	-5.72228124481775	4.56562132236664
zaye1235	-3.79967025243486	1.86126147413414	-7.87634867725482	-0.497733095853553
zays1235	2.5635458457553	2.27257630278033	-1.69154524817313	7.40627410799472
zeme1240	0.431129637932688	1.73039439743864	-2.78256760344555	4.05274794181592
zinz1238	-0.370399096187995	2.77406547905073	-5.97626115507308	4.75140508307888
zoog1238	-1.82521423051434	2.52863439116717	-7.18041702232821	2.80952002819469
