Estimate	Est.Error	Q2.5	Q97.5
abar1238	-4.34820183890468	1.39430442459563	-7.40311032736683	-1.90135071099134
acha1249	2.44210621205262	2.08484951570909	-1.07979569097396	7.1197549968677
achi1256	-2.67274828888934	2.27400226625074	-7.30638456525302	1.5858153415591
achi1257	1.29043200464201	1.79871654580003	-2.13280858531133	4.93505015897828
adze1240	-3.41916527420087	2.1515672906667	-8.06650933914596	0.301109287540791
afar1241	0.943500970492006	2.5103921024739	-3.61659732964275	6.27432244004745
agus1235	1.23554695510992	1.86522122677303	-2.13692944505843	5.04467612329388
agut1237	-0.361428985054921	1.58917872376808	-3.47935985017417	2.79074480038596
aheu1239	1.79222569581064	2.19763217990768	-2.22200727887439	6.37937807725863
akei1237	-3.79546450536396	1.94661081631706	-8.11062218546975	-0.410496129678259
akoo1248	-1.63766074426254	1.44627843297906	-4.51124223779362	1.24795860699742
akun1241	-1.05867282044361	2.35777324994919	-5.98531062879304	3.2448974907955
alab1254	2.06160345564186	2.45456815165601	-2.37408795134808	7.31604104156451
alor1247	-1.81401679476868	2.10759366469953	-6.42140906495047	1.90988255973273
aluk1238	-2.67566008675271	1.7319842685246	-6.28420956359266	0.673768363074266
amdo1237	-2.58051798662143	2.21953802054219	-7.39672440322819	1.30813814897059
amis1246	0.441621423322359	1.52105458267061	-2.5038047063735	3.53109100739708
amri1238	-0.941795293371776	1.60612226803848	-4.38285184466925	2.02794146511998
anei1239	-3.34385282475634	2.10893934081659	-7.91436155818288	0.359963933736209
anga1288	-0.392231797605058	1.48066002772815	-3.29566664181974	2.47875015066173
ango1257	1.41128544556178	2.36322206666115	-2.82404982949653	6.45490412450226
anuf1239	-4.17950536230085	2.19651142823589	-9.05344965421698	-0.410303997693752
anut1237	-1.05670280231528	2.02268374048692	-5.4470647879659	2.57245875406379
aona1235	-1.20037324045727	1.45611003077689	-4.18658825228248	1.5320486143801
aoua1234	1.14469944944022	2.60677522014378	-3.70133433938697	6.53682364002708
apat1240	1.2328370196732	1.85736036430416	-2.16127817677687	5.17584320573885
apin1244	-2.70469735461424	2.26525065817018	-7.59430381411304	1.30542071444891
apma1240	-0.568588747284527	1.28601985544425	-3.21823965717002	1.84385950565082
apur1254	1.40413977377613	2.45767332011194	-3.25957676557925	6.64499110756771
arak1252	-3.82337987752638	1.81748431696697	-7.85492522607911	-0.667616124493795
arao1248	-0.233198516333848	1.9830466478312	-4.16232836567554	3.59738506567393
arap1274	0.50507012227979	2.65045849271655	-4.46069629246261	5.74484944189438
araw1273	-1.32474012141652	2.37420698973736	-6.36201145090496	2.9658496738184
araw1276	1.08752525725554	2.51023044461879	-3.56619103987338	6.48540054264151
arbo1245	2.19003447775354	2.40111996290977	-2.12191026288478	7.4468155473831
arch1244	-2.91021563271324	2.58045859283646	-8.30634644123555	1.838190907973
area1240	-3.11774473708457	1.96868847146476	-7.56862366236205	0.235680021957624
aree1239	-3.80620417558612	2.14329256671535	-8.53366537432773	-0.250719815208192
arhu1242	1.91133304201668	2.29882382088454	-2.29579079357247	6.79071532560092
arop1242	-2.22794640935648	2.22995299838872	-7.06155187466139	1.55011894105618
ashe1272	-3.44520349623086	2.32617083361218	-8.37941715482265	0.869578752078716
atam1240	-0.823507470078736	1.42572316074458	-3.73900880012802	1.86294516597012
atay1247	2.30146225791731	1.8530214026757	-0.973388488275036	6.34923111129505
athp1241	-2.15272419992961	1.59892003323249	-5.49543599938685	0.79097749584836
aton1241	-0.34827156831386	1.50471187543926	-3.26842233832501	2.68817701118337
aulu1238	-2.57062790819025	1.3324691253947	-5.40876775594421	-0.225845036754287
auye1238	-1.69136554035722	2.36336054632004	-6.6403069298984	2.62357374644954
avac1239	-1.16618900475131	2.35853744460222	-6.28545609558003	2.99175853463626
awad1243	0.646666442686678	2.41739694936521	-3.7984845771337	5.66084884099259
awet1244	-0.978457156191993	2.34395258101952	-5.95626472263687	3.31270619578406
awji1241	0.829580217334528	2.42445376492233	-3.52876674481506	5.98836747512124
axam1237	-2.72092756091674	1.4067500936552	-5.67572408009897	-0.264608059242239
axiy1235	2.61847601594039	2.04488098876724	-0.959065105936513	7.09555674699088
ayiw1239	-2.78850375667038	2.04904516389927	-7.35308447726353	0.700821286305691
azha1235	3.20218556015773	2.08023993604547	-0.4372887345613	7.65589425880779
bafi1243	-0.913499611459302	1.63737057340566	-4.14553734593713	2.38722181042943
bafu1246	-4.33791830463473	1.5916785145942	-7.81374970390427	-1.50159325127924
baga1272	-4.14673173448739	2.04015436841883	-8.69196618639175	-0.701021301892359
baga1273	-4.35245871719566	2.12483430703022	-9.0232620158567	-0.813480659602787
bagi1246	-5.0012891848663	2.13521644271127	-9.66295391627165	-1.23910460636918
bagv1239	-2.89088592723212	2.48417235666959	-7.93022884309308	1.7524253399451
baha1259	0.626259319460327	2.56788710596606	-4.1276827554859	6.08190058638262
baim1244	-2.72935855735545	2.16048441753712	-7.24678912378158	1.00811492861455
baki1244	-2.31971359706742	1.53149543922523	-5.60080663445167	0.429606359567643
bala1316	-3.6733058393528	2.07254243058389	-8.2833054713751	-0.273044583590334
bali1278	2.64088327675097	2.2878236203301	-1.32231815546844	7.71330896670695
balu1257	-2.97532604080599	2.09742376869147	-7.64459730930342	0.55729084171619
bamb1270	2.83880497098064	2.18746404813502	-0.996335111438767	7.70333632514806
bamu1253	-3.25906993337546	1.73123443595242	-6.95401633598741	-0.179515831252986
band1344	-2.96271663790746	2.09027819002863	-7.38283383647419	0.783008307781199
bang1354	2.15025673815995	2.3763095798712	-2.07919694234436	7.30022798401108
bant1281	-3.24600132831708	1.61708955539148	-6.68455307765898	-0.322208849562763
bant1288	-0.316121931108582	1.73027910276045	-3.72571307752601	3.11582405050431
bara1369	1.3709040118283	2.41024616613361	-2.97650430410645	6.78178092562559
barg1252	-3.74480980704696	2.17862237333266	-8.70715463419309	-0.168842591977663
baro1253	0.214508009191326	1.31165905710797	-2.34107959726557	2.74653213625591
bata1289	1.97439859550826	2.19256104274191	-1.82158322227617	6.74706225765565
baur1253	1.31646671721493	2.5787441335626	-3.39472800471174	6.81304201631207
bebe1248	1.17633327270611	2.11977057543617	-2.57477862261726	5.69649194401379
beka1241	-0.621681648114873	1.95152886700706	-4.82767178888637	2.89906613218223
bela1254	0.405060447400964	2.6145837653048	-4.38690702629433	5.80864669461272
bell1243	0.479022547034447	2.67408020731995	-4.55688700653501	6.09410288704488
bemb1257	1.54145774999008	2.41063146627095	-2.63669716777874	6.72087194179643
bezh1248	-2.66243841439361	2.48099084960074	-7.72250127540177	1.90594016710648
bhoj1244	-0.863659299274052	2.31579762781606	-5.25005400557276	3.93097839435197
biao1253	2.09456183017066	2.37635546419148	-2.26584344498311	7.00574367337865
biao1254	1.46200052765438	2.53261719798761	-3.23321927116422	6.72124781241708
biao1256	1.76224477078953	2.52033240384178	-2.89564383701338	7.07141914542738
bier1244	-2.24491188308305	1.49500691592531	-5.43834358386345	0.440608442099623
bila1255	-2.51960800919068	1.89620663551231	-6.44646270511899	1.11938134721934
bimi1240	-2.3615640003905	2.47439468918167	-7.63146360793299	2.13340566034882
binu1244	0.644694063939619	1.47509645809804	-2.15897946908353	3.60287143088871
birr1240	1.64552945712891	2.17886018528326	-2.38096182482766	6.19015345480569
bitt1240	2.31009947129784	1.85988251048868	-1.00232107419504	6.31811756605071
blab1237	-3.2413532124565	1.91409235833732	-7.47580506259274	0.0464534504417385
bodo1267	-1.11694206096818	1.70212224540693	-4.55605914963361	2.18927446216115
boka1249	1.03877263169876	1.86586198276442	-2.4669674176898	4.93555410334483
bola1250	0.628176260042699	1.463758164933	-2.18138563480982	3.52260279446406
bolo1262	2.19651809079697	2.26728548988744	-1.73462255296278	7.18999230600438
boly1239	2.75409148851459	2.26475232801822	-1.25478292407602	7.75409167737607
bomk1234	-3.86559075362515	2.24872754577926	-8.80753635221786	0.0491982522242036
bond1245	-0.234557138750602	1.50085052621169	-3.14710664410843	2.81239359886294
bong1284	2.14784534250486	2.4037492668396	-2.082430092756	7.49106706636511
bong1285	2.08059665772791	2.15319947592317	-1.89097642616083	6.6700395044157
bord1248	1.68977047275834	2.45966649878728	-2.74133704572334	6.92194487769997
boto1242	0.762350518012334	1.605682553938	-2.24438432118842	4.09113540245119
boun1243	-3.86795739686844	2.22376472392896	-8.86117708340405	-0.0824135698094628
boun1245	-2.8405374789376	2.40908498015803	-7.99583724653044	1.51433374328426
bret1244	0.411906422113173	2.73367684990344	-4.68334583120945	5.92335718097771
brib1243	-1.17347971988896	2.01810625255633	-5.12425856907059	2.80912542501032
budu1248	-2.44349981549338	2.48841254813195	-7.66285638419006	2.27203781012289
buga1247	2.94807307517942	2.2526912634116	-0.967339599451738	7.77583070461316
buga1250	-3.21046356369425	2.12413197676352	-7.91628064394845	0.396697468662689
bugi1244	3.18902993827553	2.36756745793067	-0.943160951521628	8.42514446355835
bugl1243	0.676094756403011	2.37672813749857	-3.78363467808636	5.5935109845306
bugu1246	1.15984056422898	1.68527928229999	-1.92402164056684	4.68715546404502
bujh1238	-2.63013269029857	1.60887928099597	-6.00875701525104	0.385246104715436
bulu1251	1.5424064251523	2.28369374850595	-2.58847210748279	6.34931182282543
bumt1240	-3.17963046969552	2.00530199646518	-7.62574157687746	0.280325069606371
bund1253	0.501180644166101	2.66595074599557	-4.48609095089051	5.99830053596343
bura1292	-1.90535191018807	1.56402434168961	-5.02644474554585	1.15612339785639
burj1242	1.53676179016255	2.53860183925871	-3.03025214933491	6.80245377268202
buru1320	-1.5728011856697	1.83681268765336	-5.16645188199385	2.08195914116116
bush1247	1.21654841968199	2.34405975315249	-2.91156360329033	6.31055753272909
buwa1243	-4.17472892703181	1.50393617449124	-7.29484851039382	-1.38040350053905
bwai1242	-3.8621500365262	2.071183245741	-8.68713001434904	-0.48721308877771
bwat1240	-2.86084777887369	1.8012717490341	-6.66954132301364	0.33392164778055
cabe1245	-0.668661853603712	2.11796253784651	-4.76355177301146	3.72650084691098
caml1239	-3.91406424621868	1.7597662808511	-7.73095224345611	-0.861856767216417
camp1261	0.301124823183435	2.62207857274263	-4.46385699481026	5.97784418516375
cane1242	-2.70137358699968	2.2951620361583	-7.57553992961058	1.35972983380233
caom1238	0.875397986770309	2.48956291030372	-3.88906839992778	6.15179382382088
capa1241	-1.0814083114936	2.05382576599465	-5.41309986144294	2.7859572038467
carn1240	1.7330564100812	2.31887110114165	-2.47338429733195	6.83331270129104
caro1242	-1.40727649624956	2.15811926585752	-6.23284840041956	2.46887989920895
cash1251	-2.2798712752792	2.30856190012976	-7.25987050893289	1.78865721093434
cavi1250	1.73124801542791	2.14636392177665	-2.23709984065051	6.23518315144853
cemu1238	-3.49650391874599	2.00968999253582	-7.78895514863063	-0.0067765077282613
cent1989	1.55263721670926	2.21378553862842	-2.40954676344958	6.29587413957769
cent1990	1.72866888835696	2.33965930227295	-2.44133138064704	6.72971448619898
cent1992	-2.76015100597952	2.00744914933725	-7.05795488098754	0.904691674214888
cent2084	-1.1275140503322	1.44403883354766	-4.03757713025967	1.58447278064063
cent2087	2.14582150701922	2.15289531845165	-1.76470667349975	6.94926234636534
cent2126	0.790030991894133	2.69782200094248	-4.21766937028181	6.40543624864592
cent2292	3.11983179557042	1.55803798003415	0.422223128096006	6.5634195608477
cent2314	-0.0778239318976286	1.68797448184858	-3.31441268887125	3.3701533861135
cent2322	0.36688103485915	2.70376333816294	-4.64680354646879	5.94492576699256
chac1251	2.26289560508743	2.12730417008738	-1.65151974568874	6.65562798019308
chad1249	-3.87493832157865	2.13809286173816	-8.51536346132671	0.130214295003023
chak1271	-4.92476546608864	2.18541291525011	-9.90129523753348	-1.27801025646415
cham1309	-2.87268479633751	2.49084726167765	-7.90477181441408	1.77311860481765
cham1312	1.51513565364347	2.03467245252249	-2.0982222986979	5.8931776700214
char1269	2.5077244778076	2.50247267336233	-2.13022296726981	7.69067845363368
chas1234	3.09773372123614	2.16281752108773	-0.570707656799249	7.74771313381775
chec1245	-2.26177884828035	2.57553308723824	-7.73404150500109	2.39213696949448
chen1255	-2.34915690508819	2.0731893539946	-6.61744457174741	1.47000454629512
chey1247	0.412966024031732	2.65123691353127	-4.60951052065177	5.91185681599485
chil1280	0.537890197347016	2.69374854485707	-4.67502912652218	6.14886337080471
chim1312	1.19185419734641	2.31013255149732	-2.91424189661946	5.95592175920288
chip1241	0.435800094215095	2.61587935926329	-4.56496347932209	5.87143289693144
chip1261	0.413166123105398	2.67498775807166	-4.70337756836896	5.82596044209906
choc1275	-2.82054243335871	1.82088363947124	-6.79213979137686	0.434051204503392
chon1284	-0.515583945189718	1.68201406746118	-3.8209847035098	2.80326513942649
chug1252	0.481403803558486	1.56706421980806	-2.41718453379127	3.68783399954339
chuj1250	0.785478341164022	2.36503109453488	-3.72770633299562	5.56576385332033
chuu1238	-2.01356971299029	2.25913876078231	-7.00527028869673	1.89501288691846
chuv1255	-3.9381078794808	2.3083414547507	-8.79729553875828	0.214237420827999
chuw1238	1.40412726394264	2.36972648575211	-2.70557848498341	6.57134036227801
coat1243	-2.65297583418756	1.99267198000059	-6.76245814876644	1.16613449768763
coca1259	-1.21073630280246	2.2918706542627	-6.01750224968558	3.05641724378499
colu1241	0.632500303497857	2.74691774653693	-4.50183998959644	6.32113188167251
coma1245	0.308503843720357	2.67578586440092	-4.68157128348317	5.77136626529495
como1259	0.611239423254751	2.67882255642751	-4.45022844412116	6.02542691472214
cong1236	1.57279493090173	2.47460891207351	-2.64712172834281	6.99257279499906
copa1237	-0.430048617576145	2.0907210922617	-4.50987671949628	3.72478779914349
cors1241	0.422869840795592	2.61642201735242	-4.29798444374089	5.9368153439905
cosa1234	1.62238552165901	1.69220628343598	-1.47912033679568	5.20673079646213
crim1257	0.664593726464432	2.54570353751486	-3.91428251853451	6.07862773805931
czec1258	0.443780111708882	2.63184188177708	-4.49359453326888	5.80640931720763
daai1236	-0.592717329461044	1.53878311298172	-3.66610295151376	2.50967353541526
dagb1246	-4.99563026301978	2.26433609876294	-9.95272239639242	-1.07998096515414
daka1243	-1.40781037300841	1.1534359036644	-3.80971349482753	0.726291327243188
damp1237	-2.28143697822045	2.20441124828373	-7.0740453277948	1.67580199593421
dana1252	-2.96122423246639	1.89856349095108	-7.00351138617086	0.390947972629674
dani1285	0.398507518815433	2.6861528693078	-4.6691765618776	5.84196280784866
dara1250	-1.57111756742864	1.76840783099261	-5.0750564012607	1.91087611729474
darg1241	-2.70340727753792	2.64819146044157	-8.28545325144158	2.09576254396208
dawr1236	2.54866407444536	2.52498629419847	-2.19628814312392	7.75136961659314
dege1246	-4.53518794955162	2.00318647712106	-9.14969742144197	-1.14138592945549
dehu1237	-3.13478032039594	2.06275828507244	-7.63919334235496	0.45495783091168
dhao1237	0.138259584851085	1.64263531801914	-3.15027168786673	3.40886939115137
dhim1246	0.328906014490201	1.65862968332315	-2.8022649285757	3.7140754294559
dibo1245	2.12421918654574	2.34729977881157	-2.04086086946168	7.03528210796023
dido1241	-2.64086269126124	2.4733561098594	-7.69241648370853	1.99969190295244
digo1243	2.04815296085603	2.34901927175013	-1.99749997837909	7.07158030990236
domm1246	-3.10086905500607	2.39621202520126	-8.28736627768537	1.25198864173985
drun1238	2.40997139865075	2.20934534948756	-1.51749468182887	7.26629594332505
dupa1235	-1.40489658517604	1.53413986559559	-4.58429182912882	1.46709263480208
dusn1237	-2.91634396302127	2.15415381578073	-7.58162516945802	0.789547952266219
dutc1256	0.469977669970978	2.63184140061611	-4.50639236301159	5.90639872483511
dzao1238	1.70410387344142	2.51259335357308	-2.87528180150158	6.96248677320944
east2342	-3.25204008535562	2.07413455785261	-7.64840482135609	0.477039134945455
east2443	-1.98502179975754	1.71694470687761	-5.55899876854181	1.15010091268321
east2447	-2.08173417940354	2.29098543357063	-7.17635917600451	1.88813499309107
east2555	-1.32126453429476	2.35173550754932	-6.2271186735928	3.02336142852192
east2556	1.66105146286871	2.47701977651706	-2.88818233906021	6.7795144860171
east2773	-4.16557293479701	1.84250462826614	-8.19946762242635	-1.01467051957978
egyp1253	0.809948909404291	2.45045073216001	-3.60411323362158	5.93147345546578
eipo1242	-1.54064987325043	2.38589986226333	-6.47541285412188	2.82539308354531
elem1253	-4.80206769795629	1.81333422995181	-8.86767208675139	-1.78230246747641
emai1241	-3.95542193183172	2.25882703644133	-8.98167157735603	-0.0323579113583873
enuu1235	2.11843061233436	1.92483992098694	-1.24171266097975	6.15574440268163
ersu1241	-1.40446880612632	1.8890649087339	-5.32578743139615	2.1926953481753
erzy1239	0.122325349464471	2.66248208391081	-4.93428662915424	5.68632887855458
esee1248	1.52676838924121	2.00760775155261	-2.24994596385428	5.66824305661427
esim1238	-4.56249205576766	1.72864237162212	-8.42932047851805	-1.5762942501614
esto1258	0.00451102475593519	2.60179925685265	-4.81117813445891	5.42590095772316
even1259	0.699376453313964	2.55029827970886	-3.97185253945276	6.1733817345226
even1260	0.701559690043291	2.51871168755188	-3.98786441503858	6.00186280705462
ewee1241	-3.61454995302595	2.03498059015672	-8.05691749273676	0.0100743669116611
fare1241	-4.34339220525154	2.27676663039014	-9.37996556536898	-0.420365094807855
faro1244	0.354509515236159	2.72053854848941	-4.64638941555604	5.89769358633046
fiji1243	2.68600763969353	2.10740095322233	-0.919894696766823	7.42155784598739
fili1244	2.61573050802205	2.1131800767715	-1.04730507560157	7.15833104325547
finn1318	0.397692833759592	2.58917785107222	-4.45743830328879	5.72080893413743
fonn1241	-4.03550712202466	2.18207789370447	-8.82908354746091	-0.0945764736003465
fore1265	0.373326729131943	2.67445358382904	-4.52502990082982	5.75580532195848
futu1245	-3.32972275772784	2.10565583090214	-7.76232488922666	0.29794009297409
gaaa1244	-0.192635122106529	1.97523304496424	-3.84881842655258	3.98480847865712
gaan1243	-2.49980556540086	1.56107617224924	-5.70051208179107	0.485258795143747
gade1242	-4.49081809624549	2.31644318776589	-9.73022297170451	-0.43192543941788
gahr1239	2.33201694039088	2.22742740274779	-1.56263058782162	7.16809381590635
gali1258	0.423975877440788	2.68744377773052	-4.53482057669778	6.03907355172877
galo1242	-1.49551337131519	1.74724346470349	-5.15240642754136	1.79107149808469
gami1243	-1.51380595910109	2.31301786066976	-6.45168212526305	2.6475952350895
gamo1243	2.79455852487628	2.45343043612081	-1.68179264780625	7.97680463322069
gand1255	1.8564362120871	2.25024757104637	-2.1741398974486	6.61033039869957
gang1266	-3.63019341048379	1.79943450834852	-7.58829349967784	-0.525047601875197
gant1244	-3.4453513498048	2.33256222101908	-8.46333429859652	0.728782491780195
garo1247	-0.0940857352312049	1.59854092315509	-3.14583062573703	3.09016950095236
gata1239	-0.603549929658231	1.6645725882255	-3.87148247819364	2.68377297331825
gayo1244	-0.948145692043052	1.85941157993349	-4.75877070935616	2.59051558123158
geba1237	-0.817890458402041	1.72544029559304	-4.25758536577699	2.59014386566394
geda1237	-3.88846859688383	2.12967014922947	-8.56286650286869	-0.317354144536943
gela1263	-3.75261791961378	2.03038772221658	-8.10621559298103	-0.228247239582951
gese1240	1.52940986881782	1.94263959563455	-2.076413941878	5.66487416345249
ghan1242	2.52599146970597	2.11975781377152	-1.16017432156592	7.12073736043286
gheg1238	0.664239864690401	2.67595160066125	-4.2114810505598	6.22449653322307
ghod1238	-2.87461030697294	2.57840894595661	-8.23545708739638	2.0113197026567
ghom1257	-3.16093307500622	2.12839705346363	-7.58184198050123	0.865768219341637
gilb1244	2.21401422471266	2.11945834676969	-1.47366362716448	6.79036543384893
gira1247	-3.79564247444373	2.21727482404559	-8.70388001950966	0.0641940901657989
giry1241	1.96530505671588	2.44069507945413	-2.34756722829105	7.1331293535869
glav1244	-4.65533640831156	1.69441137387194	-8.27059698064545	-1.57051832031312
gola1255	-3.26078653569007	2.10534688078549	-7.94441186669263	0.516654548225162
guan1266	0.326159788218291	1.58547068207946	-2.67641136324381	3.56604193747826
gube1234	0.991415824847016	2.29018406263166	-3.12523138627049	5.8956231719463
gude1246	-2.92650166152426	1.41506310814388	-5.8268396094122	-0.173612099787103
guer1243	-0.0165388745050214	2.10263743289686	-4.15268540431754	4.25257889633538
guhu1244	-1.46488517421218	1.98185088991153	-5.55519162593301	2.18971965420034
guny1241	-1.54821795278935	2.34295689449945	-6.61139845288065	2.7141306306251
guru1271	-1.34502276075941	1.76820257152216	-4.78231804983619	2.27182647204499
gusi1247	1.92536611778047	2.36876030342406	-2.18292861181345	7.05137367138961
gwen1239	1.8496834042333	2.33563353725296	-2.21793596877887	6.83449933461439
gyel1242	1.34518846087699	2.29073155782105	-2.74476666873325	6.16989133078558
haaa1252	1.56860148340497	2.32743216773822	-2.59007487014651	6.46342526579108
hadi1240	2.13654162211955	2.45123571928474	-2.26141957354049	7.35358996700467
haka1240	-2.41695596197785	1.75895144036101	-6.14362955649149	0.726876779281501
hali1244	1.807838888177	1.660870368091	-1.28437792906689	5.28468337304439
halk1245	0.814011033601562	2.6649919395632	-4.05250592137074	6.18849852010342
hani1248	2.93767383858809	2.2257252629634	-1.04618428733081	7.58987387160325
hawa1245	1.82184149815737	2.17249302648747	-2.01101580721326	6.435025720917
hebr1245	0.741228532147946	2.54935365188043	-3.88406529618387	6.13171333215765
hela1238	-3.79941310351734	1.90497732798255	-8.00575454080579	-0.378109774443384
here1253	1.21390571977502	2.26322629158228	-2.78925508985726	6.07654756487783
hind1269	0.445394104020559	2.63991205927766	-4.43029102321272	5.84895501686874
hoav1238	2.30022597068647	1.69020867358815	-0.628443989985638	5.95278392000857
holo1240	1.73354807702414	2.35083865954774	-2.47602164771234	6.76218240124162
hone1235	-2.79661837436826	1.64610996470079	-6.21447535798791	0.237650224407725
honi1244	2.03377157171126	1.94311170643745	-1.48453638108824	6.26980048354816
hooo1248	-1.8264545026482	2.00986941784762	-5.88123681183005	1.95983125540896
hopi1249	0.486699756622287	2.66849093564874	-4.60487424715776	5.86189117934432
horp1239	-1.41177157355601	1.65561060231004	-4.92971685778454	1.67913176012485
hote1245	-2.84095092459157	1.91794196125956	-6.99757943128673	0.478910662375816
huar1255	0.678445810217393	2.65784399431448	-4.39696753828567	6.20886537653756
huas1242	1.48044715476021	2.54676094331261	-3.20423996559644	6.88762080686209
huba1236	-2.27099904049311	1.47402477878645	-5.304649392982	0.607063392482479
huic1243	0.337287307293456	2.63798765863702	-4.7221188902095	5.75824695490853
hula1239	-3.09629144922502	1.91226566019481	-7.33408645634108	0.0983614201870954
hula1244	0.656151187860148	2.54672126507523	-3.99480909831319	5.9517977487768
hung1274	0.427944748731185	2.71935576017921	-4.61564443319246	6.09565528662966
hunz1247	-2.66308168419158	2.49956409608364	-7.81707732233274	1.90391468820502
iaai1238	-3.52112918457283	1.97170699119947	-7.93454028739558	-0.117536305560453
iban1264	2.99633715577856	2.24310131795945	-0.869363974961934	7.91401731481591
iban1267	-0.807522243845519	1.34008554638164	-3.54059489348025	1.7582498673165
ibat1238	0.293386973209045	1.7791178250396	-3.173798443748	3.92270482695458
ibib1240	-4.20552982299176	1.98291023350126	-8.530122125307	-0.778810910170645
icel1247	0.324829397402973	2.64477884753028	-4.50417339608109	5.77194658124977
idom1241	-4.48309743362349	2.37694758540607	-9.72750854430783	-0.390433789198844
idun1242	-3.90568492217246	2.07361344917854	-8.63520297864805	-0.478372950505319
ilaa1246	1.64956852967846	2.42190909310084	-2.62208550013597	6.91892380472246
iliu1237	1.79611105556341	1.80864643861748	-1.58922021755005	5.66101030263895
ilon1239	2.58710084434518	1.7572505216448	-0.571951649165359	6.45637881423749
indo1316	1.94222881276077	2.19429589915314	-1.90306033731598	6.82260132646114
ingr1248	-1.60817050948722	2.38411264654412	-6.29323965346548	3.15095474803407
ingu1240	-2.1475698529344	2.49745897774338	-7.34327823216593	2.44663924550104
irar1238	-2.47611059599404	2.16692305298444	-7.19359313464254	1.29799656539514
iris1253	0.354306288265975	2.64798975560043	-4.41416868065081	6.00692042946299
irul1243	-3.04246073396326	2.24099112645303	-7.84341670993064	0.989981730198814
isco1239	-1.47969559085686	2.01429097533682	-5.67050955073705	2.20959874356104
isna1241	-0.265104822010065	1.52409886071589	-3.28814545335482	2.64169823772967
ital1282	0.380019970220616	2.70167963165585	-4.53721914122127	6.02395291559763
itza1241	0.360570475623932	2.52903519192088	-4.40225980985368	5.46861976230362
ivat1242	-2.08232831298084	2.04038553125305	-6.39394054048085	1.55752176145103
jahh1242	-1.58271654536351	1.72447264359873	-5.16525565824273	1.70061610278215
jamb1236	2.40206771715759	2.2220843933909	-1.53727280819181	7.35813816088599
japh1234	0.650458199337256	1.67436197595761	-2.49526615805685	4.06524981886586
jara1266	-4.32651113338418	2.16557104804304	-9.07403209303319	-0.475508843830267
jeha1242	-2.02852490239926	1.76342501105396	-5.62608067660074	1.25389007715531
jeru1240	-3.99180077661294	1.75901469916365	-7.87568116979887	-0.92596655132509
jiba1237	-3.66919675888844	1.65208823041869	-7.33138584064505	-0.754003760202449
jina1244	-4.72657951036732	2.1161289259088	-9.37393823655402	-1.05999651632036
jjuu1238	-3.91785420597668	2.17127663199085	-8.73011371290982	-0.10338370717311
juan1238	1.61878226581159	2.29953735648187	-2.39470828534437	6.53616007753085
juku1254	-4.38213600062819	1.6789564061423	-8.010192697109	-1.49548979675034
jurm1239	-1.52235001963357	2.21495438210376	-6.14840948471734	2.45442362800488
kaba1281	-3.10025324870611	2.39750639339799	-8.31503066332063	1.1589380969432
kach1284	2.46947743663202	2.54970173285687	-2.24702439022732	7.85153683635247
kada1242	-2.95206628862474	1.7797503619762	-6.62859070794205	0.373467234100168
kado1242	-1.88886253036036	1.89157243697187	-5.91638620096869	1.54916747768959
kaga1256	0.119575350641789	1.56542907866452	-2.88168274306	3.25486887730641
kagu1239	1.31068565095271	2.1303905266237	-2.47742169982518	5.91366762777973
kaik1246	-1.7162258937272	1.71139247368309	-5.33346761170513	1.41596528329352
kala1384	1.3326105518908	2.31584845201578	-2.74428391300863	6.31660696819742
kala1388	0.378380408422082	1.37063976217724	-2.2655061005744	3.13633350683764
kali1308	0.48792712691908	2.71538865814136	-4.61727643504232	6.04850475071886
kamb1297	1.85240088952489	2.37689400677544	-2.31456681513805	6.93796121408798
kamb1299	-2.49559622155783	2.29543351142789	-7.55112702343274	1.47221360075661
kamm1249	-4.14396528607573	1.99585108018887	-8.57457613927667	-0.676664397205589
kana1286	-0.613429912776445	1.33640953486618	-3.31592937387883	1.9634192924132
kank1243	3.21451758603425	1.70295286401213	0.169089776947152	6.97549471376048
kaqc1270	-0.606626596977862	2.23182965178378	-4.98606705260446	3.86024909372272
kara1482	2.20362053575878	2.22013524552596	-1.94335520767849	6.9265927109145
kara1486	-0.139344637508987	1.37774939373355	-3.01107227967278	2.42910953350474
kara1487	3.28890950469736	1.6203922836051	0.439640078035645	6.80834325988896
kara1500	1.38604510172119	2.26274602045097	-2.72309622995631	6.20199021720498
kare1335	0.423385462338398	2.63121502961718	-4.49374736068524	5.92979263051202
kare1338	-3.92041731926989	2.11722269371558	-8.63955416602312	-0.270058245810954
kari1311	2.81468154580215	2.33567878038695	-1.40185811494345	7.87953686234794
kash1277	0.407300928483808	2.58204566971207	-4.50101697836078	5.68102571660421
kask1239	0.378015229391506	2.70394775578582	-4.66191065501095	6.03576248069858
kats1235	-0.299744588297398	1.8167677328682	-4.0393495397359	3.22463052347359
kaya1315	-1.95786655506305	1.72808474959673	-5.53084695227406	1.22618156485333
kele1255	0.967141703255259	2.29407122036097	-2.99271092557601	5.99469073665265
kele1259	3.31181044501281	1.57277813252986	0.600435093107866	6.74532086714701
kemb1249	2.26354729023824	1.85672284870378	-1.03606648830976	6.31898456644453
keme1240	-3.70080341167366	1.36537577092627	-6.53874440833544	-1.17545012147122
kens1248	-0.647483903950246	1.73939615594566	-4.01767969876507	2.75137938662046
kesa1244	-3.64289008927995	2.30241133544945	-8.6379433830852	0.430395224826044
kgal1244	1.38639653488482	2.37087401684814	-2.77989460996271	6.47354450694156
khak1248	0.633110917841517	2.58989080833527	-4.03949521642044	6.02773841738998
khan1274	2.69157698975259	2.23823691701847	-1.2276504667965	7.55344853741202
khan1278	-4.62979161824693	1.83197273448799	-8.8168879292815	-1.50751839066159
khas1269	-0.619569801907118	1.49489255521542	-3.55701785755636	2.3390216450214
khez1235	-1.92525839646254	1.38607990851139	-4.83621725531115	0.635198878428974
khin1240	-2.57169606168726	2.44802191328806	-7.62825384048661	2.03399521541505
khva1239	-2.78020667410452	2.47152919426886	-7.79234593544601	1.76604873328718
kich1262	-0.303346930086248	2.25686413074128	-4.65864095134049	4.24070788423901
kiku1240	1.72103692320467	2.35870572876005	-2.49595379567286	6.69111350495399
kile1243	0.201825016138719	2.49128002834623	-4.29664621205309	5.48811227003115
kili1267	-3.16465136458276	2.22118490114987	-8.02259858248904	0.75153266628969
kimm1245	2.53540057984775	2.30454822931358	-1.62704257216224	7.49396983623589
kina1250	2.15587335474474	2.15894154174122	-1.65849443056008	6.90634370045563
kinn1249	2.52884064932822	2.22619411228272	-1.3013867559386	7.42717052656178
koho1244	0.282218325662294	1.95796867554087	-3.43430344808659	4.44570225846006
koko1269	-3.00015438566304	1.84654044209222	-7.01891572797602	0.144264726158971
komb1274	-1.50115609582621	2.48568905493781	-6.75163740224952	3.05408856934937
komc1235	-4.3317148880657	1.46883376171473	-7.56676500814874	-1.74437748614333
komi1269	0.383720522812068	2.64107118108218	-4.47566861273106	5.94732390341104
konk1267	-4.54204785115247	2.24030965287831	-9.26465997904622	-0.405010216416026
kony1248	-0.845905420586778	1.60507599374508	-4.09322215768003	2.27485234965274
koon1244	1.27089698642733	2.35117790819728	-2.96156655242913	6.28858911467371
koor1239	2.44811263917606	2.57104171769997	-2.27433773344365	7.99070105376225
koro1298	-3.12643795444372	2.09478470040149	-7.62821547241597	0.698558837626213
kosa1249	-0.918443305690499	2.32331351903754	-5.79957630320166	3.2947031580924
kosr1238	2.21527095195278	2.08168834166022	-1.48176397848165	6.69422674465498
kota1263	-2.62336996633977	1.82921651373118	-6.4338534527855	0.873213121244288
koti1238	1.56151785534163	2.39720657034413	-2.63211289384171	6.78971980155135
kove1237	-0.380743481420862	1.54913678340694	-3.62852114990631	2.59249317358369
kryt1240	-2.53056895837492	2.465330369855	-7.51509715011859	2.12645163491233
kuan1247	1.19439227324513	2.33038588917318	-2.89408144633833	6.11478879216005
kuan1248	-1.11088940787736	1.54496554607758	-4.39387117804607	1.67739444524584
kuku1273	1.84390992420561	2.07816751703001	-2.0640737043383	6.13535301069609
kuku1280	-1.9263735193356	2.20831159822157	-6.68733413560493	1.92104748761129
kuma1276	-3.64081261642451	2.08833170244383	-8.35815899979063	-0.16427134181196
kumb1268	-1.47008455762507	2.36429546135892	-6.56203526339275	2.79719149796343
kumz1235	-4.59021758530484	2.24093928019793	-9.26927702284458	-0.383873578644087
kunj1245	-1.09624153960533	2.28242468942042	-5.92332288144871	3.03521465988995
kurr1243	3.79379286896901	2.24085259697591	-0.162600553028404	8.62193407601221
kusa1251	2.52335460218486	1.7065090091226	-0.441037204300952	6.21957769561024
kute1248	-4.50290339620114	1.66687974345793	-8.18942989126181	-1.6371166753587
kuyy1240	1.42517991730268	2.12631299955232	-2.39105138547781	5.99474999500212
kwai1243	-3.35497035000583	1.92641689969204	-7.6887638442209	-0.13579697373219
kwam1252	-3.87087437045353	2.05284599434494	-8.49426374311064	-0.571399977179262
kwar1239	-3.46653835052795	1.93427931808417	-7.72371142446979	-0.113941355059754
kweg1241	2.22683249186857	2.50598988127699	-2.42374675431503	7.39877304807087
lach1248	2.59997162433955	2.32896273548808	-1.64870046607397	7.56764416493329
lahu1252	0.471232047431253	1.72303938490169	-2.75410139120103	4.06770179895233
laiy1246	2.5968745804715	1.98366491604387	-0.870319678260868	7.04780955858695
lakk1252	-2.86519759660875	2.54904637150504	-8.24905580376681	1.92496547287605
lala1264	1.42099178153633	2.43066795232284	-2.83681781491069	6.8011276206565
lala1268	-0.254804942775821	1.52598421375819	-3.22649131505991	2.82582492025042
lama1277	-2.52927397736509	2.11728084355391	-7.19473749741088	0.98214311499665
lamb1272	1.61314315372509	2.39192730279054	-2.65837781223628	6.64264257116492
lamk1238	-3.77552875031273	1.88626443451491	-7.89826633678796	-0.469065025136072
land1256	-4.11731615688729	2.02746995336275	-8.70483457293923	-0.64541529030316
lang1320	-0.31674937603846	1.82287663856234	-3.77545970145644	3.46076374110883
lash1243	3.05179898242431	2.20640033926306	-0.679253324396533	7.95224650877063
latv1249	0.425591009507814	2.57657563149885	-4.37104196386985	5.68677022018349
lave1248	-2.60081431536533	2.07601216639997	-7.14185032034824	1.1674663466899
lega1249	1.71115759934685	2.38997181094214	-2.51196713197803	6.86908900634964
lega1250	1.77779123870295	2.32931966308892	-2.31325155188957	6.76250748253903
lele1267	-3.32955032229111	2.02247489103878	-7.79759774153356	0.172717019866649
lemb1266	-2.85096890210459	2.55388000856198	-8.20082928776109	1.84565638489409
leme1238	-3.07452019349666	1.97719569379288	-7.57766176362343	0.233394835492005
lena1238	-3.86223969171072	2.10897404918178	-8.52258458237591	-0.362579839974499
lend1245	0.502655878054591	1.97148125046143	-3.24768934793914	4.50496582026068
lepc1244	-0.717909777170527	1.6251808458317	-3.94858626429766	2.42480693039882
lewo1244	-2.63686226758971	2.12541517121867	-7.29811262871716	0.922424909591735
lezg1247	-2.71385070492875	2.48720773202587	-7.78331986215816	1.94164128681918
libi1244	1.14106959054866	2.22787019497494	-2.81196236006227	5.92928472902709
liby1240	0.838421885963202	2.48109382138647	-3.62343655967351	6.03278438547093
lihi1237	-0.480554354610258	1.5780257779922	-3.6517908783869	2.48671570737865
lika1243	-0.206000590739421	1.77685288804771	-3.49798768920572	3.49990845465968
lill1248	0.728323685993631	2.65723375360818	-4.23746640155991	6.33910856791285
limb1266	-0.193476387211842	1.35064613692883	-2.82024181156958	2.5201040224065
limo1248	1.08482846948173	1.29716139179442	-1.34088462412995	3.74364197938585
lipo1242	0.220631756012048	1.60889611432937	-2.87657661683002	3.45830220329074
lish1245	0.630752666868291	2.58338219313969	-3.95703197910267	6.05301649937514
lisu1250	2.90403164639958	2.15883510116504	-0.968189003228362	7.57848455224551
lith1251	0.520239273567612	2.65826437143194	-4.2804382135278	5.99677382818557
litz1237	-3.14855492377349	1.47398483053169	-6.26818354429428	-0.589173454261761
livv1243	-0.287812016608547	2.61291504367798	-5.26551257201167	5.07841617110444
lolo1259	-0.196417325236895	1.62141353712395	-3.51664818860655	3.00828347226392
lomb1257	0.558153087957662	2.63093507008748	-4.20713565835993	6.07637630594209
loni1238	-2.87250084911412	2.14495342047606	-7.7325362541841	0.752774524553759
lonw1238	-1.30464344262133	1.1503970130182	-3.70347898496066	0.809405651672361
lote1237	-0.721019355877128	1.46874828085907	-3.73808598569351	1.92978601167139
loth1237	-0.364456654127051	1.37004312298377	-3.11761980012976	2.27056951164698
louu1245	-2.98581075981837	2.07094768813154	-7.69723773300214	0.470262026757571
lowl1265	0.666927849588667	2.62307129406069	-4.34755197789129	5.88189232382552
lozi1239	1.99342264169958	2.32760073138463	-2.17554799615016	6.89392745024965
luan1263	2.34608903897362	2.00890897613918	-1.29284719315008	6.77695623597266
lubu1243	2.38118761780303	1.51466253288103	-0.333826443207802	5.58864710666011
luch1239	-1.54101948674621	1.75597508718073	-5.04415631578543	1.90776420588373
ludi1246	0.418150727704264	2.63273888265819	-4.51021099568373	5.80116565464407
lugb1240	-1.25950623299786	2.02359140547648	-5.54711937317705	2.4605395096413
lugu1238	1.92077204441206	2.21065335024144	-1.94273417837052	6.68631111625637
lule1254	0.628109564058941	2.60032399623767	-4.20787985659945	6.05909975181245
lund1266	1.30570194061762	2.37848080663806	-2.90855674963241	6.44324629570625
luse1252	2.27740734184317	2.30817811853803	-1.80283207262328	7.27950329783404
lush1249	-1.97508180660045	1.71035093840347	-5.5944509903874	1.15589881716112
lush1252	0.727279040647439	2.73453009677709	-4.35533420480619	6.26508056502508
luva1239	-0.486131905497573	1.77637606261283	-3.7674571058905	3.20288493291632
luya1241	0.282232621175828	2.0203580153411	-3.45322885417803	4.51856199625293
maan1238	2.33152372822582	2.14512094786101	-1.34849853375549	6.99940099696143
mace1250	0.631212319736955	2.65311411124672	-4.38472122096085	6.17809428758674
mada1285	-0.230669799253182	1.41484835116316	-3.08432022379114	2.53501530141825
madi1260	-1.84396458774865	2.11199846870438	-6.24700586030704	2.12938237813466
maee1241	-3.39833024514281	1.56676902174541	-6.81182234652602	-0.730364155755297
magu1243	1.2140228976797	1.392925416865	-1.47403660277197	4.09394798389415
mais1250	-3.49244973763769	2.25375994724118	-8.21626340798854	0.398455739703972
mait1250	-1.97638598419743	2.03703162555462	-5.84628331840643	2.17131593539247
maja1242	1.41212622454692	2.66137574128624	-3.54357161781203	6.9014741167485
maka1304	1.54048997275327	2.2495884191914	-2.49975405426524	6.45763488702615
makc1235	1.29713296819566	2.56627421232226	-3.4356559852822	6.65531306957789
makh1264	1.83588939382929	2.36451722990996	-2.33663820703888	7.03057219437457
makh1266	1.90763651265248	2.39336260052733	-2.30112139380065	7.15413810565519
mako1251	1.88009460130544	2.38600231620343	-2.35662971073481	7.02476865126939
mala1464	0.209420927193092	2.280290585364	-4.08615057760433	5.07246434958995
mala1479	1.69345620848932	2.32691027561594	-2.59307999695638	6.63303065717873
mala1522	1.86849152680029	2.28072746986159	-2.27835742235062	6.77608479204813
mala1534	0.472954662370254	1.26464907556166	-1.91781281746196	3.0629075832076
male1284	2.75362328369729	2.44990732640691	-1.80330782598511	7.87099804682258
male1297	-0.504815797903495	2.26436147949555	-4.79339800638328	4.19207190131859
mali1285	0.817124598079692	2.24219788663224	-3.58528973271836	5.40520050076261
malo1243	-3.64375059098213	1.71443538398373	-7.49106325164483	-0.723411195290634
mamb1306	-1.68889691457492	2.05423493115314	-6.04777324359681	1.91547582652944
mamm1241	0.450803889910275	2.41183434701567	-4.28232687120572	5.34093627611221
mana1288	-2.64792344610455	1.67600069900456	-6.22979805441454	0.371301918471512
mand1415	1.71650506326828	2.20972860609802	-2.14912110527333	6.49807760527561
mang1378	2.55936288128385	1.95972524798601	-0.976807420123393	6.74772006255579
mang1394	-1.25417821073865	1.85231430203761	-5.13461594125417	2.16866201110092
mang1401	1.83952150727499	2.17542169828452	-1.94129041984196	6.643173038298
mang1403	-0.555532571867275	1.37657460537253	-3.36006335231793	2.05281631950493
mang1405	-2.5120577776728	2.06866694857379	-7.0527524276654	1.05019650757123
mans1262	1.18334702145899	1.84182404320167	-2.13967785196417	5.08507775197895
maor1246	1.81894548463235	2.13622853575518	-1.9638727088374	6.52257250376424
mara1378	-0.138719223098226	2.60362610768979	-4.81953344540536	5.23436711156973
mara1379	-2.16549747378739	1.54019867408537	-5.43269656194712	0.675247377830251
mara1382	-0.225900273063789	1.74504202654295	-3.64509259662067	3.213816960707
mara1404	1.64099884527929	1.68758472042359	-1.43710695046616	5.26092484809526
marg1265	-1.7925442571958	1.67595375630544	-5.13351945263651	1.52382333940173
mari1416	-3.78000540533889	1.80189664546263	-7.82659701124396	-0.709650013125898
mars1254	2.24261467864488	2.07212507648909	-1.38734557490614	6.72829625661924
mart1255	3.43543688533468	2.26850778219204	-0.591162015417097	8.25550566493019
maru1249	2.22019682167553	2.18592743292926	-1.61228068024659	6.9072488613043
maru1252	-1.19942174237799	2.12905081171878	-5.69766148055965	2.76627179164957
masa1322	-1.71631275661638	1.91242741254317	-5.33921878789305	2.22632970816198
mask1242	-2.49146443917778	1.36029791032818	-5.40449555100697	-0.0997855787284867
matb1237	-1.97870925849647	2.12730967469828	-6.61686036491028	1.7136330249334
mati1250	-0.788063061213687	1.28521896228557	-3.41724489871379	1.67961410835664
mats1244	0.791996174731713	2.04019515278465	-3.18478020266852	5.11308701924954
matu1259	1.95733774429066	2.31111844950358	-2.11383234609003	6.83189912689294
matu1261	-3.76937099618464	2.16353934504859	-8.70672906264756	-0.214241753050295
maxa1247	1.53744091490413	2.33534247629312	-2.73182228711478	6.61918296896438
mayo1261	-0.10420410516481	1.79020646076807	-3.40570349935153	3.65985247708628
mayo1264	0.561062070790459	2.72040458515736	-4.45313181868571	6.27544387422399
maza1304	-3.24541838304252	1.41355825667231	-6.15091272835355	-0.638245374838259
mban1263	-2.22082331670694	1.79573548769984	-5.9272230641116	1.17989720117546
mbay1241	-3.81665295779278	2.20242444433418	-8.63807131589685	0.0909274186776744
mboc1235	-1.93272318922168	1.43992050892799	-4.84270763642416	0.876932844061408
meen1242	2.07504871872253	2.58988857116402	-2.84382327323073	7.44781557668045
meke1243	-0.161609862834089	1.53398008983474	-3.17094569991196	2.92907807536521
melo1242	2.7008829071338	2.4879793895356	-2.00420934336212	7.88783026505715
melp1238	-3.12532818014869	2.37735131171795	-8.28307202881497	1.14052449252807
mere1242	-3.78023874865566	1.90413170352253	-7.96568145573508	-0.48997350261896
mezq1235	1.96853881643095	2.45681822669972	-2.59048127779868	7.26445181798057
miju1243	1.48502083564599	2.10181415926343	-2.21238098872327	5.97313305995513
mikm1235	0.383155930191905	2.62674061744894	-4.5233716339255	5.65787096281168
mila1245	-1.23968527059145	1.64840816364824	-4.65178212196733	1.94366873115658
mina1268	2.46485905491699	2.16385718213004	-1.36924758084662	7.12893576204958
mina1276	-3.80803912724907	1.4500485222983	-6.85371092290375	-1.18592785069619
mini1251	-1.09078693596966	1.54653520682858	-4.3180982987113	1.6889461032928
minn1241	1.79880783279323	2.27705045563232	-2.23266649110047	6.84839814037615
misi1243	-2.3407985481382	2.18314252048171	-7.06210559149233	1.53848121019206
miya1259	0.789029762042943	2.62503952314695	-4.09269752404463	6.31131003204391
mlab1235	-2.1486438212345	1.79820748561513	-5.8408879518542	1.20063664855222
moch1257	0.888814177163949	2.43220150111877	-3.81330034171373	5.7632136285043
mode1248	0.358512006867507	2.63486710248636	-4.55300128417886	5.89531623336183
moke1242	1.16227980627395	2.36236842866217	-3.16996682947087	6.12589553178621
mokl1243	-0.0499639851223364	2.13125099233407	-4.09648298265168	4.39110991400171
mokp1239	-0.0751694156662755	1.76933530473234	-3.31972287815869	3.56292125410363
moks1248	0.341221064574802	2.65966815335821	-4.60615063164953	5.65634333479696
molo1266	-5.0946438928429	1.7623127576563	-8.9534202962072	-2.04179895546759
monn1252	1.83799490270939	2.28019860021395	-2.20516492872759	6.65857966464851
mono1270	-1.08952779151842	1.78931561846283	-4.55142734247297	2.61465264900981
mono1275	0.32296839071818	2.70768835957201	-4.72177669895781	5.88628964214239
mopa1243	-0.0897500635931431	2.49637019408829	-4.74511020046706	5.01442707623211
moro1287	3.19819802072224	2.3624195204149	-0.824914503640784	8.25160075362598
mort1237	-1.86166023871764	2.2432078231726	-6.7040874006621	2.04751659483897
motl1237	-2.66310427788577	2.03781829743834	-7.23936359944927	0.84279469370051
motu1246	-2.61509896524413	1.81742715751877	-6.52658210535503	0.687220459711059
mpad1242	-4.53612645663853	2.2163464705522	-9.44921405886122	-0.609012229569805
mpii1239	0.354715934876292	1.8573438666479	-3.1378389561308	4.132133560086
mpot1240	1.86614255036849	2.41186302112469	-2.35453673157931	6.99708346053783
mual1241	2.82721304577948	2.05972840246061	-0.858777401884613	7.24728048680897
mudu1239	-2.98002788849741	1.82576510067251	-6.76752740858275	0.414707818036186
mudu1242	1.49174014093188	1.84626244183187	-1.94077226317518	5.35767422157398
munc1235	-1.99911258502501	1.88806155112739	-6.02412628630705	1.42515538458596
mund1320	0.90193646416883	2.14901879546149	-2.98337538235824	5.49558495979416
mund1325	-3.96589970741685	1.8572877269402	-8.07128797312829	-0.747918790529445
mund1328	-4.26272278403585	1.37321965473847	-7.24786114954587	-1.86173864279772
mund1330	2.9208303566413	2.27903268950728	-1.25550449289806	7.91214261754131
murl1244	1.21320573303426	2.64638508136347	-3.91929416089578	6.86107991829182
mwag1236	-3.31004932342307	1.81774016511394	-7.08124482124587	0.0170689926352668
mwan1247	1.74635026055994	2.40202840747183	-2.54306659393011	6.94136193797088
mwer1248	2.02096238241797	2.377001064477	-2.11040298113969	7.01255854810559
naka1262	0.437214692476237	1.48133439171721	-2.4881191894691	3.38700867083046
nali1244	-0.364133502759262	1.41771113593751	-3.32100244555526	2.2386308566379
namu1246	0.590848288710955	1.65907371759491	-2.42949884375759	3.98506407562865
nana1257	-3.60987118901949	2.24718467517377	-8.3613583782565	0.481187502664726
nang1262	-2.72938504655929	2.19721835275767	-7.5132732629652	1.12364919234501
naue1237	-0.333450721567919	1.84653129106157	-4.08151560997344	3.17354524664049
naur1243	-1.67024027229955	2.18045392964833	-6.47673811718333	2.1094891009427
nava1243	0.486052030026262	2.58694083746634	-4.42611042306006	5.7196993824922
nawu1242	-4.63080346851693	2.26256616483543	-9.62876302482436	-0.816614019547384
naxi1245	1.38001365509454	1.94837739802855	-2.15028289489372	5.47479824651061
ndam1239	1.84990240156437	2.42367700604603	-2.42629020840572	7.14609805955184
nege1240	1.33594365588356	1.99820984082977	-2.34533749544133	5.49347677510675
negi1245	0.758464417067923	2.5411062965646	-3.92407072453373	6.05706991282804
neha1247	-0.531869531975939	1.87502155226155	-4.54649919526886	2.97166425855142
nene1249	0.378938048183703	2.64129971097572	-4.40905312343008	5.73064831707897
nepa1254	-3.16213250471001	1.52563190322007	-6.4196719195495	-0.33856163677142
nese1235	-3.50547070101851	1.61998483249898	-7.06565624564334	-0.701157929649895
ngab1239	-0.664275636250281	2.14041519346095	-4.84723732970985	3.53196240990164
ngam1268	-3.51656278159913	2.21781269143753	-8.30319960097594	0.402777623212333
ngan1291	0.361168844269242	2.64694347587933	-4.4634136149414	5.70420908858895
ngar1235	-1.45135287635427	2.29242095043068	-6.40406103459559	2.56137365276873
ngas1240	-2.0537643845318	1.72805375884483	-5.52147909935481	1.31059053415926
ngit1239	-0.956834828326597	1.9760824330645	-5.05808482026026	2.65594256120557
nhen1239	-1.30073191879665	2.33390248084001	-6.17128419461642	2.93561596103534
nila1242	1.33299207450238	2.14955703954877	-2.49429994474952	6.02699681856629
niua1240	-2.40148379490603	2.10582438735736	-6.95533293835488	1.38590429190925
njan1240	-2.53577427513082	1.60248630150395	-5.8870147837183	0.558462252440823
noct1238	-2.03687291323841	1.6285493012273	-5.43116537004889	0.933511071474279
noku1237	-3.52018909053358	2.15014751070599	-8.20913827910786	0.23339306737236
noon1243	-3.98862150369888	1.45227622353604	-7.05713194984661	-1.37564425332419
nort2671	0.425473039820715	2.65362656154515	-4.44435104723586	5.8775516117183
nort2684	2.08832813770607	2.26368448773024	-1.8691743754974	7.00661414418051
nort2690	0.633775926360532	2.62874493199125	-4.20158391745085	5.97886823207803
nort2697	-0.97023796305405	2.26011729829044	-5.29046239351494	3.61966783842215
nort2702	0.479668005657129	2.15900916378356	-3.48136731128983	4.95183240315952
nort2722	-1.94470895220233	1.77674252082409	-5.70755734005829	1.33991364001852
nort2747	0.914897274904823	2.46563829686059	-3.71201383522254	5.97498067086415
nort2774	-4.04895981686789	1.93566191195912	-8.34383005992578	-0.759698894463032
nort2839	-1.01915280078599	1.18369785675463	-3.48205620790934	1.21098351840074
nort2845	1.82700978374088	2.14637046063613	-1.99630529667005	6.42575860581726
nort2864	-2.11442108851223	2.01898132947768	-6.51726131259375	1.3418729936788
nort2877	3.0853331337347	1.62494101859263	0.258242110090916	6.67092205947035
nort2942	0.421984849965297	2.67467443557257	-4.64760306989102	5.92694052865964
nort2954	0.331969130767765	2.69414879262627	-4.59799841819005	5.87059821479482
nort2959	0.520947762854252	2.78310763829612	-4.76089985712509	6.16724275039944
nort2961	0.416339777396859	2.68421743162524	-4.62916562552736	5.87163521114732
nort3047	-4.94236632509804	1.71921152576279	-8.70460830897059	-1.93250525638549
nucl1235	0.117016415789085	2.56076895447257	-4.636133213009	5.44098633683779
nucl1240	-4.03979377730084	1.88881816972658	-8.17129404482809	-0.682792289267014
nucl1301	0.614895124439533	2.53147981200427	-4.042422457506	5.89413320738888
nucl1305	0.549485201589496	2.3344354740042	-3.7505365746573	5.4734546777691
nucl1310	-1.06288961506865	1.51484538450328	-4.18275879646834	1.88196225626464
nucl1417	-4.68088537827767	1.82921554895842	-8.77956096680679	-1.62182547117006
nucl1706	0.670209611624975	2.6079565047027	-4.03314274061763	6.09692703165934
nyah1250	1.95308885320598	2.3013860967352	-2.09551984112265	6.86176417573042
nyal1254	-3.06077652748785	2.19539013279175	-7.8921188013602	0.756877580741967
nyan1307	1.11702314719937	2.29636882731222	-3.0243162929169	6.07961134568326
nyat1246	0.876610317439264	2.03285317660117	-2.82598332180035	5.2447137126527
nyor1246	1.34441489119693	2.14457988038246	-2.41096512999458	5.98313188395759
nzak1246	-4.28004834987255	2.06902639920975	-8.84291081208709	-0.63351301093311
nzak1247	-0.353398487151856	1.86635167007948	-3.80398725759081	3.57886654931153
obom1235	-0.0555278862574145	1.25540927729088	-2.52053007643482	2.42650435261957
ofay1240	-2.50265053400201	2.196136836413	-7.17872150584209	1.4802072983889
okan1243	0.708246366422637	2.66032990115642	-4.32048078134869	6.12514038028429
okin1246	0.896745331924197	2.55987963477686	-3.93948775657098	6.30301646242509
oksa1245	-2.40188999274486	2.48974729011989	-7.69755061772068	2.01571801554345
onto1237	1.68428469734716	2.15166863184616	-2.13952102510136	6.24072384442758
oriy1255	1.36961865795468	2.47344027541616	-3.22693318619913	6.41753095099957
orma1241	1.56943939339197	2.52830973464713	-2.96358240601041	6.87757850982987
oroc1248	0.543929530614168	2.56277458922168	-4.18388002030817	5.81201597127737
orok1265	0.748240784345252	2.55839439623347	-3.88756857236966	6.00984198134518
orok1266	-1.0646751214556	1.55808899179452	-4.0580183814516	2.04498159119798
orow1242	-1.95175900571672	1.53762837048447	-5.21144594089864	0.849949404017165
otta1242	0.412815729024532	2.65862557281729	-4.66768845083294	5.89075408020944
paas1238	-4.90851664047202	2.17378620090225	-9.84216060107143	-1.27319660756293
paco1243	-2.80008933514727	2.20282298525185	-7.6197111610229	1.16129975895261
pagi1243	-3.78857701898995	2.02401042842901	-8.29959232855508	-0.380241986821201
pahn1237	2.21676856096002	2.30847574937369	-1.9627506279407	7.10848520006811
pala1344	1.72684094104804	2.20674081127797	-2.10807232921516	6.46335727229806
pamb1243	-2.62361244401404	1.99855684541215	-6.98019449798243	1.10462344682107
pamo1252	2.01725762354582	2.10186837647987	-1.70349159713802	6.58533426950569
pang1287	1.99437155409126	2.42118649259786	-2.36372816774857	7.12636731206765
pang1290	1.67187351536594	1.62449044710966	-1.31968443330721	5.07069129705459
pang1291	1.34751964611672	2.01798419501241	-2.28402715169524	5.69110737583443
panj1256	0.677179809258579	2.67538992129011	-4.31464928763486	6.16974211737374
pany1241	3.13587944044015	2.33504019362319	-1.03878741567911	8.09957853975415
papa1265	1.23544053984156	1.48586469802051	-1.52124414093769	4.35184551717175
para1301	0.977138540080115	2.07648476160768	-2.79944494675553	5.46187019801305
pare1266	0.0538121891788749	1.53479172660323	-2.87628279571417	3.18541899882026
pate1247	-3.00760281632213	1.93928192404648	-7.37940252116357	0.363952904903406
patp1243	0.119636123317956	1.3376990740221	-2.53334913945803	2.71839010109802
paul1238	-1.99513569410812	2.0064180461571	-6.41151881424683	1.43363437682182
payn1244	-3.4156432763231	2.34326037574973	-8.45643073906217	0.739526638869277
pech1241	-3.47990528984353	2.23081677456726	-8.07445606014751	0.641387867890135
pela1242	2.5154498323793	2.07630723392805	-1.04473708657844	7.15863520187013
pend1242	-2.44133759345749	1.966073573335	-6.62995516301521	1.01131793628589
peng1244	-0.0903523444194987	1.62668141127812	-3.20549604954307	3.23090052955441
penr1237	1.8524849249583	2.21705862793594	-2.05380147693057	6.49710504299299
phai1238	-2.42871518332417	1.83385947896974	-6.34634675841841	0.934654467189433
pile1238	-2.70581400505328	2.09323854253396	-7.3258904355162	0.827881950409913
pipi1250	-0.775669134799545	2.57164965881575	-5.57377876918846	4.48639409139803
pite1240	0.63865232578815	2.57079450378844	-4.15281322307466	5.93974742431894
pnar1238	-0.560154926917417	1.62801835687573	-3.82281325876749	2.68662902725565
pohn1238	-1.66232134026959	2.19350846575482	-6.49027756735392	2.1881870399034
poli1260	0.360369397730095	2.63846632975733	-4.51815337948497	5.87425399772659
popt1235	0.661583821721801	2.33900103577539	-3.8713371732674	5.44747100700632
port1283	0.417921905497236	2.58945386797872	-4.36298116995386	5.8781428393714
psik1239	-2.92000858951554	1.43612990911918	-5.81223231458346	-0.212281073478149
pulu1242	-1.87040642172853	2.19848318090316	-6.54361024573334	1.99787627980728
puma1239	-3.60933966495951	1.65204940228726	-7.22300743086281	-0.677234566594851
puoc1238	1.97800529975466	2.23626287738769	-2.0764729867443	6.85104682399364
qanj1241	0.112614880244679	2.41228762781778	-4.62347201933797	4.95013570964276
qima1242	1.04866791482199	2.48806347278816	-3.44165150287822	6.38746159959351
quer1236	1.82265017031952	2.44319463217861	-2.74413297785142	7.05119806614144
quio1240	-2.94960521748554	1.99701030098275	-6.95705845915398	0.795109774013917
rabh1238	-0.353009854162067	1.48436835200872	-3.26408457749918	2.52569739434435
rade1240	-3.60642770494259	2.12115470054852	-8.06058190369174	0.277451237169633
raji1240	1.45275312431155	2.08684871439269	-2.32600585387064	5.77355531058234
rama1270	-3.04683460396374	2.22504608239965	-7.68284864305913	1.14998592272843
rapa1244	1.80359497609979	2.15774467185634	-1.93216696095562	6.66898051917495
rapa1245	1.8400517610576	2.21053246489456	-1.95655706992082	6.64063810715441
raro1241	1.84372040821041	2.16945073757697	-1.99244123960052	6.57451777647666
rata1244	-2.07262925892916	2.17393364671374	-6.85524148564462	1.7296797102641
reja1241	3.15852697811337	2.20413518754079	-0.597510610510652	8.03350230445329
remb1250	-2.60801762926695	2.19678987131267	-7.40602168571413	1.24652502045178
reng1252	-3.89530004850248	2.27455127416182	-8.97891262855563	-0.0231366062891016
reye1240	-1.27074599844203	2.21126891328184	-6.0391139671464	2.85153564632561
rikb1245	1.69280852631708	2.34066610468853	-2.50741899819618	6.73925600763388
roma1326	0.523346495521148	2.59376289990702	-4.2190597900877	5.91170309393697
romb1245	1.30907522464393	1.74969674460922	-1.8886122988434	5.0877083753508
rong1264	2.19380660222248	2.21087134069797	-1.66919747192385	7.04344375392985
rotu1241	-1.70902656130652	2.24502038072346	-6.53338789701001	2.2279103798107
rovi1238	2.67591522844142	1.68993354909446	-0.237495316672332	6.43733264673197
ruka1240	0.00355565967687626	1.4747542362461	-2.95896409396093	2.94345682044581
rung1259	1.85916490971184	2.07947212577488	-1.86816997081105	6.46410520915266
russ1263	0.268086655785127	2.64245421293465	-4.56139805627704	5.65070824900536
rutu1240	-2.66396175572363	2.49243340266642	-7.83772033140784	2.04140005116872
saaa1240	-2.51393306371881	2.15100709278217	-7.30275447032667	1.12759461469752
saaa1241	-0.600552621761864	1.24868994561868	-3.10222631847868	1.78769487197833
saam1283	2.02141817666072	2.30306164630617	-1.96983220528879	7.01156754127647
saar1237	-0.806141053067399	1.39041905413951	-3.65434799496877	1.88397971425564
sabu1255	-1.69318204176224	1.86825974628482	-5.60052721939418	1.80088363100963
sais1237	2.2954353070482	1.81916139809227	-0.934799664693507	6.13382266291577
saka1289	-3.65918937888048	1.95191728109174	-7.94130811339841	-0.240933591667956
saka1291	1.33521253452136	2.43428235630789	-2.87215991170953	6.59509951084076
samo1305	-2.090604591016	2.15721091679008	-6.82193208483732	1.77329461172274
sana1295	0.710154498789185	2.55013233755952	-3.94018258069804	6.124321923251
sanb1241	-2.70110834292671	2.00303451716496	-6.84540049599744	1.09495802833657
sanb1242	1.66812532030325	2.41621045362154	-2.81272918811811	6.70101843077572
sang1331	1.49728129567202	2.36174881978292	-2.79192788229597	6.61426149595465
sani1269	2.84638292939187	1.9869989072474	-0.646041890652491	7.143268684107
sanm1295	-1.71853446354028	2.08779175019723	-5.91608827736159	2.24198760314798
sant1410	0.4427531634949	2.01342021584063	-3.32620679493295	4.70896680945432
sant1451	-3.35756058216357	2.18291340988711	-7.95260233767034	0.628897592319229
sara1321	-1.88255015428633	2.33041709313123	-6.85538214449553	2.32092043404108
sars1236	0.49587128453899	2.71680991379085	-4.57229037096333	6.0912835464955
sasa1249	2.60126625987396	2.14830562399346	-1.20913476607821	7.30381434771064
sauk1252	-3.54553174185321	2.14687334561844	-8.18016522479525	0.105776116059056
seim1238	-2.11495341998301	2.32088102786525	-7.19350506428467	1.92089269970989
sela1259	-1.42813261639879	2.20142821393586	-6.25760755356664	2.42430167708738
sela1260	2.99431462441485	2.07899839145424	-0.60458002997824	7.60173443040201
selk1253	0.386664930413656	2.73964827195235	-4.82443357909122	6.02894614925474
sema1265	-2.65947308635956	1.94198415502179	-6.82643954750243	0.901867081443174
sema1266	-0.186134120329242	1.78815493703955	-3.62919204732451	3.40991343154043
seme1247	0.890768838481592	1.8805724074784	-2.57283513639217	4.85612614933342
seng1281	-1.51579910503904	1.79205780350185	-5.23354343001607	1.6921096309282
sham1280	1.95170772967041	2.32385274742762	-2.23341944951603	6.96501401728921
shaw1249	0.428212904221143	2.66055731196356	-4.49884943120708	5.97641513083634
shee1238	1.45151940224703	2.44841462089898	-3.21154027568687	6.62245024208627
ship1254	-0.0306000401633838	1.92228568987343	-3.8007138666674	3.82625379665185
shon1251	1.36941595572323	2.40900770753001	-2.83304500369617	6.61766077784946
shos1248	0.29839955159911	2.63313687182472	-4.74726435926469	5.68051617610932
sich1238	1.14146032114494	1.79086746183527	-2.21938180585232	4.97614668572564
sici1248	-4.64502271231741	2.24042486140862	-9.30559275171224	-0.404160422007211
sier1248	-0.499389219228973	2.31088495678787	-4.93440533435749	4.08305762343353
sier1250	-3.31103225616254	2.06508882970646	-7.52974473621723	0.516131119891507
sika1261	1.4819870149696	1.9758133446545	-2.15553251355475	5.67557272977493
sina1266	-3.2681289596192	1.91015729960165	-7.47673929228809	0.0638259978568869
sing1264	-2.18557260392781	1.73422242577017	-5.93835547180536	0.920849347085217
sioo1240	-3.21045152760718	2.1853963490311	-7.95546473372776	0.583009509745022
situ1238	0.224288203894805	1.550560333318	-2.72024843756618	3.43322933222806
siyi1240	-3.42887980300984	1.99297874919497	-7.70985804693737	0.051392203413052
slov1268	0.380036525855349	2.63881208736868	-4.44019929099693	5.83944722027861
soch1239	-2.02848563609499	1.95266930799833	-5.92118755511605	1.80072914245054
soga1242	2.08168434393267	2.31829385425178	-1.95691351947069	7.14360409599244
sons1242	-1.58383604963735	2.22871652003206	-6.49304875426678	2.29570484209876
sooo1254	1.54339359826557	2.1883526542747	-2.3856196919777	6.34459488582217
sora1254	0.428806706279739	1.67693166363348	-2.75727579092929	3.86976133867823
sout1528	0.496735949732511	2.68603664222123	-4.51602240252849	6.07105992501849
sout2674	0.345895093756768	2.63493916058276	-4.56227205763738	5.75847344737311
sout2715	-3.11851681611054	1.52764714022611	-6.32174682785029	-0.3227770690375
sout2728	-1.9079034256419	1.81032155256009	-5.7877536346259	1.39189631517657
sout2782	-3.795115627184	1.86700038710679	-7.89853355962051	-0.490832207488339
sout2807	1.39955381040617	2.37290360605731	-2.79158015044343	6.43210188125697
sout2856	-3.32924437588182	2.03089541931326	-7.76201216888924	0.105392730113107
sout2857	-3.15915910750276	1.60848266971394	-6.60190976424098	-0.305583391317079
sout2869	-3.87206455567009	2.0772265591493	-8.55058952306488	-0.510092244418771
sout2918	0.703420500719393	1.79629879964422	-2.71962688897236	4.47376127376709
sout2954	0.745509358041059	2.69330940998486	-4.23144000394256	6.33496003916058
sout2959	0.385454276651929	2.60934247938151	-4.59549185695009	5.85596058230655
sout3261	-2.81459301671291	2.58811579837084	-8.19699709787731	1.97585848301369
stan1289	0.381925239430825	2.61841669089344	-4.49125252126997	5.75975500178552
stan1290	0.352247731055888	2.70270972050695	-4.6506093169945	6.05716375610718
stan1293	0.399084427180507	2.65773404880849	-4.55805618183632	6.01475820889307
stan1306	0.952170946095936	2.02155290237547	-2.7692020687855	5.25768833657682
stan1318	0.653612806886876	2.58154032679376	-4.06427442878802	5.96623443593403
sumi1235	-1.73974108745496	1.41959728767519	-4.74185386583306	0.879419908887965
sunw1242	-4.24442900617767	1.80561606297101	-8.25645086162658	-1.19624704014307
supy1237	-3.50548442203511	2.28761579833896	-8.60993911910025	0.537491084018997
surg1248	0.362672143988118	2.70499460758487	-4.58216912094376	6.06323616240455
surs1246	-0.702160479831316	1.56021649937226	-3.9303574171045	2.22701050082652
swah1253	2.17748815299237	2.41617582725534	-2.10510577421835	7.4079164454421
swed1254	0.378619402864575	2.65888711267977	-4.50049702945935	5.80766751451276
taga1272	0.0982558266797458	1.25984865452969	-2.29845222891661	2.65139395965352
taha1241	0.908609810896949	2.53222045158481	-3.59847849013205	6.24162150793103
tahi1242	1.84908064832465	2.2649153963691	-2.12237157713727	6.87079038754082
taji1246	-2.24419129586552	1.91670011259264	-6.36817392723706	1.08027519380217
taku1257	2.39179557034109	2.11632698881721	-1.33049860169485	7.03557748578925
tali1259	-3.13999647000836	2.2742549360307	-8.19363720778825	0.777866202092623
tami1289	0.375501097935715	2.30793307472895	-3.91725949887258	5.26523967160759
tane1237	-2.62269524587528	2.12314267970209	-7.32605624586572	0.966578698170706
tang1347	-3.82793248107	1.82733090230302	-7.88350083181023	-0.679067852755723
tang1377	0.219725105836148	1.63924522161458	-2.97935324807346	3.54315599398066
tara1313	-3.75037597555555	1.79058653620758	-7.80126775182558	-0.678778135659096
tari1263	-0.484682333098868	2.21307221247623	-4.61025878891926	4.10483426914968
tata1257	2.68778799785092	1.95784846611951	-0.670685708764034	6.83845056673197
taus1251	-0.994191554457682	1.82096291893176	-4.84144241886611	2.46045270900928
tawa1286	0.63860335559296	2.41287488246867	-3.74483141633164	5.74243112144504
taya1257	0.816254124159653	2.52424870724418	-3.70043368274802	6.26104039204092
tbol1240	-0.49679499533229	1.63757285797133	-3.77836178786724	2.63746595385699
teke1275	1.63390037527138	2.42213680354586	-2.60197051688886	6.74554272124889
tekt1235	0.890274606674458	2.41320811301447	-3.73765401289219	5.82903789243318
telu1262	-0.38239762552755	2.02976789256074	-4.30037140240293	3.68782041331293
temi1246	-2.04315214516147	1.78516914638621	-5.72974469331385	1.25170529531457
teng1272	2.16243650492088	2.1306463310757	-1.6131768029475	6.89142098049762
tenn1246	0.0888232960369759	2.4037092352734	-4.56741611051722	5.01814279807918
teop1238	2.01160765412165	1.56332943163087	-0.802214860946146	5.30445383244901
tera1251	-2.80745096731195	1.88771675915533	-6.80805138079612	0.673746118855498
teri1250	-1.79332716511503	2.02488260366833	-5.77668855060244	2.13011666848272
term1237	-0.701963622546183	1.76313256294061	-4.35902258347121	2.58064197092215
thak1245	-2.18811654561161	1.56524712759509	-5.4196942075838	0.712037509254128
thul1246	-1.56977875570552	1.5085903508133	-4.68080658966064	1.22713889356976
tibe1272	-2.91193441140769	2.20630037164057	-7.78834625579222	0.905042397022822
tief1242	-4.66517365879564	2.00326233328836	-9.3157114278618	-1.40843193469534
tief1244	-4.62927045743828	2.01999512707589	-9.2581458902544	-1.27362235648889
tien1242	1.62914475050954	2.42262368992199	-2.54552048115654	6.87015980876276
tiga1245	-0.314490588247941	1.53354670742167	-3.44380601999997	2.5812198900439
tigo1236	-3.73907371134502	1.53390737795717	-7.0181845585985	-0.958987231046729
tiko1237	0.988200426810036	1.86204184046447	-2.53861282225139	4.84098795183455
timn1235	-4.08389797671825	2.19243618581951	-8.9634748118536	-0.289214549559479
timu1262	2.2553368162094	1.91115158206965	-0.98290460696857	6.50136813546586
tina1248	0.450937799342394	1.50866739918484	-2.39853433308691	3.59807020427546
tiri1258	-0.984600316302434	1.48869041455337	-4.05563559796118	1.79691890108914
tiru1241	1.30930907424579	1.57018023624655	-1.58076418107348	4.53515171246451
tita1241	-3.00840388502444	2.17128269747601	-7.81660591325776	0.773915769522504
toab1237	-3.25674026926526	2.07530821386386	-7.72105980840806	0.363850750144531
tojo1241	0.734227597717019	2.43365020452843	-3.95297975967645	5.75813628607444
toke1240	1.79023042605093	2.17011512435838	-2.04135906439936	6.48125432130612
tong1308	-2.55319393869445	2.05216938965617	-7.03560408235452	1.08511725421778
tong1318	1.7345620683827	2.3897865499282	-2.52026892035165	6.84682674179364
tong1325	-2.116782465464	2.2197662228556	-7.04906354658064	1.86167082329361
tora1259	0.223131339810625	1.6178798983697	-2.92223392592007	3.49272687654397
tosk1239	0.544113588086761	2.66305856059864	-4.34671973799121	6.18361139104301
tote1238	1.8889223620372	2.32797394499703	-2.15679715622672	6.7706210485152
trin1274	0.97949126525975	2.37414938550226	-3.53357235469572	5.84279951850744
tsam1247	2.48388378754526	2.38725622410632	-1.79793034682401	7.65606875945068
tsat1238	0.906883517203061	2.27966471352937	-3.37229347720161	5.69031193262846
tsha1245	-1.42768569076581	1.60036028849965	-4.74731433982985	1.51164164219627
tsis1238	-3.34323512907936	2.18363169684062	-8.14500208164601	0.622643589225681
tson1249	1.5724936377137	2.35807765612831	-2.62750433714774	6.49889999707706
tswa1253	1.41605898095978	2.44600607234725	-2.94136014499351	6.75269528355714
tswa1255	1.57491145608575	2.31064044245207	-2.48670356682453	6.62484754955915
tugu1245	2.42759980694568	1.87823165907543	-0.936786364599283	6.4891500082625
tuka1248	2.47528932673706	2.2513450050297	-1.48907804292594	7.52767240384888
tune1261	-1.91545305992384	1.59284509574937	-5.20915707356891	1.14591583993587
turk1304	0.638917463722852	2.5435764809878	-4.0141765871639	5.96084697435827
tutu1241	-3.46599490291215	1.71454461656406	-7.2767875399739	-0.513041645476566
tuva1244	-2.12134332255923	2.09583951657673	-6.63856267701398	1.67424261965462
tuvi1240	0.64389269662653	2.59399631208039	-4.11492848658289	5.98445938170771
tuwa1243	3.25503935478288	1.57266127678066	0.489119527706644	6.67186605433096
tuwu1238	-4.31551801523091	2.11366564340929	-8.99886569214085	-0.687060390659053
udih1248	-0.0757764179261419	2.42824015931178	-4.65610051906543	4.9567913152182
udii1243	-2.23058591671011	2.42812449287272	-7.22073061716797	2.3255366938971
ughe1237	2.60733088800306	1.82857928885392	-0.545742552120112	6.5445831786934
ugon1239	2.13756995440327	2.28109899110668	-1.8806189315608	7.0449923795527
ulit1238	-2.09695162482454	2.27519879033642	-7.08089758336564	1.83516465653123
umbu1258	-2.69132339368023	2.42914487895348	-7.7830157597218	1.7052222086739
umes1235	0.489603812720595	2.62257982677729	-4.45767809297578	5.8441217955305
unua1237	-2.74788374929904	1.36750999533821	-5.63550564449093	-0.361451499202237
uppe1427	-0.733687462119202	1.84418664560927	-4.60586055997898	2.69878486416798
urak1238	-2.69938163441686	1.990503588175	-6.8339152207487	0.961747697314088
urav1235	-3.50719282313027	2.30377067355474	-8.54030788105565	0.402415809834497
urip1239	-3.2844976343977	1.52838918418145	-6.61870391834743	-0.662849986522329
utes1238	0.306002508102059	2.71871277836439	-4.80781445278483	5.79571834846297
vano1237	-2.76982820126107	2.09057172062102	-7.41527494016934	0.783619131235785
vera1241	-3.18046729815899	1.94805323642337	-7.72122619560887	0.0265746195850564
viet1252	-1.75140439108239	2.02423029266661	-6.04758632623567	2.0394313566479
vinm1237	-3.15179698323778	1.47601456801725	-6.32756533017168	-0.614843781674526
voti1245	-4.2522959011348	2.29525773682587	-8.89000969320388	-0.015016854043392
vure1239	-3.16858074131698	1.95175771612024	-7.68106114928201	0.0361412574933242
waig1244	-2.07129847033932	2.26935498706472	-7.15182839017319	1.8243112822296
waim1251	-0.338279695597885	1.42221589162612	-3.1730891548452	2.50355934111568
waja1259	-1.90521377171894	1.51806112778696	-4.92011845390872	1.08941882652741
wala1266	-3.58492171648116	1.92979747902817	-7.93247863386704	-0.324429441522004
wall1257	-2.48899440473936	2.17486399304914	-7.27883664111246	1.34572180293553
wamb1257	-3.98621878783578	1.71304632329493	-7.81816876119571	-1.01164818490154
wand1267	-2.85999083517602	2.18418646422282	-7.61970907036177	0.940532322232232
wand1278	-4.80296753116126	1.81071771538892	-8.80105205018643	-1.56620033280015
wara1300	2.39164791610878	2.21332613780325	-1.45095651593535	7.1370791770344
ware1253	-1.9504503083544	2.12383621928623	-6.52452644501231	1.76707344949225
warj1242	-0.11647519367774	1.53432696469306	-3.10574821656909	2.9733782379447
waro1242	-2.38911821484264	2.18095684764336	-7.07563646613731	1.44723142557813
wawa1246	-1.58798053937814	1.64823568981819	-4.87037708520017	1.57519818374793
wayu1241	-4.08325521145142	1.77571985931652	-7.98633888980688	-1.05099293914488
wels1247	0.389189892529292	2.68954070942141	-4.63400726289494	5.93264895256443
west2354	0.500413306823921	2.64417599757415	-4.42963431213971	5.92640486357917
west2369	0.398799361267952	2.71130489914511	-4.68412377734919	5.90202915671676
west2396	-3.05160604526048	2.08705568970713	-7.61057461503087	0.621922118004141
west2415	-3.23331468250146	1.55431212310739	-6.5204342805348	-0.414619185291521
west2418	-0.67023551372684	1.52547846161402	-3.68858220025588	2.3474963270327
west2430	-3.24752360490961	2.29090683064568	-8.00843793980229	1.06139673295491
west2441	-1.46648616389319	2.37814597827842	-6.61739789796169	2.77389384066644
west2466	-4.52022217146301	2.07893650649275	-9.17358582103256	-1.04006754761308
west2516	-3.60121027817393	2.05036631975129	-8.15280050471437	-0.134048298834316
west2519	2.55904595142517	2.09802914975019	-1.03641222021886	7.08112000222844
west2548	2.3343175784923	2.16301058165133	-1.41575910486975	7.17309014102773
west2555	-0.192551197272924	1.286486382271	-2.72547473655435	2.33376876973948
west2557	1.67785095405561	2.04436623016539	-2.02108536770751	6.11155372277834
west2560	2.17566965173	1.93988536217118	-1.24174969907726	6.34228195114528
west2564	3.07040866958892	2.19573355819099	-0.765238902197052	7.97649074715391
west2594	2.24376550228701	2.14405163405478	-1.83428546985256	6.7023443217584
west2615	0.516048336480902	2.65733165341902	-4.50104841418064	5.94444654132865
west2635	0.809358999133559	2.36357345352599	-3.70837104331458	5.7441563549929
west2644	-2.37411089083562	2.10999792353596	-6.6407010959085	1.64390286238545
west2650	1.37485067641271	2.25853652726794	-2.797787754621	6.14861360827311
whit1269	-3.88197289271125	2.07042324543047	-8.50569422247107	-0.52317875448366
wikm1247	-1.92532962952134	2.21032028075697	-6.68605958437284	1.93071237690782
woii1237	-2.70801916252619	2.30835406576173	-7.64545190100668	1.31809438701462
wola1242	2.59699072282153	2.53803978236117	-2.11130627003957	8.10506432361047
wola1253	1.65329678917383	2.53369346331901	-2.93290314626523	7.11786384767843
wole1240	2.18758629468159	2.16112739317074	-1.72589419480878	6.82926848219946
woli1241	2.8832228212794	2.24730640447884	-0.997395316956061	7.70615041517211
wotu1240	3.12841986607383	2.20398068349291	-0.658924521968902	7.98010345616671
wuch1236	1.71079414650773	2.23379305004907	-2.20538604223863	6.65653811000566
wudi1238	1.35545195529103	1.73354730152563	-1.83672934016662	4.99957475352618
wusa1235	1.46318015513912	1.78979262260063	-1.79292834650238	5.28737141003957
wutu1241	-2.69259117698434	2.25000507876687	-7.70840781698144	1.2318780539415
xamt1239	1.08962390518188	2.46606828784437	-3.35649696641934	6.2103449731361
xara1244	-1.35383183673658	1.55527611207254	-4.5761866306773	1.50815999079544
xava1240	1.31687523552889	2.28524110093482	-2.85778243232183	6.14849897517243
xhos1239	1.31518834764359	2.39936736585757	-2.87309806541822	6.50360176939397
yaey1239	1.06023513315402	2.5734002255493	-3.88168674704321	6.32312069389861
yaka1277	-0.935286881659069	1.88311277436836	-4.83775738634142	2.62583655568542
yakk1236	-0.20538622231148	1.36672187158041	-2.83048063066647	2.52753125288937
yako1252	-3.30168046417776	1.86553304021084	-7.2859154368095	-0.000998867005754364
yaku1245	0.64524375919722	2.5507250772175	-4.02162582371027	5.97419517915229
yami1254	-1.52287200750005	1.79201786462359	-5.30371917021384	1.75922183031097
yami1256	-2.18471318113132	2.28830924706579	-7.11651169479201	1.99308222798815
yaoo1241	1.48061693100262	2.36240824434498	-2.7424149828487	6.47391449343635
yape1248	-2.31709749112363	2.20030430248038	-6.95570544376936	1.49733792274464
yaqu1251	0.417242740232662	2.73459586439964	-4.80250767617294	6.0969352342852
yaum1237	-3.55587458614711	2.20185961960879	-8.26161098343039	0.218994382441461
yidi1250	-0.681350096200724	2.2055972440944	-5.22854361071989	3.47867287838066
yind1247	3.92796457677584	2.19005031001166	0.0951307815157157	8.63244916184798
yoga1237	1.87382679699204	1.62871384727771	-1.08565478191996	5.35598946241673
yona1241	1.35138038333907	2.56198248063742	-3.47278051702621	6.64394213289114
yong1270	-0.821489543258272	1.8399277434957	-4.60762462663005	2.7195566171895
yong1280	-1.80561685219667	2.49719833101513	-7.26291940521871	2.6779217675041
youl1235	-0.460440415214259	1.6981181257676	-3.93742034371774	2.86819274522061
youn1235	1.31562851589688	2.51961993552597	-3.30144183040373	6.61973166257218
yuca1254	0.584248917966627	2.6156620668677	-4.32407756845056	6.00266715890833
yuec1235	2.15768247167807	2.18606694607304	-1.68159134731064	6.86080787328329
zaba1237	-1.87176373513923	1.82800023771097	-5.67345797796926	1.40820250859288
zani1235	-2.03940820189259	2.09599890139781	-6.24009673017641	1.94928680898828
zaye1235	-2.55855828910028	1.77162516023787	-6.36391753934974	0.63012906368858
zays1235	2.71115849628802	2.4991322320341	-1.88418843625314	7.91917967234541
zhab1238	-2.32867019698951	2.04704860329743	-6.7902454318203	1.32730058361872
zoog1238	-3.6760737775589	2.19746227090749	-8.26931874962889	0.400998674657257
