Estimate	Est.Error	Q2.5	Q97.5
abar1238	-1.14562958072178	2.20574087326443	-6.00657794596273	2.9447387015887
abee1242	-0.21031304186723	2.40698222939143	-5.28071683730727	4.3782378435943
acha1249	1.69174246485934	1.82814983636241	-1.57987108405738	5.73410895163647
acha1250	-1.25413010493857	2.11119299985016	-5.80045664209192	2.54300556726038
achi1256	-1.50295620040096	2.35380437180638	-6.45228702528221	2.90813565540913
achi1257	-0.177974337059485	2.4492963328235	-5.12106626641617	4.51364034732962
acol1236	1.07794493923594	2.04241730580249	-2.89795716926533	5.076423855043
adny1235	3.08977187256771	2.11836985500492	-0.681198253557003	7.64810907007977
adon1237	-0.338877116993784	2.43218072384915	-5.44418146956983	4.13916948377556
adze1240	0.685057452759775	1.73031167600974	-2.67922985453156	4.13729587411681
afar1241	3.08786525021957	2.04092406696393	-0.543765306277819	7.55102056837974
aghe1239	-1.14095015248555	2.20695899414023	-5.89283792329387	2.87874334400767
aghu1255	-0.876242857493149	2.05473687901652	-5.206139647747	2.89346078945915
agut1237	-0.211315823946739	2.40053681313426	-5.13563834058226	4.40985372334268
aheu1239	-0.603096298432052	2.38720842024224	-5.70500602346047	3.93664731526994
ajab1235	-0.378565358181159	2.32551746541448	-5.19248753426394	3.98756930615691
ajie1238	-0.568544481615728	2.27467360697799	-5.32517676127412	3.7391468297404
akha1245	0.587193795332435	1.65345910441447	-2.45135000573397	4.12368539170192
akoo1248	-1.09297992313458	2.22135600212157	-5.81688839280407	2.96119273814588
alab1254	2.99097052781813	1.74961340530289	-0.126968450225953	6.81482057537737
alag1248	-0.794333193471657	2.26695528483584	-5.51370549425313	3.38578512768365
alor1247	-0.294464051219517	2.44217495191076	-5.26407125019682	4.28997877169468
aluk1238	0.846275086368893	2.17584519306991	-3.27123094936731	5.35038455980352
amah1246	-2.65422732393105	2.13042480349493	-7.46572294599131	0.986864590829243
amdo1237	1.69696856157972	2.06647058449568	-1.92633402253628	6.17165051175515
amis1246	-0.621522193417232	2.3482443043727	-5.50707546107212	3.72342541473197
anei1239	-0.372793325172591	2.32576066113941	-5.12164400197456	4.14874477210308
anfi1235	1.47046813804249	2.08276171369291	-2.47326037174806	5.82613861393376
anga1288	0.868748241279265	1.43180322617461	-1.76372041419911	3.86946146647128
anta1255	-0.0870533914337979	2.42868838986899	-5.01431880006073	4.55285153547003
anut1237	-0.20340947170585	2.37929211426434	-5.04181014009206	4.41709625173638
anuu1241	0.251074074702685	1.62743964299282	-2.78603697226205	3.62228312509876
apat1240	0.876242442553945	1.86863659472927	-2.59133606318986	4.74023866512492
apin1244	-0.688022273696032	2.23744720000344	-5.3185093452993	3.51002057008039
apma1240	-0.885593752141257	2.24461529706524	-5.74470630255293	3.29476798131605
arak1252	-0.793072361458646	2.26230598647828	-5.66758212823844	3.42582097184249
arao1248	0.387407714289149	1.86801814820922	-3.19163002190908	4.22277160272745
arap1274	1.09288540409217	2.09323487090459	-2.76534512764708	5.46159913643838
araw1276	2.42543786366424	1.99474190992349	-1.07371691626791	6.7350229169693
arbo1245	-0.594098718308365	2.03007479467722	-4.87071093804403	3.14017769443032
arch1244	1.56851631174862	2.30913504775293	-2.78849682639267	6.25122674760214
area1240	-0.599704321961326	2.36320301800085	-5.61945252836946	3.77157386833233
aree1239	0.503491347822896	2.09424406516264	-3.78269900800696	4.35851688937282
argo1244	3.58581879871505	2.09564316244882	-0.0551881978979233	8.25074834609675
arhu1242	1.84030159452973	1.9062478950703	-1.70486201036885	5.72530829291856
arig1246	-0.715438658459162	2.25770884666188	-5.5573923986705	3.43469892669108
arop1242	0.951160860041006	2.31362052025157	-3.65985927085767	5.45418207214599
arop1243	-0.359954744459491	2.11423657902606	-4.57435194783139	3.84511056451737
aros1241	-0.45474307776038	2.43964076478797	-5.52179710169794	4.09113117162265
arta1239	-0.679718340201257	2.28176532523979	-5.47456041353619	3.54764963140055
ashe1272	-1.34142539002473	1.98840216679779	-5.66776600752335	2.33982139099057
asut1235	-0.648459035625872	2.39104642724589	-5.62281029402597	3.80726722806834
athp1241	0.036317115098927	1.43577140234156	-2.71075234715272	2.97222911680508
aton1241	0.650710800172081	1.74819972235673	-2.45108270112626	4.48812521894444
auye1238	1.32474717766631	1.90902440414856	-2.21881505956935	5.32330649754074
avok1242	-1.11066213399032	2.16563135145	-5.7330941424382	2.97570126469248
awad1243	2.31259668515401	1.96850440276755	-1.08070327549398	6.71292881978766
awar1248	0.658019332234524	1.66204813957264	-2.56588983611974	4.03317529139842
awji1241	-0.381287086198782	2.2544437842604	-5.09114204013174	3.77324354676562
axam1237	-0.957505117934855	2.13595034305899	-5.46130186195482	2.92673497501081
axiy1235	-2.19249857346651	1.66384436666733	-5.78463714086423	0.865764036082512
ayac1239	0.852357069258795	2.1414892936207	-3.17484166182094	5.33696741315955
ayiw1239	-0.319324537561903	2.37111144018133	-5.2722706267526	4.12573658288351
baba1264	-1.1449780321966	2.20703673346968	-5.91345295113259	2.93902414344708
baba1266	-1.13183581674576	2.21175804056504	-5.78648853810177	2.96995940594755
bafa1247	-1.04258345045487	2.25802222057454	-5.88017594778606	3.11494498981109
bafi1243	-0.877736377614158	2.33038779037638	-5.64702643774029	3.54772329673094
bafu1246	-1.14165529672056	2.21286244958662	-5.91157128693138	2.90703327906485
baga1272	3.95853802782873	2.19201961257022	-0.205054354518337	8.44865255678111
bagi1246	-1.7701104872823	2.1297064280014	-6.29195124195862	1.95558346009017
bagv1239	1.65136067239903	2.26536094627599	-2.61663933082694	6.34191774714207
baim1244	1.45654647376103	1.97016241888487	-2.08192724704744	5.70330609722562
baka1272	-0.250651086042315	2.42745450964099	-5.20744802548709	4.36438690582723
bala1311	-0.201742000724131	2.39611503615758	-5.13779144134414	4.37648108763761
bala1315	-0.200739975946913	2.45447184703426	-5.09989326907949	4.55353746778694
bala1316	-0.484779243107464	2.30628600749353	-5.2823301735668	3.9009359852246
bali1278	-0.100996251391665	2.44971362997275	-5.05982099432688	4.65047180301102
balu1257	0.000471660796905937	2.26315127104801	-4.65152591554746	4.36914641501761
bamb1270	-0.320503499461622	2.38373907148044	-5.28429139735986	4.17859905475469
bamu1253	-1.00552091971434	2.26762206963428	-5.68113489155514	3.30253592006528
band1344	4.6649651091404	2.21307531552279	0.517332018653467	9.22524095372198
bang1354	-0.250520289823601	2.38508574227179	-5.15109467874311	4.35851390710977
bang1369	0.68155967234892	1.89269794886926	-2.78213745169808	4.59169989120487
bant1281	0.838971021034596	1.43425203604508	-1.83427112341525	3.81645137418667
bara1357	-0.733134190721417	1.38996146946851	-3.54687864481186	1.93558953727521
bari1286	-0.477233101152049	2.32658937502983	-5.27192787605298	3.93030371045157
baro1253	-0.786107790695921	2.19747351079762	-5.35440261535847	3.24113000478174
bata1285	-0.415987293592728	2.3471421425653	-5.22280240562608	4.09847692775128
bats1242	1.5216498109586	2.32346680783709	-2.76357033640558	6.44771998265212
baur1253	-1.14867961008604	2.0655661290184	-5.50241931796159	2.63708717276227
bawm1236	-1.4684400823435	1.25544327411374	-4.01364455856841	0.917991103471084
bebe1248	-0.605204235232598	2.37002039873384	-5.53536167218678	3.86146526871098
beka1241	-0.139247775196374	2.43509060544741	-4.9832696000212	4.56491908252658
bela1254	2.09478002919235	1.98478618425738	-1.37809373997969	6.38134747381509
beli1257	-1.23787252817254	2.09807685101433	-5.80576207550747	2.52635669599062
bell1243	-0.34576600109841	2.46857761454335	-5.39113345163234	4.32549456887997
bemb1257	-0.205199510577831	2.41814007126077	-5.23833628160385	4.35444098248578
beng1282	-0.369511594131068	2.38530587560301	-5.18206220345023	4.20714375769989
bezh1248	1.71313527580149	2.29347506720461	-2.56590647478028	6.4056008361808
bhoj1244	2.1984714278101	1.83802282720733	-1.02191629367166	6.1662410683533
biao1254	-1.59878934033998	2.23665347333513	-6.34144635869943	2.48892378439443
biao1256	-1.15414257965307	2.12439071596582	-5.52152420678174	2.83576623781901
bier1244	-0.890909010258733	2.20258597182914	-5.52671401235273	3.12044773171936
bign1238	-0.908204583196056	2.14643131745232	-5.45679012849379	3.00153330674272
biha1246	-0.606513065729504	2.30355443578722	-5.31808096536068	3.75550225178197
bilb1241	0.337764834729469	1.85697275990581	-3.20543539638756	4.07648022186686
bimi1240	3.09762423439262	1.94505462935674	-0.373371862303627	7.3256215689831
bini1246	-0.529778041038258	2.40324567128279	-5.53345410013066	4.017440900993
bisu1244	-2.17300461130431	1.71478886358051	-5.8000955595262	1.13906614921624
blab1237	-0.581974183331376	2.39903117956441	-5.64842008526247	3.90826692263045
bodo1267	3.88223352298501	1.99080602270912	0.446294359865047	8.26159020146073
boka1249	-0.930740846819803	1.63791949298275	-4.17474590810062	2.19145149408532
bola1250	-0.491209230526211	2.37173538612182	-5.35586283850251	4.04227402688807
boly1239	-1.08770502270124	2.20996365699817	-5.74683317000391	3.10460619196189
bona1250	1.71851591945577	2.09013362460586	-2.0477296599696	6.17313184419405
bong1289	-0.180604048287216	2.41547739860155	-5.15469375767114	4.48321614880222
bord1248	-1.0852456379082	2.19389272614622	-5.80156112256409	3.02047558441651
boro1277	2.12576382532227	2.25552911772567	-2.01855275568233	6.98942396147072
boto1242	-0.339258498334427	2.40735014674262	-5.29814144455033	4.19903111170777
boun1243	0.972486636925921	2.34643586905554	-3.82910583345681	5.63944826876043
boun1245	1.79361640670252	1.73924215298818	-1.33154511729435	5.49467293705505
brah1256	0.730536381299522	2.24281143047216	-3.3329038855289	5.54061863952233
bret1244	-0.653076961870967	2.2500116935866	-5.28811756731418	3.42059740403063
brib1243	-0.535832025131	2.26423928794639	-5.25709390738524	3.73763284864869
budu1248	1.1547389950562	2.26048928118697	-3.1827279642373	5.92827215226287
budu1265	-1.10149666960837	2.26077607494771	-5.90531275614817	2.98697222379882
budz1238	-0.121238566260129	2.39575522726179	-5.00053426272133	4.54748520689054
buga1247	0.00969120074510998	1.98856215207344	-3.9492737866147	3.9230971325662
buga1250	0.109861290178224	1.98953596891184	-3.87970453591534	4.08194294127958
bugh1239	-0.61777958013422	2.38169037177206	-5.65169443541324	3.86762499955657
bugi1244	-0.408071062593784	2.39864852350051	-5.34106330164366	4.13630147679206
bugl1243	-0.818612167294422	2.31259224911697	-5.86392789322352	3.60476433974133
bujh1238	0.0723484487752761	1.35346456374641	-2.51028062810169	2.80040953763976
bull1247	0.777104383613166	2.23199208515676	-3.62728357206356	4.99253571490049
bulo1242	-0.661274015804568	2.288102406043	-5.44283038489448	3.60694903500706
bumt1240	1.6103528961572	2.0521345088446	-2.01971076254398	6.06659508657666
buol1237	-0.206214940901978	2.4675772228908	-5.19569237460783	4.56045813661345
bura1292	-1.62983548838543	2.24644499536305	-6.42178441193852	2.38314162172506
bure1242	-1.50734915528023	2.20819560175797	-6.20705073955092	2.54620322312956
burj1242	2.56349772826299	1.95803923721656	-1.02519222208168	6.73167464133173
buru1320	-0.777020763472314	2.26896100306384	-5.44013651866116	3.38797593483179
bush1247	-0.191777509697547	2.39569601950995	-5.11245019696941	4.37081307797035
buwa1243	-1.90646295115939	2.17099834342312	-6.59124074707601	1.89787259113668
bwat1240	-0.530993570443864	2.32130099657355	-5.39071446459218	3.87048487431618
byan1241	1.59826368217002	2.07472654460736	-1.99128939856397	6.16868042356606
caac1237	-0.547805968468466	2.29153843848139	-5.35043884683392	3.64927959887258
cahu1264	-1.64821716128767	1.98616225593609	-5.88628160540158	1.88775884367988
cakf1236	-1.44070014564749	2.14554349566584	-6.06998798224111	2.50035371621428
cane1242	-0.665450873012264	2.26167799160994	-5.39073109028323	3.64060316651545
capa1241	2.22286930712582	2.0004238464427	-1.46284272565197	6.42019742046088
carn1240	-1.03778855915621	2.0895981172355	-5.45195332727752	2.77940049039734
caro1242	-0.150854026986081	2.47429381525119	-5.04543642718549	4.65531352220677
cash1251	1.97907869753853	1.96315573223042	-1.57787991209922	6.12357651891636
cavi1250	0.684786681649973	1.96752682524804	-3.06395715340904	4.73881453226776
cemu1238	-0.561799702418901	2.31328694632235	-5.41009357425571	3.73756360264451
cent1989	-0.555015903850238	2.37725757540387	-5.54650870354436	3.99611598794527
cent1990	-1.03107546302132	2.10756350036918	-5.50485582154612	2.90338210764632
cent1992	-0.660280457647511	2.34153834830984	-5.47876234982842	3.69599741065593
cent2004	-0.838338461594281	1.63459404624263	-4.20962645814867	2.29428729672058
cent2090	-0.179753024755799	2.44372470348696	-5.11196350570023	4.47651890270125
cent2131	2.09482731320073	1.96563994982736	-1.34728304826276	6.39163497248412
cent2150	-0.672291970599897	2.22708069330166	-5.42932904301869	3.49132607143833
cent2292	-0.70628530585386	2.21911273605572	-5.25892862535365	3.49054351373782
cent2314	-0.506406662598737	2.3233468565411	-5.32624740010453	3.76527718675826
cent2322	0.290620594966656	2.4041979686315	-4.25517068920319	5.29007995231707
chac1251	-1.22593709453174	1.9265704911979	-5.18834049952596	2.39739678568128
chad1249	-0.588796720618553	2.27808707174701	-5.29538727106083	3.58428860210185
chak1270	0.254442320270986	1.7356739859757	-2.90734493594466	3.97252432580514
chal1275	-1.32211674555422	2.12016162412655	-5.75600205617527	2.43862244005511
cham1309	1.60092369687944	2.27348338853518	-2.6980720479778	6.27080702317782
cham1312	-0.248902455217714	2.37834107501595	-5.21531717168592	4.24332748673279
chan1313	-0.1579039645155	1.42825944780064	-2.88114048726357	2.76064806671465
chas1234	1.62161300235773	1.68486789125742	-1.3915150232181	5.29098573257823
chec1245	1.08318666562419	2.4045940835029	-3.50812654504916	6.02213925815809
chek1238	-0.595675587302646	2.37735783261759	-5.5415274392533	3.87264910255093
chen1255	1.0260791654466	2.22188767714972	-3.13556091436492	5.73949219096206
chep1245	-0.435130038216112	1.41558281070506	-3.28643043814161	2.30988220492584
chhi1245	0.471326736653896	1.40082768341513	-2.10211200212915	3.44385750375871
chil1280	-0.963151583642563	2.23896260083671	-5.79440549978054	3.11474519545616
chim1302	1.2674038449901	2.24141449649816	-2.84315524302728	6.11065142685892
chip1241	-2.22464901151252	2.04235626763611	-6.5936232316923	1.49154308944648
chip1261	-0.765914311212221	2.19153869867236	-5.44051880013966	3.337324481084
chon1284	-0.531203378169147	2.31504361373303	-5.22979167841032	3.85848807224407
chot1239	-1.47990936959839	1.36612069670714	-4.40087603920289	1.04060921573127
chra1242	-0.532105423893455	2.36833192972245	-5.47524750753919	4.01359725612535
chuj1250	-1.33341511701067	2.32082610868136	-6.11560505062124	2.99666173297075
chuv1255	0.473516069712178	2.30645113105838	-3.9000129598756	5.35793644156462
chuw1238	-0.181696755997746	2.44612068340692	-5.17066134327156	4.51131253418636
cici1237	-0.0690254124024285	2.42001057146845	-4.92215137389561	4.51071287336144
coat1243	-1.35748842443099	2.39434587222746	-6.39002461550345	3.13749187466399
coca1259	1.84587680091943	2.20275375160727	-2.05190410910368	6.67599821682234
colu1241	-0.548094837341317	2.38606412196321	-5.52247504581677	3.9764920737297
coma1245	1.5846421022202	1.95708945789779	-1.91549253814062	5.71381340180106
como1259	-0.619083117347473	2.45484463145202	-5.63861526010771	4.21177025806046
cong1236	-0.246102335826784	2.44741223347499	-5.34941724610928	4.44763616516915
copa1237	-1.66063833284787	2.29208267719817	-6.51196750792373	2.56792517820612
cori1240	-1.05873649135406	2.31430606719162	-5.99621926505061	3.32228614479619
cors1241	-1.54708761276204	2.01895502722743	-6.02330139723671	2.0418551246569
cosa1234	1.03228009271422	1.77989998795163	-2.2039075925172	4.83883954937685
crim1257	0.292535822819445	2.39879592978893	-4.23367631634829	5.27415099193489
cube1242	-1.74440378734409	2.15769790375125	-6.23711967575837	2.31658681960896
czec1258	-1.51285263469744	2.07743110577549	-6.0376204674979	2.14827356154931
daai1236	1.39575935204736	1.77780607298905	-1.69876465945495	5.32116476975183
daas1238	-0.610885224661454	2.22595850425011	-5.25898271667103	3.53920318548844
dagb1246	1.17786586525156	2.17065689206945	-3.12387405053844	5.43132051554162
daka1243	-0.9452264276549	2.16041892341841	-5.52889544448501	2.99054526781025
damp1237	-0.2549655578924	2.36573534105418	-5.14270302457335	4.25886345148694
dana1252	-2.84400831875104	2.0828608035378	-7.33128351790844	0.93162981707956
dani1285	1.82776513526043	1.91750409925814	-1.60053060823183	5.9830565609211
dara1250	1.00676215178032	1.43685065489016	-1.7273927540162	3.9301392151706
darg1241	1.33559058068498	2.28008620709464	-3.05325549812776	6.05490043288828
darm1243	1.62008145563429	2.05786374037068	-1.94023400486375	6.14910205584599
daur1238	0.47633425072562	2.33055971955881	-3.93936837527277	5.31349244340687
dawr1236	1.56455952461748	1.98208861082059	-2.23874463872594	5.6190987698396
dege1246	-0.580890864591994	2.31667436424907	-5.25935397080046	3.80485823646034
dera1248	-1.57296450576738	2.2612389052236	-6.42877985057031	2.56499454269898
desa1247	-0.206704617916865	1.98078976042101	-4.17396620032497	3.60503872106024
dhao1237	-0.199475339494534	2.44765078669583	-5.16661939963136	4.59383448436317
dhim1246	-2.60079772626022	1.65824347714632	-6.14394331064653	0.466045779524253
dibo1245	-0.0413720995206751	2.32403662096985	-4.83066683614824	4.53729847904231
dido1241	1.66773310954822	2.28767798130895	-2.52767574222035	6.39792719728803
diga1241	-0.892247668112389	1.4943094904461	-3.86721747884675	2.0060361078919
digo1243	-0.458443126273822	2.42440487336959	-5.42651023562101	4.10174228164445
dima1251	0.5721950628062	1.76443299942286	-2.66211712196198	4.24401529166497
dobe1238	-0.0299695634324475	2.36413210472829	-4.93761142659686	4.5779461883422
domm1246	1.5853666952051	1.77751819095326	-1.68307368296577	5.25255836902013
dong1285	1.13630366479567	2.36092681106766	-3.26568516125915	6.15334453675228
drun1238	0.879286819444517	1.98184379019258	-2.81822129336273	5.02916235165201
dumb1241	-0.392655759465628	2.37007615708898	-5.21959000231686	4.22866820114365
dupa1235	-0.540459187990086	2.34786610480564	-5.36265586217548	3.91272074615638
dusn1237	0.084815058877909	2.32122946584612	-4.77833576333422	4.51522208451184
dutc1256	1.4271540070432	1.8440131080757	-1.89749581950426	5.41358511926659
dzao1238	-1.48379898461445	2.21483795776663	-6.18037897339908	2.70830573410315
dzon1239	0.488236025073876	1.70497052828051	-2.73881981021413	3.99267390932521
east2328	0.456229584021518	2.30422001181509	-3.8114692266662	5.17476978543338
east2332	-0.665325744070707	2.36407147383736	-5.56319930511593	3.66841402531006
east2342	-3.9194877135947	1.98885435377553	-8.29982933694029	-0.513682826873285
east2443	-0.829615419231968	2.28590235860751	-5.77165401621701	3.38559794547826
east2516	2.38399069011069	1.95547952492301	-1.08154080714683	6.59580092463881
east2555	1.34125281975956	2.12398773513579	-2.52574159206121	5.84752343186058
east2690	-0.997378273424258	2.10670479148666	-5.38051353538573	2.84223442196647
east2773	1.20083792177423	1.59671281280036	-1.64547861221982	4.54918998995186
east2782	-0.350585593676234	2.38539854553705	-5.2062939438787	4.13966963672561
egaa1242	-0.206621311129297	2.46830039457895	-5.30275030568522	4.48223960936528
egyp1253	-0.547041900099702	2.32656252262325	-5.56334592300752	3.73782737356062
eipo1242	2.41674096146693	1.97621272073204	-1.15457842370941	6.64536925425392
elem1253	-0.69079447363879	2.25152310411995	-5.30689530082791	3.44768662762515
elna1235	0.703809794832508	1.84053819543395	-2.76970163951984	4.47480833832059
emae1237	-0.785359528879835	2.24850446686529	-5.44760290714051	3.43755212367984
emai1241	-0.660213869116183	2.31651694874379	-5.53589843436054	3.67767370662454
enap1235	1.35696895717602	2.14471587526185	-2.53634081800672	5.80233731940691
enuu1235	1.08208361622207	1.62082307269899	-1.88177821073354	4.46905333323516
ersu1241	1.40542849655826	2.04852197592175	-2.24051698058532	5.74982725900462
erzy1239	0.319245532726815	2.36262098615586	-4.04602553392756	5.20257601839538
esee1248	-1.19780150252095	1.88496822485208	-5.01988283465009	2.39479804004386
esim1238	-1.10297874034423	2.24534275037949	-5.88810321362702	3.10715009726387
esto1258	0.690277747857617	2.40402928968763	-3.86202910684558	5.80627226706455
even1259	0.425527380249679	2.3377499372804	-3.92456825590351	5.28978771853113
ewee1241	-0.355484232536703	2.32799739221261	-5.1323079587209	4.0329894416065
fare1241	1.45349080719944	2.2018715674307	-2.86895700298434	5.67147193492877
faro1244	-1.42024246403482	1.99458706459077	-5.69125336757895	2.096548597941
fiji1243	-0.107368632341886	2.46644979283555	-5.11198014287927	4.69891018988972
fina1242	-0.723283302256198	2.19868233137024	-5.23809277757847	3.39293674772919
finn1318	0.162577631901095	2.31298742633199	-4.18915543607742	5.01030320781018
fonn1241	-0.376885149211388	2.32211127529957	-5.20156946036681	4.03268973014568
fore1265	0.254710378539477	2.32946284645171	-4.13936972632586	4.95996465999651
furu1242	3.28720979362228	1.90778157323923	-0.188504608560205	7.26665891435867
futu1245	-0.394955159629791	2.37244108665974	-5.26531722883421	4.18210588432623
gaaa1244	-0.27160894080763	2.40485852894199	-5.09315168027151	4.3391492664314
gaan1243	-1.6769340297687	2.22654296413384	-6.32958103733308	2.39860150933843
gaga1249	0.280842368976156	2.36207953906908	-4.12739363427706	5.25812561855466
gahr1239	1.40381501461858	2.14974225882968	-2.43482001610131	6.0850393741239
gali1258	-1.57084087227027	2.04432397397706	-6.17431928181432	2.08673318065951
gali1262	2.33545248832501	2.01453157469624	-1.22102826585702	6.58843024395262
galo1242	0.246700404863364	1.57354258046417	-2.73796575679987	3.48555058906999
gami1243	-0.7031685259102	2.33660412981518	-5.66921253579238	3.64142586567256
gamo1243	0.528346745407369	1.86460450979978	-3.1269701372461	4.23240929117247
gang1266	-1.24106662496267	1.33003642830524	-4.03160449754231	1.24687937034171
gant1244	-0.197477133526116	1.66344477771567	-3.59587074009516	3.04549466025201
gapa1238	0.713472292127811	2.09515231479237	-3.47319242987504	4.66398590969627
garo1247	0.613692634313359	1.81558819954708	-2.59994887977118	4.5446419516255
gata1239	4.11063773172368	1.996678145184	0.700031261361544	8.5033518672245
gayo1244	-0.223784244916146	2.48577694046769	-5.39288689863833	4.55889153662029
geba1237	-3.46771536503681	1.91990079875729	-7.77066389917546	-0.247591565719482
geda1237	0.327361745555091	1.88085603082126	-3.31666964160783	4.15054258231377
gela1263	-0.65291783476516	2.30521712503571	-5.49923243219266	3.65811567940717
ghad1239	-0.351337507536354	2.34722339715406	-5.35361099809067	3.96014605284381
ghan1242	-0.422754134815241	2.4206032066921	-5.46927049668721	4.05435042326118
ghar1239	-0.611547112263962	2.31131340541006	-5.39832411119716	3.71950976787914
gheg1238	-2.09599103220504	2.04946787936516	-6.62767839475968	1.33830508352187
ghod1238	1.4850783327696	2.30258918274898	-2.9878577723306	6.13333557527085
ghom1257	-0.494437087673594	2.27849234765473	-5.30795360518097	3.75657620613562
gilb1244	-0.113140797528709	2.47276136259729	-5.10783020854408	4.73109673336219
glav1244	-1.91781288598851	2.10326155280247	-6.46083242989438	1.87361778662906
gofa1235	1.00169384243052	1.91772636335072	-2.64219987200403	4.8404129808797
gola1255	-0.133121617779301	2.36863875901756	-4.97762997150449	4.2543210414894
guan1266	1.81528050821117	1.9405887752833	-1.66488662719634	5.86344287809169
guan1269	-1.53438857345238	2.07561309761482	-5.88134133645431	2.32649248482216
gube1234	0.106725324368543	2.40449310868248	-4.7129273262983	4.75373818401463
guer1243	-1.46480365626415	2.27179637716932	-6.19481469049323	2.796829124851
guiq1238	1.39637478165567	2.03710606172818	-2.20825878255397	5.80786818441029
gulf1241	-1.12440849404757	2.16977375131735	-5.77552804991499	2.76484464763607
guma1254	-0.0467390416596354	2.2664925805593	-4.70157168273471	4.24785023255694
guny1241	-0.261733942536942	2.33606997427274	-5.05747891476534	4.12730218016768
gura1251	-1.36953669385842	2.06636436315661	-5.85128792232118	2.38391194197582
guru1261	1.55503405095047	1.6285545838862	-1.31959635007537	5.07147380063355
guru1271	-1.55582729911415	2.18988920553471	-6.29186717229535	2.49749869773799
gyel1242	-0.539510223416668	2.42008123228776	-5.56056958642593	3.98202626076532
haaa1252	-0.548429498506409	2.26926775829477	-5.30429575218075	3.68418570552613
hadi1240	2.40460027685774	1.57138626873448	-0.546752857759825	5.70695444917653
haka1240	-2.31650272451162	1.30355535567562	-5.01327176128587	0.160915962023689
halh1238	0.508827975512444	2.23741500642825	-3.65124985370797	5.10211772095272
hali1244	-0.492515568352138	2.38709878891184	-5.31779692127463	4.06358049512788
halk1245	-0.823727785140571	2.33619580134013	-5.63596987693134	3.65955100599715
hani1248	1.03606934200088	1.81092987377154	-2.28276941232274	4.80783345859465
hano1246	-0.826313455430504	2.28318838380604	-5.64441873022226	3.35996507771886
hass1238	-0.338154635702452	2.32414743475447	-5.18529675639665	3.98062131164242
hawa1245	-0.0568396391078174	2.48282000042721	-5.06878324607182	4.76294125271743
hebr1245	-0.671422134703052	2.2948453442066	-5.45372870268249	3.53277812310768
hehe1240	-0.481793979795673	2.37059479167712	-5.41247604470825	4.0287499344714
hela1238	0.0284701956359961	1.45159227942341	-2.68516597580164	2.97268943732666
here1253	-0.162571819298955	2.33951162520872	-4.89760497091548	4.28458519281157
hind1269	1.87997719479194	1.89470550685031	-1.46759275025896	5.92606248756912
hoav1238	-0.482987106447671	2.34433527896025	-5.29936086147739	3.9258774507088
holo1240	-0.422522148260418	2.43252060188693	-5.55040267089758	4.19632541267592
hone1235	-1.46101028117053	2.27497369092976	-6.19953061653309	2.81416396652857
hooo1248	3.03924548996801	2.04691913466165	-0.471637690583786	7.56854444916055
hopi1249	2.37424074362554	2.02501340370034	-1.17994311239902	6.79235604514194
horp1239	1.6276378777546	2.02295519266039	-1.99078532488849	5.92910555942247
hual1241	0.992120130358983	1.88737365063087	-2.5342664592929	4.95335981284794
huar1255	1.90571791599518	1.94710361105561	-1.56060755756942	6.05967693892563
huba1236	-1.78285457552701	2.17213580380995	-6.34507496039347	2.1359341536797
hula1244	-1.03168545341335	2.18293669410131	-5.66427286208881	2.82368046683174
humb1243	-0.712198720341508	2.3379699913128	-5.5619337292368	3.60733230528928
hung1274	-0.000256447498255715	2.38618785432535	-4.59395135737286	4.93961458225227
hunz1247	1.72454742064002	2.30494406968519	-2.55274384385824	6.44941235667479
hyam1245	-1.0027549963131	2.33513085871526	-5.86770038520777	3.39925033221525
iaai1238	-0.466985484479754	2.39605410642132	-5.48822731381164	4.1098486924062
ibal1244	-0.671526106198901	2.23146040393024	-5.35885033463139	3.57962000208265
iban1264	-0.153871602327965	2.48147430619623	-5.24718931923967	4.64110041504855
ibat1238	-0.469868746888865	2.39768555492177	-5.29707246444693	4.07080978011317
ibib1240	-0.766351529313074	2.33157687254649	-5.56972708924976	3.76156703583295
idum1241	0.127526557722005	1.79896086954672	-3.1714514589583	3.89127660485751
idun1242	0.240000177480427	2.11739029945593	-4.21432017091493	4.19660323013328
ilaa1246	-0.271333008820488	2.41678661122073	-5.28399111849511	4.33056340037308
iliu1237	-0.291198687836722	2.42027895542621	-5.24145185094289	4.35785946183313
imba1240	1.2635904356282	2.21657264335876	-2.70670317898127	5.99184153343197
indo1316	4.37367452583662	2.24655778807056	0.194516257762235	9.14152692408268
ingr1248	-0.363466865820302	2.24065576450231	-4.6812051377293	4.24540291624991
ingu1240	1.11878981506268	2.34200225649368	-3.25852206108533	6.05179559598475
iris1253	-0.61890421961617	2.19323862347688	-5.16780402663546	3.43804113576538
irul1243	0.708922088317689	2.26334613934893	-3.49923391587085	5.55079609123145
isco1239	2.10758811355849	1.95237345496843	-1.44610030859435	6.19454019176161
isin1239	-0.705358497967654	2.22211131475949	-5.42065987732111	3.37063136449556
isna1241	-0.571802168002838	2.31555590126978	-5.24297470115554	3.8402483686719
isth1240	-1.96993938804511	2.03861348019935	-6.57506837114568	1.67913285332418
ital1282	-1.57579820489749	2.03749143660601	-5.98838183933349	1.91518545466298
itza1241	-0.776788443307309	2.48167526781861	-6.0090443762969	3.92052158653346
iwal1237	1.08740383715792	1.97423817098919	-2.81330024966264	4.95219645162566
iyoo1238	0.413133823162338	1.69237056381177	-2.73458358618967	3.86704374904153
jahh1242	-0.61919703563366	2.34549679443915	-5.5960170996019	3.77947180682194
jamb1236	-0.124694477579257	2.47343839375827	-5.17479758643486	4.65437029380197
japh1234	1.87838966007759	1.84873329989058	-1.44877138027505	5.92211589649448
java1254	3.26239582426371	2.11579972937492	-0.855556456697281	7.4767398654163
jede1239	-0.609868680081133	2.30167768460763	-5.41165758109529	3.69668227660484
jeha1242	-0.62312231444145	2.27590590368751	-5.24883861324764	3.60167135162866
jina1244	-1.7199650783399	2.14490710166398	-6.26674545555585	2.03975496562362
juan1238	3.75521210255758	2.08989395537375	0.135897258098806	8.44259248969167
juku1254	-1.10157568156422	2.2832699339353	-5.8415635183346	3.11607180613007
jurm1239	-1.27394227207827	2.11110675730551	-5.87551668100171	2.53413861032274
kaba1281	-1.03126303070939	2.15044076330934	-5.53951351897706	2.96164492719112
kach1280	1.94970797391273	2.05616664854317	-1.64374562725258	6.31144052148202
kado1242	-0.368639970965955	1.66089956154744	-3.4764590992716	3.08194361009028
kafa1242	1.99028857648779	2.1467454701802	-2.07975320248862	6.41237607790098
kaga1256	-0.195321087116406	2.37655623461807	-5.10483397664777	4.38234823429451
kagu1239	-0.565453564782614	2.30229875875379	-5.19709698223141	3.72494139622832
kaik1246	1.11098988920807	1.87066465185621	-2.2668716736582	4.9731113501655
kalm1243	0.514428003470854	2.28858697129635	-3.79859272369377	5.34035625035016
kamb1297	-0.515702575629219	2.35853742062738	-5.39886703829175	3.81328935001184
kamb1299	-0.292378651523723	2.39523949387483	-5.15137984576513	4.3295290023455
kamm1249	-1.21039964717828	2.38310094611435	-6.11660574328382	3.18433333567532
kana1286	-0.765385343422591	2.31574343203034	-5.55694589207648	3.46781902911352
kani1286	0.510761087046377	1.75563323064471	-2.9112579325449	3.98803706471379
kaqc1270	-1.4721592990184	2.40584576096925	-6.53434207903073	3.11018372496515
kara1486	-0.652245473959558	2.29408702841093	-5.34541534595526	3.57850643708832
kara1487	-0.734674343109988	2.18133097834422	-5.36950523001433	3.31328802692658
kara1500	-0.739161802653164	2.14561178139163	-5.17409438257535	3.37161344435076
kare1335	0.10961427611559	2.31726936582407	-4.2129129799266	4.84787014349025
kare1338	-0.837796266649292	2.35212803172112	-5.65834070731834	3.70587200803113
kari1311	-1.39199867468082	2.20699850035522	-6.09523304917779	2.71596738868541
karn1252	-0.53330756416154	2.18563883169503	-5.0160995235581	3.68752006589011
kash1277	2.05816988516485	1.97501167984302	-1.42318056303718	6.38376967631581
katb1237	-0.954049915098657	2.11968055625555	-5.43638400451923	2.99443763256952
kats1235	1.22758619548859	1.82698944748407	-2.10028084465927	5.08986802217369
kaya1315	-3.86616490758459	1.95936995747245	-8.19706705814918	-0.618079718635013
keap1239	5.95670563872104	2.0444098102118	2.44584909170299	10.4308271927628
kele1255	-0.352735539567621	2.39198832941018	-5.23936744227826	4.0639870985887
kele1258	0.0142232638865122	2.26460423862795	-4.56508730527158	4.393827615072
kemb1249	-0.180140354498905	2.37421750256633	-4.94906826549699	4.36346619912735
keng1240	-1.0700683757252	2.23225549045056	-5.76832418716739	2.91439988266067
kens1248	-0.58646235769286	2.32905959816579	-5.46103847230886	3.76185867378715
keoo1238	-0.377814501995849	2.45583897621515	-5.44752395938093	4.38028009660689
kera1255	-1.68489166521923	2.2820716204533	-6.65101770803046	2.46631748391322
keri1250	-0.140601215705522	2.42979797937781	-5.05709995341518	4.62352119687134
kesa1244	0.740173916935402	1.73333227655611	-2.46381979220615	4.28191301985851
kgal1244	-0.190359483114028	2.40993679622617	-5.03573938731579	4.38877811032718
khak1248	0.512391256783024	2.37567156334557	-4.02512239244473	5.47534627269212
khal1275	-0.164313964708744	1.37653937445782	-2.83187529773229	2.68408537533422
kham1282	1.34850932076373	2.06334373947416	-2.28119985922122	5.85840022266833
khan1278	-0.719058771116144	2.28694560831457	-5.45279043106148	3.4316143571204
khar1287	3.52833974725325	2.119530641615	-0.134321454384215	8.24580437671966
khar1288	0.644259292419785	1.36397991674704	-1.87041364537434	3.53570019671926
khas1269	-0.888716006916132	1.79358411607542	-4.53634430573965	2.40586088497188
khez1235	0.314850420336485	1.31940057536872	-2.2434208356313	2.99227517122106
khin1240	1.2756172139552	2.2786161374235	-2.99366545102148	6.01685291414863
khmu1256	-0.40110143603676	2.11566374795901	-4.6605532137728	3.72064536940498
khum1248	-2.05398286534531	1.26884812995853	-4.67362397730221	0.337449690733998
khva1239	1.68455095929027	2.28138563583917	-2.55958233311024	6.38895281767485
kich1262	-1.45134782782103	2.4086320985943	-6.47710432966918	3.05866731377997
kiku1240	-0.696372028406119	2.35956487675251	-5.61875522824644	3.7355780840826
kile1243	0.463850587370771	2.34037795580809	-3.99783268156066	5.4244182650987
kili1267	-0.147233995306637	2.40961825797316	-4.99112051031973	4.56271124382821
kimm1245	0.93342270794463	1.79069217114156	-2.51049472064525	4.51912201455156
kinn1249	1.52439890416544	2.13054376030342	-2.31851113623513	6.19793192985317
kips1239	-0.727295867319603	2.35854853258225	-5.69055020754742	3.65572124168876
koho1244	-0.58507230927956	2.33265348253197	-5.43633226838305	3.73329871575278
koko1269	-0.577830682440224	2.39019888307294	-5.65073576176381	3.85544191123627
kola1285	0.0525014046873451	2.37953115683173	-4.81031390697997	4.58739957059129
kolb1240	-1.09571948971576	2.38059930195911	-6.07101166258838	3.45547180507224
kolc1235	-0.5285523891238	2.40542999983218	-5.36161093154476	4.04235060815697
kolu1245	0.10304888396687	2.15826346924314	-4.3592099453033	4.05007313954062
komb1274	-0.125799096537898	1.96620362373298	-4.16417767845111	3.59234594071355
komc1235	-1.16061670310199	2.18457886581935	-5.85477595441066	2.80519014305594
komi1268	0.267261785233752	2.41389093653624	-4.1854659825682	5.26650221975157
komi1269	0.235785280399227	2.41273953702903	-4.3484618134267	5.24993387453681
komi1270	0.161783647069546	1.37845248785165	-2.52995784612338	2.94592314761103
konk1267	2.00747607963572	1.97198397430172	-1.50883465523514	6.18796018081913
koon1244	-0.296752372416081	2.37723752362054	-5.16064016468414	4.23447739064976
kork1243	-0.579802765060388	2.1271045582496	-5.11138905351898	3.25046482788014
koro1298	-0.420047117620864	2.30994403285743	-5.25257230536927	3.85358231800669
korr1238	1.00615733810972	2.22472738014898	-3.0871292072982	5.70650377365515
kosa1249	2.48664871400193	1.93425055322543	-1.05123017380117	6.67351987639015
kosr1238	-0.102895032761134	2.41951361406885	-5.04957408423591	4.70257949370184
kota1263	0.941484987709789	2.16866658523079	-3.16355725445421	5.41166531270131
koti1238	-0.236587471628215	2.41611872205917	-5.14262888815697	4.44717373453639
kove1237	-0.464633689829436	2.40391504460784	-5.41628627887241	4.11168651126515
koyr1240	-0.547476836608683	2.39133999046837	-5.53972493524729	4.05056214867248
koyr1242	-0.463941984475985	2.3372797260082	-5.22835640703452	4.00853588340504
koys1242	-1.47445479228109	2.07260518238979	-5.95543856177961	2.22572334985125
kryt1240	1.23108849037121	2.27392533011213	-3.06227261681752	6.027840343735
kuan1248	-0.773207691042149	2.27480540366197	-5.60657145562058	3.54327813795909
kuii1252	3.90743414183563	2.23353893512148	0.116978608787055	8.78265145062567
kuik1246	1.8103105570021	2.23939944868628	-2.16115058752438	6.54914117734738
kuku1280	-0.247823870960302	2.38761118368039	-5.02906596862848	4.19050025774251
kulu1253	-0.719010369261029	1.39346118163109	-3.49926647060318	2.08533841214914
kuma1276	-0.482200687915528	2.28564108066145	-5.29606170568926	3.88387655175004
kumb1268	-0.695328218745248	2.23986840371153	-5.56167395176253	3.45848701727074
kumz1235	-1.41178143358969	2.05373245513469	-5.94934983691061	2.23276746553816
kunj1245	-0.308296108851954	2.3664785237749	-5.14222322953026	4.15366109502926
kusa1251	-0.479432465724238	2.33260505127744	-5.36008656106407	3.83873893993193
kute1248	-1.10442861577969	2.25543436645241	-5.85663655099369	2.99087572563791
kuvi1243	3.93766002290219	2.16521842982935	0.201863245812784	8.54630765208753
kuyy1240	-0.675747556166486	2.34005667607741	-5.63577339663397	3.68799949494311
kwai1243	-0.620342910367116	2.35833112854876	-5.74760728256923	3.87392363932564
kwam1252	-0.521491925276896	2.2206124477769	-5.1502722367071	3.65987070742798
kwar1239	-0.616101998232558	2.33535583414532	-5.46198212385459	3.75645355890502
kweg1241	-0.676744276105315	2.03602683207551	-4.89268561426219	3.14082282998413
kyer1238	-0.870373004797489	1.43042556941041	-3.75952659703888	1.84387407540829
labo1244	-0.930298714326051	2.14916250805482	-5.43044976034913	3.16001050472252
labu1248	0.360498664406033	1.84198358680406	-3.32524439430242	3.88176764598579
lakk1252	1.53419707030843	2.30451856570961	-2.8286782418353	6.2662988669819
lala1268	6.69506912972742	1.98902564786735	3.17145869253413	10.938093961491
lama1277	-0.351738499009473	2.4190060519344	-5.36493641092407	4.15961532303213
lamb1272	-0.408954451380912	2.33176805880184	-5.22162138183083	3.9492326928389
lamb1273	-0.328346667205074	2.33844618478514	-5.39397976666534	4.17992804208316
lame1260	-0.896303574638864	2.19014279289694	-5.50017714367005	3.07624700160437
land1256	2.85415246696	2.06933962540299	-1.272760193572	6.8523682803779
lash1243	1.89516533834619	1.76723439270605	-1.1619906647282	5.78824995925933
latv1249	2.28390220215946	1.94300167282657	-1.18902102267106	6.51307040574716
lauu1247	-0.573931050490708	2.35761710535728	-5.41159965115125	3.86815226106577
lave1248	-0.687364198957304	2.28717278941633	-5.42466917717309	3.6843136126303
lega1249	-0.608607546445057	2.30794087472219	-5.48419668537258	3.68941113840169
lega1250	-0.662097571843994	2.3402444414835	-5.52363380399474	3.74517240102047
lele1267	-0.702621191502326	2.2345205713538	-5.40790457518185	3.60469125707502
lele1270	-0.0385032531823073	2.27594863126071	-4.64691003844713	4.30783852473054
lele1276	-1.60169765158676	2.24399169152965	-6.53243578693901	2.38086393169015
lemb1266	0.440392035429582	1.81536793350249	-3.17273503809935	4.0307766717028
leme1238	-0.56843857590133	2.34266601715569	-5.50990036793841	3.87651575140202
lena1238	-0.541870703543676	2.24210294715391	-5.16427496703746	3.70845817898866
leng1259	-0.623937136531157	2.28685708342365	-5.40672739058712	3.63202055303902
leti1246	-0.261299889613498	2.36912493931181	-5.14443688405925	4.18619353182782
lewo1242	-0.840620150397129	2.23918449925436	-5.57724321399087	3.34429754253301
lewo1244	-0.345651647074266	2.41588209124305	-5.38075753846197	4.24116141752636
lezg1247	1.33452267969718	2.28761127097366	-2.94937967260441	6.06528400816823
libi1244	0.340353868177488	2.25187094846216	-4.28405599897357	4.5311813887416
liby1240	-0.386724936619245	2.2995157216731	-5.15130782417228	3.86107887956701
liji1238	-1.02491133554025	2.31589042565299	-5.8505166949059	3.43547702050867
lika1243	-0.894003730858219	2.26831166952556	-5.68314320289631	3.35749124190153
lill1248	-0.790093124466137	2.34900042368175	-5.7007035231387	3.71134287692361
ling1265	-0.95712274591025	2.11686855020655	-5.44203311702646	2.92375350127666
lipo1242	1.62632004014771	1.68168774261789	-1.40402624426059	5.18590967747449
lish1245	-1.60693479768385	1.99340779124525	-5.87546592143148	1.90572538982366
lisu1250	1.44500047510075	1.69005623265398	-1.57930335503533	4.97465118944323
lith1251	2.35921843565844	1.99235127866941	-1.14360751453072	6.73363054999574
litz1237	-0.948013297149024	2.12389258627772	-5.43202306231285	2.94827468276526
livv1243	-3.95828840049901	2.19942021092774	-8.59509662677293	-6.26766816311879e-05
loba1239	0.495735500406367	2.21376555137346	-4.00125757614626	4.65882988998225
logo1259	-0.96207167009028	2.05683473642276	-5.28914090363256	2.88310211255519
loka1252	-0.773845076228561	2.37882940782998	-5.67730741774026	3.74941154743335
lolo1259	1.49541331312974	1.70007834106282	-1.56297310219462	5.10618388893642
lomb1257	-1.59700775216273	2.07859321327059	-6.27745129242834	2.02615136436693
long1395	-0.60838466329818	2.3475405753118	-5.44434990258844	3.70009919519937
loni1238	-0.0786330078842981	2.29803484162522	-4.70229457456636	4.2696535297372
lonw1238	-0.945983100593025	2.16044336086307	-5.52540181193442	3.00547538189205
lote1237	-0.425845158654428	2.38179318601871	-5.25418609111606	4.17382650053628
louu1245	-0.0547407847964359	2.26790585109235	-4.63092044535996	4.33141984904262
lowl1265	2.07275632563077	1.85437709452971	-1.14876284755153	6.1135201143784
lozi1239	-0.422566159022439	2.24110517667424	-4.96726165957191	3.79079543987425
luan1263	-0.23253004517405	2.38383465835542	-5.16722688348322	4.28940462871355
luch1239	-0.318066111381537	2.37059107366047	-5.16143772949512	4.24509711641893
ludi1246	0.385641549837403	2.34494661580914	-4.08844432137303	5.29668951202389
lugb1240	0.0886965010676032	1.96477448832382	-4.00181945225512	3.81418415313059
lugu1238	-0.463026897711949	2.33022301920723	-5.28318913972944	3.98731752871343
lule1254	0.337631638244622	2.38389381006483	-4.06038895619268	5.20145664048313
lumb1249	-0.221066014826772	2.41165250751408	-5.17426786160688	4.33814417627045
lund1266	-0.191293612926285	2.3872015888189	-5.1382321676208	4.38816882771721
luok1236	-0.603865565498729	2.38629862691133	-5.46194874169408	3.92056762575029
lush1249	-2.17973270648982	1.36208735112887	-4.95763627290619	0.400488111920225
lush1252	-0.715329481212543	2.3801214582771	-5.72499195590124	3.91967893900725
luva1239	-0.279042320599351	2.39556718419506	-5.18977896442115	4.28327550963718
luya1241	-0.325212677315971	2.41434605737838	-5.37871756019623	4.20529784331093
maan1238	-0.0885435514929981	2.46392558181512	-5.10090186903959	4.59313388314434
mace1250	-2.05421229745415	2.04032848473877	-6.52283471525779	1.50940032979871
macu1260	1.21707691954655	2.14818393792171	-2.89193649516494	5.68500289363605
mada1285	-0.78870790352895	2.19878925773045	-5.40566677959305	3.17493188137315
madi1260	1.85458332354533	1.91434059723909	-1.77962973823739	5.80248627718299
maee1241	-0.921398143745225	2.12934380136359	-5.47460181558857	2.98228583526179
mais1250	2.95733042309854	2.08572490987925	-1.17529884241147	7.14992922702423
mait1250	2.37842621195557	1.79681837967856	-0.771711690148099	6.26128572929658
maja1242	0.874345411137548	2.02327722623789	-3.05885291901649	4.95573590225266
maka1304	-0.533042209558217	2.36156300665787	-5.4644087979653	3.96830063064531
makh1264	-0.336494770744187	2.41039796382426	-5.365416204314	4.16005197578801
makh1266	-0.313032634865974	2.36400026684548	-5.12060114662685	4.11067990050391
mako1251	-0.218030759358831	2.40203638818646	-5.15113979724878	4.34404109449122
mala1463	-2.81450762999237	2.08402240565417	-7.35010004764861	0.971207698821528
mala1464	-1.04786142326079	2.05497795378698	-5.20486877594108	2.96423607202361
mala1522	1.53421985168452	1.88021238661874	-2.05060590042818	5.47534397384384
male1284	-0.672023415217892	1.85433817441634	-4.42640361714818	2.83987419472053
male1289	-0.493924682810238	2.28197933826602	-5.16634894739909	3.85915168254181
male1297	0.46585779946742	2.08101498804089	-3.7346723848212	4.61160242269696
malg1251	-1.74258839891934	2.08931021836377	-6.21368441989306	1.98791432448676
mali1285	-1.50564429544176	2.3176956042295	-6.41568641202026	2.87324528564807
malo1243	-0.861072525876403	2.19602369887745	-5.51251806810745	3.15386560165668
malt1254	-0.943945047442607	2.15562882109207	-5.34353455650807	2.92663484205367
malu1245	-0.903277544982663	2.14167704221592	-5.53382504441127	2.97460711356664
mamb1294	-1.6138389814836	2.25712043210613	-6.44526884728208	2.58574368908212
mamb1296	-0.301263861774398	2.41963951470099	-5.28003194904405	4.41767918388245
mamm1241	-1.39987202803367	2.37306772457062	-6.38245638015013	3.14183939024183
mamv1243	-0.952533307315415	2.13173166655578	-5.51304655371676	2.9176770524253
mana1288	-0.434680436761477	1.4855180752187	-3.4417979726348	2.4634113294519
mana1295	2.79572231133805	2.29936257225904	-1.35460596477808	7.62811330141651
mand1415	-2.72627613119518	1.99344840770548	-7.15298404698152	0.98032964620352
mand1440	-0.661552890994631	2.25367129104577	-5.40504581985976	3.50688135957133
mang1378	0.681796125137912	1.93957584094419	-3.01660618514388	4.61412641087137
mang1394	-1.04673332440878	2.21063162490085	-5.88418952050752	2.92739041340838
mang1401	-0.107329933085061	2.42559970849388	-4.89747619641039	4.61383121733137
mang1403	-0.446499816518825	2.36793694714569	-5.20872737661254	4.02703239706267
mang1405	-0.333915237777099	2.39977438037496	-5.21135338030216	4.2182789792928
maor1246	-0.119391803993208	2.42654718395154	-4.92933769834831	4.59107799723296
mapo1242	0.588920611188583	1.85608708793593	-3.15335795406526	4.19665236701081
mara1378	2.06561197449619	1.9940246362888	-1.52750618746637	6.46725223419813
mara1379	0.617006699365206	1.30417445566675	-1.80463117792539	3.37721016419465
mara1382	-1.09321289778413	1.36722223603988	-3.84579436141745	1.52529806327262
mara1399	-0.928492213249088	2.13249774483706	-5.36698644690597	2.93987277111993
marg1265	-1.77189122880482	2.18089329599897	-6.47142412366051	2.23033876917867
mari1426	-0.700535347445935	2.29352801407676	-5.40252367336134	3.64347999251771
mart1255	-0.785311649196185	2.22596777433031	-5.36430608563586	3.3508351816809
maru1249	0.655007537314907	1.68209707969203	-2.51902322657588	4.21013842689307
masa1322	-1.63339565346871	2.25396312406193	-6.52404337484288	2.48256181082763
masb1238	-0.268801089950045	2.32986795540919	-5.08784398486947	4.07177260173271
mask1242	-0.951396329570376	2.14269669266936	-5.49028927742894	3.01140879550247
mati1250	-0.337332554571105	2.42822268413033	-5.33614420821029	4.21408767045257
mato1252	-0.307766055787006	1.67812960440537	-3.67284836415848	2.99743573403654
mats1244	2.14038863784908	2.09150496932129	-1.68791097088944	6.6201723251051
matu1261	0.463181613159086	1.94142710681174	-3.26554159722426	4.38636203338429
maxa1247	-1.08798966508661	2.18153160070326	-5.67305221970198	2.8821026368429
mayo1261	-1.01630271630553	2.27712404515868	-5.83233384577379	3.21329855804792
mayo1264	-0.957658375385964	1.86174555517822	-4.82153182691446	2.54340871064026
maza1304	-1.8147059603953	2.22098801433592	-6.61096760666283	2.21517080493598
mbaa1245	-0.430543993076153	2.42529827852572	-5.52802779240908	4.13882558806177
mban1263	2.26461874756363	1.97235811720874	-1.51126994257484	6.18398100923439
mbar1260	-1.52558471563496	2.26140855163046	-6.35444854631652	2.6716344143262
mbay1241	-1.55851878379597	2.06531352958168	-5.88461746203644	2.17454101148979
mboc1235	-1.07822492194159	2.24925491636799	-5.74331685183693	3.1132972675742
mbol1247	-0.280807097790848	2.4142583513271	-5.15809734295832	4.33966275945077
mbul1263	-0.530061781521633	2.22131993111597	-5.09489494016003	3.69187719514009
mbya1239	1.31543519022856	2.11952601337337	-2.6338089305436	5.77662457497777
meen1242	2.13552394117764	2.0812229972968	-1.69579315135775	6.49929980437368
meke1243	4.10620144072307	1.7095248964384	0.925111348397873	7.60265237080498
melp1238	0.827731249166099	1.66658129239373	-2.32365825552244	4.20657148101805
mere1242	-0.721881151611779	2.32623704027113	-5.75287745383749	3.69462345622027
mezq1235	-1.6498065016107	2.31875535425432	-6.47644476942138	2.58235473482269
mich1245	-1.70515630300538	1.96631752643428	-5.92087797390076	1.74382792732207
miju1243	-0.603981264938762	1.46673329818554	-3.55256258813731	2.27056306506363
mila1245	-0.657482236824362	1.47974738378917	-3.69797164270009	2.20098513073326
mina1268	-0.12573215994505	2.44437225195727	-5.11107779675168	4.62235019988895
mina1276	-1.87538329753952	2.19139416230075	-6.62774475309882	2.00588091013062
mini1251	-0.775959288197901	2.25982859674778	-5.51312653847551	3.45559489631265
minn1241	-2.71799896458596	1.94572240287876	-6.83393126430795	0.852119250759788
miya1259	0.570069952886565	2.29467991245598	-3.83342667519742	5.2723567861958
miya1266	-1.41420775427849	2.0886541910313	-6.00858274075836	2.32479344166814
mlab1235	-1.65767140523684	2.22118657091322	-6.47267754679175	2.40239760718089
moba1244	0.491378299450299	2.24012887231039	-4.03154510274558	4.80289474356484
moch1257	-1.36205501162594	2.29518667818503	-6.14658963609483	2.95689517512711
mode1248	-0.757220274875404	2.23440773436115	-5.56797598502825	3.247908351856
moke1242	-0.248415064661764	2.40172168341621	-5.27866173560607	4.44816715173249
moki1238	-0.185658481267407	2.38738654475338	-4.93040760438419	4.52173116169526
mokl1243	-0.269630301539174	2.34226369690879	-5.03587240559494	4.24220274349323
mokp1239	-0.958625668324179	2.25946257549607	-5.72850513967354	3.30152094338775
moks1248	0.29175889022213	2.43680904615508	-4.29240231919596	5.27085503020837
mono1270	2.62163558802927	1.92655272816575	-1.17466787376716	6.45874822658807
mono1273	-0.474445769605117	2.30138611898699	-5.19566536802391	3.86922040323388
mono1275	1.70080957355123	2.06881351571984	-2.0011797331068	6.28437221055146
mont1268	-1.5031950606489	2.14074974579149	-6.00564478601573	2.36647431086237
more1259	-2.47246808598935	2.0356770450536	-6.90647129152532	1.12450701566217
morm1235	0.853481649112845	2.03759214349862	-3.09209885332573	4.90743607814226
moro1287	-0.38458036224441	2.37554907378305	-5.24894815877082	4.1250377565246
mort1237	-0.0868725669212946	2.36954434797626	-4.75416092994716	4.56139290133274
motl1237	-0.539004740677832	2.39270274346247	-5.52952693915939	4.03839935013655
motu1246	6.83426242710673	2.1298101734202	3.22532437858642	11.5979953343444
mpad1242	-1.35511444411165	2.19027582207184	-5.99679817523818	2.65865792557039
mpii1239	-2.59528956293475	1.99243171600247	-6.98775064824116	0.890389333065828
mpot1240	-0.365320572207346	2.39317347924416	-5.35224370885128	4.25625652635658
mual1241	-0.15226867475832	2.45202516605006	-5.21706154619613	4.55957262671321
mudu1242	-0.449674798775404	2.40658170164808	-5.40730925032404	4.17319803487311
munc1235	0.993527625260149	1.93760991868014	-2.44863503501184	5.08411063648741
mund1325	-1.70516461483108	2.29358282042484	-6.63363525682006	2.51908862519422
mund1326	-1.04490121437826	2.15576639093067	-5.56905578601776	2.95973383524413
mund1328	-1.148617114979	2.20740491362095	-5.98476265760465	2.91214101982344
murl1244	-0.217841719743387	2.18974530823877	-4.78536549203103	3.94165286589124
muso1238	0.0761195682825196	1.7443150848567	-3.36742339182159	3.4609881705399
mwag1236	-1.51724226960102	2.06724199446933	-5.99709352591476	2.17360307053012
mwan1247	-0.235658679906212	2.35467108054211	-5.11655566390793	4.26786384831915
naka1262	-0.504918646854968	2.36535459054485	-5.32546547447827	4.06026511087199
nali1244	-0.702715967672855	2.27318341259724	-5.55015274525001	3.5176032881785
nama1268	-0.773666387545338	2.26255249292033	-5.43225820512743	3.41901968199167
nana1257	0.547947467871262	2.31969385904598	-3.85900642937068	5.38748902758559
nand1266	-0.764244422181739	2.28437781250693	-5.52473696813621	3.52001593555368
nang1262	-0.326420298122535	2.42718535962752	-5.28328801291771	4.35062341805296
nant1250	-1.49111123163508	2.17633408942085	-6.20835057221954	2.46183583770979
naue1237	-0.261046179597142	2.41062985002068	-5.138935806704	4.35619438271812
naur1243	-0.118230818527737	2.50750753495801	-5.19173872563051	4.60463150757843
nava1243	3.10105737266282	2.07820847129206	-0.580713071832748	7.63375872411085
nawu1242	0.194537482248506	2.34933523552166	-4.63089215372754	4.78523818903283
ndam1239	-0.422102483077953	2.36042295792779	-5.3872444669995	4.0036241912164
ndog1248	-0.317349867537623	2.45231337327401	-5.34031548469453	4.39082205374171
ndun1249	0.116357422028049	2.2799043855161	-4.73127600468845	4.48986940269466
neha1247	-0.477587406704761	2.42233705108724	-5.52817184116139	4.05935355178239
nend1239	-0.362375050750971	1.59761692143789	-3.60144823237813	2.76414829802341
nene1249	0.217200633725325	2.36159663820299	-4.38221256701278	5.02929401717951
neng1238	-0.313161489072045	2.35093385554031	-5.07187853675491	4.25361694063455
nese1235	-0.908163197530331	2.13875441019977	-5.5126933061536	2.96868214432513
newa1246	0.0589978406835493	1.41654559915789	-2.60635411783904	2.93194802848036
ngaa1240	-0.31145564117648	2.38735045091107	-5.27719657053734	4.11148634039019
ngab1239	-0.8225714799315	2.23720958118637	-5.51397308090886	3.42496661090231
ngam1268	-1.636117716947	2.10048194847319	-6.24674996227919	2.14827475516059
ngan1291	0.260287103707366	2.33561983307779	-4.14951994841048	5.13198342131845
ngar1235	-0.639960316843659	2.19091507760592	-5.1059055103537	3.46988707033985
ngas1240	-1.55242770640801	2.15922362994821	-6.16277142440471	2.35000064029312
ngba1284	4.0682870926179	2.17791582588955	0.0926670233901626	8.59176938352541
ngba1285	1.47196230134513	2.16723123760739	-2.82777094457333	5.83431462755641
ngit1239	1.21761220581086	1.98609185607939	-2.55364917486815	5.25048443264332
ngom1268	-0.030951167194394	2.36305815864177	-4.97957909613027	4.45054836386363
nhen1239	-2.15932641256997	2.07164801103811	-6.55103047530113	1.4984125686455
nila1242	-0.536739440085539	2.3534637045188	-5.38181314125237	3.94782481075191
niua1240	-0.138620917675792	2.49713014706329	-5.1624785839253	4.52902140208139
niue1239	-0.0828670721063755	2.43462108469161	-4.97435343806872	4.55164559558872
njan1240	-1.00988285707704	2.30353657676176	-5.86183455103279	3.43385329436374
noct1238	0.78321938086188	1.6392490295272	-2.15030555704905	4.27526231309355
noma1260	-0.872627605897709	2.32553674189257	-5.59877292544797	3.49465967056115
noon1242	-0.156748243991261	2.44420167620132	-5.26215440589383	4.48417279133198
noon1243	-1.15097153324276	2.20304017605582	-5.90609607785788	2.93947593785823
nopa1235	-1.3327474941558	2.40324945814706	-6.34828338809181	3.20633239299648
nort2671	0.263761500130391	2.3704857025252	-4.24099962921829	5.2384022703486
nort2684	-0.65328699836887	2.33941235011683	-5.57858040552394	3.78409190305526
nort2690	0.309432485497195	2.34999954387426	-4.25623710788033	5.13619364814994
nort2697	1.59111744457207	2.39561077055685	-3.00623675686876	6.53172387930031
nort2702	1.86824820814794	2.31933096671388	-2.41192555811549	6.79461703836241
nort2722	1.19866410504891	1.67921279276193	-1.83453038879501	4.72077000587517
nort2723	0.968494944646196	1.80903661802952	-2.3934162074154	4.78064357368275
nort2732	0.703272873946561	2.1231287872545	-3.12268670721568	5.2906419897541
nort2747	-0.61660217865656	2.34119876251967	-5.37825026205047	3.79076476339503
nort2774	0.853188675180655	2.17850554609468	-3.59525972171526	5.08937039349628
nort2839	-0.92001039170597	2.19530274987475	-5.55341780942175	3.11871394504572
nort2845	-0.0750296905311966	2.33926303386643	-4.77786426568146	4.53642532878968
nort2847	-0.549398378744275	2.25439435072986	-5.27898986584782	3.77753079906073
nort2885	-0.256951474202348	2.47304445750641	-5.26769323240417	4.40028490892107
nort2942	-0.770559379458094	2.19271139770336	-5.39752877096784	3.11746605265224
nort2954	1.77953579207808	2.06407476673168	-1.86228387198297	6.25797406184405
nort2961	-2.16836309450222	2.0518116089041	-6.52160623595906	1.58638527480183
nort3047	-1.9018121881437	2.19758061935278	-6.55391903073233	2.05395046911311
nort3139	-0.677684402570991	2.24475241986576	-5.42273190290266	3.43703648858916
nots1237	-0.747062039961932	2.22559166832156	-5.43550766189768	3.32499584471237
nucl1235	1.98561193745608	1.97304063380335	-1.49817824008007	6.23059247210663
nucl1240	-1.31712299248438	2.34034543866866	-6.27002210774151	3.02722660707065
nucl1301	0.330284609844787	2.40794064465749	-4.20985674837734	5.23237930038545
nucl1305	1.01220427822487	2.2448325161533	-3.11802212961799	5.80276523322411
nucl1310	1.32832680469009	1.79534190346301	-1.79883627741962	5.33684245786996
nucl1417	-0.671158421905498	2.25187948876439	-5.33817774619827	3.49509983859583
nucl1643	0.448009598165757	2.39650314249627	-4.12262774471879	5.49166016054904
nucl1706	-1.14730460081342	2.22388027069429	-5.97007294985591	2.78887555883063
nukn1238	-0.407350682541865	1.6490681553013	-3.77711191506351	2.85545830710824
nupe1254	-0.44019781140115	2.41620249012169	-5.47701370985885	4.29851632855729
nusu1239	1.5475548285131	1.63431492731204	-1.41246627519213	5.1298773394589
nyah1250	-0.700602885594257	2.45631935650481	-5.95865116096572	3.96703934427609
nyak1260	-0.462009035662361	2.33296771398609	-5.22946948497916	3.98158636287023
nyam1285	-1.41427545812076	2.28402315360392	-6.35675284681965	2.76480417639716
nyan1307	0.105752439842069	2.37537677677063	-4.71664005977653	4.63509841403839
nyat1246	-0.597634538410797	2.33508090108045	-5.37654093581467	3.84431510686218
nyor1246	0.518753212289863	2.23219159335047	-3.9442921781899	4.84636172461973
occi1239	-1.59907718586648	2.07365957527759	-6.13544596043518	2.01821005375622
ocot1244	-1.64065770786199	2.39175091668927	-6.76892777913502	2.86356153032448
okan1243	-0.58787472639135	2.35442221941815	-5.51537816363352	3.94023049897031
okin1246	0.555567996767236	2.34185287577561	-3.83092673120438	5.38585075036198
oksa1245	3.19799158706289	1.97869729287896	-0.229891693162076	7.52229884352936
onto1237	-0.205518505575419	2.47293509877204	-5.12209553087043	4.56078194910393
oriy1255	3.73656955681457	2.11441466080786	0.225171484451865	8.41127170555764
orma1241	-0.500606567186481	2.28782212998985	-5.45527733188943	3.78220522832962
oroc1248	0.464295531837233	2.40494493466354	-4.03528811510838	5.54726078324597
oroh1237	-0.512483124658119	2.36849947761401	-5.5290847555377	3.97533301130154
orok1265	0.455165252177631	2.33778105077596	-3.9579992187924	5.34326623385092
orok1266	-1.02640270876819	2.26422738155669	-5.87330024404593	3.20082945194624
orow1242	-0.529530171461098	2.30741460215145	-5.488348292621	3.77746005253538
otta1242	1.18253561141732	2.09698550315208	-2.61528683325134	5.54953305865347
paaa1242	-1.254906094724	2.17214000374862	-5.91483933011452	2.65272921933069
paas1238	4.21397321521802	2.25219966626275	0.0376435926166601	8.95609777851761
paco1243	-0.646075862020108	2.33232367689749	-5.42053866757308	3.72456937081605
pagi1243	0.348265821139029	2.20739973802038	-4.0893479734356	4.57855932795519
pagu1249	-1.05369945593596	2.35299324339137	-5.75191783090712	3.50700692583511
pahn1237	0.758061137154239	1.79634625234835	-2.78573548074542	4.43268209694827
pala1344	-0.178481428135465	2.33651439320968	-4.84138001506723	4.31148063306514
pali1279	-1.35920109719057	2.12189641409057	-6.0396693987909	2.46620090730057
pana1307	2.55185194598469	2.19273345579668	-1.35500248278573	7.26997334893804
pang1287	-0.45415944496469	2.41676296118898	-5.41573823057394	4.04508214212383
panj1256	2.03634077899608	1.98097622105532	-1.42535217458622	6.38009258200375
pany1241	-0.721133763471663	2.24157259710763	-5.37545071301855	3.54074165097637
papa1265	-0.509601136611119	2.30434303084956	-5.2052951795464	3.81592923408829
para1301	0.138605035896682	2.17498081659029	-4.24380320216994	4.32957573284187
para1302	0.209219677396697	1.46100198336571	-2.58424153960906	3.15884586731933
pare1266	3.86261274294599	2.13473400695325	0.232033179492302	8.54333829169494
pare1272	2.29923586537282	2.0168354408895	-1.30319502232872	6.54717795619854
pate1247	0.73722651268916	1.85960030276157	-2.9768616124556	4.35753144730265
patp1243	-0.765405626949185	2.2562556890936	-5.42834883734005	3.45201907891309
paul1238	-0.203199497783265	2.48929313034179	-5.24254469210842	4.59023710892208
payn1244	-0.268759132024035	1.60400498851783	-3.46331538681916	2.89637657496873
pech1241	-0.779077058745383	2.25169026083272	-5.48637351683424	3.42582693413101
peer1241	-1.0259711789455	2.34706074809283	-5.94086736372844	3.33349775305158
pela1242	1.56820315510617	1.87658499408146	-1.76076122424463	5.65654613384387
pemo1248	0.930664154165148	2.21347344118282	-3.22686373273459	5.70794228031608
pend1242	-0.271735633710479	2.35511009705632	-5.13351279798937	4.24287332135716
peng1244	3.80316790023908	2.26828919548265	-0.0738416415311162	8.68598199329245
phai1238	-1.48256763503678	2.27799992210471	-6.10480734085666	2.76495575028775
phom1236	0.00284072539083238	1.47785764409979	-2.86122687289933	2.95286045352657
pile1238	-0.311694459121744	2.39416644304666	-5.29289326486197	4.21309937529318
ping1243	-0.154450595647168	2.4132015346924	-5.00199074025142	4.54054418267468
pipi1250	-1.89617033380813	1.97218073724307	-6.19372545399722	1.5885407029844
pite1240	0.379787060071815	2.34541309355006	-4.08970180610355	5.28194341663791
plai1258	1.13775458690144	2.0979150454911	-2.66472920900743	5.55842060255477
pnar1238	-1.05889659180198	1.83731692791841	-4.93802665744925	2.29423831032015
pohn1238	-0.147894624644655	2.48967236157008	-5.13489311147274	4.68203306098032
poko1263	-0.574281284441958	2.36150788885004	-5.47259825329519	3.94153964875408
poli1260	-1.44848983685095	2.00102316869247	-5.83975120011935	2.08791243168477
popt1235	-1.40294691646483	2.32565678101303	-6.16885118658416	3.00494027583373
port1283	-1.55667317346587	1.97489217428881	-5.97142189971487	1.85291325124052
port1285	-0.957257425572099	2.13584231028931	-5.49254681702386	2.97341751706153
psik1239	-1.89351477114887	2.1528113259607	-6.60571341959108	1.95510959342214
puka1242	-0.142734224719474	2.46581962922052	-5.2186990720216	4.58994784915437
pulu1242	-0.104239941178451	2.39312958979115	-4.92698352764874	4.54529552182511
puma1239	1.3010377244421	1.53474119663015	-1.56480658292968	4.54412353220077
puoc1238	0.0410484534843545	2.26899605372993	-4.62370816808487	4.4433378406718
puri1258	1.36930811287143	2.19499843771328	-2.46566039256407	6.03937972512433
qanj1241	-1.37442226152443	2.3610759982896	-6.28365206821391	3.0704471950754
qima1242	4.1551336964898	2.12504472721509	0.305017205849068	8.72616643441438
quer1236	-1.44624894228416	2.31952046110958	-6.31018829280982	2.85947803248214
quio1240	-1.80734839205234	2.33716377888466	-6.67258074081835	2.54639844427343
rabh1238	0.755347996882752	1.82952790123326	-2.52141118990207	4.69180321105405
raji1240	1.72404881144817	2.11635520891632	-2.00656508947503	6.19660735880466
rama1270	2.90062243718758	2.15517653491922	-1.01606708351785	7.39509544148786
rapa1245	-0.208987506634233	2.42932386848469	-5.15561463655553	4.32835037859913
raro1241	-0.237071594354954	2.40488645464513	-5.2449851658889	4.2565432997654
rata1244	-0.281924082239538	2.42730956038695	-5.29690389514838	4.43249971440015
remb1250	-0.359823229779957	2.41591370313457	-5.3906567630934	4.29784322616629
reng1252	-0.635948331946237	2.36456585019529	-5.54160332102619	3.78679090706088
renn1242	-0.36183052930587	2.36753779113727	-5.24568940404158	4.20698426353237
reye1240	-1.29252776963737	1.91613204559277	-5.25323222833495	2.36015243856629
rong1264	1.51021146005357	2.17171605767943	-2.26575586618783	6.1720013625167
ronn1241	-1.5076732834118	2.06979704884017	-6.01943082563472	2.21245581500129
rotu1241	-0.130895292142954	2.46050279305115	-5.21869725343537	4.61668125095447
rovi1238	-0.486656251963327	2.32895022475651	-5.40650010959297	3.81783122990394
ruch1235	-1.54621820230679	2.37159359618975	-6.64056916962883	2.77539513834275
ruka1240	-0.716878177119344	2.32915979594598	-5.51457192222714	3.61686016394811
ruma1248	0.597305999411866	2.07954580663043	-3.6052510833876	4.66077507948106
russ1263	-1.34286353431517	2.00389385970395	-5.6588283710994	2.32693985120396
russ1264	0.596096446900497	2.35598057813433	-3.91159042349195	5.50721215115916
saaa1240	-0.531694072875908	2.35899489628709	-5.47876085414816	3.91592733398838
saaa1241	-0.891251590794104	2.24377558905399	-5.60380689261401	3.32273399915062
saar1237	-0.80899283559903	2.33506012960562	-5.64661873225276	3.48156890713641
saga1262	-0.579296114601265	2.39976440500022	-5.62064593766666	3.95972870914615
sais1237	-0.596202938500022	2.31141842958426	-5.29410084850643	3.88398706815418
saka1289	-0.727615910036722	2.30129252739543	-5.62129443837971	3.65274274885666
saka1291	-0.164174085543998	2.45125005374334	-5.14356312022388	4.42134640286285
samb1305	-1.17501346961191	2.34005636818112	-6.0032057557027	3.2465180897454
samb1311	-1.15212031412079	2.34856273935419	-6.04159734328214	3.21392827899216
samo1305	-0.107599129245379	2.47000994312619	-5.11523794814308	4.59189684876774
sana1295	-0.330403126068613	2.31150536342205	-5.17411561835468	3.99079324282484
sanb1242	-1.13860814484804	2.23729190581233	-5.88771660042651	2.9838785859749
sang1331	-0.256655132909126	2.43337971354806	-5.22432243927487	4.2701803409365
sani1269	-2.29473775468639	1.67173089229925	-5.80741927119662	0.75642976463034
sanm1289	-1.68116899586669	2.0438153574141	-5.90421825835781	2.16721463448766
sanm1295	-1.70286480580954	2.34982664165374	-6.66271336744361	2.62589467884371
sant1436	-1.5120697451557	2.304038766065	-6.31278493626602	2.70477840990812
sant1451	-1.19220219006618	2.39992117722126	-6.10700693156459	3.29756786386571
sapo1253	-0.486527698082852	2.35183809287616	-5.19575213392646	3.9727034607884
sara1321	-0.780402097902595	2.17219436433168	-5.46598685692707	3.22621046700251
sars1236	-0.721662121674267	2.19759204471151	-5.22969842685094	3.36328630823973
sasa1249	-0.171442960967262	2.46021739418195	-5.25571949642247	4.4739839548971
sata1237	-0.1260334862512	2.45728482186102	-4.98122325810494	4.68216301320283
sauk1252	0.0426225292368862	1.61786190240462	-3.18400170841606	3.30398777197274
saur1249	1.4916352218204	2.20194043633616	-2.54422474729323	6.26773103956372
seda1262	-0.617762527732349	2.38177321708167	-5.59986909588906	3.88284937014891
seim1238	0.0694984986425833	2.3372468626872	-4.79410934921222	4.47032639358065
seke1241	-0.888629548479278	2.24530695868468	-5.70717310854634	3.313589804449
sela1259	-0.143939849386161	2.51348635275966	-5.31901963105298	4.68710096128217
selk1253	0.250748621863029	2.37884365854195	-4.26116670456172	5.07854667066646
sema1265	-0.574209855512479	2.39472504527802	-5.68891541356302	3.87485156166641
seme1247	-0.519944313891817	2.34060702401343	-5.3181810247446	3.82367102472516
seve1240	1.05384026550703	2.12450701556812	-2.90409616538855	5.58189590949001
sgaw1245	-2.90040217591612	2.00450766503312	-7.40109771845879	0.451565247905743
sham1280	-0.576659358067471	2.39267180736483	-5.54458805676143	3.88536218550492
shan1283	-0.950232016804454	1.96167714275941	-4.94668821333195	2.70095668162087
shaw1249	1.18895498200004	2.14875306973042	-2.7516713976489	5.78153407503315
shil1265	-0.183324177074468	2.33845237819423	-4.94440253497733	4.33482810047176
ship1254	2.22314250966822	1.93124040570432	-1.23495301917773	6.30098513922699
shix1238	-0.609812625460616	1.63184707840607	-3.92577211744864	2.608147085703
shol1240	1.01170660354563	2.23496339251573	-3.11180698403334	5.70458296430847
shon1251	-0.182990446982982	2.40064109766401	-5.15332125449485	4.38174312117975
shos1248	1.66729057087831	2.00806791407015	-1.98302038549462	6.01874871682526
sich1238	1.69447014611302	1.96677155146538	-1.76473649809531	5.97570805355849
siee1239	-0.558347194290482	2.32505575073289	-5.45748046903319	3.89283058339066
sier1250	-1.78789597806277	2.33838507781831	-6.70883515684523	2.60205225461586
sika1261	-0.293840333804658	2.49704582097336	-5.45882844147564	4.57984654442226
sile1255	-0.00834312750064163	1.66234698470245	-3.31535629164877	3.33633342779516
sina1266	6.39716362963997	2.04062392315351	2.89988094494048	10.8145144115072
sing1264	0.772461826133049	1.71884295937314	-2.4110396665412	4.36409219619473
sioo1240	-0.520203178918686	1.89781645448585	-4.27339152076437	3.19734070696589
siri1274	0.559770763519407	2.17648035352405	-3.66112691817827	4.99418563247946
situ1238	1.2455863016339	1.65494461415755	-1.74319546074374	4.69941981003357
siwi1239	-0.797894699348542	2.19258909042206	-5.57837802006548	3.26040806883633
skol1241	0.198107294961232	2.29770217170716	-4.16387311716251	5.03923750373208
slov1268	-1.52800252577932	2.04729778688199	-6.06080710981029	2.06365181947759
sobe1238	0.164199400367919	2.40328762579728	-4.66678819970958	4.80226706151204
soch1239	-1.79714821414903	2.3555711544862	-6.82404157271128	2.45850495800017
soga1242	-0.294176232004397	2.38539780640757	-5.14728452623794	4.3164557624155
sons1242	-0.0724088439301862	2.48071676636859	-5.00494894710259	4.78822848889075
sooo1254	-0.739469413278145	2.32599065501961	-5.50396437718856	3.55011353558326
sout1528	-1.56544647233187	2.07493586277393	-6.06633336951681	2.05722366900507
sout2649	1.91605096662356	1.92599329196987	-1.49794499504845	6.11153384957849
sout2674	0.255318280080763	2.40068923106029	-4.19572986128612	5.33691056668416
sout2679	0.533536961890376	2.35095464982289	-4.077535781642	5.35724138334406
sout2728	-0.411835437876356	1.6385159373567	-3.75255677479708	2.73933288071497
sout2729	0.440877860575561	1.60220413390131	-2.5337202022625	3.7073375126008
sout2730	-0.710589105898426	1.57208748537623	-3.84617640001898	2.29451453744999
sout2797	3.25105706192756	1.85428932873487	-0.374311283348046	6.9757157836772
sout2807	-0.248136556407406	2.43943814839695	-5.26116373646147	4.29883185395738
sout2856	-0.665157284981595	2.23471216689319	-5.35423057846812	3.60338490512918
sout2857	-0.917984383171908	2.16803904500169	-5.43998150566672	3.11655552293112
sout2859	-0.904821741859604	2.20016311635911	-5.55724255553847	3.14271008267025
sout2869	-0.52893874189746	2.22449774888136	-5.17065870603441	3.664343759651
sout2954	0.549453117038968	2.3227115886743	-3.94941261234193	5.42054652697269
sout2959	-0.784800485808017	2.19628677160819	-5.48574549585009	3.36738509286148
sout2976	-0.914322615535655	1.84378044087962	-4.84878085109404	2.60606882832929
sout3261	1.39559493949329	2.28619182670643	-2.87340069362781	6.09645986256609
stan1289	-0.619414049410641	2.23947848157748	-5.40662993995217	3.30021618433664
stan1290	-0.626502926850104	2.15270501436423	-5.15935035829951	3.30423895864831
stan1293	-1.5088157055614	2.13422667930511	-6.22836388407179	2.20156899980711
stan1306	-0.495648857175548	2.39312324394255	-5.43198795424374	4.10718163685406
stan1318	-0.960115440383347	2.12299275537277	-5.53750337650548	2.83131092235363
sude1239	-0.111267030191436	2.42794544926787	-5.15103830006419	4.57519482906487
suku1259	-0.462418742196635	2.29811090851682	-5.37648443406749	3.73988206141437
sumi1235	0.344295598570181	1.36793268934896	-2.2719773526906	3.10384002071095
sund1252	0.523220256548313	2.34200552467104	-4.16905458111323	5.07136997027156
sunw1242	1.41012858301834	1.63103392982248	-1.54467804725275	4.95128061528984
supy1237	1.17739346590371	2.30555685997728	-3.43742505996922	5.61627238894305
surg1248	0.248769769953664	2.35944857445434	-4.18676324359191	5.12237437920911
surs1246	-0.705498566545688	2.31302958220473	-5.51522453919369	3.75851343297662
swah1253	-0.3438646919545	2.34279317557731	-5.13334903303076	4.21870053146476
taba1263	-0.98739301263121	2.35841034911324	-5.80977339233822	3.49731887468553
tagw1240	0.528379851480364	2.34580531566865	-4.15576115955464	5.07192980963799
taha1241	-0.308196396852382	2.26135922358108	-5.01350534238874	3.88812656589711
tahi1242	-0.10525959986692	2.44660976590616	-5.10032869270381	4.6613056511007
taji1246	-0.258892627092023	2.37118709579247	-5.25012187890284	4.30484528299545
taku1257	-0.269533732168387	2.47117944662417	-5.23853643319693	4.55129181333174
tali1259	-0.59211023272829	2.30460902795461	-5.44297294869671	3.74489082056994
tama1365	-0.518138398045082	2.29217335054802	-5.35082832384675	3.57577092939766
tami1289	0.358782583849377	2.32699910375568	-4.080321615575	5.20862860734866
tane1237	-0.368618866347066	2.3439054879592	-5.20378415728441	4.02168139491263
tang1336	0.421216949705375	1.3177156139967	-2.0798823554058	3.14563969145122
tang1347	-0.784472320488574	2.27003146654808	-5.60254681955602	3.46148961727051
tang1348	-0.514353943537964	2.39650966323824	-5.30568408691978	4.02756442145419
tang1377	-0.181357007892005	1.45945235605717	-3.00563306866673	2.73701591562897
tari1256	-0.86057618472007	1.92715311834468	-4.90425585670085	2.70606418251097
tari1263	-0.511935189298035	2.31234305965732	-5.39058349993141	3.76783605077392
tata1255	0.360824257784896	2.35055677893133	-4.04905891108301	5.1419076990406
tata1257	-0.155404408289285	2.40188060427506	-5.12922260142681	4.57969660128635
tata1258	-1.4069283573526	2.37991720085429	-6.29599603714282	3.13110163048876
tawa1286	3.52873842034037	2.14811386372187	-0.319002555091291	8.0644691567546
taya1257	-0.714620344358334	2.11465962633128	-5.24148968356031	3.20927439951675
tbol1240	-0.239692180752458	2.47768091348097	-5.3264633700608	4.59602514883368
tean1237	-0.369455916709883	2.3395471656434	-5.12134170057406	4.08123748057929
tedi1235	-2.46725215142752	1.54617616768689	-5.64580749849537	0.464768055540388
teke1275	-0.268353585720626	2.41136799308281	-5.18031601174002	4.28629178985005
tekt1235	-1.38173618574324	2.29676432020426	-6.22046367227128	2.92779733458753
telu1262	1.11468305286279	2.23308678426191	-2.98515262977105	5.99904933190424
tenn1246	-0.287052360753491	2.08974352208321	-4.50288542260181	3.70063705763076
teop1238	-0.500243531051448	2.31819791012414	-5.21403452087594	3.72027519620249
tera1251	-1.42137358850672	2.35640163648881	-6.41642357290498	2.91847158105942
teri1250	-0.727794719273172	2.23126835705839	-5.30213977427436	3.44089010068057
tern1247	-1.01446411306928	2.37780714248727	-5.82192261819721	3.49957725011177
tete1251	-2.57195115332576	2.01834553872548	-6.93978468150232	0.915316211198491
thad1238	-1.64321987443909	1.4366528805023	-4.52068176438344	1.17808386161049
thak1245	0.391296269886675	1.5552786564814	-2.55732442043472	3.64920130843493
than1259	-0.292413890928903	1.69285551552737	-3.49888841715528	3.08957737026152
thao1240	-0.751659862838648	2.29905484617722	-5.44551694069264	3.52296374205456
thul1246	-0.0861217600276908	1.46031888086426	-2.87860128932781	2.9344067140838
tibe1272	1.66509774211548	1.96175972434016	-1.80621250431397	5.98158311495553
tief1242	3.00208321537755	1.76530148948169	-0.533763948685708	6.43166849418577
tief1244	3.03784842360641	1.78476421312084	-0.419562673716867	6.5622729280159
tien1242	-0.278879082498338	2.40474976679153	-5.23716277941651	4.33207628353388
tiga1245	-0.588601448953072	2.35358722180096	-5.34513455124538	3.76279142415359
tigo1236	-1.10072895439728	2.25243392081041	-5.7639806571173	3.01166801723072
tika1246	-0.913358362331871	2.29814799886329	-5.63051277505368	3.44353933635838
tiko1237	-0.320455687647491	2.41294115620382	-5.2087772156647	4.42850803777965
timn1235	0.253263598759912	2.316652760403	-4.42924318634041	4.66308792206443
tiri1258	-0.506396615930519	2.33863501357779	-5.45182998839321	3.9012536489596
toab1237	-0.582122416631001	2.36313767879951	-5.43316285993342	3.86701708793554
tobe1252	-1.01125986017331	2.34952893438043	-5.82700910889625	3.47000125738831
toho1245	2.39080845158056	2.08885833138	-1.40939054073752	6.74566511601349
tojo1241	-1.15830240293423	2.37787957034304	-5.95886121694275	3.30128667922513
toke1240	-0.119705159602591	2.45323089532849	-5.18778988313647	4.70765291541091
tond1249	-0.737165570068373	2.38220882749502	-5.93897050835644	3.81565923014113
tong1308	-0.419218730970712	2.34223921320131	-5.21792245637609	3.98725899386741
tong1318	-0.268062329114082	2.38560654197433	-5.11849433769182	4.25187054856274
tong1325	-0.0783746820063131	2.49022510425423	-5.24247307302853	4.79418708313153
toor1238	0.660770975536141	2.08736433401252	-3.45889632219944	4.78831975141708
tosk1239	-1.82359126937003	2.08165800154941	-6.32237413834408	1.742926592992
toto1302	-2.37084581682698	1.67188938820394	-5.89031026267584	0.716504092051404
trio1238	0.0275973589377785	2.08003715406212	-3.9983145677535	4.20957564690248
tsam1247	-0.739009042922802	1.932623255646	-4.78144497630263	2.88734448334871
tsat1238	-0.421569982432505	2.31583972576647	-5.12158692288908	3.902878535893
tsha1245	1.46063122910592	2.14528721128168	-2.35997876227918	5.97535628112821
tsis1238	-0.20381362244884	2.4045856458464	-5.08587436749334	4.51354787034771
tsog1243	-0.2389214654727	2.40227446308234	-5.2321770940285	4.41600261466079
tson1249	-0.238349329253499	2.39007404801043	-5.18965283317995	4.26213602502592
tswa1253	-0.200472952665016	2.44587125913944	-5.23653415208031	4.47640404384427
tswa1255	-0.215274416546945	2.35641942142874	-5.01484495919822	4.1741587411303
tuge1241	-0.769228261172119	2.30640388277745	-5.33015430862402	3.67527467604206
tugu1245	-0.278599675020675	2.37206026221479	-5.3010520141373	4.23250779713632
tuka1248	-0.239384938936766	2.48310336120107	-5.36594173751384	4.53049469337069
tuki1240	-0.797660482076322	2.32791597790606	-5.682726570553	3.62341397706201
tula1252	-1.47878981761712	2.29741705362499	-6.39398877194068	2.74153516136643
tulu1258	1.01732497065014	2.22736323534583	-3.11859818335932	5.81687283720485
tung1290	-0.417523421771859	2.39138194694615	-5.22592261855875	4.20821795553305
tunn1238	-0.39402637745526	2.28681229229934	-5.29512814444538	3.9377863945096
turk1303	0.0989782881378936	2.35859669751698	-4.36557710449759	5.0144797242021
turk1304	0.251244981928827	2.35230238797212	-4.25598458462543	4.96216890640332
tutu1241	-0.867717776763718	2.18769965229017	-5.43566895088327	3.18747256490716
tuva1244	-0.115284252057182	2.42349571608033	-4.90617694619954	4.61484218129
tuwa1243	-0.754319769474105	2.16338869645991	-5.27697382693578	3.23733294892207
tuwu1238	-0.247050819782968	2.30432516456475	-4.90269823621967	4.12717690028973
udih1248	0.507026830283225	2.3682853709003	-3.97645035419415	5.3460455545057
udii1243	1.29969829372359	2.31213441198394	-3.10424891299819	6.08260798556215
ughe1237	-0.47453263598518	2.32961926589732	-5.41104283164118	3.84837312606191
ukra1253	-1.41730778398873	2.00482664828317	-5.85765556449743	2.13281943947108
ulit1238	-0.135312597891568	2.46933649599276	-5.14929949302302	4.64005404859047
umbu1257	-0.102935365704339	2.44880786776024	-5.18137896922047	4.59260080808389
umbu1258	2.05944158542331	1.78603963388032	-1.11571407324383	5.82914124260271
umes1235	0.325374791313398	2.33787551026177	-4.07011226215222	5.16158804656486
unua1237	-0.962879163968951	2.12213638582173	-5.48195962363063	2.92879204005694
urav1235	-0.547251400919376	2.33843232108318	-5.42002157754915	3.85903008378188
urip1239	-0.930739128248637	2.12515999014051	-5.46909936640833	2.96339236015853
utes1238	-1.53922723819307	1.93879286127401	-5.78045536417817	1.96104976371575
uuuu1243	0.901915231031308	1.58906547857925	-2.145792331293	4.20838729085731
vano1237	-0.366251495619198	2.34470975295706	-5.06891285802667	4.05903228221417
veps1250	0.811695470454617	2.22282757230287	-3.40185076263927	5.55531329683489
vera1241	-0.578023614703795	2.333456348588	-5.3987890549202	3.82138626819828
viem1243	2.40371850209557	1.97878027697634	-1.38167012584338	6.31351005282246
viet1252	-0.170047078566908	2.31986094802373	-4.86363676539625	4.32418879723141
voti1245	-0.279495429894732	2.26838916034867	-4.57820998978687	4.34578995226265
vunj1238	-0.600005036919444	2.43957513823106	-5.60943316957793	3.98815333521133
vure1239	-0.579955664730937	2.34171413278757	-5.4721057562016	3.82656981032439
vwan1235	-0.468278821486445	2.35232335375258	-5.39349650933602	4.01567981482431
waga1260	-0.282482722301588	2.37788515329794	-5.15360244287263	4.26916057082486
waig1244	-0.215557044691784	2.50506588391839	-5.32790544112892	4.62195950371814
waim1251	5.95113613705272	1.86223239239268	2.52040695873418	9.75067077246917
wala1266	-0.628979891066577	2.32184742981848	-5.4232261706031	3.70883746788388
wall1257	-0.116199968701014	2.5579209606635	-5.33116706892831	4.8743044816221
wamb1257	1.7395907197337	1.62206442972756	-1.14960927354477	5.24799034852489
wand1267	-0.0985625527905045	2.36067125959252	-5.01519260951247	4.4106748622133
wand1278	-1.91008260516567	2.11135738542192	-6.44985610067902	1.8646004722865
ware1253	0.0668439927455771	2.40670412312298	-4.78734819725921	4.78841165525377
warj1242	-0.506942328985942	1.76736072461896	-4.09232702420831	2.77251538072744
waru1265	-0.274924865058701	2.36374998198207	-5.13550068047648	4.21124801274838
wawa1246	-0.981171129111962	2.28593444176024	-5.72163203531063	3.35612192653922
waya1269	-2.3952741087892	2.12089815903956	-6.94459389198649	1.44337717070678
wayu1241	1.65764018743087	1.62879576032393	-1.21169290943611	5.15339762909664
wayu1243	2.29442737437989	1.98957795207173	-1.34851068583962	6.52894231117595
wels1247	-0.776893010294374	2.31039930613811	-5.69015805099335	3.48253207746953
west2354	-0.790720457302886	1.82834393855071	-4.6762382605902	2.52717413021346
west2369	-1.39039259416813	2.02488042087346	-5.80093963622217	2.08340589935457
west2392	0.433453429108213	2.35092680154316	-4.03405106152886	5.22683634587841
west2396	-3.18392146863576	2.27793285019911	-8.04184385924088	0.867197918992269
west2397	-0.748210362982795	2.33686636502299	-5.64505062714761	3.5730076834806
west2415	-0.597760024645985	1.3198878885043	-3.22102554270808	1.93823338213531
west2418	1.19005442240673	1.63194222328228	-1.71283217163448	4.61197910222012
west2466	2.88641763556421	1.83831456681929	-0.722987564404235	6.50653867780131
west2516	-0.46457646316765	2.37228749990806	-5.35050355032739	4.05090182236234
west2519	-0.110433429888791	2.39529188266282	-4.93640231564727	4.5079346910155
west2548	-0.206637318665268	2.39912859593469	-5.03875685614049	4.38164443134683
west2557	-0.22160316518278	2.42009206120502	-5.15856586080274	4.46316962903039
west2560	-0.200257779672085	2.39216035047732	-5.11474224601358	4.36376827901944
west2594	0.0123063390435034	1.98124010936272	-3.99806173922689	3.83682837511548
west2600	-0.980010281947395	2.39222775252981	-5.84132538949352	3.65523620167267
west2635	-1.40116647395233	2.29408278547766	-6.0636905958932	2.93934042036384
west2644	-1.41350737477222	2.39142001280316	-6.42968484071004	3.18582955078947
west2650	-0.532023944236714	2.41214968495031	-5.40424132737549	4.09072248786409
west2763	-0.704751376594368	2.22049954462038	-5.26113031049591	3.45319082356969
whit1269	-0.539892094547514	2.22668693552973	-5.18885809801523	3.70881068918722
woii1237	0.0907878950670392	2.31686100457994	-4.61440655067169	4.57722195303431
wola1242	1.36737759187912	1.96693370310619	-2.32750994442236	5.46450720305124
wola1253	3.85412682702032	1.85396908132909	0.536877534301858	7.86671974617306
wood1236	1.21223364626962	2.10289882293769	-2.664973332951	5.71761186761226
wotu1240	-0.276300189236582	2.43361097718934	-5.28759800466177	4.35777163892639
wuch1236	0.760782183145239	2.09597015914306	-2.93699948555345	5.28525340597608
wudi1238	1.6893149241795	1.77008242363405	-1.45139909590849	5.69729466416099
wusa1235	1.82888803813741	1.84553171052558	-1.39123233231695	5.86480248696286
wutu1241	1.84250163257537	2.02565228590791	-1.61467305428184	6.28427760833916
wuvu1239	0.130459226199519	2.34430335899583	-4.71352522042802	4.5810362951252
xamt1239	3.80083143651085	2.11139323639562	0.150196050875125	8.33616188827093
xara1244	-0.503645004920958	2.34048131495437	-5.33796568112809	3.85622831278524
xhos1239	-0.443919287116214	2.31791023558891	-5.23992069203708	3.83570558499985
xish1235	0.976280434278875	1.7524272233327	-2.29654413494783	4.52142157709475
yaak1241	-0.634794447817672	2.28107973802289	-5.39578618233996	3.61545852172632
yaey1239	0.586766917518512	2.32239389907656	-3.83763594669103	5.3632330825221
yaka1272	2.11017393762884	2.08996503104626	-1.95671786847453	6.30591554179678
yaka1277	-0.208297417257809	2.39421412587478	-5.08137558801954	4.40450270677658
yakk1236	-0.777327901766604	1.49059355223835	-3.71005821090255	2.20965563925222
yaku1245	0.284913809889012	2.29467247528418	-4.14613077065391	5.02230593598692
yami1254	-0.434686799482034	2.45859374707269	-5.47972745162105	4.29683399128401
yami1256	-2.68209113454306	2.1361565481195	-7.44108209388441	1.02461684349379
yane1238	-0.935544248209779	1.90020516448785	-4.96320427581115	2.61621483088547
yaoo1241	-0.2447206045986	2.42780007508958	-5.31860010830226	4.34579222374678
yaqu1251	1.93381271468825	2.10811164313934	-1.83297598038899	6.49968098885272
yasa1242	-0.462380451359949	2.39163353074513	-5.39840815672937	4.03487698214145
yatz1235	-1.71929186310323	2.34528708356861	-6.61449233443447	2.62413671289612
yaum1237	-0.241019729904911	1.60975534090011	-3.47066137806954	2.88488257411824
yawa1260	-2.45320483295544	2.12707936704371	-7.21019209217564	1.35129648535667
yems1235	2.37623588422768	1.77241144594528	-0.900938652980519	6.0835616766459
yind1247	-0.722535209149797	2.36886385215539	-5.60238413269742	3.6889192504906
yoga1237	-0.693554862847851	2.28298074383626	-5.44863176107906	3.56566930340789
yona1241	0.431749502268173	2.29305371333579	-3.89231599531705	5.26583400008225
yong1270	0.902388233495659	1.63288009513557	-2.07224701630529	4.28742997446401
yong1280	-0.0354581084805484	1.98747163705168	-4.1168476683411	3.73191164792482
youl1235	1.06792285377134	1.80161330222164	-2.17544620735893	5.02144693048943
youn1235	-1.41751581541335	2.19687522205389	-6.05316954475307	2.68951579138163
yuca1254	-0.444917641791044	2.41273130458551	-5.38248986386834	4.14658795245051
yuec1235	0.343141928014183	2.00718986061678	-3.30725924266391	4.57317013314748
zaba1237	-0.488261901685008	2.45184540822136	-5.48710297639937	4.14707348997614
zaca1241	-2.24947434072894	2.04804113952836	-6.74594207848243	1.39060852187726
zaca1242	-1.31279363113513	2.38714796635046	-6.34239247464868	3.21932606161649
zamb1245	-0.0124174238375667	2.2702829261011	-4.6931073021184	4.28789586271634
zani1235	-1.59924375853885	2.4188774880398	-6.64524968380465	2.92195932972972
zarm1239	0.308186460332761	2.25082503851582	-4.23135475214789	4.75334077881622
zaye1235	-3.19563421464692	1.94765493427208	-7.52490369529642	0.243890464730495
zays1235	0.0354483915544509	1.83793086823798	-3.70951584164748	3.62907797648554
zeme1240	0.710423511698139	1.53495429499608	-2.12768200856698	3.96483098625523
zinz1238	-0.349428351052139	2.48207437261079	-5.4519912222356	4.41811581270979
zoog1238	-1.72990272451584	2.34476409961651	-6.72459807019361	2.63852445428779
