Estimate	Est.Error	Q2.5	Q97.5
abar1238	-1.54338358442972	1.27815004136211	-4.07541708128718	1.06014004208652
abee1242	-2.09127071282064	1.2440054714405	-4.68842616905182	0.315113053109536
abkh1244	-2.043576792404	2.06131140285991	-6.51356369352948	1.67528850661915
abua1245	-4.19196363456126	2.32651384681991	-9.3831093415919	-0.243815720903377
abun1252	-3.58838687786345	2.24033255606882	-8.44981948420612	0.385504889496377
acha1249	-2.07806091597747	1.19104072851871	-4.48770266465788	0.199292909883776
achi1257	-0.37297216083746	1.17884313436493	-2.77794198443368	1.8476729075136
achu1247	-1.87169582882619	1.60100284614393	-5.23466061028378	1.13183433234135
acol1236	-1.00976653519334	1.4261379674374	-3.93933407504885	1.674435567816
adan1251	-2.92156918292336	2.27611736219901	-7.73302436985264	1.17887637687762
adon1237	-0.220824051657313	1.17727394432707	-2.61757036584031	1.98354884409596
afar1241	0.404632298889359	1.16204623030201	-1.87632611827282	2.68789841356749
agob1244	-4.28177380089146	2.27862598817106	-9.32919502969288	-0.454346328495448
agua1253	-2.28263109229553	1.55992538213123	-5.55238077200772	0.624717498574779
aheu1239	-1.64235602270344	1.26751464209706	-4.30066410346735	0.713197548972148
ainu1240	-2.0425835536905	2.36584700441669	-7.2858615550675	2.1243695697514
ajas1235	0.850603058368634	1.91972327923512	-2.98787515283582	4.69638966144308
akei1237	-0.0983914870127429	1.15800269328867	-2.43675863640663	2.1223314963709
akha1245	-2.01420645064301	1.18251685975156	-4.41369499857996	0.324370903397665
akoo1248	-2.09807160290974	1.21797321090962	-4.62696735948854	0.23675939265092
alab1237	-2.36575994191181	1.55587116726386	-5.70642948179789	0.462227660140546
alab1254	-0.0397135371188209	1.17213942963371	-2.45336820171365	2.21075236192999
alac1244	-1.03743615381495	1.36260229226912	-3.80506379259938	1.65909837081149
alag1248	-0.00842164681358749	1.21675807293366	-2.49015375827307	2.30864035738599
aleu1260	-1.5078754201291	1.48192647769614	-4.63076715428639	1.39935247544077
aluk1238	0.00166560951049933	1.29699853871792	-2.55099313601233	2.57629097680226
amam1246	-1.07001493699608	1.84074595351066	-4.83304731031838	2.38813446698949
amas1236	2.04427532844231	2.52100013021665	-2.42207708363237	7.55111031871635
amdo1237	-1.9856442585879	1.18541407070553	-4.38584422009531	0.313583050560893
amha1245	-0.103321016119126	1.23512048898146	-2.73618433915691	2.19826154938717
amri1238	-2.21191482228575	1.21433463714096	-4.70932984665369	0.112321826277032
anei1239	0.158193082048378	1.16194424740598	-2.14612786381	2.48112250133422
anfi1235	0.730648428975147	1.35225033745459	-1.99680580836676	3.36750108531497
anuf1239	-2.1129584529246	1.23910165595324	-4.71733900303579	0.303934582290794
anuu1241	-1.61793147367395	1.26591372877045	-4.16872991478857	0.91101720742556
aona1235	-2.25499918046417	1.22397767923788	-4.73381187311076	0.040377459561388
aoua1234	-3.87467741080667	2.29434013506513	-9.05437138380369	0.0184094515703253
apat1240	-2.37946185904323	1.23335017481436	-5.00333213934991	-0.0794556754846107
apin1244	-1.91161409577683	1.48258616042174	-4.98263989718227	0.852004806334106
apma1240	-0.180275040299387	1.18922119494999	-2.6295870719007	2.10554546129021
arak1252	-0.0346551058248506	1.16218263033401	-2.40474197086282	2.19880984999189
arao1248	-2.00453657853078	1.47441020783229	-5.03279131528775	0.733717348047858
arap1274	-2.51329880048414	1.57876915973018	-6.01832614158374	0.323153394378983
arch1244	0.764575268743849	1.49786464728313	-2.13265290866066	3.79236590674706
area1240	-0.189104849286666	1.1659783577178	-2.65328570419264	1.98735743720126
argo1244	-0.0956651892673962	1.23740102718833	-2.77794470182889	2.18726161987268
arhu1242	-2.02606752887687	1.34452555984662	-4.78675297338553	0.48563374049176
arom1237	-0.828501821305744	1.18392116433198	-3.22071822451429	1.39754706447881
arta1239	-0.681589080265177	1.24425295384846	-3.35212383220705	1.61057989293083
ashe1272	-2.36473988083643	1.60838074168154	-5.89124980221425	0.580917173683853
asoa1238	-1.69737266848233	1.41170523717037	-4.64467472745455	0.943381279397378
assi1247	-0.958339087922461	1.48979236715085	-3.86231632764821	2.0345908029743
asur1254	-0.699452383324309	1.20748650837093	-3.07821909530527	1.74962340506951
athp1241	-2.14586951055531	1.23290702442514	-4.65876938089431	0.207237473144567
aton1241	-1.90097646792563	1.23314468940967	-4.47222501132775	0.487804107682397
awac1239	-2.05371023803936	1.62985553881586	-5.40546369221906	0.871734845484171
awad1243	-0.116315324268804	1.19443266370808	-2.52431268925997	2.33778758679217
axam1237	-0.21117218775433	1.18636198230901	-2.62826855012579	2.06265705932537
axiy1235	-1.97576709896267	1.17986385702334	-4.34390004887441	0.316908800467987
ayiw1239	-0.0343652657580655	1.17579958851297	-2.44759271561157	2.26839701030961
azha1235	-1.96879842741436	1.17939874389896	-4.31217169171775	0.329193913936636
bafu1246	-2.26450912160761	1.31082553653353	-4.99780600894304	0.213222568921291
bagi1246	-1.78263281248401	1.33494858225815	-4.4983205589025	0.701649937914403
bagv1239	1.00583106743836	1.50109872288882	-1.83190983351504	4.12228239943024
baim1244	-1.99362154084971	1.18388259453165	-4.38216695246487	0.328826705149587
baka1274	-1.57723019725622	1.34695651764278	-4.30551460007227	0.947528434962924
baki1244	-0.23926126906552	1.18540169555257	-2.70563263067948	1.95492644470366
bala1315	-0.549896896038525	1.23016662364038	-3.09030935777881	1.73885476558411
bala1316	0.0660892173390245	1.16106187638514	-2.26713181332615	2.30865100897669
balu1257	-0.132912454047504	1.17329509288038	-2.51412923710479	2.08781695597356
bamb1262	2.53565424750201	2.61474276354954	-1.88890703832333	8.32632346287785
bamb1266	-2.26885802316733	1.3097013775274	-5.00616039266482	0.177019581004119
bang1363	-2.27175869547162	2.70029573243438	-8.31193716231777	2.36997176333772
bang1369	-1.91956227197757	1.25723447704895	-4.46511833745026	0.527602025878588
bant1281	-2.25045562895955	1.2303946881111	-4.80010160613559	0.0922627435901558
bara1357	-2.31191652682117	1.22614784302812	-4.79935613610054	-0.00276955518184913
bara1361	-1.88758443284012	1.23624006705259	-4.42860728558027	0.47480127730361
bara1370	-0.463350320703125	1.20747068992537	-3.03902944737832	1.74973203107755
bare1279	-0.456972342136733	1.24202279175661	-3.03604858506439	1.86362384892114
barg1252	-4.49363110003877	2.26446763913134	-9.57632468988307	-0.642532785284701
bash1264	3.53129607058413	1.81143686231411	0.460859073193528	7.59882128378847
basq1248	-1.42741477632305	1.99184341752116	-5.71596121896325	2.1480356696081
bata1289	-0.532180841944297	1.22065459292072	-3.12072695696351	1.69486963616533
bats1242	0.825825681189007	1.49648292568567	-2.03227355142126	3.81438913923182
baur1253	-2.37050578519012	1.58557265277626	-5.75134612050821	0.501738863074547
bawm1236	-2.1903453514062	1.23059050675605	-4.71493593347898	0.188762584241498
bayb1234	-0.512966811006768	1.17370922258191	-2.94944508179038	1.73268011377727
beem1239	-1.87121591319146	1.20831479405069	-4.27879453095853	0.457855336155362
beka1241	-0.164534571300182	1.17874509869455	-2.61320557056294	2.10114786743303
bela1254	0.139798473687042	1.1648738913071	-2.18146648115951	2.46706927264191
belh1239	-2.14659352580686	1.23590164015474	-4.64443206461907	0.217362762959048
bemb1257	-1.84259977497228	1.15141958344915	-4.17035709575285	0.375870735263183
bena1262	-1.89333725845645	1.15434595189934	-4.23948637569442	0.313712572544986
bent1238	-3.76963601639629	2.36792438670663	-9.2053621172971	0.211329217959311
bezh1248	0.646134624474064	1.4774385838101	-2.23240336611314	3.6083791214033
bhoj1244	-0.315666277970174	1.17563427823349	-2.70671893692178	1.97974533965595
biaf1240	-2.67664649459044	1.33489748653767	-5.53525434481716	-0.338753453496551
bian1252	-1.01572825313905	1.84583161460452	-4.83794747391091	2.46109233747989
biao1253	-3.8801087392138	2.28388801485312	-9.12461782953294	-0.0606492318939627
biao1254	-4.08042233358906	2.23291711977536	-9.1610893056284	-0.471730019180239
biao1256	-4.08586881406854	2.23213877154875	-9.07070975359421	-0.405420588745932
biat1246	-0.171465043293746	1.17581798557596	-2.59995678431061	2.06184474858125
bidy1244	-2.65506878387589	1.36681721988954	-5.6301270139539	-0.191661008788288
bier1244	-0.239753569375725	1.18655917683138	-2.67805702732916	1.95449226851219
bili1260	0.0180780269814886	1.20461366301058	-2.43955738002714	2.31886475659212
bini1246	-2.47935507103334	1.29984122377867	-5.24986486834676	-0.1549159062175
bira1253	2.37186899691325	2.68881678841861	-2.16616416337	8.45933608312055
bisu1244	-1.86162511345072	1.18173289956274	-4.27920563493751	0.456796695485986
bitt1240	-1.60358339275422	1.2155138711855	-4.16032826450589	0.675634412630302
biwa1243	-2.24010633596829	2.13127876978794	-6.75818267001713	1.63395390692688
blan1242	-1.57167829553966	1.21414560674688	-4.07459196457507	0.714070260285886
bodo1267	-0.747112201945834	1.21407460034806	-3.15655764685329	1.66647807707563
bodo1269	-2.06343228454028	1.23508049959549	-4.59358063213323	0.317458759154011
boht1238	0.534088595944702	1.15647649548626	-1.75229468552094	2.83166769963033
boka1249	-2.38148758609869	1.23749440877649	-4.96176039715877	-0.0604887238189464
bola1250	-0.256808146589887	1.17654748119559	-2.72218459039838	1.97300467646977
bolo1262	-1.94249416963911	1.18703182583236	-4.4027554169265	0.365946034486551
boly1239	-1.6651208525796	1.24622824702826	-4.34868917904506	0.616281032606937
bomk1234	-2.63066164012384	1.34626718319189	-5.41162853538837	-0.169830657785349
bona1250	2.45311683938957	1.73441388806995	-0.565945523174869	6.29387703832885
bond1245	-0.766296372806611	1.21270442294939	-3.16548282987644	1.6594517782448
bond1247	-2.03444438857081	1.18166710169783	-4.44253821279409	0.196877194826731
bong1285	-1.70127204202896	1.36455124721481	-4.53117610787456	0.86350867720544
bord1248	-1.90954833056543	1.31343772135921	-4.59573727191061	0.517112971312811
bori1243	-2.35913240557125	1.23566420668126	-4.9607332128435	-0.0723135505871263
boro1277	0.734762894374342	1.35403254112791	-2.00507018852161	3.38794586997488
boro1282	-1.85391945212189	1.58079677761161	-5.18838616246246	1.15431365783199
boun1243	-1.78784229842721	1.24037193106844	-4.27042618037484	0.561842323057336
brah1256	0.0711677676129796	1.396574562055	-2.65788107428935	2.93355532879792
bret1244	-0.942348638690452	1.2524598336594	-3.56595420568205	1.34638635083738
brib1243	-1.953486638226	1.29987825434031	-4.63934750492594	0.44956124920224
bube1242	-2.07003819828121	1.21996527744352	-4.70747453786778	0.230628998105157
budu1248	1.05398339416821	1.49540577715364	-1.84480691109289	4.05975262280236
budz1238	-1.94001297720808	1.19119667941452	-4.37465440944187	0.347551575035084
buga1247	-1.66504260073989	1.2454767904218	-4.3221223966797	0.62325339150307
buga1250	-0.41419098870604	1.20068979516492	-2.96720591595591	1.7925020314439
bugh1239	0.0690935222934662	1.16448894475664	-2.32230345857938	2.30713362709438
bugi1244	-0.508510815559997	1.24479300812134	-3.08201886876554	1.76624802345238
bugl1243	-1.89211359806539	1.30607855672352	-4.60758754054778	0.5419001195457
buhu1237	-0.427219782597993	1.19173626143279	-2.89210779902167	1.81599554371872
bull1247	-2.62827820933394	1.34252098560264	-5.43612070114038	-0.172784423464624
bulo1242	-1.69584863710896	1.2777124300797	-4.37654812582757	0.629433456643652
bulu1251	-2.11688250213759	1.25207250923834	-4.72163420268204	0.220482879849806
bumt1240	-1.90806547394408	1.20475792002456	-4.31118244430458	0.459930381503127
bund1253	-0.0946177723328269	1.20261966297751	-2.53033683033261	2.30510941442042
buol1237	-0.364055971240934	1.18709571160229	-2.78803455566092	1.89815861085233
bura1292	-0.244996923100009	1.18367331917223	-2.64609116440203	2.02326866769354
buru1296	0.97287438003924	2.37381262368116	-3.27660584034554	6.05415359876322
busa1253	-2.35323675288672	1.46194429812402	-5.35210231157089	0.325457234114766
bush1247	-1.94172767287542	1.20303233335568	-4.41845243333241	0.354093776538451
buwa1243	-0.0839349426053495	1.1922103069306	-2.48760230215415	2.24054965284862
bwai1242	-0.47233746309883	1.19905179477775	-2.95880939019703	1.78968450724592
bwat1240	0.128384366667105	1.14787051885216	-2.15980792044466	2.39173246994234
byan1241	-1.70171385637591	1.18759154397233	-4.07668655183947	0.724926856908134
cabe1245	-1.95324292871216	1.30425718097906	-4.66836386083454	0.448072785951007
cacu1241	-1.02222327194341	1.53129570304318	-4.03577258835137	2.05887402224752
cahu1264	-1.08718676664469	1.2937374976484	-3.66315198223416	1.46220678323542
cakf1236	-0.509650656889446	1.21877067095678	-3.08326706678055	1.75614333697566
camp1261	-0.7069370293365	1.17029229729535	-3.09593586833769	1.46623536160686
cane1242	-1.91312464031848	1.48214830318639	-5.01037936751216	0.904827216611928
caom1238	-3.88480059629517	2.28533883648927	-9.11478891396663	-0.0624559966097777
capa1241	-1.83411541955442	1.44422206235307	-4.88557028036702	0.906147509482388
carn1240	-1.63140353033635	1.2609229975257	-4.228680586125	0.737633404274436
caro1242	0.29342881586747	1.10963059032965	-1.93552607285763	2.47045068807429
cash1251	-1.92238351857956	1.46599265906632	-5.09847139462907	0.801427931288234
cemu1238	0.126203733518802	1.15096087573001	-2.14047091787049	2.3905955193479
cent1989	-1.57750876064324	1.25289107255324	-4.17421553041229	0.770274975569117
cent1992	-1.69707009282656	1.27344559116444	-4.35473445227479	0.651793017092917
cent2050	0.56202192003887	1.6166300868634	-2.54799801201283	3.73698280721508
cent2084	-0.54910424421275	1.22134165478423	-3.09803122376276	1.72426693134883
cent2087	-0.6055337081442	1.19286110790303	-3.03877395028743	1.6300112615519
cent2126	-1.87356820440034	1.63623390758045	-5.34358006490739	1.12164812997025
cent2127	-1.15004082340449	1.45017331314328	-4.05416584467266	1.63926838497486
cent2131	-1.66821232993417	1.3289837341013	-4.46373185530652	0.845626351241485
cent2150	-1.99513686585825	1.33648430667664	-4.73584097566459	0.557012829577348
cent2292	-0.763175921734095	1.24820552677435	-3.34365605391141	1.54426487662439
cent2314	-1.64920964251633	1.25414475829882	-4.36593269350727	0.702307935454039
chad1249	1.22475092483766	1.14383952048942	-0.93922655381758	3.59268012967755
chak1270	-2.04354982089441	1.22772260991834	-4.50730707258019	0.337149715752025
chak1271	-1.38468780935459	1.23210165171791	-3.82170465573638	1.07638607333694
cham1309	1.02195244295075	1.49006815326851	-1.76582133471884	4.07527050816935
cham1312	-0.482599553498087	1.2247064563721	-3.0376032466949	1.82655640159944
chan1313	-1.9763096876403	1.2211801942279	-4.41317690509504	0.434007694923779
chec1245	0.661651540773771	1.49939148451913	-2.26347098095606	3.6601091198643
chen1255	-0.356377384771087	1.32251898983925	-3.00979868845374	2.18557485145355
cher1273	-2.191771372296	1.61998706138959	-5.70372821071911	0.795660076896482
chhi1245	-2.04238894941183	1.22025691169682	-4.50137550410819	0.310176723209934
chil1280	-0.721421749808929	1.36168969119372	-3.42177437911135	1.93933518628541
chim1302	-2.2565684928481	1.54492081081388	-5.53754091067409	0.551002735365913
chip1241	-2.57462337781555	1.55883851227723	-5.99989501415981	0.195511144248878
chip1261	-0.729304169085783	1.35443713321999	-3.42327341112522	1.90594830045267
chiq1248	-0.825127643847474	1.55244832755437	-3.87815996287704	2.26705365330295
chir1283	-2.29653013087197	1.24156427694112	-4.84574001508879	0.0625094493926436
choc1275	-1.99597870285233	1.18317147625427	-4.37080343305384	0.296578862119386
choc1276	-2.37480383316679	1.57092824399628	-5.74206509889848	0.539089695290811
chon1284	-1.65056108239476	1.26285359927676	-4.37110428589143	0.707759433606851
chot1239	-2.30146307906808	1.25893493162838	-4.89473047810575	0.0735446278289219
chug1252	-1.78917996569517	1.24069963884631	-4.23923280113022	0.599359562846221
chuk1273	0.52198883367191	1.96888559960787	-3.05525608069552	4.84649512263599
chuv1255	3.51222131657826	1.81994589135407	0.478915444013358	7.63600271118665
chuw1238	-2.02929486198503	1.15984227915639	-4.41396879209624	0.171243553008339
coca1259	-0.548149408083929	1.35828735393911	-3.1853848954521	2.19051114948369
cogu1240	-2.02280943935902	1.34500811204727	-4.78883613869035	0.469936554551155
coma1245	-1.11255592135362	1.30008401915967	-3.77961437778933	1.35275566185602
copa1237	-1.0497852346115	1.38548918081127	-3.83004889906783	1.71561003450772
cori1240	-2.39240823749326	1.30430964731929	-5.15406950522016	-0.0233338370419969
cors1241	-0.797443231753262	1.17708204880828	-3.17392364101611	1.39178565121577
cosa1234	-1.97103963229966	1.1825496742013	-4.36082885051918	0.311390811915502
cota1241	-0.428644670556106	1.16693742524591	-2.76478555136227	1.7436211727664
crim1257	3.52614881956181	1.82034743512622	0.477989056027399	7.55236912614522
crow1244	-1.2111317612391	1.47364244054722	-4.14762228835803	1.66982471572422
cube1242	-1.85940329019087	1.61198463048663	-5.28290846741654	1.11935152927334
czec1258	0.0504768933044755	1.15741090802104	-2.26822584745812	2.36716505467726
daai1236	-2.22977441201067	1.2303451271739	-4.75920680380847	0.103877903918669
daas1238	0.500566170525651	1.1412921646178	-1.72195881193394	2.76304559666809
dagb1246	-1.74115424063653	1.21545181916812	-4.16371281605286	0.613989914672734
dagi1241	3.00504447950691	2.52866859877814	-1.31094541462498	8.84215892279783
daka1243	-0.160335351374375	1.17223783030836	-2.57387471507799	2.0797100376935
dana1252	-1.61258407220738	1.23444609540325	-4.20640582712794	0.688910391678142
dani1285	-1.0900807146882	1.25849254575173	-3.780624311672	1.22538248743335
dara1250	-0.210650244885902	1.16284896001105	-2.61914557466586	2.08824063227466
darm1243	-1.74551181881594	1.19100635160958	-4.10068672509433	0.645661697210301
daur1238	2.44053943618139	1.7388898244984	-0.565967357215394	6.22950771038037
dawr1236	1.07287057139113	1.38028624556674	-1.58606572273447	3.86083236492834
daza1242	0.795600805669171	1.62121283205556	-2.28653868121444	4.01534693376413
dege1246	-2.44605862177265	1.3045833999191	-5.30115653827791	-0.116984242905858
dera1248	-0.51884854384488	1.22697386333409	-3.13033126903129	1.76002402503821
dhao1237	-0.424082096014096	1.19167215464086	-2.94434359651115	1.80292322664395
dhim1246	-2.06950024824845	1.27031403871894	-4.62792317996724	0.404834571930815
dido1241	0.898708244572916	1.4684809861553	-1.85846305809681	3.88468016512934
diga1241	-1.90270411423264	1.23596314695537	-4.45168845756241	0.49427547109929
digo1243	-1.84088786381272	1.15247271411143	-4.14546847943711	0.437652919967531
dima1251	-2.06553955512568	1.24150829448763	-4.61880957943832	0.330828285248701
djam1255	-3.41944899892032	2.10844783869556	-8.06961038677932	0.279075349189356
djin1251	-3.42323931859078	2.09683988233485	-8.11652911261048	0.300367096205746
dong1285	2.45206722972176	1.72850956018814	-0.562166867377404	6.25215532737838
doro1266	-2.86894827929444	2.27476741043158	-7.98626215923191	1.10403797475152
drun1238	-1.85540651290967	1.23435153336168	-4.33830604781896	0.513074912544587
dual1243	-2.09061996910177	1.20464415059229	-4.60108280117496	0.177474286687737
dumb1241	-0.152394722918357	1.18032463359699	-2.58556842991912	2.1116586916661
dumi1241	-1.81544649791045	1.20716142710886	-4.19301590288874	0.55616662758558
dupa1235	-0.67761263764849	1.23473325433591	-3.25062372831442	1.62937316278412
dusn1237	-0.444375617794945	1.21279910114227	-2.90142453709884	1.80581522978636
dutc1256	-1.06027820136159	1.2576163968562	-3.67899482338706	1.2566261283898
dyul1238	-2.3429697991186	1.43696617080557	-5.2271157555542	0.326841085473958
dzao1238	-4.0800273172916	2.23459152712666	-9.1559004543183	-0.402514091012227
east2328	0.525983091519492	1.22383092352896	-1.89540882733875	2.93634224065011
east2342	-2.22990739551884	1.25486780706479	-4.77208429699641	0.172822168043001
east2447	0.61865067593132	1.14704681546292	-1.65555433045371	2.92357882400411
east2485	-0.243774419133273	1.20768674211848	-2.72362884801233	2.05913488632602
east2555	-0.500958348965389	1.37613845903766	-3.14182538782247	2.32475220840447
east2773	-2.31132686029977	1.22107217571463	-4.85287971512334	-0.00152093263126755
egaa1242	-2.06675008565776	1.26760011238892	-4.67634844918344	0.367870803141608
egyp1253	1.21369413287562	1.14468899822923	-0.910414207108449	3.65172810126884
ekar1243	-4.52333561162996	2.26103501643613	-9.70108684153915	-0.740485635341056
elna1235	-1.69737065436704	1.33094367354857	-4.48609765624474	0.789255823454631
emai1241	-2.47497364100473	1.29349245646718	-5.24910567574334	-0.137583978767675
embe1260	-1.57262558244508	1.4626032800423	-4.5785545520485	1.18704539681656
enap1235	-2.30238824525045	1.52951882850347	-5.57785789893057	0.438137090564301
enuu1235	-2.00495191424038	1.18772733375869	-4.4324025573001	0.274585925476279
epen1239	-1.45718147881588	1.44827869445112	-4.50129544997606	1.26410981102415
ersu1241	-1.73680800970858	1.2029214260867	-4.1097610436765	0.655960021117516
erzy1239	0.655708596013687	1.20152432943734	-1.7429445222769	3.02029916740464
esan1238	-2.47530234812315	1.29567880496672	-5.21674114552177	-0.128129555615895
esee1248	-2.00383517067203	1.47620924837608	-5.15983331063676	0.757406118897931
esim1238	-2.20262093874048	1.3233960036185	-4.96169627861573	0.322585235867213
esto1258	0.2792830066226	1.16335989678794	-2.06768957344845	2.49777279218365
eton1253	-2.11525702863075	1.24378441318854	-4.69898267995828	0.238565613404122
even1259	0.340268464664476	1.34398223535006	-2.34228957729066	2.92292539831534
even1260	0.352841100326779	1.34498251486129	-2.29167979299616	3.00656223818454
ewee1241	-1.7962603453458	1.22064384628081	-4.27398948960434	0.613013990096373
fala1243	-2.16036517218374	1.2228256083228	-4.66878914003677	0.200247743034089
faro1244	-1.10366081692181	1.24459426711199	-3.74417144067434	1.17843059931272
fiji1243	0.543985570467495	1.13540372790875	-1.72293920991309	2.91262027477912
fili1244	-0.578838251245259	1.19503736546906	-3.03832561001609	1.6996036436644
fina1242	-0.764334241125184	1.24200485045842	-3.35579439468237	1.52159771589351
finn1318	0.168061262336337	1.18458691352508	-2.22714506304697	2.4307661511514
fipa1238	-2.08047771516332	1.17955954634422	-4.5585461720159	0.106646718832624
foii1241	-3.54264392529965	2.25319362852236	-8.52261340790224	0.365015301337388
fonn1241	-2.0147506257689	1.2329054460386	-4.53895120761481	0.331704569713743
fore1265	0.723922307336748	1.26485701837945	-1.71222769702066	3.27077781026812
furr1244	1.82892970157893	2.68542831669402	-2.82178952979559	7.89500044067821
furu1242	-1.78387458734532	1.33047888679093	-4.5249929183672	0.671924865809458
futu1245	0.557927266757988	1.13166267045222	-1.69342305658947	2.84877690547931
fuyu1242	-0.703023436133298	1.84203178493236	-4.51142581619879	2.80067894267174
gade1242	-2.37888725345021	1.32400058355548	-5.17970316040648	0.0431360243241368
gaga1249	3.55217701819866	1.8020385969378	0.524797903549663	7.55917745616863
gahr1239	-1.58900455541643	1.2093724073172	-3.9522027337852	0.808362501286889
gali1258	-0.852463657083953	1.17328971474799	-3.28763463428856	1.34671733666845
galo1242	-2.37473115152637	1.2304114487054	-5.00418468531643	-0.0745803171103604
gamo1243	1.02660221107687	1.37540309498282	-1.58503082055234	3.83910511170953
gang1266	-2.29551062911051	1.24410510018527	-4.86791144929489	0.0799989903927017
garo1247	-2.07230453597494	1.24545366804562	-4.61845238066375	0.308849746907337
gayo1244	-0.520889528964208	1.21793424458982	-3.07192939103434	1.70602034034214
gbay1288	0.57132014836945	1.93035050833587	-3.31670385411034	4.31790083619049
geba1237	-2.23420608148945	1.25711007322094	-4.79632734530275	0.137394691442179
geda1237	-0.493825646803076	1.21003192386437	-2.98795991261874	1.73793594665988
gela1263	0.0584177232206497	1.16080890809102	-2.34763611952489	2.27312302110354
gese1240	-0.116993209653698	1.18657587117926	-2.54807969524683	2.13977967384032
ghad1239	-0.243804395320806	1.25730290561218	-2.86826418105622	2.13014075390689
ghan1242	-0.148837486642902	1.17054088066974	-2.54917878232741	2.12811756536071
ghar1239	0.0496889028012924	1.15832688337654	-2.31409122611595	2.31059455869288
gheg1238	-0.278079319875996	1.26416212980097	-2.81372461537964	2.24592463744798
ghod1238	1.02650255635329	1.50279727630675	-1.82430354966263	4.1136121468009
ghom1257	0.0763084110361929	1.23858617616523	-2.3400915222825	2.53832980742365
gida1247	-0.36494557251593	1.22801324977515	-2.92955511762149	1.92754624348777
gilb1244	0.0944637797958259	1.13995899442116	-2.23145896131528	2.30169594331068
gily1242	-2.59504200280462	2.43846311000484	-7.91930712368764	1.75876113836929
gira1247	-4.49001039937799	2.27893862048221	-9.60909633435156	-0.559416093189509
guah1255	-1.89047362821838	1.5951610163518	-5.36396251426727	1.01706698950166
guan1266	-1.91174019398208	1.19796320789733	-4.42494577527851	0.370896031618352
guat1253	-2.07782245304291	1.63600173997453	-5.60971824752504	0.904780118238432
gube1234	-2.6713634242442	1.32859839299014	-5.54328153253922	-0.260661647123219
gude1246	-0.300390472559588	1.21393780791728	-2.78398145770323	2.02415597431472
guer1243	-1.40476215743671	1.41851013306092	-4.22933421514605	1.32222429774917
guhu1244	-4.52571602054165	2.24408355986183	-9.62710012823241	-0.756394230217652
guiq1238	-1.74433866155348	1.20294142188777	-4.18078984931035	0.629640648383956
gulf1241	1.21113233659668	1.15194873679053	-0.964127434161134	3.52747173082213
gumu1244	-2.04824449483341	2.50331529553	-7.69261232959303	2.21151367906787
gunw1252	-3.70119825230251	2.23102658649141	-8.7898336806252	0.136424416215943
guro1248	-2.27810503771323	1.44829342660687	-5.23985547060251	0.466175654338471
guru1261	-2.04925519535344	1.18754995254273	-4.46168083024297	0.177239063965095
guru1271	-0.487084420266626	1.23691839165954	-3.10078373514702	1.85490635849338
gusi1247	-2.10871486785397	1.16857793184335	-4.51286537122781	0.118200269327293
gyel1242	-2.12323449539889	1.24545884124943	-4.70593480940898	0.228795955884855
haaa1252	-2.1055957499727	1.17008515656431	-4.52610765690931	0.150366840139522
hadi1240	-0.0304339402805141	1.16998840125784	-2.42780477122253	2.21010327108531
hadz1240	-1.54099349411122	2.61314167760195	-7.38092759843956	3.00581283803826
haka1240	-2.21779084421086	1.23082387999062	-4.72885545377531	0.155542034037859
hakk1236	-2.02810808206493	1.21422283585866	-4.47384795282252	0.38576251482813
halh1238	2.45458691344967	1.73392471166349	-0.573662622469023	6.23671061219861
halk1245	0.197329212059351	1.45603981518651	-2.52760577384913	3.26284639997471
hame1242	-2.2682498346685	2.46270263389206	-7.82902608868379	1.91524977252067
hani1248	-2.01310432911543	1.18120511727092	-4.41616657747589	0.309367926577168
hano1246	-0.0696762742796947	1.17445711746332	-2.48877829105439	2.16465079421027
haro1237	-0.385869596080308	1.17880726911982	-2.88487918232213	1.84883129295626
haru1245	-3.5356461130051	2.27163007993592	-8.57634651245655	0.535834294003767
hass1238	1.2151471640876	1.13882041548822	-0.90029896579741	3.55361798835755
haus1257	-0.549618604296466	1.2301196671728	-3.16217025337189	1.69570023158545
hawa1245	0.684500021063062	1.14181939015656	-1.58324388416281	2.96142855954046
hdii1240	-0.191526185969858	1.19970201283232	-2.63202295653531	2.13755335644406
hebr1245	0.453032846878299	1.2029139095659	-1.94404008318305	2.81741118025903
hehe1240	-1.8563202997955	1.15451352197454	-4.16864189988263	0.355986097677678
hela1238	-1.94778349120769	1.17542418440953	-4.36052445582683	0.343002117409239
here1253	-1.30502527959281	1.18800992467978	-3.62359562225696	1.1555406099662
high1276	-2.00967597101445	1.59867419541739	-5.35663111825914	0.979138384823055
hind1269	-0.0937314701461059	1.19444502163918	-2.50538230695224	2.21883159562395
hixk1239	-2.28627350746446	1.54395452499228	-5.51281133777541	0.541863299699484
hoaa1235	-2.21632265240783	2.57535440211699	-7.89903730220511	2.28942302152602
hone1235	-2.47458175297369	1.30464530970547	-5.26480980938655	-0.075027637953017
hopi1249	-1.06712640826781	1.29338433382448	-3.65347725168716	1.49330852868682
horp1239	-1.91214271424798	1.20149850115762	-4.45359336456367	0.390834805204409
hote1245	-0.424374962358228	1.18017763287952	-2.86400433110774	1.76527992417334
hual1241	-2.2384883608467	1.54525041210563	-5.51969267222101	0.572842029312156
huam1247	-2.2902805788955	1.57056647485987	-5.5411577151996	0.631371015293575
huar1255	-1.65865599368012	1.33122506736414	-4.41611998613012	0.844035746068238
huas1242	-1.35785951259081	1.44096264772299	-4.29929320299044	1.37645794796923
huic1243	-1.70168828088157	1.32276882571985	-4.42505550648388	0.690117847174775
hula1239	-0.376354818976316	1.17988198620367	-2.85507604472223	1.82935140255683
hula1244	0.681654255737608	1.15706299810201	-1.56850556767641	3.0430056774212
humb1243	-3.36997231350899	2.35107896592057	-8.84686619732642	0.47157183980791
hung1274	0.822249353186876	1.27894526277616	-1.65546526454026	3.41591913398384
hunz1247	0.651023488280873	1.47573586981522	-2.23389102293625	3.68184895868569
hupd1244	-1.97202718547385	1.56604937578732	-5.31751271364564	0.888039240417976
huuu1240	-1.59688312073148	1.21772077549503	-4.12836943326832	0.661324723531411
iaai1238	0.0852813558950748	1.16304646313086	-2.25465133802268	2.36988387358913
iatm1242	-4.06579516368285	2.31845922140708	-9.12410206790666	0.0439005668303074
iban1264	-0.077552182821085	1.13117131280273	-2.36993360039435	2.08825985311262
iban1267	-0.644114014179658	1.23716881446726	-3.16214590458658	1.67369287540572
ibat1238	-0.747772753077394	1.22605082143032	-3.25669670321392	1.54538848496826
icel1247	-1.10515676134881	1.24317617814673	-3.71858295990085	1.17571740653442
idii1243	-4.27666081336746	2.27813191470374	-9.2814482026696	-0.334498098836243
idom1241	-2.38792465769996	1.30911242632926	-5.09279135463447	0.0903170824483844
idum1241	-1.99248429361934	1.23789669744643	-4.47567240209523	0.366504771641435
idun1242	-0.469467928346778	1.194490085087	-2.99042691728032	1.75228383549837
ikkk1242	1.2658282052399	2.47217140332518	-3.1428764033482	6.6182268847588
ilaa1246	-2.07601319039092	1.18052265696623	-4.53764560381388	0.147832523917509
ilon1239	-0.703485839482208	1.23616733659416	-3.24486757518839	1.60066944425499
imba1240	-2.24970740613738	1.54216753474067	-5.59786475242317	0.556574831442431
indo1316	0.11361427910724	1.12068635998379	-2.11202372462789	2.33373005075476
ingr1248	0.141427580745762	1.18469744980597	-2.32222214029617	2.43184372019563
irar1238	-0.413509488751233	1.20309053371428	-2.89277083831881	1.78625175835397
iris1253	-0.881813879710263	1.23991101805544	-3.44323113944105	1.43571746331227
irul1243	-0.25935972443173	1.30943058522764	-2.87953696095605	2.3433980855827
isco1239	-1.8835339107667	1.45427092241567	-4.98203246350835	0.89002932344162
isin1239	-0.73374172671885	1.23424854537846	-3.26480171446743	1.51960262167018
ital1282	-0.769791911524455	1.16948946838324	-3.14014861332888	1.4448868077974
itza1241	-1.21500741914151	1.39472500642594	-4.03523569624982	1.46571802805825
ivat1242	-0.750593883371678	1.22794506103556	-3.23013180579034	1.55063246434497
iwal1237	-0.421496252119691	1.18853578547384	-2.88912153638981	1.75770261287306
jalk1242	-2.37691022973333	1.43271724182956	-5.29906337720286	0.314587575765814
jamb1236	0.11422316571634	1.12086881003798	-2.08032567781246	2.32255296063551
jams1239	-3.81350127283151	2.37001870894731	-9.16140765912261	0.168976369060992
japh1234	-1.8344734128436	1.19563856458645	-4.23121196716042	0.509116314651224
jaqa1244	-1.23261574404086	1.51458833152685	-4.29448642245022	1.70835916584946
jenn1240	-0.0366879830103642	1.30471296033682	-2.64427343412676	2.59889130238672
juan1238	-0.738618791836802	1.21575631752996	-3.15002575879967	1.69866531089944
juku1254	-2.478782247155	1.30610718312774	-5.33184591477115	-0.117405264902962
jurm1239	-1.65475004156508	1.35118221829575	-4.36548408669462	0.869520955521769
kaba1278	-2.06548623787242	2.03915388613539	-6.46569322600817	1.58098105116975
kaba1281	-1.76776781432954	1.33873153646337	-4.50598759707544	0.695958923270378
kach1280	-1.93049475735577	1.21490283879695	-4.36441597414187	0.440246634113404
kach1284	1.15527556013396	1.40194404488036	-1.57647127245468	3.9676540437103
kado1242	-2.03709915442908	1.23157183761756	-4.55780796341426	0.29138079472014
kafa1242	0.832797295339331	1.36165297849468	-1.86142782636914	3.54436124549475
kaga1256	-0.410917237591813	1.17731526572343	-2.79104297127812	1.75706412476326
kagu1239	-2.03734036650593	1.17345203905671	-4.41805232606247	0.178041715448087
kaki1249	-2.82079564789646	2.22445085758787	-7.79112135998683	1.11150085137895
kala1388	-0.593213140553578	1.19580679657794	-3.09090841060955	1.6805108486733
kala1399	-1.45232278920578	1.46796150133971	-4.53326487723218	1.45587362504973
kali1308	0.267438497347027	1.4390378402866	-2.40306927538916	3.30512110784644
kalm1243	2.45070791026349	1.7280265731747	-0.537789520299307	6.22966067925568
kamb1297	-2.11821103692059	1.16764817171703	-4.55410244713929	0.0486358935142096
kamb1299	-0.398059254558012	1.20496674989684	-2.89262181650481	1.84328025559294
kamb1316	-0.042039848247	1.17379420466636	-2.51110917304215	2.23211887070824
kamm1249	-1.90666135248566	1.24333783088317	-4.46941180109332	0.466073153588887
kana1286	-0.678531029563165	1.33330056710946	-3.53103359427097	1.82207392324122
kank1243	-0.760400517603869	1.24092188232968	-3.37915506787988	1.53040555613764
kaqc1270	-1.00121978211621	1.42273526608618	-3.79222612281154	1.78046322114693
kara1482	-1.7644024027108	1.35016642905332	-4.49753078720886	0.771270278329881
kara1486	-0.407014166138454	1.1844847813217	-2.85406006152919	1.80859377266128
kara1500	-1.40960349734193	1.44624605382958	-4.34352543724573	1.44957004198585
karb1241	-2.21466236985352	1.21412180178296	-4.67834828349036	0.0829150367581847
kare1335	0.141205616721587	1.17754553191591	-2.25264674016451	2.42634374011477
kash1277	-0.160497111295769	1.19305605203025	-2.57830122180041	2.15653540065723
katb1237	-0.17669103908173	1.18111485158641	-2.57841469895042	2.03964520258953
kats1235	-1.94577471847364	1.17775603984325	-4.30506808796417	0.325524945190472
kaya1315	-2.23568406826304	1.26119431782589	-4.83965805668773	0.180277560701181
keap1239	-0.345320353962997	1.18144814406751	-2.83513781323133	1.87480663285289
keig1242	-3.5028040094338	2.41400686330827	-9.01026621085108	0.562732486802882
kemb1249	-0.165757712314872	1.20159977417779	-2.69569407966844	2.12724500192785
kens1248	-1.3991109334646	1.21165366842298	-3.8423834708634	0.916857075727338
kenu1236	2.33959938752895	2.72406102158558	-2.41557698740382	8.52432304410167
keoo1238	-0.180517985287671	1.17544651424912	-2.62074171874794	2.0488702900724
kera1248	-2.65953429209657	1.35410234797346	-5.65195659071309	-0.165489375171606
kera1255	-0.454474587696862	1.23970833956348	-2.99116800760876	1.87032542102924
kesa1244	-4.50156469084444	2.26042669617931	-9.56600556817225	-0.640401637874165
kett1243	0.832555536909208	2.3057261589566	-3.34274925179017	5.7992327652412
kgal1244	-1.9459914142319	1.16001050650114	-4.33119110127252	0.237798718450181
khak1248	3.53458807776635	1.80891175097913	0.563046930976672	7.61654189627186
khal1275	-1.81937646149654	1.19987861194855	-4.19676608938882	0.529441282257674
kham1282	-1.99321681844331	1.17722569490661	-4.37393529733032	0.297765689498226
khan1274	-1.60285275067297	1.21451951823613	-4.143955767184	0.684336399700515
khan1278	-2.3627662460383	1.32003091698356	-5.14655065264235	0.057428445228067
khar1288	-2.29994997902135	1.246555374219	-4.85939034110612	0.056756707488413
khez1235	-2.23390995784663	1.2464213028653	-4.80958402022381	0.132448794870861
khin1240	0.590414493542039	1.52162200394843	-2.4468516400287	3.59713700265652
khva1239	0.899276025040129	1.47008542423831	-1.9150995885171	3.86899306527165
kiku1240	-2.11982221963271	1.17247056397837	-4.58905601285968	0.0553375270862071
kile1243	0.153230722215465	1.32712604386405	-2.52253869481965	2.74642749883034
kili1267	-0.451852270725041	1.19710964871537	-2.97584123099816	1.79899194130354
kimm1245	-4.08209940180707	2.22217564585952	-9.04134261772037	-0.448093750641075
kimm1246	-1.73837229806901	1.23640638673674	-4.28818432649756	0.720493026045592
kina1250	-0.578234646682068	1.18515757956544	-3.01363133153067	1.63210626970116
kinn1249	-1.69607528481115	1.19513656874339	-4.06791531226934	0.682865564897518
kips1239	-0.882634114363453	1.41505327042515	-3.75139166862302	1.84688825594389
koda1255	-0.158528682718107	1.29099177705306	-2.68888211820532	2.43109578958413
koho1244	-1.69880529676258	1.27411213489488	-4.4212740530753	0.634504162902055
koir1240	-2.28638635489584	1.25239752422249	-4.87551949250193	0.0888612625157679
koko1269	-0.405087393943765	1.19884232099824	-3.00788627880837	1.87760555467082
kolb1240	-1.62062001139421	1.2076317897112	-4.03396608837268	0.760674035316091
kolc1235	-2.13061280962179	1.23265366313356	-4.69412441946335	0.203417486534928
komb1274	-4.53792409333903	2.22981960099539	-9.68889547726165	-0.850671358875521
komc1235	-2.24762659622811	1.31598634616843	-5.02287441134794	0.244499511913865
komi1268	0.955936460394626	1.26084362228931	-1.45177614439821	3.55373213917039
komi1269	0.955835803756479	1.26568511320714	-1.44060120018482	3.51683890659531
kona1242	-2.83145254511456	2.24971084763993	-7.64110828985402	1.17456813089548
konk1267	-0.329388874841729	1.19062014617957	-2.75910678810226	1.96601777882135
kony1248	-1.9715227348068	1.22139621977146	-4.45822862707036	0.397252011304035
koon1244	-1.88249821875776	1.17836448286758	-4.2974513773933	0.343269263399546
kore1280	-1.76293264499231	2.28198357975432	-6.80620899683056	2.39368889288531
koro1298	-1.7314166862845	1.21681265325496	-4.19920191774173	0.614027166520839
kosr1238	0.175537581201417	1.14673881772619	-2.14827276173094	2.41299442751429
kota1263	-0.307867756900804	1.29309281091345	-2.87789285175828	2.29222814097013
koti1238	-2.03596976755949	1.16159516730891	-4.39546267817997	0.159366557361896
kove1237	-0.457271549080241	1.18493556383096	-2.89632143245983	1.73655112149984
koya1251	-0.352437628094572	1.31535020236314	-2.98922574431093	2.24374949294777
koyr1240	-3.37097006589583	2.35231302510597	-8.77902136456537	0.523800030281922
koyr1242	-3.37225160176465	2.35066653460323	-8.83179735854582	0.485080256639891
kron1241	-3.506144928793	2.42886451327774	-9.05728965072383	0.594843140293227
kryt1240	1.05204582022712	1.4985122052739	-1.81917818421869	4.07724848662005
kuku1273	-2.9942680030779	1.75923137595337	-6.7132760643447	0.232181981326882
kuma1276	0.0940846050684557	1.1637233790965	-2.22052591941755	2.34964469003528
kumb1268	-2.49670332611162	1.72622383561019	-5.97488790396382	0.846478840869997
kumz1235	0.0097558424225283	1.21725881806798	-2.39741992938554	2.46513022637738
kuna1268	2.31924537920855	2.71669214981977	-2.35883803226832	8.34077162878437
kunb1251	-3.70002193007994	2.22948648887987	-8.68243381482141	0.158202255778384
kunj1245	-2.93581227028578	1.76427452348685	-6.82461090525093	0.28543246502362
kuot1243	-0.870655573027508	1.92249014419544	-4.65901179666396	3.00005162497756
kute1248	-2.45352604217986	1.29893162827417	-5.24780469757964	-0.0107425402542564
kuyy1240	-1.69608717026508	1.26125680413241	-4.35175727541336	0.658497015806899
kwai1243	-0.186156986795191	1.17651103464647	-2.61396466131626	2.01156609200119
kwam1249	0.933084409773577	1.90134172777521	-2.84965684933834	4.66330445313601
kwar1239	-0.1916157064372	1.1701449630069	-2.65352910568037	1.99253995911419
kwaz1243	-1.77326339848188	1.59390719165259	-5.12511238681443	1.2723183251263
kxoe1243	3.16956488533897	2.27360225631776	-0.641413087356483	8.38279135164553
kyer1238	-1.91864167190513	1.1654799106159	-4.28872699914107	0.353125605811385
laal1242	-1.84309089797218	2.7646759895039	-7.96598378567189	2.92579932331544
labu1248	-0.412612519370358	1.18761117615971	-2.91755303210401	1.80535326474146
lach1248	-3.86865444877193	2.29652356971044	-9.04530363775594	0.0365100855909054
lagw1237	-0.38749786737623	1.21813916510213	-2.87530393359369	1.94172557322811
lahu1252	-2.04865480272193	1.18339883219398	-4.44464793640019	0.223183816001249
lahu1253	-2.04992204214447	1.18703057735073	-4.4709811320537	0.220524660571937
laiy1246	-0.610964028894442	1.20901003457251	-3.13164214087135	1.64452148834889
lala1264	-1.78645658179779	1.15381208782616	-4.16767393551357	0.436016957438707
lala1268	-0.391091709406725	1.17947685844502	-2.90766262413364	1.80340997796252
lama1277	-0.102451836598149	1.16434751258808	-2.46844304744351	2.15729945864435
lamb1269	-0.322661455845983	1.18311458718623	-2.70423911086964	1.94469939605362
land1256	-2.61972985140198	1.3455354019322	-5.44150310062432	-0.154475189172363
lang1320	-2.04685620868215	1.19079950330379	-4.54936453180046	0.201797454018102
lash1243	-2.07628217743238	1.19451910007171	-4.49837746492537	0.259618777502547
latv1249	-0.339083873185772	1.20417306469494	-2.81630344852942	2.10644545017735
lave1248	-1.6858225545549	1.27134871486524	-4.38100931331125	0.682204172866367
lazz1240	2.03177123708913	1.97735935673919	-1.54985073773804	6.26764813590271
lele1270	-0.194430785150177	1.18339190064887	-2.71564424249142	2.00517854115837
lele1276	-0.453583411510228	1.24570309156036	-3.01556076326472	1.88792013909856
lena1238	0.157044296710999	1.16957476068223	-2.22260473496294	2.47245283623292
lend1245	-1.43528958179687	1.38626211464464	-4.24053674899979	1.263984834152
lepc1244	-2.20052766268048	1.22958209369227	-4.71139221994083	0.103265925955075
lewo1242	-0.22404719155936	1.18392024497583	-2.68390200022868	1.95811155628818
lewo1244	-0.1043167023152	1.16770398560833	-2.49723087915682	2.15972766523676
lezg1247	1.05217120998835	1.48926691513156	-1.82885728276685	4.06639515615858
lian1251	-2.01886055625945	1.21004340342766	-4.46853385545939	0.347522729166032
liby1240	1.23518079849565	1.14301514741617	-0.911915200953359	3.6518905210314
liji1238	-2.39208178074576	1.29073231357383	-5.08007795013545	0.00763401830785668
lika1243	-2.04825951114364	1.22028877306555	-4.62278559160974	0.280838163474002
lill1248	0.236258075140846	1.44030269762455	-2.48184959495561	3.20073534535374
limb1266	-2.17360592471557	1.22758148745364	-4.71188508619884	0.172584658492591
limo1248	-0.743210367253078	1.23890108063587	-3.30240536678895	1.56343863051904
lipo1242	-1.77848487153314	1.19031493794657	-4.12493070126865	0.513182712542219
lish1245	0.675392641827219	1.16090051627429	-1.59075757517835	3.00655650155762
lisu1250	-1.78454674496112	1.18357127826711	-4.14774457878473	0.525912332957034
lith1251	-0.335774589054322	1.20479225838278	-2.81093068095189	2.02930346549853
litz1237	-0.174079038249082	1.18103034432878	-2.61508626650222	2.07264509903974
livv1243	0.128277201199665	1.17219874321634	-2.2552316225831	2.34632323102134
lolo1259	-1.87296542561787	1.174105420037	-4.25287121985556	0.388957600122975
loma1260	-2.43033580862388	1.44132292809999	-5.3790257669973	0.235858337274758
lomb1257	-0.729880826209217	1.16037726201264	-3.1178246100737	1.49328946206028
loni1238	-0.219059930480287	1.1840876262972	-2.67811692857131	1.99656409757945
lonw1238	-0.169482748041499	1.180630512622	-2.59367080608432	2.09901337747538
loth1237	-2.2428820167476	1.23177875447121	-4.72629654653817	0.117843822103543
louu1245	-0.169344124302161	1.17476305297215	-2.59357402643528	2.0318512444878
luan1263	-0.48829537316509	1.21270569875056	-3.01730934487772	1.75592651849373
lubu1243	-0.741886792206246	1.24075401561653	-3.29588001751527	1.56038462225961
ludi1246	0.126737454659534	1.176035787278	-2.22999744490469	2.37390695482441
lugb1240	-1.7782816132281	1.43161353755667	-4.71515709009116	0.925552826620829
lule1254	0.352624707706652	1.17691531132353	-2.04220147841787	2.60639175883889
lumu1239	2.99644860032452	2.51597956785853	-1.27252898387881	8.84144744894989
lund1271	-0.397871298560739	1.20509152851909	-2.91061416567273	1.83057623779737
luok1236	-1.00850552579659	1.42703716543397	-3.98854576062649	1.63044599774244
lush1249	-2.25950087813361	1.24096244532132	-4.82749762665511	0.164768838565717
lush1252	0.198547433104037	1.45573263209277	-2.53837762869428	3.22954537761701
luva1239	-1.3447025786427	1.18344498873416	-3.63952248395422	1.10364265879671
maan1238	-0.220822150155516	1.20431124487186	-2.73282853472058	2.08493072982539
maas1239	-2.68917970055704	1.34286301116054	-5.6510836467215	-0.283829846904775
maba1277	-0.468761910669139	1.90714829170116	-4.26900289216071	3.26147818984426
mace1250	0.131950272195713	1.17917505649812	-2.16342864281026	2.49300674186605
madi1260	-1.77489489597041	1.44207242160492	-4.72695217455552	1.00525891276386
mafe1237	-0.145412823755879	1.16839483413002	-2.59790477376385	2.06288633101034
maga1260	-0.303851896525428	1.17259105623696	-2.73100733481234	1.93460185960956
magd1235	-1.22380199928505	1.37401894691703	-4.0363306380196	1.46054787885444
mail1248	-3.05812514669233	2.12500578708552	-7.6349509224124	0.782148275710686
mait1250	-0.246626087436955	1.17272314533443	-2.68605454999724	2.01831279116029
maka1304	-2.12835723217658	1.23213463923911	-4.76196267737448	0.227584922911665
makc1235	-3.88229197859681	2.2863331194867	-9.10880089521633	-0.139964705021793
makh1264	-2.04140179156968	1.17489307764595	-4.462978336275	0.200311666355127
mala1464	-0.158777102908247	1.293934808532	-2.69091603291569	2.42600417802005
mala1479	0.0722049957752205	1.13136844730603	-2.17617073032749	2.29952204332203
mala1522	-2.02168962097986	1.34895848408937	-4.84872944242844	0.467007455304217
male1297	-1.88680580209366	1.31954736330346	-4.61004346597915	0.594313297398177
malg1251	-0.182229292325215	1.18053632416566	-2.59957133464579	2.09172684294451
malo1243	-0.13796764387536	1.17403489697965	-2.58168962262954	2.11530647746869
malt1254	1.23286867861689	1.14833155849046	-0.949485700724072	3.62309061265389
mamb1306	-0.38754751476651	1.20049557280048	-2.78190581666498	1.83868097009798
mana1288	-2.04271712041516	1.20345287422139	-4.55523242659913	0.246197245871953
mana1295	-0.402940003941855	1.19813060361101	-2.87666197538288	1.82815954776089
mana1298	-4.07101241072107	2.3167088540793	-9.09034699442767	0.0171933525510476
mand1415	-2.09051765841579	1.21974242554948	-4.60756505762419	0.235419261681317
mand1423	-1.96053541866935	1.16233247798015	-4.34340818660696	0.245050702119137
mand1436	-2.24513577273811	1.41320448494407	-5.07130894015134	0.405037955086228
mand1440	-0.400069914767198	1.18766888611472	-2.89523922272261	1.84162745953214
mang1378	-1.65802297073281	1.23613630449391	-4.28368264699432	0.622261089330596
mang1381	-2.78849203945245	2.24360563872298	-7.64268414183752	1.20975112910838
mang1394	-1.69595220661945	1.40776043699342	-4.666856399289	0.916248721380865
mang1401	0.591782250280329	1.12802623036314	-1.6666893922659	2.86917192832063
mang1405	-0.37969172629636	1.18835456891436	-2.75440323519628	1.88879697363021
mann1248	-2.19783328939587	1.4408939053673	-5.13687354678732	0.551928963913685
manu1258	-0.173922101408749	1.1895012258568	-2.60778533721136	2.12034660540731
maor1246	0.687217737038679	1.13817238512915	-1.59367763686612	2.9862801298541
mapu1245	-1.90586535197779	1.61796805621747	-5.33024753639936	1.1350376141659
mara1378	-0.222426946022496	1.18208641797367	-2.62818808217728	2.09049500242717
mara1379	-2.11448036121253	1.22221635790155	-4.59876883411633	0.185391730570016
mara1382	-2.28067105073525	1.23134043561913	-4.74525338340686	0.0678210619868319
marg1265	-0.111083821221216	1.18359225052785	-2.4577624465179	2.2455410565651
mari1428	-0.501500636333663	1.19502083235299	-3.0316385750833	1.69239099684724
mars1254	0.283242906112478	1.12625717476362	-1.9888372467051	2.4846002777404
maru1249	-2.05533917633623	1.19729335246992	-4.5283252680281	0.24103004942627
masa1322	-0.463236868804865	1.24451306934171	-3.04588205312133	1.87305624305024
masb1238	-0.5634829044369	1.18607785099381	-2.98627728964694	1.68360516152928
mask1242	-0.205525866161806	1.19320985295848	-2.6571004959402	2.05949863940977
mati1250	-0.503238150883748	1.18961673248402	-2.91462233975763	1.68258306031037
matu1261	-0.500491608703657	1.19571071381605	-3.01544319586173	1.67385221891166
maun1240	-3.59892164756145	2.24852503553818	-8.43351352166628	0.376076041462473
mayo1264	-1.3292016125262	1.3314921664526	-4.01870502780266	1.24808794709665
maza1304	-0.196154901652366	1.19919668401483	-2.6611313078984	2.07770418106149
mbay1241	-1.76879846398471	1.35029334873832	-4.47605872784581	0.72029429305212
mbul1263	-0.466119165694958	1.20529996017698	-2.98157471686342	1.7463543146615
meen1242	0.0802135670883988	1.90422336331452	-3.74917662483363	3.85057285071062
mehe1243	-4.21949224619782	2.32939434493031	-9.3086162301035	-0.126046826607627
meke1243	-0.338284542516969	1.1749374291011	-2.77757569824194	1.87122588089169
mele1250	0.600850261008292	1.12884790168643	-1.63756600945413	2.8850259013942
melo1242	1.13371929702894	1.39670570787076	-1.60319208750739	3.8997879482967
mere1242	-0.125729338552271	1.16643301226155	-2.51152762626555	2.12326236635429
meru1245	-2.12805664641551	1.16380191409732	-4.54395237571333	0.0366134774401048
mezq1235	-1.69313757199681	1.43667692217712	-4.77272256167599	0.988178626565701
mich1245	-1.68711330093624	1.32740304120346	-4.45898764620131	0.794302952304092
miju1243	-2.32759567204167	1.2719306104237	-4.96127792399478	0.0393128542586903
mika1239	-2.37190639280217	1.56232882813211	-5.72496863862993	0.547551203991368
mikm1235	-2.52399123694609	1.59469183577737	-5.96282758687066	0.345536739531566
mila1245	-2.34728076225291	1.24355450073751	-4.97920404432563	-0.0563549159519504
mina1268	0.0859996855441373	1.12705447079206	-2.17236028970393	2.29446789227056
mina1276	-0.0773396864932514	1.18133525527439	-2.47918023182398	2.20564564036159
minn1241	-2.06399035375994	1.23815022581159	-4.59142208898542	0.278757126945279
misi1243	-0.455908672348011	1.20525769000089	-2.95365518407129	1.77405072284677
misk1235	-2.31435729432855	1.60226531330444	-5.70292507610168	0.62745152687626
mixt1426	-1.10476093247813	1.38181770553557	-3.95186395443955	1.61082405091101
miya1259	-1.85572594328911	1.59766431567347	-5.27384600841646	1.09234208098756
miya1266	-0.479311530030156	1.22158349507958	-2.99581373148075	1.78807854358077
mlab1235	-1.6501968331561	1.27035105484859	-4.33181236488737	0.727979180412615
moco1246	-2.02084194862804	1.56277923491638	-5.40639870009527	0.880989023051555
mode1248	-0.12554179305493	1.28640599056874	-2.65315119969768	2.41834230004956
moke1242	-0.524502246345931	1.19519734061749	-3.02866266639683	1.70188614000054
mokl1243	-0.527641120107651	1.19538085974217	-3.01620373525222	1.6789991061139
moks1248	0.66282108366481	1.1917084083904	-1.69803640791118	3.01958021412101
morm1235	-0.403390102727465	1.21305148047844	-2.92307716162859	1.87380146561811
mort1237	0.297695306668962	1.11696341846347	-1.85056061676382	2.50189390896281
mose1249	-1.80060851847682	1.56095114991312	-4.99475631471556	1.08486606744158
motl1237	0.114463236596997	1.13830155591936	-2.22295907069771	2.34065275546614
moun1252	-4.26009287091004	2.28109438658182	-9.52668623012295	-0.376655923229527
moyo1238	-2.29730074797583	1.24834818328617	-4.90819638539249	0.116204035479045
mpad1242	-0.386606258208574	1.22382027195874	-2.82023692174058	1.94501144046416
mpii1239	-2.01230633260264	1.19269985238273	-4.41506009766802	0.311943597195992
mual1241	-0.0492155849069828	1.1341743504377	-2.37922443383538	2.11856775522264
mudu1242	-0.0970374762354821	1.15852310323919	-2.44256800379055	2.11358122793449
mull1237	-4.29923357478347	2.27354251481732	-9.39161863133426	-0.393632329206213
munc1235	-2.21467705688669	1.22496462558457	-4.74599967046327	0.102654385875171
mund1320	-0.703595477024103	1.21246418225481	-3.06284814514081	1.8118754997619
mund1325	-1.84198915329665	1.23530334166725	-4.36988371507574	0.521275015078393
mund1330	-1.05129028908803	1.42125460002032	-3.88539135815682	1.73205575480082
muru1274	-0.977573527983609	1.52372079702972	-4.02389667716829	2.06027537471459
mwag1236	-0.322634982459191	1.19617421354606	-2.76231068582238	1.99934038069849
mwan1250	-2.29863949669933	1.44360280304481	-5.2768554501147	0.388937671187947
naka1262	-0.156597205335588	1.17394434575638	-2.56315714270422	2.11042659658771
nali1244	-0.415263844409458	1.17761855363621	-2.84188733754797	1.74894757821916
nama1264	3.14786909475753	2.2974033398057	-0.780016113716593	8.25241890302018
nama1268	-0.186905412090596	1.17748892515585	-2.63781226954356	2.03825920193121
namb1293	-4.30398143773338	2.33499214197618	-9.57885317530302	-0.331658999157113
namu1246	-2.09904315775676	1.2009317007053	-4.55816185485128	0.143658764304913
nana1257	0.0867831963910918	1.33375514885505	-2.60150110992914	2.68406659359484
nand1266	-0.940267023275686	1.42401518479656	-3.7637795195112	1.81471518870351
nara1262	2.3839139213216	2.73518135199872	-2.29545182281581	8.69061681988104
naue1237	-0.495535332557688	1.20447513720363	-2.97167898057948	1.77351015214885
naur1243	-0.0482748705982238	1.1620717657452	-2.41266350443483	2.16834084885542
nava1243	-0.710039095714482	1.38785111288261	-3.49875224736932	2.08434294139359
nawu1242	-2.10726083225113	1.24134498715632	-4.6065855044123	0.249961590483418
ndog1248	-1.87348329581225	1.23200711422539	-4.40493281803423	0.455602151042772
negi1245	0.34224227141217	1.33488500790113	-2.231642326873	2.95283484618303
nend1239	-4.49829359393786	2.28355107742944	-9.54301422563778	-0.71772650441381
nene1249	0.629450718454978	1.27165258791812	-1.87769388323197	3.11893131071757
neng1238	0.0912624557316093	1.18142027027489	-2.26020482072348	2.38585571776294
nenn1238	-4.31098130559143	2.34014793651465	-9.56520751745112	-0.290141462720086
nepa1254	-0.395839973693431	1.20460727834928	-2.90062676976592	1.88262087742772
nese1235	-0.182863862492427	1.18126562545944	-2.62502664623043	2.03784324927762
newa1246	-2.31177176173524	1.22024359162205	-4.78633113663351	-0.022803162392359
ngab1239	-1.85670972204932	1.29700997905418	-4.53924597949092	0.564987079460866
ngam1268	-1.76899686064582	1.34279952033143	-4.51016751551913	0.720172254634149
ngan1291	0.786144773527443	1.29248754150283	-1.77766088464431	3.35070059361906
ngar1284	-0.0500945769858161	2.03369364678052	-3.92442952071295	4.16230954005904
ngas1240	-0.519560163403667	1.21964322456557	-3.07040181844116	1.72039001381248
nhen1239	-0.490578360766828	1.36345075428336	-3.10716450937677	2.20420636319726
nige1253	-2.67278075936625	1.33904217330577	-5.51914278603997	-0.293910012760746
niha1238	0.87017489501927	2.14236409720576	-3.11314786532383	5.53941334611931
nila1242	-2.01767991797887	1.18108410290317	-4.39965716349377	0.255661448099733
nisg1240	-0.732642387672666	1.54363457479823	-3.75198251379465	2.37335904040476
niua1240	0.678000742856455	1.14807900003695	-1.53101613889924	2.96057859482849
niue1239	0.534910712094048	1.1455643352432	-1.71754516072644	2.85971499718601
niva1238	-0.972481953372055	1.51916592664349	-3.92512134075905	2.05864592605319
njan1240	-2.29582055382482	1.3196444837514	-5.08611836014611	0.15249652985152
nkon1248	-2.11207364270008	1.24667168422991	-4.66236453272651	0.286072644121199
nkor1239	-1.99882559906292	2.56972039179883	-7.65561427388816	2.40925710812706
noct1238	-1.79146498530665	1.23594909006835	-4.31229041655141	0.58402574486281
noku1237	-0.123681725440944	1.1754505933847	-2.55204440258837	2.09513915545964
noma1260	-1.96919693971596	1.21344884871375	-4.48761330843136	0.322164021739855
noon1242	-2.63846468359558	1.32564239988771	-5.4538517458265	-0.208034469449358
noon1243	-2.11783954524794	1.27614852413032	-4.81436022890098	0.307697692154727
nort2671	0.34225685966424	1.17250886828223	-2.04121044422629	2.61256758434346
nort2684	-1.57445282681533	1.24879285812046	-4.13709981608037	0.775818975041747
nort2690	3.52803655260105	1.82074535284194	0.474471217928415	7.6513646539467
nort2697	3.54092339648975	1.80605699775778	0.480568254466541	7.65267987621158
nort2702	-0.239200746682266	1.31422874139362	-2.83644592179731	2.32237840008785
nort2722	-1.78308655576894	1.18553996149963	-4.19103546557825	0.502577520652184
nort2723	-1.58098580890733	1.19336921356681	-3.97974683559436	0.734261256132134
nort2732	-2.21808535529751	1.28585661120362	-4.90235652788594	0.247839990977789
nort2745	0.4869076496045	1.9823110579973	-3.13198779892888	4.77547385882582
nort2747	-4.08238333216253	2.22407835521352	-9.0846581686203	-0.469807418867672
nort2774	-1.8708339992505	1.22812030380574	-4.40079836862488	0.486262205283471
nort2775	-1.89013279540768	1.25444063175583	-4.46937458074068	0.551637808645748
nort2839	-0.163521804212624	1.18208681454997	-2.57394284311462	2.09354501461468
nort2845	0.643053095071972	1.13490906176272	-1.61193892385538	2.96438996992605
nort2864	-0.284094591681746	1.19955181541947	-2.73939440310455	1.98317377663097
nort2877	-0.761513888471516	1.2366074077563	-3.36309171050111	1.53400388194137
nort2885	-0.564160806242204	1.19561040680772	-3.03385919553777	1.67441023971634
nort2930	-3.62989962339366	2.26764520362586	-8.70072681743528	0.323887853669169
nort2938	-1.10214553302773	1.47928821255224	-4.06130840518826	1.69908872822471
nort2942	-0.939789132622323	1.34455214987673	-3.66538647320187	1.61741374821081
nort2951	-1.85097403957328	1.61214408545547	-5.28874574009199	1.15259715823933
nort2954	-1.10250419578421	1.29694019742711	-3.77362694797315	1.41244866893956
nort2957	-1.68227427354741	1.32128479500216	-4.44614114429997	0.785202044927591
nort2959	-1.64196848422215	1.32731903407718	-4.41721980616885	0.807509210288686
nort2961	-2.56416204170517	1.5604473336053	-5.92218649367454	0.18953627320398
nort2972	-1.56812319359049	1.44770816351063	-4.579281597125	1.20175625939688
nort3139	1.2062344244243	1.15183920177728	-0.984926501881087	3.56878064340734
nucl1235	-0.48239218087909	1.31404984549167	-3.15658115170988	2.06012514614974
nucl1301	3.5499908698104	1.80373034518646	0.50797291025697	7.57876504669058
nucl1302	2.05804647456431	1.97825049975441	-1.45257742439956	6.28603107489007
nucl1305	-0.0412872260244531	1.29044325169212	-2.59142915903835	2.53768872309287
nucl1310	-1.87161665539437	1.18411386875861	-4.2251987470686	0.43781857648231
nucl1347	-2.68076156184793	1.33021923651088	-5.56592906606123	-0.274586191802724
nucl1417	-2.4128582631984	1.307789290331	-5.1620215369649	0.0142480843634095
nucl1458	-3.5200637123728	2.28705172285321	-8.36637609906337	0.551768318998542
nucl1593	-4.18993207809294	2.33167467989817	-9.23745274559932	-0.182477413362203
nucl1622	-3.30813112153754	2.1145718504939	-7.84685332867295	0.519184491501113
nucl1630	-4.273917682898	2.27668089019385	-9.37709740142995	-0.394234370475635
nucl1632	-4.12733653724543	2.26340889209452	-9.01018414047581	-0.153155270201129
nucl1643	-1.89554321652799	1.65187299955252	-5.40343045127847	1.1446454048919
nucl1706	0.70110732230223	1.16639143067233	-1.54966878615793	3.10316712222879
nuer1246	-0.986421035638731	1.4398569582749	-3.96630511070905	1.69424872807264
nukn1238	-4.51991969718089	2.2542950826426	-9.66139402040611	-0.670155900874437
nung1282	-1.88007379865837	1.22883512199544	-4.34980051404767	0.460047581013848
nupe1254	-2.42422728903546	1.30340968585288	-5.12826963073874	-0.0397585335245378
nusu1239	-2.05416182188204	1.17273976425454	-4.41373251441569	0.242670847062646
nyah1250	-1.60048721187976	1.27221089008827	-4.24427401006029	0.782243678091743
nyak1260	-2.07075681250715	1.18300353091347	-4.49908487642474	0.163657784643486
nyal1254	0.0228284076306769	1.15572374927577	-2.28417139858052	2.26357481926876
nyam1285	-0.527016029577372	1.221601385527	-3.07754785036627	1.72132439290085
nyan1307	-2.1494218638119	1.17737136073502	-4.60312170341842	0.0585493126770496
nyis1236	-2.3778463248195	1.23616226266221	-5.00286086526537	-0.0433212452348102
nyor1246	-2.15095424451874	1.16460601376747	-4.55496082501727	-0.0177102391963558
nzak1246	-1.84693274377455	1.22360348844055	-4.32968016221219	0.522779903550459
occi1239	-0.834687479434915	1.1799082985259	-3.28750147643393	1.35225763069095
ofay1240	-1.80711728100533	1.51629134337247	-4.98773643076904	1.05452892603608
okan1243	0.291556430262428	1.45026704968842	-2.39334969855983	3.3025396158445
onon1246	-2.18489545311875	1.62674365617021	-5.67251482092129	0.783803858853068
onto1237	0.50146924984225	1.12827492252269	-1.71896685620267	2.74973261976572
oriy1255	-0.202489403286791	1.19346270455	-2.58257821512481	2.18227677141159
oroc1248	0.196935956487131	1.31536024868753	-2.42346961577124	2.73674229059278
orok1265	0.0707379079428174	1.32953760247587	-2.60457953173715	2.64511162494771
orok1267	-3.26539678704182	2.02408093404425	-7.57523161348457	0.39121718181338
orok1269	-4.52243249199634	2.25201639168391	-9.6688006658576	-0.735758965988374
otor1240	2.74943185872667	2.49935341547516	-1.56103876383951	8.25351348445358
otta1242	-2.57038743106927	1.56438172031094	-5.99539606699717	0.215369092620398
paaa1242	-0.282921973051867	1.20385213961508	-2.78434021589275	2.00667459571757
paas1238	-1.38959491381598	1.22181563186774	-3.81695679825727	1.10312969969518
paco1243	-1.68689291165323	1.24909887381131	-4.24311363903656	0.661909546715233
pahn1237	-4.0815318074547	2.22287348740017	-9.02482099408352	-0.431294383244019
pala1344	-0.251598802018538	1.19436879425674	-2.684164616889	2.0664416659574
pamb1243	-1.88687162195788	1.23704185869921	-4.43543479566792	0.478182113221225
pamo1252	-0.617884571113104	1.22611729888722	-3.15244130251053	1.65337418994444
pana1307	-1.90908282184619	1.48315899225102	-5.04445888140454	0.872226928429636
pang1287	-1.94101177962503	1.15256124975968	-4.30753959408713	0.242827165266573
pang1290	-0.723405909513083	1.24171448075209	-3.28828959888713	1.58901700628654
panj1256	-0.411451095294801	1.19467407514683	-2.87505417199968	1.88353536926615
papa1265	-0.367119633358541	1.19931983760415	-2.83721474470386	1.97806708143719
para1301	-1.52651468978311	1.21343852192833	-3.98358528914554	0.762434490824576
para1302	-2.23744025619508	1.22000835567117	-4.70773237535571	0.062318331782341
patp1243	-0.406496042109842	1.20084057473632	-2.91415980609925	1.84838181816558
patt1248	-1.80442502189208	1.21227211796749	-4.23196622668201	0.572975092147717
paul1238	-0.113597250766094	1.18233218579681	-2.52184494095972	2.21852097446434
pech1241	-2.00469316944327	1.40560068265503	-4.95568264892776	0.596157953150695
pemo1248	-2.31042718726779	1.52212719470871	-5.6725653590229	0.440338540231063
pend1242	-0.274883529972485	1.19560103753643	-2.75286169444056	2.01127666986744
peng1244	-0.394743834220683	1.3172407773905	-3.07863223008229	2.11103662809491
peri1253	2.45535677030808	1.73071357373698	-0.557944336293169	6.24973357191828
phai1238	-1.64347512813257	1.26284148401184	-4.31451557902138	0.72616271386401
phom1236	-1.9722226350195	1.22719436352879	-4.44269849095772	0.356247046371487
pila1245	-2.01039379013768	1.55264445862295	-5.29621123487663	0.837489756831304
ping1243	0.342902463615761	1.12337996118386	-1.93577396030027	2.57792972547644
pite1240	0.36122858001201	1.17754994974059	-1.98636027529634	2.61676864570849
pohn1238	0.341443768127063	1.12341281583007	-1.93599546838582	2.57878377333331
poli1260	0.104154730003296	1.15894478733922	-2.22789449691251	2.38944899094735
popt1235	-1.04003996723427	1.40995719249765	-3.86817903236311	1.72895404438923
port1283	-0.85438549386838	1.17851804597169	-3.32779503863926	1.37707887408914
port1285	-0.209976549465378	1.18876481159476	-2.71602084096199	2.04164325716112
puka1242	0.65856136574196	1.14490540868043	-1.58263652931608	3.01912576121407
pula1262	-2.68644563808531	1.33479357753481	-5.60823304376794	-0.333360055415767
pula1263	-2.68747646972106	1.34421736905355	-5.5890150809102	-0.299303715231545
pulu1242	0.322777373876759	1.11176117297019	-1.90768286554225	2.49595466675844
puma1239	-2.24854664670524	1.23884244182262	-4.83769392637859	0.105117006748383
pura1257	-1.93109917854824	2.17032901627566	-6.61298873321429	2.02275376573502
pure1242	-1.93955216915101	1.5897546179829	-5.274957277291	0.986592249372115
puri1258	-1.9899346518173	1.18597628118968	-4.41147429806981	0.337335399052662
quio1240	-1.72422637630061	1.43085637536331	-4.69793089018215	1.02184082923767
rabh1238	-1.9801702285864	1.24427176016954	-4.54337653176645	0.414566598150703
rama1270	-1.80984491533373	1.31421783624694	-4.48067565031628	0.716640824612581
rapa1244	0.656088484940149	1.13495023600376	-1.6412475199767	2.8967587980436
rapa1245	0.692565898673869	1.13887120534077	-1.56631053228769	2.9743372447963
raro1241	0.68997157138487	1.13269146204182	-1.55912857126303	2.96353244196964
roma1326	-0.836880823094659	1.17551522176725	-3.2106807892462	1.38366754324349
romb1245	-0.55873310064984	1.18651761775235	-3.00839235986273	1.68294753227018
rong1264	-1.5911671661122	1.19847239050638	-3.97702583691092	0.743779495542663
ronn1241	-0.530809343133434	1.23256081207068	-3.12096323933355	1.78278061474228
rotu1241	0.367488265453868	1.15616041491605	-1.96407755853794	2.65149046358479
ruch1235	-1.62265673823071	1.22456077213462	-4.16513584042884	0.702463593822852
ruka1240	-0.65755318243706	1.33830277082093	-3.46830020284195	1.82561000580445
ruma1248	-1.6215702965167	1.22389878868155	-4.11658974552152	0.658791783830313
rung1258	-0.765278597662512	1.90095499056262	-4.65038210785809	2.95171501209347
rung1259	-0.512430644021342	1.21794421157008	-3.02470398201004	1.79237942028071
russ1263	0.0514345567404084	1.14777615485375	-2.25699037435811	2.31867303315544
russ1264	2.45390052352609	1.73433507092441	-0.581320404621084	6.21368279524631
rutu1240	1.03850215143929	1.49703561691922	-1.85337894363105	4.02698640800526
saar1237	-0.682756053284977	1.31858534935445	-3.40475256738958	1.75515370384206
saba1268	-1.99952943562119	1.6122633745026	-5.44072446975262	1.00092568658409
sabu1255	-0.429038133813013	1.19023950630903	-2.94722746117563	1.82271699383185
saka1289	-0.140837397089102	1.16460664246925	-2.51174744046242	2.11206258410485
saki1247	-0.603369294395284	1.29997902982355	-3.36013541382344	1.76876273452002
samb1305	-1.56672100648197	1.19439759113716	-3.93831063139943	0.791863392525677
samb1311	-2.31507806378463	1.32409149044876	-5.17149135339492	0.0843927329420475
samo1305	0.682925712274757	1.14265092176974	-1.54139595454432	3.02341451180932
sana1295	1.21990479223712	1.15012158153559	-0.929560093693351	3.61717609742023
sand1278	-2.0863950673815	1.62088895326882	-5.51790291651335	0.900790745937564
sang1321	-2.2404218704785	1.22367179822765	-4.77894214169385	0.0341619430585447
sang1331	-1.54725127089379	1.17146117520696	-3.82277767675556	0.818551051162654
sani1269	-1.97502289447738	1.17979187122747	-4.33973936773884	0.319759423735506
sanj1284	-1.09515457023108	1.38479421153444	-3.89256977357384	1.63582944884465
sanm1295	-1.07373354785072	1.34804158466949	-3.78477921253252	1.53730870332714
sant1410	-0.708645378149687	1.2119942837873	-3.09406878130569	1.75736729332581
sant1436	-1.25604187756686	1.3847433687911	-4.10960638130089	1.36604530710009
sanu1240	-2.23517679993496	1.62059158305191	-5.77149326754201	0.706820252621551
sapu1248	-1.69249719144284	1.27370958678792	-4.3988990916703	0.679513310139873
sara1321	-1.77944574993912	1.33466951361779	-4.4952056495248	0.680998556360346
saur1249	0.0665851878399153	1.39960393482041	-2.6454795263977	2.92572887871512
saya1246	-0.490657938972322	1.21041339275357	-3.06714265920452	1.75002951972331
seda1262	-1.67414128512109	1.2886777991716	-4.42341891156	0.682274520507454
seim1238	-0.0722888657448729	1.18451434307464	-2.50652569808081	2.16097020337174
sekp1241	-2.1076350267948	1.2474091148231	-4.72923985838698	0.198856485788777
sela1259	-0.161590180974239	1.16186456486114	-2.53123027644205	2.04660240565847
sela1260	-0.489975660048799	1.22088225195503	-3.0028738923084	1.82621286287154
sele1249	-2.10559000562175	1.2456719511723	-4.71086219276852	0.237120332106728
selk1253	0.772764817039205	1.27688318684982	-1.67728660871277	3.32110484505193
sema1265	-1.35558844728795	1.21081890903445	-3.77883668590594	0.985344352137566
sema1266	-1.32965902274483	1.20126177940493	-3.77592036975144	0.986423427449171
seme1247	-1.32224734361551	1.20444541216581	-3.76139625299651	0.99394022911817
seri1257	-2.03361404079944	1.58194637838449	-5.41505285740772	0.797156893007591
shab1252	2.33853059320588	2.68199201289374	-2.20617530849948	8.44134244400914
shee1238	-4.08057688905829	2.22558720138974	-9.0517402562147	-0.430372650699091
sher1257	-1.84067042262683	1.24790533321606	-4.32883614969692	0.590582583493323
shil1265	-0.821477001519434	1.412906763412	-3.70330736277654	1.85053307908043
ship1254	-1.78377980894995	1.43794131301082	-4.83547503720982	0.934344667510309
shix1238	-2.09223015267724	1.1991004086836	-4.5331828982607	0.170523859836878
shon1251	-2.0594509641201	1.19023170042156	-4.55883409405205	0.168770715041311
shor1247	3.54066814219116	1.80062388809423	0.531353844286624	7.58952227277538
shos1248	-1.2077516659762	1.28567223414485	-3.88750034389334	1.25494835917767
siam1242	1.05661057748492	2.53099466847129	-3.44173203787337	6.66236625098346
sich1238	-1.87088618468121	1.17329924390806	-4.27092810428547	0.378472915338872
sici1248	-0.735068075929097	1.16494917854188	-3.07036992446186	1.48564867004645
sida1246	-0.0189871876043535	1.17451858267466	-2.47758607533377	2.22786886269722
sika1261	0.619210537661783	1.13977325713744	-1.64452348393867	2.91759778297078
sina1266	-0.392391326669287	1.19547677414277	-2.91865925799255	1.8413382698534
sing1264	-1.96225981845436	1.2285040446113	-4.43572559674355	0.396917854468143
situ1238	-1.72837451125249	1.1870680904985	-4.13271571297369	0.632320641402958
siwi1239	-0.215825652215309	1.25373908047786	-2.8159356410999	2.21323920855586
siwu1238	-2.10501621480024	1.23681185290243	-4.66753071759174	0.206112880084994
siyi1240	-2.29537049447147	1.25108631872575	-4.94232893912056	0.073514995491058
skol1241	0.390482428404082	1.17730050493424	-1.94260300088713	2.66709432817748
slov1268	0.153148655296381	1.17661829044928	-2.18312013185956	2.54576286173759
soch1239	-1.70463736653372	1.43423806900833	-4.62799321684538	0.985348319771399
soma1255	0.488951855172228	1.14588242729177	-1.74018073718778	2.77900352010118
sons1242	0.346120099748564	1.11984067116923	-1.91039010928448	2.55474501947957
sooo1254	-1.69399912624458	1.24691499976746	-4.28968447032789	0.610060205161443
sora1254	-0.715710614127627	1.2178292121613	-3.1058534840663	1.76618183380207
sout1528	0.150268910710732	1.1770061173803	-2.14057403366228	2.52971476476377
sout2649	-0.0349905230571696	1.23293392983415	-2.43666576917368	2.46834636591545
sout2674	0.294512564502446	1.17454652816063	-2.077631683124	2.49163356256487
sout2679	0.236794053937278	1.18259675037498	-2.20079398143162	2.48666835337526
sout2728	-1.74272810265624	1.193573452183	-4.16398840217657	0.609769365082409
sout2729	-1.57801519928057	1.19155852218789	-3.94877819084817	0.791270875112853
sout2782	-2.05757135307507	1.26132509414216	-4.6697452445162	0.3542019716479
sout2807	-1.98923365174649	1.15362455719362	-4.39443010568498	0.221891475019002
sout2856	-0.258439304720663	1.1763551435458	-2.70737001816462	1.94449703154625
sout2895	-0.249680912406445	1.19047713061525	-2.66930192787332	2.00322285151413
sout2912	-0.60525116783881	1.19298843006833	-3.08555174137398	1.63530106433236
sout2918	-0.342275645641762	1.20097849978962	-2.8293426360197	1.98640430018455
sout2956	-0.868999571514208	1.49215416612539	-3.83657011697145	2.08098559518221
sout2959	-0.938311810529227	1.33886583213977	-3.66552353526182	1.66423807554433
sout2994	-1.98833327194778	1.58472159761014	-5.33744851568257	0.898923688742986
sout2996	-1.15351884671233	1.50948302986629	-4.1877807125577	1.80127966347979
sout3236	-2.04243869348202	2.48823362161146	-7.61983663176771	2.26324390655565
sout3261	0.98674800017153	1.51779103249968	-1.94558025150901	4.09528637539306
stan1289	-0.846050965787803	1.17119548475432	-3.248394737299	1.35212634544503
stan1290	-0.833247327406552	1.17282834239498	-3.23599731221455	1.37262464546251
stan1293	-1.06935316238632	1.25228426893938	-3.66492268415857	1.26241783070337
stan1306	0.114734926206216	1.12183687437004	-2.09709081672241	2.35075681904745
stan1318	1.20249671142626	1.14418472246789	-0.946897648706051	3.60534629970299
sumi1235	-2.2453643526077	1.24163664302163	-4.81045416796025	0.0479819794765374
sunw1242	-2.04111098433845	1.21136149854342	-4.48336367813411	0.276038199436888
supy1237	-1.38807773034721	1.19566431906059	-3.72313859674837	1.07749990253348
surg1248	0.813452833839508	1.27713110458252	-1.68532740580253	3.44987867672309
surs1246	-0.14302524403114	1.15389589135467	-2.53207775105568	2.05777676257508
swah1253	-1.97626232069217	1.15373872102643	-4.33373274952847	0.252087556845067
swed1254	-1.07854807753004	1.25408660858429	-3.75791049195037	1.30244136713365
tabo1241	-4.06280621926626	2.32227707890317	-9.22165762834518	-0.106501580409874
tafi1243	-2.08299976343547	1.22159883160463	-4.57076691046234	0.271543760185233
taga1272	-0.487526963524812	1.18829862372255	-2.905102645663	1.70101808373817
taga1273	-0.499500464119687	1.20311843409263	-3.01417053005269	1.76687988060249
taha1241	0.114806948077145	1.22574434015393	-2.28105379009593	2.50337084544739
tahi1242	0.685138811028598	1.13912214170609	-1.56447012356556	2.94570599580692
taia1239	-1.87342215719737	2.19279076485685	-6.57846749134022	2.08899071202248
taji1246	-0.273938912975802	1.18917405733851	-2.69171210871399	2.00665276342757
tama1331	0.954218609000608	2.45268906943405	-3.53978898650092	6.34104248798693
tama1365	0.111867368502175	1.21069531795475	-2.2792339927498	2.49392778209488
tamb1254	-0.508707153675685	1.22853056609112	-3.12358345406725	1.81031930703212
tami1289	-0.244399295390075	1.28387265564319	-2.77669563024428	2.27467274136914
tami1290	-0.463718838497436	1.21987817951922	-3.0739975347335	1.8675759810624
tang1347	0.0726869838723597	1.17072552995437	-2.29684251991108	2.34357574125324
tang1373	-2.09521636897547	1.22343139449731	-4.60945939706725	0.314705656612432
tang1377	-2.37018172115084	1.23261376630938	-4.96040741275844	-0.03845505245682
tari1256	-2.34168416177752	1.59896796590107	-5.90833349152165	0.524714260713782
tari1263	0.00604352159735655	1.24146966044443	-2.45495420464281	2.48432947504712
tata1255	3.52284536039648	1.80732490455607	0.468694896604177	7.62575663054426
taul1251	-1.4801719485862	1.86186630599497	-5.15521897664163	2.16447043311547
taus1251	-0.501809980901185	1.18627099993756	-2.95904280507046	1.75153113401914
tawa1286	0.0391211272963274	1.21639016165659	-2.36536266928222	2.42155222582893
teda1241	0.795458568628327	1.62139029568526	-2.26035353275552	4.03657225567753
tedi1235	-2.30702345090333	1.24270338836175	-4.86866816329735	0.027687065205548
tehu1242	-0.790136953542062	1.49883264679534	-3.65553302913465	2.30513722753552
teke1275	-1.89671687260809	1.21108791982338	-4.39660149330394	0.432478947447033
temi1246	-1.37412113854583	1.21098093857686	-3.85006246950465	0.937999745731964
temo1245	-1.69174512979684	1.43934458081808	-4.81547551405619	1.01652296610056
tene1248	-3.82101817568972	2.3833421335885	-9.13970471542747	0.203390594262535
tenn1246	0.214261545103393	1.88336214105343	-3.58945205201855	4.02505773047637
teri1250	-1.84380531914722	1.29440267237915	-4.5668536102673	0.588083873089005
term1237	-0.478103009760717	1.20502257100477	-2.91835765625032	1.75841511242489
tern1247	-4.28545363894029	2.32253699326303	-9.44679225335934	-0.341268046521972
tete1251	-1.68673352026292	1.32568977796855	-4.47187549596941	0.767961364672093
tezo1238	-1.04158984958851	1.36451334210003	-3.78095929240917	1.69129278866164
thak1245	-2.0472244599882	1.20138792461511	-4.56760269809317	0.222096353562984
than1259	-2.31389340986113	1.22871709687544	-4.79644462599782	-0.00281594381781531
thar1283	-2.13250526678047	1.16220429058927	-4.51866178206138	0.0851107038350023
thul1246	-2.03185919052828	1.2167744047901	-4.4525445218806	0.267532037832077
tibe1272	-1.98059847528797	1.1748896512703	-4.4362606378689	0.312199101578535
tibe1274	-2.12642654502146	1.23095851228426	-4.71954948985041	0.186618620657982
ticu1245	-1.90862990277193	1.59438823592045	-5.31668160859574	1.04021339070161
tief1242	-1.78988485567596	1.2398864989588	-4.28236239283829	0.635921698717242
tigo1236	-2.46834563047984	1.30032931181392	-5.18761189061551	-0.0662862166925571
tika1246	-2.29390132456623	1.32387359690193	-5.03733686838934	0.204105168237315
tira1254	2.71779959889288	2.5143027742868	-1.60144774210326	8.1749262652345
tiri1258	-0.187586387245434	1.1752056147477	-2.634458532625	2.01938496226207
tiru1241	-0.414294939025778	1.20573427173709	-2.85346947107398	1.87862489431794
tita1241	-0.153297916045624	1.1761978787682	-2.65080872579557	2.02855700101171
toab1237	-0.107684361007201	1.17080941783817	-2.50747320861679	2.13121550945958
toar1246	-3.27107012872522	2.02686954946348	-7.5463613636626	0.384105805211796
toba1268	-2.02622940142085	1.65049516695697	-5.53725461523015	0.97253144116378
tobe1252	-4.2707670048889	2.30652485976497	-9.50901841917136	-0.403492912177744
toho1245	-1.63288561141082	1.33486091587511	-4.38960422363728	0.878658922421674
tojo1241	-1.24731580094015	1.3973620351336	-4.06847289868785	1.4552708270934
toke1240	0.689015542376074	1.14535198629103	-1.50976710459964	2.99643791800367
toma1245	-2.42698492226991	1.43560045027573	-5.36387208134748	0.250508039368537
tomm1242	-3.76483852427071	2.37354207839881	-9.17201198986385	0.230005195402579
tond1249	-3.36917926604477	2.35518628603894	-8.8339270924491	0.457945736284287
tong1318	-2.07718462765962	1.18777448082917	-4.54753254319649	0.184159083746154
tong1325	0.492126119882101	1.14485271136026	-1.77840721003125	2.82853630748838
toor1238	-2.1534380919324	1.16726694864945	-4.58960159811042	-0.00773163460743584
tosk1239	-0.348509863928193	1.26737372362993	-2.9223314988201	2.12526353883682
trio1238	-2.27293243481521	1.54486588291122	-5.58481823970864	0.488533812253718
tsam1247	0.50574677745412	1.14698837463221	-1.79522479118251	2.76658628636331
tsat1238	-0.376380824758896	1.17827439520129	-2.80673901215259	1.79359885750489
tsha1245	-1.78472375247729	1.18532042959226	-4.16176442262941	0.553115710056336
tsix1234	3.16207957473779	2.28400291390419	-0.717556602158043	8.27358841270392
tson1249	-2.07269256216982	1.16894703795073	-4.50044059989654	0.153030246923895
tswa1253	-1.90209924025236	1.15045631700063	-4.22914955721174	0.273691065193176
tswa1255	-2.07325091001606	1.17067824167216	-4.49404226365435	0.152801584850512
tuba1278	-1.10978311253441	1.2933286411318	-3.72465439059726	1.463994418021
tugu1245	-0.456738496821346	1.2161461938486	-3.05544307848921	1.81118280831217
tuka1248	-0.546262736228886	1.22752387337661	-3.08923023957956	1.71797233014893
tulu1258	-0.0882407273146363	1.32011543553908	-2.69508407470865	2.52965482928889
tung1290	-0.193561903476614	1.17608809062985	-2.61387409330164	2.05864239543891
tunn1238	0.494647693429289	1.14358452252056	-1.79175986155689	2.81843142516727
turk1303	3.52608991694149	1.80954745795008	0.456779404684209	7.62518587582425
turk1304	3.54166638410869	1.79739274218278	0.535367607619947	7.56687867865608
turk1308	-1.08151330162273	1.47250357914849	-4.15134574977384	1.75034216347709
tutu1241	-0.147746897964603	1.16812160180003	-2.523196839402	2.0399067970572
tuva1244	0.675185500813387	1.141802114978	-1.55832308138775	2.99359526244655
tuvi1240	3.52985057613538	1.80379994232196	0.518881893931421	7.61358906692746
tuwa1243	-0.748479950673288	1.24206284139185	-3.30511155292189	1.56165546343079
tuwu1238	-2.07814589002926	1.22999199104202	-4.57756686127507	0.283380388971594
ubir1237	-0.45687382450104	1.1944415755689	-2.94557203864507	1.78303664613876
udih1248	0.202657463937059	1.32049972710475	-2.4063472846475	2.77519707969989
udii1243	1.05289981086436	1.49536874215155	-1.87365105442891	4.04916530914235
uduk1239	1.33401900931319	1.92941621694984	-2.41266255247448	5.20467585318659
ughe1237	-0.145178552830058	1.17193165942375	-2.53221351507183	2.15060233597372
ukra1253	0.136527448782339	1.16350343711528	-2.14174875077333	2.48708854283468
ulch1241	0.0717696419122332	1.3300409129665	-2.57595322232992	2.64901892345957
ulit1238	0.348160024183623	1.12282609046177	-1.88230963162609	2.57965836838378
ulwa1239	-2.3129138224604	1.58394306478877	-5.64802032217331	0.536647076811016
umaa1242	-0.621805835747344	1.23466693421312	-3.23724686761581	1.61076911497538
umbu1257	-1.3066295524215	1.17819235299808	-3.58864626133654	1.10688085781517
umes1235	0.29572199099474	1.17675269524989	-2.0791987787866	2.53839041340271
unua1237	-0.19084324877317	1.19067998856581	-2.64790148117823	2.06742652906947
uppe1275	-2.0679045492549	1.58544158877535	-5.44380111113246	0.824917918880323
uppe1427	-0.519617807076136	1.22295601186782	-3.14433261350109	1.73748972176391
urak1238	0.108898022216212	1.12651325570186	-2.06295610819933	2.31181835159998
urar1246	-1.93100072649771	1.59500112581877	-5.40295165076635	1.04590077323843
urim1252	-4.1942389869162	2.34425727843469	-9.44790134753764	-0.236204802955969
urip1239	-0.186044921993633	1.18082543590944	-2.63749238112131	2.04578602398119
utes1238	-1.21362385367547	1.3037771178767	-3.85801831601625	1.30100116898595
vera1241	0.11423996356422	1.15387761006464	-2.14767864042781	2.3989424538579
viet1252	-1.63786218144977	1.24992048806439	-4.26562329148553	0.658911130120915
voti1245	0.242462463256598	1.17532055992626	-2.09255196667691	2.50268368055056
vunj1238	-2.10412917865757	1.18821935886912	-4.56605738334102	0.0690142503841323
vure1239	0.111926419317817	1.14348971965175	-2.19084091057391	2.27874053043665
wage1238	-4.04638269705902	2.34575811959825	-9.31250017285033	0.00320669295448793
waig1244	-0.418205805253587	1.20482958308069	-2.91428332581314	1.81879451308143
waim1251	-0.381015685987529	1.17698371054879	-2.83137054846451	1.8432578555581
waim1252	-0.494662582165467	1.21223157538577	-3.01800810720004	1.788036644796
waiw1244	-2.28729538491296	1.54232811336096	-5.5135234704575	0.532727507925526
wall1257	0.681995206718876	1.14368083214365	-1.54322885991213	2.96106353990145
wamb1257	-1.89439744424011	1.20770377490272	-4.31616148443728	0.483316259069132
wand1278	-0.153499499876757	1.17465384719146	-2.5364444425148	2.12634464165382
wara1294	-4.31596635119956	2.35548627163573	-9.62118448103288	-0.249602424247827
wara1303	-1.99854004752041	1.66071057387541	-5.43801725241848	1.00792309064322
wari1268	-1.92905479239859	1.58863541103338	-5.30698655153819	1.02662081670896
warj1242	-1.6198854166105	1.2253519887941	-4.19917113749062	0.698518787316334
waro1242	-0.430120682979778	1.20476118025472	-2.95891419874052	1.78544819217585
waru1265	-2.99330796698582	1.75348193749691	-6.60616034981378	0.202699119818951
wawa1246	-2.29896419150982	1.31469363828913	-5.08952749356217	0.157910843967231
wayu1241	-2.04267836116887	1.20212428156241	-4.53182495953297	0.292934457065041
weda1241	-0.439883064925473	1.19381965269957	-2.96128118674288	1.75953219746063
wels1247	-0.951433664944926	1.22407485837415	-3.4983233285386	1.31617326002468
west2354	-1.07181740674065	1.27105663326077	-3.78555418752899	1.27532957395654
west2369	0.0035241839556957	1.22304608796556	-2.40958646884796	2.49167847582782
west2386	-0.409955106324527	1.1949286867807	-2.91452989459315	1.88033221376905
west2392	0.449872638550602	1.22284246218418	-1.96779983168289	2.82884583854316
west2397	-1.69542396444431	1.24817140691239	-4.30304912614849	0.606715098238502
west2418	-2.25835880035779	1.22443147737557	-4.75449606816818	0.0786695563928952
west2430	-4.08025898519026	2.2323119572579	-9.28350098134802	-0.440139210498531
west2466	-1.38122679857758	1.21985451140321	-3.75508142822143	1.06395768294176
west2516	0.603222360052783	1.14007443382878	-1.63060138469095	2.87333101791727
west2519	0.254127075282321	1.1516656247669	-2.06276709031845	2.51152462066653
west2548	-0.399265264082013	1.2219678538091	-2.87340260105542	1.94696503757349
west2557	-0.556867819008255	1.19632043164062	-3.05148019490906	1.70963075644349
west2560	-0.407948446819082	1.20226292410538	-2.86743249488072	1.85433219721132
west2564	-0.243410386375574	1.17687738177557	-2.67597430984949	2.01771435581565
west2594	-4.51907435254231	2.26560083061527	-9.70730624096286	-0.648272986501411
west2644	-1.1731888825086	1.38768061373548	-3.96819057253503	1.53045125739311
wiru1244	-3.25557944635876	2.23096958563976	-8.17192741137995	0.679816943078871
woii1237	-0.447251968615539	1.20519673566532	-2.92297585375279	1.81598055349947
wola1242	1.13821172679717	1.39518169428759	-1.55795198926807	3.95997357367971
wola1253	-0.0724790424027601	1.23609891990615	-2.6741710098291	2.23121310443796
wole1240	0.33156601853501	1.11996478520522	-1.88529589367878	2.55848217669013
woli1241	-0.62516711906087	1.21933153064022	-3.18318146279937	1.6756976289531
wotu1240	-0.624389736481754	1.2267349096761	-3.20154300668465	1.61304311803422
wuch1236	-2.03474509624723	1.23613784839886	-4.53216602522859	0.355156455512739
wudi1238	-1.9271990867209	1.17505285151407	-4.27497093619817	0.344670988776908
wusa1235	-1.9318060075013	1.1774228693435	-4.28948309892866	0.3599174164184
wutu1241	-2.09350603043601	1.22855752496616	-4.55780139643924	0.299763613171556
xara1244	-0.180588092978244	1.16544655450538	-2.55649128136625	1.97640656584725
xhos1239	-2.06776491216294	1.15372856244826	-4.44680500136854	0.0944037208944553
xish1235	-1.89104103573508	1.19305641835092	-4.30865766721984	0.399520557548081
yaak1241	0.524938026703581	1.14220476304814	-1.75283834466198	2.77121077154595
yaey1239	-1.77512694637261	1.58739035615465	-5.1362946642026	1.19990460025259
yagu1244	-1.02280834818042	1.55282870797637	-4.07506347165766	2.07723920519912
yaka1277	-0.442388822607481	1.20684998674236	-2.88233924938147	1.84698429214009
yaki1237	-1.6326428689098	1.56423059868092	-4.95643561761511	1.28472260955204
yakk1236	-2.1085274466119	1.22685750318324	-4.62907739444979	0.253676815298247
yama1264	-0.749231981042308	1.54854677994295	-3.76638278828267	2.43290986437528
yami1254	-0.746529086470533	1.21945386991344	-3.26996555836347	1.50575809342028
yano1261	-2.24001721346673	1.61398816311734	-5.73157277908858	0.726946098985037
yaou1238	-2.2801021788576	1.44200423886282	-5.22974131479629	0.443336842199152
yape1248	-0.348039428473578	1.18577976773768	-2.80871578723421	1.89966583685566
yatz1235	-1.32330012592119	1.39108919683686	-4.17441658133923	1.30737405840462
yaul1241	-4.21275644779163	2.35286997908979	-9.58807975017461	-0.165623524549959
yawu1244	-4.1668681834091	2.34336611391562	-9.53600161952789	-0.17354285968344
yecu1235	-2.07101052042695	1.58115213103479	-5.48908899662464	0.796048047660398
yems1235	1.17839766770095	1.44285929851077	-1.66522523907411	4.03066755187566
yeyi1239	-1.9022051423906	1.18117307022931	-4.32003150217528	0.392999366321354
yidi1250	-2.98441854123458	1.7502169350504	-6.60932975164131	0.27359745680093
yind1247	-2.99279424522706	1.75708601559752	-6.70982305829206	0.223025816971027
yona1241	-1.81256151856235	1.59409151734345	-5.15370534394456	1.12249641288686
yong1270	-2.06948259543423	1.20302417835021	-4.525377546729	0.243811168826676
yong1280	-4.53662696724078	2.24739010842147	-9.68914120219144	-0.773840459743244
youl1235	-1.99741592639176	1.19133637955845	-4.45575628000771	0.320948340200629
youn1235	-4.07885062319005	2.23512571174221	-9.18665155594204	-0.440909820654993
yuca1254	-1.08193688565043	1.38701913044725	-3.90928205944486	1.6229174091375
yuec1235	-1.9164197275885	1.22113446507681	-4.38934305350376	0.494145908464601
yulu1243	-1.74840478583876	1.35370990574727	-4.46305540518492	0.77950896943976
yuqu1240	-0.481977326993665	1.3730319709945	-3.14083649510414	2.28489049630027
yura1255	-1.9564680679587	1.55926586843736	-5.31291468495183	0.893680694574742
zaca1242	-1.24202680561484	1.38854545775669	-4.03674722479812	1.44090866359955
zagh1240	0.813114494958374	1.66114111448074	-2.34409371398106	4.11542791091479
zaiw1241	-2.07423187949785	1.18866188996415	-4.52361488840142	0.202837654603965
zakh1243	-2.32516364049558	1.27771521832299	-4.99653024051239	0.0867134641682527
zani1235	-1.37629906730266	1.39834567087051	-4.25932858531778	1.25383274585348
zapa1253	-1.69314248983524	1.59683879818617	-5.02196752861502	1.3849823109184
zarm1239	-3.36951367231816	2.34648831203096	-8.85137875000759	0.475270349644866
zaye1235	-2.24268041566333	1.27607424770942	-4.85610580073868	0.193692074962611
zeme1240	-2.06042435656782	1.21905347758186	-4.54550647352744	0.300389826213577
zinz1238	-2.13403267051778	1.17203020145531	-4.5739073449264	0.0573386397491056
zoog1238	-1.32909628713149	1.38652026827666	-4.09384788404413	1.35429974203257
