Estimate	Est.Error	Q2.5	Q97.5
abar1238	0.174277807177848	1.08012853395781	-1.990780507014	2.35111918443091
abee1242	-0.362798830871913	1.30558565345402	-3.12613495815822	2.13217613009994
abkh1244	-0.291802235825137	1.31186978939644	-3.04680973892844	2.17244237757491
abua1245	-0.562177206405486	1.32740359102039	-3.37312008584277	1.98647599498467
abun1252	-0.350009687923024	1.38329292130955	-3.28266342596337	2.31641709740742
acha1249	-0.300009099908987	1.14974405067854	-2.69172053512431	1.84523200988408
achi1257	-0.697189443553634	1.25681683939781	-3.40471759521414	1.63256548214254
achu1247	-0.350463184571504	1.19903786808729	-2.79731476587632	1.99425398709102
acol1236	-0.0816953921427183	1.21932474870889	-2.5163656323931	2.30565953979099
adan1251	-0.483127259284304	1.31219581377338	-3.20057685817665	1.99001680966059
adon1237	0.321497733769228	1.0550372193299	-1.76675259366702	2.38397395343776
afar1241	0.31848682108458	1.22112250635486	-2.00380626600119	2.89772309195135
agob1244	-0.454913971958197	1.31756224521891	-3.16895893104929	2.00573816355712
agua1253	-0.371418516495473	1.2693941853156	-3.06356919391442	2.0353740268564
aheu1239	-0.555561852675473	1.30109068443697	-3.30711787676875	1.86109111073489
ainu1240	-0.449423183224132	1.29999358343838	-3.14936863496908	2.0164794116912
ajas1235	0.139552069345901	1.26925448551661	-2.33154769286034	2.74736304909021
akei1237	-1.24516288851431	0.959648137900755	-3.29633686425238	0.500905572552755
akha1245	-0.888127425514987	1.12420254440655	-3.28728552222715	1.17950550899614
akoo1248	-0.59779182902345	1.25335775808744	-3.16351301220264	1.70271340811688
alab1237	-0.326342877589392	1.25315100799592	-2.94824038511346	2.10459364660807
alab1254	-1.48842802130075	1.1315120727707	-3.8599343040734	0.489121453792068
alac1244	0.744340544415569	1.16636779399437	-1.479871162525	3.13919683881335
alag1248	-0.98247859138373	1.21731010926967	-3.6119258160059	1.25562523358439
aleu1260	-0.482915976868158	1.25999030713991	-3.06002048222506	1.90288466718847
aluk1238	0.578979607671112	1.0659053741195	-1.44545132400165	2.73368918228189
amam1246	-0.759346165539278	1.10017175714677	-3.04265430931431	1.31499162633482
amas1236	0.590842052203548	1.33508189424286	-1.97162848589998	3.372687620223
amdo1237	-0.297385603676197	1.26661648265219	-2.88353387015554	2.12325469958813
amha1245	-1.01063295463226	1.3023222104897	-3.83831338175272	1.34356191098963
amri1238	-0.287988972839239	1.08378230044922	-2.50827829848342	1.76690190428158
anei1239	0.715817578148365	1.11163084454124	-1.33505500295124	3.07252083048457
anfi1235	-0.773699719830725	1.20593163390073	-3.29248605507316	1.47714821333296
anuf1239	-0.0871332460360809	1.27237233107818	-2.78146994760162	2.34240889760259
anuu1241	0.696220721961219	1.06949406668308	-1.24413708070162	2.92866384021194
aona1235	-1.2163069410397	1.10723809119697	-3.58730696209159	0.78925400335312
aoua1234	-0.214195803813302	1.37396094222728	-3.08376225469646	2.42247128593293
apat1240	-0.937640891903242	1.15143176116667	-3.39151884600488	1.16169975351973
apin1244	-0.365249664113046	1.23226661772025	-2.86745138180514	2.03608110894453
apma1240	-1.86021785800949	1.10775781815265	-4.25157806953595	0.0622723182141163
arak1252	-1.36143706616321	0.933172942386759	-3.34763801848491	0.34191867788398
arao1248	-0.520125286496548	1.26365232226146	-3.19169303779971	1.7618337225559
arap1274	-0.279937524742768	1.31201393612704	-2.97425161335178	2.26078388338022
arch1244	-0.51858431869327	1.21515323679441	-3.05089623410036	1.81466202034524
area1240	-0.223013879685147	1.04093540024367	-2.39365589288211	1.7209029549574
argo1244	-1.09954640425354	1.30193208213592	-3.87135408206714	1.26677524032398
arhu1242	-0.660050608382822	1.22288894079905	-3.24705379075094	1.51441346131139
arom1237	-0.0615701644170807	1.15885743185024	-2.47552950744685	2.18452631349911
arta1239	-1.57767779025832	1.21580232257202	-4.19473265586741	0.575896203646764
ashe1272	-0.44618209143852	1.27199152817782	-3.07061535958088	2.02011727171605
asoa1238	-0.527210235949737	1.24480880013522	-3.16629863948508	1.84118600408
assi1247	0.799362830996792	1.27308260079298	-1.53125033484655	3.43127799007911
asur1254	0.925610088599119	1.23843055492595	-1.27340617166115	3.59040225870817
athp1241	0.392174745048101	0.942949898810649	-1.42906479934112	2.30113401891897
aton1241	0.340024203865157	1.09284508671923	-1.78654042233335	2.50733798734568
awac1239	-0.423005974837675	1.26445704908389	-3.08651339992743	1.93957026473105
awad1243	0.446635263526334	1.19517143250908	-1.82677054876	2.95500459341667
axam1237	-2.04692644971958	1.05202359683095	-4.31642030561351	-0.216393164985495
axiy1235	-1.03749218418253	1.21117676499022	-3.66196452058033	1.17630475706027
ayiw1239	0.886781500073477	1.22260556292315	-1.40849206781625	3.46004569199297
azha1235	-1.09397887577044	1.21881347906282	-3.75833967416329	1.07228631593624
bafu1246	-0.129897320477869	1.13060299788327	-2.46419676398239	2.05442926181787
bagi1246	-0.357902368051612	1.12013087465847	-2.69233166689044	1.75987162013042
bagv1239	-0.376426482962564	1.13346337722259	-2.70762421962984	1.82355766867912
baim1244	-0.320019739600768	1.217570202968	-2.87630859513857	1.98406706176874
baka1274	1.13011832940749	1.3325601884795	-1.29472173423695	3.92387887662247
baki1244	-1.83995528844427	1.02673514509036	-4.06544921751423	-0.0293629171310181
bala1315	-0.419529922939863	1.23812870886672	-2.97003136333891	1.83350855472878
bala1316	0.925322208925266	1.0776874480064	-1.0410215600946	3.19263794072485
balu1257	0.208171034597884	1.00641418182776	-1.77559267593373	2.25915229162078
bamb1262	-0.641428656931464	1.23514589163376	-3.23621448041317	1.66201063177678
bamb1266	-0.157983582070049	1.12407573378824	-2.4841527773763	2.01247567881733
bang1363	-0.552185347366279	1.28629599976437	-3.27194766881884	1.91764255374489
bang1369	-0.503564361026697	1.16050087726758	-3.07737715482229	1.66713724633984
bant1281	0.537614515630213	0.912060574601707	-1.22336884852114	2.38146473721793
bara1357	-0.316926466217195	0.974400831943472	-2.2952959100892	1.53464596654473
bara1361	-0.488310266053326	1.27531698724453	-3.15141031055803	1.88965206048853
bara1370	0.117873734496044	1.08073709224725	-2.05121009146232	2.27221111357339
bare1279	-0.71233198102659	1.24872638479613	-3.35776078069542	1.57430046910312
barg1252	-1.468304369782	1.18972509258578	-4.0752926087439	0.561251734502362
bash1264	0.0973814503547354	1.35269957667	-2.54752836370984	2.89531289537912
basq1248	-0.581210266736941	1.31129993728717	-3.32392170790302	1.87072576191536
bata1289	-0.430650506261769	1.24424046971877	-3.04375757515675	1.90836537631978
bats1242	-0.358744898213486	1.1385677786405	-2.61854314860009	1.84706511499217
baur1253	-0.269937077443527	1.32004723974793	-3.07881763189711	2.2761019204727
bawm1236	-0.249891700443894	1.07013292900949	-2.44826828519269	1.80340731143212
bayb1234	0.489610259778574	1.21015937032624	-1.79166796997406	2.98342873507147
beem1239	-0.288092317169895	1.28660458324124	-3.03584679660434	2.14422232345027
beka1241	1.45130564078798	1.21111840408785	-0.656708588007859	4.07494387698775
bela1254	0.707562299911884	1.24150117709605	-1.59377415319566	3.38797369912116
belh1239	0.436035866142105	0.916744000919315	-1.34381106346376	2.26779213105622
bemb1257	0.0753811072931794	1.2714944468654	-2.42080078433638	2.62530052487175
bena1262	-0.0951776525499761	1.22479611939919	-2.61882206386025	2.34471938403905
bent1238	-0.513282574540146	1.24639214325109	-3.16130450873422	1.81206127028015
bezh1248	-0.634660837628451	1.138796462666	-2.94841023099514	1.47652408579206
bhoj1244	-0.650190015716113	1.16520282167038	-3.10749412300749	1.51148249047325
biaf1240	-0.0822474786304566	1.22634454439297	-2.56820854504793	2.32093191211523
bian1252	-1.32185811921817	1.14039275005055	-3.83842759387857	0.646400337376085
biao1253	0.57383692932269	1.28763341097161	-1.94798207410328	3.16676854733038
biao1254	-0.165741594987991	1.35179091791888	-2.96592910821509	2.52808487581124
biao1256	0.07614936036615	1.35030786474134	-2.6334814859924	2.78138903351879
biat1246	1.66665193757833	1.22916077305338	-0.487042967774954	4.37747915188324
bidy1244	-0.09479896092044	1.28547792459321	-2.69686784619409	2.39587587739043
bier1244	-1.88330297987275	1.02881974523414	-4.12230321563823	-0.0940380335513697
bili1260	-0.320223506667543	1.17355216830952	-2.77249887073263	1.97528281586744
bini1246	-0.569852985685928	1.29425369197218	-3.30909576042922	1.82963174247791
bira1253	0.167328008832531	1.10478505518179	-1.95492570703565	2.49923097836823
bisu1244	0.117700461819381	1.10948028102559	-2.0596853882161	2.35105765898395
bitt1240	-1.06901115768521	1.25077797297306	-3.78519922181625	1.15896148675492
biwa1243	-1.11750126449163	1.28757972272759	-3.9630281014799	1.17159360540195
blan1242	-0.147027170900946	1.12752921878093	-2.41534930892502	2.08758420387477
bodo1267	0.51300835729791	1.17664522253138	-1.64873072718206	2.98829274123982
bodo1269	-0.401626265953484	1.09383807921659	-2.66677913585097	1.69009859425294
boht1238	-0.810607992140528	1.17741188315293	-3.2705792256247	1.42106555321033
boka1249	-0.789970362482316	1.22864013271615	-3.46878576276442	1.42925401936792
bola1250	-0.029533637665915	1.0834800437857	-2.21055173538425	2.05346269744437
bolo1262	-0.209032792781114	1.32582721213311	-3.0269062298565	2.29022761645091
boly1239	-0.786119447180752	1.28476160993384	-3.5711805125871	1.5524099714279
bomk1234	-0.218050722296555	1.32943686674773	-2.92253025794245	2.3635408787563
bona1250	-0.249230143654052	1.16065972959716	-2.52875209894584	2.03734939622143
bond1245	-0.149363631076133	1.03463723040836	-2.27420737957506	1.89027333066742
bond1247	0.423224828537895	1.21478069912921	-2.01492687319586	2.92938148796721
bong1285	-0.292705427194918	1.26728133684288	-2.92022400272741	2.0804516184163
bord1248	-0.660461482327397	1.26942584324756	-3.4521184258608	1.69035942482129
bori1243	-0.853196906355867	1.14222160848085	-3.26724888184631	1.23523690659415
boro1277	-1.18589735523985	1.25637075864051	-3.89285952943062	1.11740532197297
boro1282	-0.408032980568078	1.28819351779541	-3.06272112389161	2.00803018144175
boun1243	0.156327397665052	1.25541740641715	-2.36258232033884	2.66652664849654
brah1256	0.612586223610095	1.22903538650752	-1.705832868736	3.24266167223599
bret1244	-0.653316399788911	1.25449509039895	-3.28353978462197	1.6655829346597
brib1243	0.488051038710459	1.10812906882419	-1.66715936131841	2.76584761156261
bube1242	-0.698677140837219	1.24521032131047	-3.36329341758286	1.60345561860775
budu1248	0.149886489952191	1.18100815224684	-2.17744117534156	2.5361444554765
budz1238	-0.284762983757074	1.29471619930586	-3.03024962701793	2.18217939949698
buga1247	-0.870896479848923	1.269550770481	-3.54798701187596	1.4170635742782
buga1250	-1.48121113942032	1.16122898031242	-4.04066926261396	0.485920957062815
bugh1239	0.735278313325208	1.06708790538119	-1.30418754487238	2.98131413345696
bugi1244	-0.739111864339332	1.27132814178677	-3.45066145790717	1.62419535004484
bugl1243	0.0729031176673077	1.1974822883212	-2.35935599505341	2.45435072443273
buhu1237	-1.29477451398305	1.22555616541728	-4.01501580403787	0.864091917446088
bull1247	-0.213123533407665	1.2969260618749	-2.92103388031091	2.31072024979238
bulo1242	-0.631091001648846	1.28478560128918	-3.38882796419909	1.74649683664921
bulu1251	-0.537089339319644	1.30961560657238	-3.22631866889325	1.96308910828878
bumt1240	-0.298540250989263	1.1116751357448	-2.55428748242662	1.82499987062371
bund1253	0.73392444380861	1.23601150654041	-1.53765425777112	3.35164483194221
buol1237	1.0616254491599	1.25209717770642	-1.17904275941693	3.75731079406637
bura1292	-0.476375811454509	1.16263305461082	-2.95734706083869	1.69189059117924
buru1296	0.530041633622968	1.31913752523981	-1.93623303526741	3.30607757517655
busa1253	-0.435406534692503	1.30168561987797	-3.1972828453534	1.96185067465345
bush1247	-0.213332519703372	1.30580309985432	-2.93388312618342	2.28071864188148
buwa1243	0.709302828912887	1.0118075132163	-1.22261904368559	2.76662299844653
bwai1242	-1.51043355107539	1.21904383520784	-4.19183820529264	0.618470314297018
bwat1240	0.721885059600918	1.09574349660222	-1.33201099654431	3.01222259642258
byan1241	0.816079214150107	1.08944332858562	-1.26070234973834	3.10246752974723
cabe1245	0.163610660274414	1.15611010297604	-2.17768847189317	2.40105579725779
cacu1241	0.478212022798585	1.140936189334	-1.68364372095445	2.78257684343775
cahu1264	0.753241922275422	1.25427075625778	-1.5418459484628	3.34881467614512
cakf1236	-0.656536372986507	1.07202690885303	-2.89632868064101	1.32501588966091
camp1261	0.987656531784529	1.26326088085083	-1.31261850334301	3.73033296271359
cane1242	-0.37953210903615	1.27615269031938	-3.10875447651469	2.12026890491749
caom1238	-0.27185801712882	1.34605427163465	-3.08349690757577	2.27305961420872
capa1241	0.15886474356053	1.21605508530901	-2.24493216353008	2.5653630902176
carn1240	-0.477155759436918	1.24180455635652	-3.06069062814063	1.85244202474482
caro1242	-0.740441349013368	1.24426961041545	-3.44735822155966	1.58001515996565
cash1251	-0.307581266697467	1.2289547101844	-2.80270241369488	2.07846262263954
cemu1238	1.06060401420757	1.11471316764753	-0.952875055029477	3.44034983601775
cent1989	-0.506784154829763	1.29454868828795	-3.26156279494598	1.98247782678028
cent1992	-0.720802515064997	1.2854701532422	-3.42981339060854	1.64226854922742
cent2050	-0.433378221639539	1.13241305400511	-2.82783551387944	1.67934632918308
cent2084	-0.481729097181477	1.0764516213151	-2.66187774149463	1.59169283569317
cent2087	-1.08228143710672	1.25179776133784	-3.79450189159568	1.12612015132322
cent2126	-0.457758865007483	1.27962262852661	-3.16404107265513	1.92560813735471
cent2127	1.11959176924773	1.3011453283456	-1.22712706098907	3.89183815586985
cent2131	-0.524529937197621	1.22608395647897	-3.11544968452368	1.72239657337292
cent2150	-0.348690297636426	1.24353608337164	-2.97453682798267	1.98047255746446
cent2292	-1.64902282385295	1.15393512658776	-4.19204358659202	0.389196481337603
cent2314	-0.507379009639364	1.23940126310264	-3.2208444849691	1.75251910672862
chad1249	0.51017969767184	1.22265054918945	-1.80602968157034	3.05300152380384
chak1270	0.366340972931958	1.07102457848673	-1.76285031740502	2.51404669055965
chak1271	1.63900525154781	1.26693326747802	-0.611585215076314	4.33965486218015
cham1309	-0.289887628096539	1.14318013873458	-2.58991567999401	1.9219812230519
cham1312	-0.683769364678445	1.23911402236132	-3.3412016982213	1.61638202550775
chan1313	-0.943688142247306	1.0573645213574	-3.21251010612458	1.00648794110034
chec1245	-0.8030902271013	1.25996559834217	-3.43893991883489	1.59076035972912
chen1255	-0.867951467491901	1.23227914746518	-3.50816177911372	1.40477452358266
cher1273	-0.210214734458334	1.29084302408733	-2.85115790807729	2.30727986787465
chhi1245	0.495289239276369	0.9156354542227	-1.29373967708035	2.31756016248033
chil1280	0.950357626412172	1.27628282118171	-1.38496497304176	3.66847615806862
chim1302	-0.438930734696999	1.26200660030568	-3.02903902816273	1.94182844120582
chip1241	-0.299147590027977	1.28851556172034	-2.95419455987748	2.13117282098886
chip1261	0.750327366832521	1.2463142988725	-1.55172828050078	3.42825022511428
chiq1248	1.0964884316338	1.32058779993999	-1.2569570006774	3.92350593805086
chir1283	-1.15200462625775	1.09300248319898	-3.50135306259109	0.827263989081519
choc1275	0.0147429451033108	1.05669964686431	-2.08708476299332	2.10528439637232
choc1276	-0.331825012210361	1.28675683750648	-3.0854581800329	2.12650958751651
chon1284	-0.519346974686831	1.24661701339172	-3.26229186309434	1.78239282135595
chot1239	-0.79160884525001	1.14346617068206	-3.24019903942227	1.35670293486075
chug1252	0.472892105522962	1.11152197279743	-1.64013550701169	2.72777977277702
chuk1273	0.514196293800541	1.29284805811416	-2.00167214493286	3.15191912849114
chuv1255	0.0332194192470517	1.24598579046002	-2.50684581279071	2.56739600621241
chuw1238	-0.196770965021628	1.29289819387194	-2.92711677024225	2.28976094544397
coca1259	-0.28907756354192	1.22552752533128	-2.81471013633613	2.07807350708002
cogu1240	-0.658763624740986	1.22409534100411	-3.25731497323975	1.60957204901479
coma1245	0.850952986187344	1.24485182145119	-1.42644918841815	3.50111934587731
copa1237	0.678647509063093	1.07697401500021	-1.40713705059421	2.82420029444613
cori1240	-0.262214903633721	1.21080341344782	-2.77997584663126	2.09093364824589
cors1241	-0.343544374879083	1.22554741501531	-2.93367072869719	2.00633808738136
cosa1234	-1.11874714212101	1.1911593034587	-3.69250601715455	0.981653442350172
cota1241	0.683123354961643	1.0729939931489	-1.36449086522571	2.92169473842159
crim1257	0.129272202576062	1.33249114613101	-2.4915326391436	2.90664665335437
crow1244	-0.533095341923657	1.27582803022355	-3.20679220283891	1.86072424099875
cube1242	0.138352153766442	1.19603851632077	-2.26453304768605	2.46483273373262
czec1258	-0.483709516146898	1.23981696697653	-3.14325725174575	1.83329244297448
daai1236	1.07444297448083	1.06079410373776	-0.934370362322407	3.22582996104428
daas1238	-0.00205871987905347	1.10288263920271	-2.20780692359174	2.22601538298108
dagb1246	0.227460387695807	1.25132447193371	-2.37378771357673	2.67902500930818
dagi1241	0.578393882311985	1.2507002798802	-1.81976261015637	3.16579480960053
daka1243	-2.13082989542278	1.06435097173554	-4.48045141149699	-0.276335266729665
dana1252	-0.404725889609608	1.22331895369816	-2.95385800001038	1.86056107521599
dani1285	-0.40769006680438	1.25136526867061	-3.04525665470513	1.97458663825497
dara1250	-0.153002035931075	1.03835563887527	-2.25380162332685	1.97900487399829
darm1243	0.799850501692489	1.08981445957893	-1.31486888281356	3.03320388491651
daur1238	0.18168030756813	1.28685904501211	-2.27892384007156	2.88592115225059
dawr1236	-0.219679641478553	1.15337868319211	-2.46571971414208	2.09334668097769
daza1242	0.553334754707625	1.282245941314	-1.8365031784796	3.27670554882589
dege1246	-0.705184382177713	1.30370846359373	-3.4777383756826	1.73504545808758
dera1248	-0.669294499069563	1.18590704810236	-3.2003112735466	1.4991081140581
dhao1237	-0.843489693993032	1.1994958291702	-3.42007031211329	1.29546086054575
dhim1246	-0.216512981348241	1.11074659353748	-2.5735540491908	1.86614628357895
dido1241	-0.401900281696042	1.12721820643009	-2.68286804013473	1.7971661191026
diga1241	0.436764031069703	1.05888158083413	-1.60490298437186	2.58315514982981
digo1243	1.09716803722139	1.23724330327012	-1.17585572227699	3.73956905807263
dima1251	-0.510037973604808	1.0772270691777	-2.69824104423161	1.4970549016606
djam1255	-0.155653078877355	1.33402368273541	-2.91532260830419	2.4706755728255
djin1251	-0.172702131387554	1.35396558195884	-3.0180191029789	2.57377161212512
dong1285	-0.244945640453806	1.17487900930604	-2.69585819647612	2.08771324296083
doro1266	-0.624498994338437	1.07729560417173	-2.89026556142159	1.363703091945
drun1238	0.972278687362108	1.16508445513217	-1.20146659752011	3.43242546819907
dual1243	-0.675967527355342	1.28860663725114	-3.43565476718449	1.73310573614887
dumb1241	-0.418642337936085	1.12980916357435	-2.77807971895243	1.66170221531772
dumi1241	0.54276534850472	0.957743334141466	-1.30232783265928	2.52453397009662
dupa1235	-0.969686845573732	1.11143012272799	-3.29023291501125	1.11524780929003
dusn1237	-0.910464163847727	1.24552597782525	-3.6339373536345	1.32809383120135
dutc1256	-0.509124228632637	1.24974338822284	-3.12194735132682	1.82357730791785
dyul1238	0.463908850060363	1.03129159844047	-1.58607278135721	2.51301777378017
dzao1238	-0.011926057813813	1.34764580757716	-2.81761208053389	2.67468477544335
east2328	0.24034505377752	1.17533335580715	-1.99488377071999	2.67744423936261
east2342	-0.36100198502254	1.23311268387839	-2.93925917435867	2.0065333248869
east2447	0.806756681362039	1.2263197484721	-1.44730399070799	3.49545664761725
east2485	0.660725367014471	1.13551784266937	-1.39870579174691	3.07260613530347
east2555	0.922173826156824	1.31235320774224	-1.48179271021315	3.76812263604174
east2773	-0.149857399908921	0.925018274057634	-2.0773043357979	1.60245542024055
egaa1242	-0.417747768146574	1.27985896824728	-3.13655379260307	1.9687426138767
egyp1253	0.307091589143295	1.23550529034955	-2.0338782833091	2.86216954968009
ekar1243	-0.557986132459868	1.3108459314155	-3.32684593787666	1.91332693295155
elna1235	-0.665358253515316	1.23706535848909	-3.3349108801775	1.58644198022865
emai1241	-0.524150272839234	1.29997661851733	-3.36742003526832	1.87571262255997
embe1260	-0.655120336455693	1.2384693525362	-3.34690695608282	1.61692165936341
enap1235	-0.333201339269507	1.28700160569762	-3.021661748899	2.10438036165232
enuu1235	-0.949822065134548	1.22924732900162	-3.59181038001457	1.26402364522361
epen1239	0.955328093591494	1.29869442890069	-1.41345627951856	3.79737240815629
ersu1241	1.51160238387732	1.20504866271959	-0.648902914943315	4.05663526511697
erzy1239	0.740218599444212	1.24912079178562	-1.57620728027076	3.45815111270962
esan1238	-0.600899049822608	1.30759046349422	-3.4527291191262	1.88315633693863
esee1248	-0.495709067672456	1.28503758052358	-3.17555866201553	1.91346785687691
esim1238	0.0216246276298707	1.1339765982933	-2.21237103439022	2.21655970348179
esto1258	0.138658941179124	1.13697303738137	-2.09223177029761	2.50317970626831
eton1253	-0.689202517134834	1.28136383040965	-3.46196247767193	1.6862101219247
even1259	0.505960845215939	1.26998421647989	-1.90307311872269	3.23295244638959
even1260	0.723799110828711	1.21930633227696	-1.55019915876115	3.31447051825928
ewee1241	0.714057527522264	1.19606751889329	-1.46124174195004	3.19152150570623
fala1243	0.56829958926957	1.20020834595098	-1.72130920566673	2.99388789152057
faro1244	-0.340659402463035	1.25699002718962	-2.97195138701268	2.05297271354943
fiji1243	0.246107619206478	1.12705365395938	-1.92932899265108	2.58932243642347
fili1244	-1.13490125104007	1.19876805999633	-3.796161770974	0.948331447935182
fina1242	-1.67628332269091	1.1640502048789	-4.20359768156821	0.355605180098257
finn1318	-0.747067889962156	1.24405077142909	-3.46830874416838	1.52114577869222
fipa1238	-0.193376998421494	1.32487511926806	-2.9371283896486	2.36242282723205
foii1241	-0.808102810955413	1.38404439031533	-3.75480264726939	1.82312495007149
fonn1241	0.0382164147905839	1.22226164713883	-2.47339075454717	2.42833429726933
fore1265	0.455989946460433	1.2511169501015	-1.8857900734854	3.08929232474649
furr1244	0.425145162157364	1.35693813818103	-2.14698628004478	3.24680173704397
furu1242	-0.328325927453757	1.31770364607148	-3.10789250389062	2.16194731273023
futu1245	0.0136021224260732	1.07551131419273	-2.1219980623493	2.16631204852946
fuyu1242	-0.182556817811012	1.09452154197235	-2.35131237984358	2.00135912773345
gade1242	-0.406603687889115	1.2613292511405	-3.03969307867639	2.02635963440079
gaga1249	0.217709483693726	1.31823434208778	-2.28262549159698	2.88719944887041
gahr1239	1.20156007901187	1.21418580076837	-0.990404836511864	3.85686563548943
gali1258	-0.475122271624261	1.26145351739428	-3.16823749931813	1.85422791173127
galo1242	-0.759213883435408	1.16464189091154	-3.21489535740492	1.36849354980559
gamo1243	-0.397705501869441	1.13232236376841	-2.72553376337446	1.77590033410962
gang1266	-0.783948271871572	1.12739645644216	-3.17094160071162	1.28127150157299
garo1247	0.336065072757507	1.10105543461337	-1.84020565983148	2.54511224453462
gayo1244	-0.69325173689407	1.25833938035633	-3.39896753165316	1.62265218530054
gbay1288	-0.339782960318544	1.28945921909262	-2.98689119033746	2.22319444188249
geba1237	-0.404744722275988	1.24951416366847	-3.03461660994183	1.88958384225184
geda1237	-1.55406951916031	1.19308361479144	-4.25264978599837	0.510765909314132
gela1263	0.76116045694733	1.00325422390444	-1.10764896028067	2.81171247410908
gese1240	0.901107051273599	1.22387647921995	-1.32715123553082	3.56541400635964
ghad1239	-0.729203316271048	1.26080732482456	-3.43159979290205	1.58777979510547
ghan1242	0.927998416063252	1.20947591211562	-1.32465292032599	3.54589127252153
ghar1239	0.826090894585587	1.08645191889378	-1.16296946103351	3.1075043176858
gheg1238	1.11320008402851	1.2423604800001	-1.12344949632313	3.76975610270061
ghod1238	-0.311231785895757	1.18227909025145	-2.74405969909754	1.95680811814971
ghom1257	0.770152949318701	1.25013993303777	-1.50695855654164	3.50343759566421
gida1247	-0.375569798851522	1.07258372474089	-2.61571832321621	1.6257178113226
gilb1244	-0.589374503278209	1.23200780810288	-3.20020504496847	1.72657783883439
gily1242	-0.562043052670029	1.27369227507875	-3.25907219889452	1.82805106195533
gira1247	-1.53994063102929	1.22897459039774	-4.25355152290293	0.6102172680238
guah1255	-0.377939321413239	1.24138339363275	-3.02272425485632	2.02528215703668
guan1266	0.191492150807434	1.06509171114538	-1.93427972569792	2.24062458900666
guat1253	-0.357945987372874	1.29755862586067	-3.07392548279741	2.06604906840426
gube1234	0.0448391479411268	1.24987470668836	-2.50743148253616	2.4729295334564
gude1246	0.0224790130731441	1.03957613551177	-2.11551394675203	2.05349361890279
guer1243	0.307565095056716	1.07009699434896	-1.79099892975754	2.40103380306014
guhu1244	-0.630053939551751	1.13662184497746	-2.97810471692262	1.54375408851999
guiq1238	1.27212989958014	1.19380217061823	-0.894335279314542	3.84609767662367
gulf1241	0.702262722545253	1.23900771145616	-1.59348070477578	3.28889790985339
gumu1244	-0.989186109102169	1.3289960517722	-3.88420305374934	1.49355680231778
gunw1252	-0.26078906258987	1.35067048438369	-3.07579286407912	2.28549373689557
guro1248	-0.543174514056221	1.27073261206938	-3.23231511974958	1.84684529085943
guru1261	0.135437713824507	0.899653989834117	-1.6584552406722	1.88705375281112
guru1271	-0.955232622164837	1.18924172204449	-3.55994281658327	1.19276476981016
gusi1247	-0.0516147785177335	1.15445925736323	-2.4006061389572	2.23350598205234
gyel1242	-0.457334723788163	1.29589601279571	-3.14460824686435	1.97956452375057
haaa1252	-0.233961961399246	1.30729245243295	-3.02582038224572	2.24740778410914
hadi1240	-1.26005054858177	1.07396069043668	-3.49935023706941	0.67298181485233
hadz1240	-0.806933663821325	1.2845220545231	-3.60665995393206	1.57520857929048
haka1240	-0.260884487296935	1.10248473039906	-2.52065585476222	1.87457393096883
hakk1236	-0.260648419587322	1.26613260383076	-2.90236236857781	2.21788645851258
halh1238	0.227503608350792	1.30634416307725	-2.30502227146475	2.97145163400066
halk1245	1.02876219363654	1.31849410007198	-1.32734207009024	3.94339180157022
hame1242	0.030242185174518	1.11141454717756	-2.2119686961894	2.24831643022935
hani1248	-1.05023550668766	1.26237324390019	-3.77162596010062	1.224393815031
hano1246	-1.55756702427682	1.11585016431585	-3.93548507930723	0.43465780198595
haro1237	-0.69817749258727	1.24955578090293	-3.44558944440403	1.5674266783674
haru1245	-1.24114564812737	1.30419540513758	-3.98903568601373	1.10033780124393
hass1238	0.339338886484203	1.28941272337858	-2.16819595081486	3.02981560075092
haus1257	-0.141105790945562	1.12665551318641	-2.44012460932814	2.03089556954709
hawa1245	0.567762734492359	1.23277874028446	-1.65777367011803	3.16828214535578
hdii1240	0.809063820874136	1.03775677904574	-1.11231134334771	2.992041958586
hebr1245	-0.645640054567642	1.23068041463467	-3.25617147284772	1.61453638140254
hehe1240	1.07599053077227	1.27274765448269	-1.2276897080101	3.74550083904273
hela1238	-0.311408545616655	0.958739386759596	-2.28112484896176	1.49151127220087
here1253	1.21232002785317	1.31635057765041	-1.13567681547333	4.0063252877018
high1276	-0.64179726869285	1.26200362858964	-3.34806732505049	1.73436073358232
hind1269	0.735697261421475	1.23363833140192	-1.52365740560307	3.39221916258798
hixk1239	-0.241684037724784	1.29106966879358	-2.87197681959384	2.23679356991254
hoaa1235	0.709109326381668	1.26594914034508	-1.66908632798513	3.36354383223922
hone1235	-0.851108713872845	1.23202228225181	-3.38971387016721	1.37102850572506
hopi1249	1.03065660569313	1.19997440692273	-1.12761221143637	3.58871959681889
horp1239	0.4138863217764	1.09797596365207	-1.74764562719088	2.59445999161389
hote1245	-1.4848546253143	1.15111343624284	-4.15254791824437	0.505401949113818
hual1241	-0.466735468296552	1.23755778867055	-3.1156032182056	1.84049353833032
huam1247	-0.429036886974718	1.30433281890138	-3.12945714974902	2.06043851699596
huar1255	-0.239576229938611	1.25843615452619	-2.82598540541527	2.155687622341
huas1242	-0.590165456378098	1.31743892947162	-3.40937030918167	1.87234604155156
huic1243	-0.675348420311896	1.23067639910499	-3.35274204848831	1.60751353893061
hula1239	-0.476014493521332	1.00802497251158	-2.60293955408655	1.42846585057205
hula1244	0.466219304079177	1.26804095789214	-1.88290116835451	3.10091553445764
humb1243	-0.299896492971607	1.33340981001085	-3.05297732829614	2.26591765510222
hung1274	0.511669412071845	1.25081955107919	-1.82398483881716	3.15110461536846
hunz1247	-0.683711115375033	1.1561795590131	-3.08092682921085	1.45646466375852
hupd1244	0.248743003250083	1.13474480977926	-1.98151294295356	2.56160403831167
huuu1240	-0.895077106349066	1.17015423130272	-3.38522007333994	1.28776072145506
iaai1238	0.991888501238522	1.11636872525089	-1.01573951639821	3.34226937163698
iatm1242	-0.893404106275058	1.31401139133086	-3.75410183814858	1.48582215275351
iban1264	-0.310708054662673	1.19562998537657	-2.79936140572746	1.94994749934881
iban1267	-1.07199796346337	1.07681332786095	-3.33369321149421	0.925991070063738
ibat1238	-0.560628709633252	1.15309692977961	-3.02265604385798	1.60794686507233
icel1247	-0.335327015440865	1.2203217147663	-2.93609155087658	1.95197559026612
idii1243	-0.50408316471061	1.28683794999606	-3.21534982730837	1.95590438129578
idom1241	-0.458323377131904	1.29039432058592	-3.23615425371669	1.95947241278221
idum1241	-0.466341069501979	1.19637971681967	-3.04745786522987	1.72908548841588
idun1242	-1.46683572822028	1.21927532557479	-4.11854161352564	0.673473846146981
ikkk1242	0.298281186037484	1.26917307955801	-2.20126185222609	2.88690493837864
ilaa1246	-0.142002617925278	1.26960564140759	-2.75191870598844	2.34883472878305
ilon1239	-1.61665056150642	1.20869693051634	-4.22745620519788	0.534854315556376
imba1240	-0.501660972909548	1.28140047752421	-3.15320729135273	1.89341341665734
indo1316	0.781770600596855	1.25064924849811	-1.54518162774775	3.42334787751974
ingr1248	-0.989015393370172	1.22468001330776	-3.62601545409464	1.23151350959078
irar1238	-0.724963638014368	1.23005915892433	-3.36839669155979	1.558323586701
iris1253	-0.481212892924623	1.27517559354498	-3.21567682823314	1.87849516324903
irul1243	-0.871531183511272	1.25369324420509	-3.48714469434399	1.45674556113223
isco1239	0.20180931289316	1.20989786526498	-2.18050325276395	2.58245128994633
isin1239	-1.66885974927047	1.22411855314971	-4.32288135585509	0.476635653248532
ital1282	-0.365379604026312	1.26052148079698	-3.03576881298858	1.99943926329841
itza1241	-0.324420467980592	1.25927512890329	-2.93154500135549	2.05305529645058
ivat1242	-0.7785372112861	1.24286860210283	-3.49096014089227	1.47026946529038
iwal1237	-1.4152785727095	1.14062192914977	-4.00056649964623	0.563420809205045
jalk1242	0.469808301617068	1.1123490959463	-1.69734224136864	2.67682581675941
jamb1236	0.830659887929148	1.24559979461827	-1.47620206409892	3.60778942878478
jams1239	-0.156247169334501	1.14629139403728	-2.43702678510965	2.13305334171031
japh1234	0.0538671948915933	1.07520337602347	-2.10320649848625	2.13635450629137
jaqa1244	-0.377615303784394	1.27327743735132	-3.06038774731355	2.04621921265577
jenn1240	0.733424211775232	1.09117571740333	-1.2939752246265	3.058997092272
juan1238	1.20823125172748	1.2234802501065	-0.926005536334446	3.87680003952113
juku1254	-0.0234553254887115	1.12131227803004	-2.26611637498093	2.24590425245332
jurm1239	0.124706244397988	1.28008099727632	-2.42920480218634	2.64399951783782
kaba1278	-0.581370196490973	1.29063614960562	-3.28134945633882	1.89393251338746
kaba1281	-0.657252872299532	1.34231669208716	-3.58225505791533	1.8432332904927
kach1280	0.592183710355641	1.17935239992488	-1.63475329936849	3.04557528633176
kach1284	-0.493529858212149	1.12159886595019	-2.7848981227172	1.67979642049638
kado1242	-0.407341070917694	1.0693209551155	-2.69311175094725	1.60818090577154
kafa1242	0.0350419933119512	1.19030866528038	-2.2874177514038	2.48591819634331
kaga1256	0.673222258219985	1.20231731681286	-1.58835161234051	3.14609288890496
kagu1239	-0.0466047253533211	1.26736099083147	-2.62171520986634	2.44957212164169
kaki1249	-0.852404834189651	1.1960483675692	-3.44611678671748	1.33495614560116
kala1388	-0.580518962119392	1.10503880698874	-3.02344243501641	1.41783216640318
kala1399	-0.468905576056334	1.2381674373325	-3.07285751537032	1.8679270548099
kali1308	0.562948835294994	1.23039624527867	-1.74754525836672	3.14804613100819
kalm1243	0.116083467406221	1.32281425216516	-2.48118139768826	2.886693287768
kamb1297	-0.191487696597926	1.28157129689197	-2.80350985128995	2.26361999782558
kamb1299	-0.487606918273884	1.20812366364337	-2.99998892307306	1.78719517659248
kamb1316	-1.3789136483136	1.08886198814524	-3.69734525446972	0.590476014796487
kamm1249	-0.0819929861978532	1.13753122770973	-2.42669406460194	2.07802526291725
kana1286	-1.27750364570663	1.21293716336577	-3.95227102764414	0.830186218319329
kank1243	-1.62298725269518	1.18566659788428	-4.23371492998747	0.468676893141716
kaqc1270	0.914960068238692	1.27750852150963	-1.46143188326965	3.61206163920795
kara1482	-0.34344643908598	1.25937451951343	-3.02537978198443	2.07658063425725
kara1486	0.106779987731191	0.988926744661389	-1.89511396218776	1.96687633289542
kara1500	0.996785640304224	1.26461801899229	-1.31061343734471	3.66479902514985
karb1241	-0.654527163025545	1.10822716266403	-2.91781437238661	1.4214815841637
kare1335	-0.70993444954503	1.23357003722001	-3.34059447308042	1.56286178692385
kash1277	0.774695923583488	1.22313278754462	-1.44925098003432	3.42384373448319
katb1237	-2.03197332739124	1.04052359400633	-4.28610839550286	-0.189361738713143
kats1235	-0.727531643033961	1.20182678863412	-3.25933819040412	1.47721969189558
kaya1315	-0.480188718302309	1.2580798174365	-3.16913570170791	1.85101605683784
keap1239	-0.352587553401073	1.0140562585689	-2.44924069379623	1.60215433148112
keig1242	0.386744276313967	1.26916461428582	-2.07326544637332	2.95515931744641
kemb1249	1.68148832264389	1.22623325369642	-0.460281017948981	4.34738395145596
kens1248	-0.150929907794834	1.23397493899781	-2.68204464952416	2.21362282917066
kenu1236	0.320775848069853	1.33189212663307	-2.24203094428529	3.14562889522972
keoo1238	0.496058957893724	1.13433968834609	-1.69583904912258	2.83165793032234
kera1248	0.182284396788681	1.24595105921219	-2.29828231381994	2.63856543438935
kera1255	-0.958592960377018	1.19223558727623	-3.54202956443173	1.18596935609176
kesa1244	-1.45956637274701	1.29381258380861	-4.30566413310987	0.776089719973839
kett1243	0.500424708250264	1.33872107004785	-2.07612518311752	3.28125180399713
kgal1244	0.0520199908479663	1.30845784001472	-2.61495363445071	2.59992387052216
khak1248	0.210034649326793	1.3396690849875	-2.47127592252191	2.97078541530257
khal1275	0.311100587508616	0.948009907702662	-1.5775322647519	2.18940872252661
kham1282	-0.42049184109281	1.27428937053259	-3.10800098923527	1.95761807674578
khan1274	-0.7918137587861	1.30009083158839	-3.70493115311165	1.54305639430025
khan1278	-0.869806681432016	1.26241681990269	-3.60813121384782	1.43019701448534
khar1288	-0.919247813262299	1.04970135548771	-3.07287652397935	1.04618927280487
khez1235	-1.22056823681873	1.09621802320119	-3.55881588664418	0.761958873179674
khin1240	0.0777710923567866	1.15881517449084	-2.29331502839577	2.38845204710407
khva1239	-0.454227381209231	1.12434113627871	-2.77848274110713	1.69754290527502
kiku1240	0.125998437443414	1.18490089369896	-2.19911746499416	2.44601689832577
kile1243	-0.960733365066785	1.24456074568946	-3.58917764712001	1.26306453937262
kili1267	-1.06706853547027	1.24453633863715	-3.73576104223381	1.16709878496721
kimm1245	-0.768666705699983	1.30208708522926	-3.55538785640596	1.68642016213335
kimm1246	-1.0899462709812	1.2388452084466	-3.7763732394014	1.13942718127702
kina1250	-0.708858070328675	1.21824959406685	-3.34320884010142	1.49583304164983
kinn1249	1.45525966159887	1.25609168907963	-0.803788444769296	4.12337786397705
kips1239	0.327432812591764	1.17567880570692	-1.97874173478583	2.72257931293271
koda1255	1.06559871120467	1.24244470153465	-1.1501410888799	3.73383000796801
koho1244	-0.559503549555732	1.31539894873219	-3.38228865461788	1.87906952514194
koir1240	-1.03068453524107	1.06449834763252	-3.2269237722325	0.947128695495456
koko1269	0.197623936529352	1.12616708223936	-2.08703287888707	2.4785742483609
kolb1240	-0.36219512914479	1.2362936681727	-2.93739417869337	1.95860641078159
kolc1235	-0.498024747365916	1.2657632936052	-3.18294021064839	1.89613987651028
komb1274	-0.257635559887948	1.32783480525455	-2.9136567941097	2.29364969071074
komc1235	-0.0697972920721952	1.08892541722466	-2.28669293089761	2.01624074298717
komi1268	0.606763050227711	1.26736443513092	-1.82657118867091	3.28365422510627
komi1269	0.544127138653002	1.22470215219147	-1.72490448621034	3.15857342562516
kona1242	-0.606414145405846	1.34007369642745	-3.40564541277966	1.91805031041885
konk1267	-0.682507909132081	1.21182000559794	-3.2091908531306	1.55912356776519
kony1248	-0.715537031199268	1.04570291172906	-2.88944174789713	1.23463204902696
koon1244	-0.276421163278637	1.27572866141235	-2.97362410207352	2.12861717305857
kore1280	-0.509939405623195	1.31012898056371	-3.26735602040482	1.97186925702199
koro1298	-0.0904518661116693	1.1602405440534	-2.44942608490774	2.16471833694169
kosr1238	0.867760525324684	1.24544754623353	-1.44432418474147	3.44952565018621
kota1263	0.404599843122377	1.08575820302013	-1.69179812419872	2.57493558562509
koti1238	-0.259252029393284	1.30860047345185	-3.01873999800707	2.27442368443295
kove1237	-0.282608984983692	1.09538347268003	-2.54641359334904	1.78914240413252
koya1251	-0.236580496474476	1.15657217359554	-2.60492710465898	2.03114039266092
koyr1240	-0.384890044672843	1.35739152250197	-3.18879015905726	2.25142854478721
koyr1242	-0.195461475115908	1.35610581901342	-3.01628913313473	2.42024642855069
kron1241	0.587173592452035	1.25001635481659	-1.83382761183738	3.1899071984588
kryt1240	0.107129564777441	1.16704069238661	-2.23820808308254	2.44963156592609
kuku1273	-0.345717254879787	1.31295399424797	-3.14262564662128	2.09354419211248
kuma1276	0.996512198255699	1.0921745773629	-1.00791025457258	3.34314361838401
kumb1268	1.21043717678215	1.33897574359282	-1.24119051636638	4.08383584268997
kumz1235	0.571606101321468	1.24902697928609	-1.69117770642705	3.257968102451
kuna1268	0.248134571839363	1.27702188400806	-2.19724487393515	2.77148747657253
kunb1251	-0.266723737874842	1.33424851625064	-2.95116464676364	2.35675040360329
kunj1245	-0.241118858219253	1.33488281328158	-3.0109603326612	2.32583769614265
kuot1243	0.277845239876232	1.00054593648252	-1.77484975802377	2.22296550901655
kute1248	0.0105832113782442	1.13043678476317	-2.18208235040647	2.30098508984045
kuyy1240	-0.651759138596383	1.30716236606738	-3.45059054744791	1.69506278873747
kwai1243	-0.113700957744718	0.98528461878451	-2.1084976479667	1.75840631805888
kwam1249	-0.535040947360809	1.23235728713314	-3.11234439326589	1.83796021944106
kwar1239	0.11083670679743	0.962658861342231	-1.82790215682575	1.96535529251954
kwaz1243	-0.395158316691838	1.27270532515681	-3.05946294426041	2.0462323029853
kxoe1243	0.380363248472371	1.31744339357434	-2.1360888643191	3.19280362173708
kyer1238	-0.155005059259038	0.957649513820611	-2.07766519698228	1.69637957570578
laal1242	-0.853480694626817	1.30274517623234	-3.58725352096878	1.54636582175365
labu1248	-1.53920041819067	1.17322889253993	-4.13047710530967	0.495136114499108
lach1248	-0.807165664891677	1.32413188358278	-3.59211482784462	1.60796788889035
lagw1237	-0.497340983100318	1.16357521619346	-2.90428709208438	1.66374078998845
lahu1252	-0.882020195140627	1.12542738926403	-3.28693357800923	1.17730290172568
lahu1253	-0.357202141479863	1.06602909888714	-2.64732957775998	1.69619707881802
laiy1246	-0.791948578928679	1.20937294356992	-3.35446235172235	1.39120265042133
lala1264	1.29915744651538	1.30590151930213	-1.09855664099987	4.07832987889377
lala1268	-0.533949709250918	1.04463548826188	-2.70483892604364	1.46239633772522
lama1277	0.722067508043602	1.02107370813976	-1.20662280248942	2.82709040426397
lamb1269	-0.6276298231842	1.20863044141386	-3.1057380893964	1.62985943788621
land1256	-0.225401416059639	1.31615206433184	-2.93211863713964	2.26379551879604
lang1320	-0.898488863266383	1.22452951204751	-3.55235679323656	1.32226761912373
lash1243	0.0816411825581892	1.11671129852792	-2.18017826656849	2.31394843856266
latv1249	-0.581531575190226	1.22548549800114	-3.18069520692723	1.69778099115143
lave1248	-0.745013272264261	1.23804784428973	-3.40102319715174	1.50575928302873
lazz1240	0.125941904702458	1.32319750511065	-2.4745577297474	2.8471464923738
lele1270	-0.0314355010417207	0.950858067573161	-1.95304390359432	1.75458859655906
lele1276	-1.1222362259748	1.24904954654016	-3.8433176281841	1.0751756420764
lena1238	0.753629711268395	1.15427978572726	-1.38135929362326	3.1281604654829
lend1245	0.944725003714017	1.23329329257475	-1.35509401485208	3.46472741682687
lepc1244	-0.417959644476516	1.10867696106793	-2.79626909703017	1.63946987238071
lewo1242	-1.71091047383714	1.04422646738969	-4.01344725401746	0.0806091290287617
lewo1244	0.769868295434633	1.03579258820942	-1.18567770647114	2.90783155245246
lezg1247	0.18347653122002	1.18172929585138	-2.18643534858113	2.58895191038365
lian1251	-0.394231732064064	1.05348177281082	-2.51591786428692	1.65948629673188
liby1240	0.594301364948817	1.24362008931507	-1.71022800199439	3.20633268802426
liji1238	-0.475526341055272	1.22641832959951	-2.97530921652642	1.86881149681895
lika1243	-0.376228883725527	1.24950852037248	-2.93409131435837	1.97655613912928
lill1248	0.995094681245904	1.30361801193961	-1.3484795496406	3.84332748837347
limb1266	-0.0793010883960332	0.982584063089716	-2.08413324973209	1.77422130467483
limo1248	-1.11899829252212	1.07851707391291	-3.44053328038515	0.8831961886518
lipo1242	0.0506371558702943	1.08379633412729	-2.10030882445911	2.19260253137683
lish1245	0.411348051223893	1.22336737031862	-1.92077292906066	3.01841482073169
lisu1250	0.544217811654906	1.040463880688	-1.51992052718976	2.67067140116374
lith1251	-0.476305730746073	1.22505693743179	-3.05743483946388	1.86621279174906
litz1237	-1.99553923548801	1.0244534789837	-4.16946465697751	-0.17170192524908
livv1243	-0.878719912046868	1.29120028724538	-3.69657632594485	1.42113479022028
lolo1259	0.00117957980313427	1.08388539554117	-2.14509916388721	2.12982980379544
loma1260	-0.0619236118793044	1.24033634763286	-2.55679925883122	2.41008826116138
lomb1257	0.689380529800712	1.17379428912725	-1.54462703634399	3.13887680840324
loni1238	-0.0958135918898597	0.960667100467106	-2.05944661595051	1.72135334257619
lonw1238	-2.1279019687557	1.06752520305488	-4.50668502639354	-0.268945413043662
loth1237	-1.19767540057315	1.12521328778324	-3.55188663537137	0.857982275682014
louu1245	0.0775067651760731	0.967356371646716	-1.81667338676872	1.98370636904717
luan1263	-0.896785752207148	1.25966094011753	-3.63769726648082	1.35004050515242
lubu1243	-1.43278000833597	1.14898936256618	-3.91931361084655	0.60133671584145
ludi1246	-0.764120928936327	1.23893040682862	-3.37001589102673	1.49470676414758
lugb1240	0.447502116420093	1.21577288511911	-1.96147192173539	2.94855183037869
lule1254	0.84177677684662	1.22376938124338	-1.36605187581865	3.43592721282682
lumu1239	0.787724793123992	1.26533739092011	-1.55249647566838	3.45663143255463
lund1271	-0.306533420627953	1.08762528707079	-2.54054669199967	1.77006578442615
luok1236	-0.199969250500584	1.1778430432489	-2.58722618340985	2.08781105131238
lush1249	-0.256906001844875	1.08495720042477	-2.45903671820568	1.814028469398
lush1252	0.87093735810829	1.30271977462007	-1.50278640747382	3.7048204131753
luva1239	1.21861226100352	1.30040798373518	-1.1096092324315	3.93992824234341
maan1238	0.892528310602143	1.26182780883148	-1.37600372566833	3.63434629746244
maas1239	0.442286155177693	1.25727688953444	-2.02363791716899	2.91162402500285
maba1277	0.76724930714943	1.3210089558946	-1.62724333391728	3.59167148792909
mace1250	0.917175420105175	1.14905188295151	-1.17236108520818	3.34827449881688
madi1260	-0.00532180624760088	1.2197462169329	-2.48945230753445	2.37862162162523
mafe1237	-1.41680211075681	0.942937621199175	-3.40285671822378	0.300600291686919
maga1260	-0.490524921821857	1.16836961532113	-2.87766752008321	1.72696929214162
magd1235	0.395644029042294	1.07194232671363	-1.65023048528925	2.58375206763365
mail1248	-1.12982243458039	1.24205774692971	-3.85204076660653	1.05616362703287
mait1250	0.426370419291422	1.08961266434418	-1.66066988530924	2.69711633000059
maka1304	-0.490877014025927	1.29222789470883	-3.25570987282785	1.98052525808595
makc1235	-0.263602820497095	1.40428791494538	-3.20149587138271	2.40245909054333
makh1264	-0.240430596342512	1.31159857654398	-3.00482952923298	2.24124533664095
mala1464	0.613157794403973	1.21457844246554	-1.69311590430468	3.23370958219074
mala1479	0.0655519072438095	1.15830622796258	-2.28904325404149	2.34411464017566
mala1522	-0.641201300090571	1.21931988444297	-3.23621986846157	1.67172625620258
male1297	-0.0479870242632575	1.21979506787137	-2.5178046874156	2.32070386725273
malg1251	-0.207831999724516	1.07607983036087	-2.43975149458586	1.79319625145132
malo1243	-1.58111993881922	0.925106799172341	-3.56921678381623	0.0833711457834549
malt1254	0.773642154614895	1.260560836331	-1.58465940486468	3.45869287622491
mamb1306	-0.891759139037928	1.25291759304349	-3.5583015987347	1.3513418753033
mana1288	-0.440175909663421	1.08023476649948	-2.67456655090139	1.59608196689521
mana1295	-1.23367882587803	1.20314233186682	-3.83738745784334	0.893197594521962
mana1298	-0.732886939114445	1.31725738553694	-3.55400953883782	1.68844253182306
mand1415	-0.203404486876531	1.32988704536468	-3.03627496735588	2.3613702072118
mand1423	-0.351255381505361	1.27123101596899	-2.98292826742213	2.02630771711031
mand1436	0.868998323585483	1.27869520898173	-1.42409558519167	3.57064779224917
mand1440	-0.011572039719234	1.06454740902129	-2.20295525996863	2.07940223992982
mang1378	-1.05441133144048	1.26588970672611	-3.78056873021583	1.26152953710659
mang1381	-0.278738589636485	1.31716280050963	-3.01841324451551	2.24423936081236
mang1394	-0.53119638931897	1.22868058993844	-3.12197122967356	1.7777453430243
mang1401	-0.826800986728098	1.22628403367198	-3.51995888861653	1.47605721238747
mang1405	-0.290019395291508	1.14603755008931	-2.69632856080318	1.87082704080061
mann1248	0.830851644659226	1.26617111996716	-1.47416749939693	3.51232325002509
manu1258	0.62529025006912	1.05490552097843	-1.39124574849229	2.84515919154317
maor1246	0.53614463853482	1.22158917336507	-1.72652676710581	3.13768516474607
mapu1245	-0.215406988002414	1.30212472665884	-2.94831406707589	2.27695246223087
mara1378	0.304507723084804	1.16561309943642	-1.86629358082994	2.66726523013088
mara1379	-1.10444826424191	1.06093567029845	-3.35503277917838	0.842949419343827
mara1382	0.0164254779680478	1.0631078463008	-2.13818643635918	2.1396116378856
marg1265	0.415072214944237	1.08296734219112	-1.65184966001053	2.66924699269971
mari1428	-1.5661372102386	1.21012680146523	-4.27001230498424	0.535146841130178
mars1254	0.756878468705333	1.20711850203084	-1.49062794662513	3.26748589025703
maru1249	-0.309469932165813	1.15983941435147	-2.71341744312564	1.91957152338834
masa1322	-1.01058515781045	1.21062885481459	-3.61829220178892	1.13770086090975
masb1238	-1.06518154127148	1.1982157429189	-3.70309768214479	1.0834056113488
mask1242	-2.05829049352003	1.03906472539898	-4.29664487829936	-0.257681817495677
mati1250	-0.693991546683485	1.16465247710661	-3.25894465121612	1.43043572211827
matu1261	-1.47620344634287	1.18808878054625	-4.08102687376133	0.562186550273412
maun1240	-0.240014512020241	1.32867158937842	-2.97411975703589	2.389665579644
mayo1264	0.628516948714795	1.19914949741439	-1.61614119718083	3.11170627376815
maza1304	0.0646179752991247	0.995114332872008	-1.99086577951424	2.00998668897127
mbay1241	-0.9265092478257	1.27418553603878	-3.70410356876737	1.34554319134266
mbul1263	-0.919822310344232	1.21789508119728	-3.51356863571567	1.27260661561164
meen1242	-0.28991318903268	1.20344935600161	-2.74214952208345	1.99497366095349
mehe1243	-0.571356108615813	1.322113929512	-3.41816259703733	1.87922555436111
meke1243	-0.470429371377041	1.01650425382359	-2.55735669066463	1.50749809037861
mele1250	-0.502805701359138	1.02213185540453	-2.58702712518327	1.49005932612734
melo1242	-0.135773992869582	1.14481839987506	-2.38130755735379	2.14605255516949
mere1242	-1.13805894412873	0.951331409079057	-3.10866785665067	0.623264975451535
meru1245	0.102459633589418	1.17319052225556	-2.2750725295195	2.50380216447564
mezq1235	-0.669993262110499	1.26152603253251	-3.33784777559296	1.73300190007136
mich1245	-0.362799542580772	1.31602479322269	-3.14845890546566	2.15712381026033
miju1243	0.447687422337541	1.05055451495147	-1.59685892839878	2.55560753370489
mika1239	-0.381588606145807	1.29540027474861	-3.155178257384	2.0260761480635
mikm1235	-0.16045958964573	1.3448401215161	-2.92923931408498	2.40636362892836
mila1245	-0.631366025379935	1.1522492340965	-3.03191307108204	1.5517786046394
mina1268	0.803678416335317	1.23395835138299	-1.52397560275964	3.37660427162565
mina1276	0.443573826150041	0.992118181229133	-1.48517897000402	2.47959539288062
minn1241	-0.400617031033733	1.30226118936028	-3.188402694453	1.97926338479636
misi1243	-0.742451424929655	1.26937612683036	-3.47431974928934	1.62991848959899
misk1235	-0.474521079340226	1.24567263356875	-3.15544214021157	1.89008907970059
mixt1426	0.511646418144364	1.19694449012976	-1.76468722178698	3.02893877748463
miya1259	-0.219828340805062	1.28695406423294	-2.94671793718508	2.29199819004223
miya1266	-0.420316848586384	1.13933966617137	-2.75283092455166	1.75788233036975
mlab1235	-0.638633807510789	1.23813580980257	-3.25578582744741	1.58656513529643
moco1246	-0.344131856928688	1.32384781925235	-3.14531778849634	2.16896178228704
mode1248	0.859720086331529	1.26717444376606	-1.48010306243812	3.5189377200516
moke1242	-0.476735037682498	1.22032427352107	-2.98266139859261	1.81124119535552
mokl1243	-0.194369526441465	1.18779281475953	-2.60165354305704	2.04710124155155
moks1248	0.727163137320781	1.25429260583188	-1.62041649798996	3.41412237823903
morm1235	-0.939430445292829	1.22511232616061	-3.48399660032584	1.28312521967292
mort1237	-0.615648151479452	1.18760663921195	-3.09859336849971	1.55720330882729
mose1249	-0.250267697687675	1.31029404255858	-2.95940482169548	2.23547345772257
motl1237	1.16137286759841	1.11857446151523	-0.861734160519661	3.55362120782953
moun1252	-0.370468719474378	1.10183701899973	-2.63598120634849	1.73317697019179
moyo1238	-0.836564428340227	1.13815942338146	-3.23058972048649	1.25213916045208
mpad1242	-0.536367121804082	1.19839708274859	-3.01493385717932	1.69614579493043
mpii1239	-0.566269038023595	1.23188236371949	-3.21420749147036	1.69938895635722
mual1241	1.38355611378332	1.24161970508444	-0.799533367520606	4.09908382334756
mudu1242	0.523125906749304	1.12171710244857	-1.56657526328404	2.8415549828961
mull1237	-0.238864380455247	1.31043866998724	-2.93889348488641	2.28680431177959
munc1235	1.2788860555193	1.16906482068911	-0.860059058515578	3.76417249979741
mund1320	0.968319639693297	1.2795725389992	-1.37213467542019	3.69185552123414
mund1325	-0.590785310742779	1.15490082443532	-3.03401359943613	1.49041320743823
mund1330	-0.50784615153542	1.25101435749972	-3.11115497944262	1.85492306104003
muru1274	0.94496713729949	1.28357283916897	-1.44594015446512	3.62162196757276
mwag1236	-0.325713123216652	1.06209455566575	-2.45238686416753	1.74230856148915
mwan1250	-0.529152143480842	1.25961469842108	-3.16201694357338	1.87315942394243
naka1262	0.734824686837933	1.15900868544095	-1.4782757740467	3.1347027276761
nali1244	0.145042534552356	0.969891306619877	-1.79300660887123	2.01819315383427
nama1264	0.204542967816711	1.31565097177974	-2.29502118424251	2.90703216540801
nama1268	-1.4315282333652	1.08487364767675	-3.78317792983884	0.474608841484574
namb1293	-0.493991898989892	1.30673892871115	-3.25332196299692	1.98957687413139
namu1246	1.23042952975069	1.07980581583814	-0.724010879540015	3.50830546603534
nana1257	-0.872571755287205	1.24540920850883	-3.55961569052816	1.39138849990793
nand1266	-0.217647622770642	1.21099244709034	-2.76208123269063	2.13198239187882
nara1262	0.162629330235006	1.26355056870343	-2.3267627301489	2.77290234915359
naue1237	-1.11479808433263	1.2454751588377	-3.87700433868718	1.05367477489471
naur1243	-0.565060519849618	1.24882794035857	-3.21490533096568	1.74506223621775
nava1243	1.00032948463811	1.2240594753724	-1.2215806193471	3.6441140140269
nawu1242	-0.204602370109172	1.24911794926733	-2.80256123890273	2.17986299053488
ndog1248	-0.277972715436629	1.28810417232679	-2.99537457595285	2.17055588495075
negi1245	0.0873826643897029	1.20721370595159	-2.26626799131831	2.52701790753459
nend1239	-1.41749867078961	1.26683877969263	-4.11538472441752	0.883567023507662
nene1249	-0.973949433413664	1.29020374543433	-3.74534209617157	1.40612939796713
neng1238	0.760045691608902	1.18264758527431	-1.4742278852378	3.23376674271889
nenn1238	-0.510248254585563	1.29896150390406	-3.27788871783598	1.91853951059446
nepa1254	-0.468776164636876	0.965648561322095	-2.44170987331032	1.35227006526783
nese1235	-1.80572555885529	0.980358791932553	-3.89184913030088	-0.0109227678209872
newa1246	-0.471023166199261	0.977162692643653	-2.47016308876712	1.37977951102501
ngab1239	1.00536533040176	1.19600223480428	-1.20922618265328	3.60457315856073
ngam1268	-0.988299855260875	1.2720471053777	-3.75453397013124	1.30091227318702
ngan1291	0.419924556170394	1.26064353224772	-1.92125703363938	3.04649341027523
ngar1284	0.843707980745681	1.31697038973305	-1.62209431450042	3.6381678118944
ngas1240	-0.798673062218323	1.09064847548498	-3.06754034788904	1.23614259646244
nhen1239	0.946111686490388	1.27694038905204	-1.36561954633572	3.69984198904716
nige1253	-0.606376019487941	1.2814438221389	-3.39574965220665	1.81386398981452
niha1238	0.471825452965356	1.2734723771925	-1.93085794214481	3.12254600361022
nila1242	-0.589627869457317	1.27216895104429	-3.29831785480987	1.76465626697988
nisg1240	0.744269199734157	1.27808992368705	-1.6169645462707	3.48528093542491
niua1240	0.678290267313649	1.22575765597487	-1.62684263058514	3.28156527043761
niue1239	0.565734860128825	1.259335447549	-1.73556924710446	3.2328789689229
niva1238	0.955621329135937	1.27001364551369	-1.35008074605326	3.7023330075887
njan1240	-0.342235175228861	1.16402907403338	-2.78419933381949	1.90528241250995
nkon1248	-0.147557468480414	1.09446315626993	-2.35593163336471	1.97120023544746
nkor1239	-0.880201357011236	1.26730173616496	-3.65402788036496	1.47481636442768
noct1238	-0.131570774055089	1.05357249082244	-2.18910167291802	1.93927408915969
noku1237	-0.726861299781615	1.05471085994706	-2.90808112081152	1.23889961399149
noma1260	-0.724349509195041	1.26513829843632	-3.4109974270281	1.60553655093945
noon1242	-0.0605613937984842	1.3450039283644	-2.80024091789186	2.61238467799981
noon1243	-0.0762856203070969	1.09809310307383	-2.347505244914	2.07130497883087
nort2671	-0.506654797661365	1.23578223675122	-3.11508449988995	1.8571672110109
nort2684	-0.579878005221935	1.27330086884162	-3.24028894223303	1.77238597146531
nort2690	0.102665676662687	1.32338569546376	-2.45107164198306	2.86370328149025
nort2697	-0.366435882662346	1.20413551461706	-2.77563095196846	1.91305360933812
nort2702	0.203274043701869	1.12276581756324	-1.96569254559191	2.49742746529153
nort2722	0.114192133527829	1.09599149744534	-2.05781656077133	2.24016059853111
nort2723	1.2393380062503	1.10040786527287	-0.760304498605723	3.6053578366417
nort2732	-0.387998048163584	1.27565080958751	-3.11818022386653	1.99035423653999
nort2745	0.524100574020556	1.27359908819119	-1.90204058639136	3.14312117007866
nort2747	-0.279166391452381	1.39756665419014	-3.16554915653233	2.39743332003926
nort2774	-0.36800514002606	1.31250942015556	-3.17139876871743	2.07837394808453
nort2775	-0.403757819224802	1.34367554144764	-3.19187635145273	2.076072412975
nort2839	-2.06311117471053	1.07911501137045	-4.41513459733222	-0.188203458222988
nort2845	0.549401001923682	1.22728098828862	-1.75176171753106	3.21673257992595
nort2864	0.327162524244117	1.01847345915201	-1.67373859971906	2.39199486619898
nort2877	-1.59958239937736	1.16521438851349	-4.18414683544758	0.457790293894147
nort2885	-0.657937503153553	1.24391217937892	-3.39210857468917	1.53613419251073
nort2930	-0.980132753255264	1.29400489208787	-3.69069219130947	1.34923360956766
nort2938	0.0256180093423342	1.22229230207444	-2.37206866627692	2.4994093600977
nort2942	-0.595731607084417	1.26979823112668	-3.20448454477139	1.8038973803084
nort2951	-0.307168322471831	1.23354301749847	-2.88499694315478	2.05664728730172
nort2954	0.572588777995711	1.21982700605535	-1.74564620291397	3.09420530877914
nort2957	-0.828049586033264	1.26326165399281	-3.4729839234706	1.542748270543
nort2959	-0.363049044331425	1.25004635810521	-2.96691811209415	2.01865746139267
nort2961	-0.199927065331887	1.34583759988175	-2.95426161977537	2.40389318222541
nort2972	-0.58614563105222	1.24205168911131	-3.18915223503064	1.7964902647175
nort3139	0.32867116832967	1.30641323127	-2.20130746372063	3.1172378990622
nucl1235	-0.599728959426767	1.20487926680109	-3.17098501467947	1.66480727416999
nucl1301	0.0915091551906506	1.33423619097609	-2.47792448073917	2.91130457378112
nucl1302	-0.0774993494556282	1.22675272384295	-2.49334568930529	2.44842571139593
nucl1305	0.842850852618886	1.24460793495719	-1.43641168270809	3.5296328359233
nucl1310	1.1614441047781	1.07568755036647	-0.793373534109587	3.41390192812696
nucl1347	-0.0619323589156828	1.31189151073916	-2.73920480471365	2.46189572520203
nucl1417	-0.844437652964125	1.26609257221747	-3.63199417032197	1.45566945706112
nucl1458	-1.32503976082246	1.21978074938469	-3.93481935525695	0.794938364277568
nucl1593	-0.371718448048368	1.32383828939719	-3.09641899561693	2.14552872725897
nucl1622	-0.285385004916147	1.34702808494962	-3.0306338290543	2.35520708179811
nucl1630	-0.603600717862381	1.09597864527866	-2.91691703282479	1.44017893187377
nucl1632	-0.232581663486405	1.30985528624233	-3.03691473919113	2.33496904712787
nucl1643	-0.427270714852718	1.29317078192293	-3.17504357857724	1.97080319631012
nucl1706	0.792929605094298	1.27083819917741	-1.48896224738058	3.54197209731048
nuer1246	-0.161083726425052	1.26789008341009	-2.82308069531949	2.29804687706735
nukn1238	-1.36232481116462	1.29687651175857	-4.20508833476764	0.968632260732825
nung1282	0.591903975286592	1.07368527607346	-1.45132400718209	2.79307500245932
nupe1254	-0.401680631581656	1.325633968458	-3.21934596658538	2.16936487492566
nusu1239	0.408810128683608	1.03687925472869	-1.69368229166285	2.51129992495539
nyah1250	-0.408554869638824	1.31436463052701	-3.24753305070314	2.05064938058533
nyak1260	-0.282042090729318	1.27307619020887	-2.90302761246783	2.1225450898418
nyal1254	0.0503397322712846	1.12401167686135	-2.223086843015	2.25299138890096
nyam1285	-0.724766737684539	1.18230464468703	-3.23694866373868	1.42979021541619
nyan1307	-0.229607919750717	1.30324150611633	-3.01018600301803	2.27661483759469
nyis1236	-0.901970046377518	1.15057723875743	-3.38245623058254	1.21815631135012
nyor1246	0.0354304822357335	1.22630783991025	-2.4839434003864	2.43977073681417
nzak1246	-0.770689106239036	1.33510333684496	-3.61537455723023	1.67092051671801
occi1239	-0.365265494791259	1.22795817403622	-2.96549007712977	1.95213710279275
ofay1240	-0.361899231434962	1.28849223749538	-2.9983841503691	2.09846367581756
okan1243	0.993060252186743	1.30734684748005	-1.3414849745621	3.88957114172494
onon1246	-0.206999815231684	1.31908523608142	-2.92961949004849	2.30685813748423
onto1237	-0.631646726594948	1.24379536457834	-3.15848941139476	1.73187292785195
oriy1255	1.13300189299364	1.2012677532998	-0.993232133877733	3.70710984252897
oroc1248	0.312974844444332	1.21992025001992	-1.96984965119761	2.89275050468674
orok1265	-0.902455680054825	1.26947393974654	-3.63831901983434	1.4406578885939
orok1267	-0.948228673090728	1.23673378466968	-3.62003698183608	1.2540585932177
orok1269	-0.51465181669146	1.20488429091768	-2.9602678659749	1.80499028784096
otor1240	0.885931262196196	1.31600908075614	-1.51065822013704	3.64011674290433
otta1242	-0.329531338848808	1.32636059001002	-3.08459835669142	2.25378153800981
paaa1242	-0.0812305986788608	1.08838891138399	-2.27454526239633	2.01050899517205
paas1238	1.68451550279039	1.28989657988313	-0.537403141998128	4.48248142621266
paco1243	-0.615503152441618	1.28918509248557	-3.43603318376476	1.75959934721452
pahn1237	-0.697942610870067	1.32169441348184	-3.52862085556523	1.79484976912544
pala1344	0.815688994833467	1.23545139021038	-1.43469624111547	3.46684965326228
pamb1243	-0.417779871786185	1.27599507357108	-3.13255350601138	1.97936729922946
pamo1252	-0.59860262322926	1.22710660569606	-3.21364842327243	1.60500680088065
pana1307	-0.118122340476357	1.33813773702481	-2.88120316498369	2.47629140161854
pang1287	-0.354465148115008	1.22603460161585	-2.97546819220655	1.91602121605169
pang1290	-1.23640953303551	1.26009729929526	-4.01175642653314	0.976183631064085
panj1256	-0.988747435742733	1.18931344924039	-3.62372421732178	1.14654358792056
papa1265	-0.353454458132382	1.23454685717331	-2.8809015529458	1.96185496521389
para1301	0.576919870712608	1.19303465986712	-1.6558196692118	3.04412663552843
para1302	-0.853513786507517	1.11345845304287	-3.13719361849174	1.23849604247215
patp1243	0.598228129493874	1.045272059682	-1.40623772123965	2.71662522885083
patt1248	0.0329180946656714	1.1974297252573	-2.43354015542514	2.36387333593859
paul1238	0.40818578068012	1.01431934421859	-1.53919928535047	2.4751533618293
pech1241	-0.489386777671839	1.27967961937605	-3.25610227851364	1.9319066695571
pemo1248	-0.334633959461769	1.31567485152949	-3.11250191645809	2.14064745730068
pend1242	1.28073158713017	1.18569829460537	-0.858783491570295	3.83968846926038
peng1244	-0.22411211401604	1.0537244387274	-2.37037531352536	1.8335024962879
peri1253	0.228418578686033	1.28819732868535	-2.25126917767697	2.96647154131569
phai1238	-0.608342950810415	1.23647151999405	-3.24558833635938	1.63573728424564
phom1236	-1.05471603518606	1.06618392534088	-3.37080383491379	0.851229548183105
pila1245	-0.13921258047904	1.30283095390974	-2.83679379908946	2.38985127103528
ping1243	0.902926334665684	1.22682117909828	-1.3284240695731	3.53419672101989
pite1240	0.738872648011136	1.21599888693788	-1.47062145299421	3.29984820190955
pohn1238	0.794454101242605	1.20735870670157	-1.40659944021883	3.37614455269425
poli1260	0.761567666260024	1.2421074961682	-1.52572245338549	3.4316476548134
popt1235	0.567291489498037	1.19787721175018	-1.6956668047194	3.12455474330165
port1283	-0.421480691182106	1.27257279597362	-3.15977205976856	2.02273396410072
port1285	-2.06159444080269	1.04452966877929	-4.3583479869114	-0.22302077289754
puka1242	0.569413353289685	1.23939629085034	-1.72653844414829	3.20162370016737
pula1262	-0.154163171113784	1.2932497837647	-2.8389253320935	2.3413667873991
pula1263	-0.0586284006624682	1.28631056438496	-2.70691801096415	2.49307574142536
pulu1242	0.74399937622276	1.19696587142397	-1.47184896397175	3.25515030949422
puma1239	0.567662841269835	0.921844982126125	-1.18352736523261	2.42357343860204
pura1257	-1.01331719036101	1.26013385579539	-3.62971280301974	1.27569605877263
pure1242	-0.565979122709219	1.29521473006908	-3.30133834253525	1.84391674042081
puri1258	-0.0319492587770356	1.1874166016119	-2.42640380365471	2.31386955238778
quio1240	-0.436611151945976	1.0855953956735	-2.64117474929285	1.67539890587453
rabh1238	-0.1535892565129	1.06980991905105	-2.3063258324699	1.88988694025915
rama1270	0.671045113916167	1.21441665468831	-1.62393653463654	3.19503321661918
rapa1244	0.582239146548322	1.22074580259945	-1.68177434804534	3.18468789267363
rapa1245	0.549880757224222	1.21465485350683	-1.65698948345592	3.15322950603149
raro1241	0.540278080954549	1.25338423800266	-1.81610242349743	3.16877491393581
roma1326	0.196135197987716	1.16615148235346	-2.14451490408129	2.46517679055779
romb1245	-1.0877613045935	1.26986799813253	-3.87487702005674	1.14077004325791
rong1264	1.31707002516199	1.24937499861406	-0.977906918435871	3.99560928203177
ronn1241	-0.46531540519323	1.04392089862918	-2.6152542657351	1.5143489033582
rotu1241	0.724729286356078	1.23335430633124	-1.57014411390403	3.40228699994137
ruch1235	-0.217105750579597	1.24034907521942	-2.76347753365466	2.22614180077323
ruka1240	-1.24994883488208	1.2466013066339	-3.9801492302689	0.953235669562448
ruma1248	-0.364949727973574	1.21310056608774	-2.88949207475054	1.95550484017546
rung1258	-0.742158013927673	1.30579716660598	-3.5072886959054	1.66591571904234
rung1259	-0.769372777725863	1.24280562511082	-3.43288000407184	1.54538067453167
russ1263	-0.533314542517394	1.23602845339711	-3.11263576727512	1.78470347608544
russ1264	0.258450677300062	1.30217481650447	-2.20203407010202	2.97791970602973
rutu1240	0.0122205891145659	1.19108144287402	-2.3139827618239	2.36945276898051
saar1237	-1.25879526557189	1.21120272959346	-3.86537547327629	0.851030598270687
saba1268	-0.486758899770142	1.28123241492902	-3.18090612339266	1.84680917836857
sabu1255	-0.703189398661243	1.17295985485864	-3.24474796062131	1.44931159570885
saka1289	-0.997789107189023	0.98851853996125	-3.07903271399738	0.811673697929775
saki1247	-0.989295728987146	1.25357497458716	-3.74653492787558	1.19716921861167
samb1305	0.42953189568365	1.14239490042844	-1.79618527542223	2.72698252514019
samb1311	0.410722987200264	1.14768318964364	-1.85852613462579	2.71975132328692
samo1305	0.593064358368213	1.23795021223901	-1.65031143246356	3.14406133207367
sana1295	0.56559645625835	1.25450299181175	-1.82032830424815	3.17264560510817
sand1278	-0.337523487598914	1.25447434191036	-2.91229646734966	2.18854023475835
sang1321	-1.21341628303172	1.11838777554829	-3.57123421975942	0.77668576247137
sang1331	1.25944861352106	1.29861782778211	-1.1549292926289	4.06889694314546
sani1269	-1.10211078508799	1.19526543508651	-3.70662563602606	1.07160308709295
sanj1284	0.0295196610418006	1.07336828057627	-2.08315178223955	2.1740958048751
sanm1295	0.460909389274169	1.05511526352171	-1.59869226324534	2.59950949640129
sant1410	0.985457705443876	1.17809557966977	-1.10059684830287	3.55887603238675
sant1436	0.239251413329306	1.04110934120044	-1.82890443816688	2.34937913586887
sanu1240	-0.360379394737287	1.27348228298491	-3.01714269695466	2.11755271028484
sapu1248	-0.734190934408745	1.20563989113734	-3.35390338336523	1.50882722694481
sara1321	-0.58342387715828	1.32220127423021	-3.42536440731729	1.83318151701122
saur1249	0.995798861867778	1.18356058743149	-1.10761647467771	3.51768091206416
saya1246	-0.870086113995806	1.13642067765906	-3.29742590324906	1.25378243812349
seda1262	-0.634198700819763	1.29074922869462	-3.35571039932236	1.75335109518465
seim1238	0.749880863876453	1.23511920431857	-1.52957426506878	3.32991950977449
sekp1241	-0.0492344911845858	1.08399051333609	-2.27366818120813	2.1049747736612
sela1259	0.805153502941268	1.22163562796982	-1.42141919746982	3.40551312923686
sela1260	-0.847166863666021	1.21548924959358	-3.42649913606376	1.36514139731824
sele1249	-0.111953837097541	1.08205283554275	-2.32110237733073	1.95511319784279
selk1253	0.446200378542622	1.25777602328827	-1.96028311606169	3.11096481961519
sema1265	0.432178240005776	1.20720430629445	-1.94012181124412	2.84954289988546
sema1266	1.14200733996821	1.21166011296861	-1.09729026866826	3.76991652648986
seme1247	1.06599099203529	1.17145397891839	-1.06980204888159	3.61128125593755
seri1257	-0.410138630836394	1.29812115456612	-3.16544694630117	2.02762686783613
shab1252	-0.188085518557746	1.24983569751521	-2.67870870606655	2.31448433543382
shee1238	0.162110675161966	1.30734465279572	-2.49734383435182	2.75312997052086
sher1257	-0.13357614411771	1.09186434496697	-2.3070778281045	2.06375034582492
shil1265	1.0551368768945	1.31612060985395	-1.31543541735461	3.79478999765942
ship1254	0.578713771208522	1.21545243605106	-1.69800172656916	3.13081001171924
shix1238	0.720580418172967	1.10880581894408	-1.51592235819965	2.96494298954725
shon1251	-0.172263318551761	1.31757646189657	-2.86990166438904	2.35965758568921
shor1247	0.08752960911061	1.3548897320136	-2.59358284654167	2.87745483429254
shos1248	-0.479996788325512	1.23838237053885	-3.06618292035843	1.86260832355971
siam1242	0.732675500596563	1.1106081043571	-1.34093673303542	3.05077770250782
sich1238	1.19351343573178	1.11653565914842	-0.875179077970644	3.51053699126621
sici1248	1.12006575892852	1.2412915683973	-1.1905151379894	3.77230001673736
sida1246	-1.06480657486339	1.15195930807274	-3.47946971110425	1.03021068863595
sika1261	0.563939431181278	1.21838132224098	-1.74206812083558	3.12737370199397
sina1266	-0.569481659996994	1.02009055038241	-2.77006007078617	1.34531179140422
sing1264	-0.0639111615596533	1.0770122377755	-2.22065687345995	2.07305330917935
situ1238	0.823556522807491	1.06047284614791	-1.15746596403719	3.02026549751048
siwi1239	-0.506130941964384	1.24320844352323	-3.18826623098983	1.78379129448204
siwu1238	-0.144880125907246	1.07999256531581	-2.37632250135073	1.92509426460186
siyi1240	-0.47392283583061	1.16452743776551	-2.95886079577606	1.71393949680656
skol1241	0.392589876588542	1.2551061582622	-1.93844613823266	3.04741733380103
slov1268	0.811369047205154	1.21730998955588	-1.40703189372873	3.38495612930847
soch1239	-0.518305492364865	1.12812771758165	-2.82884911001664	1.68840553012801
soma1255	0.480123339454715	1.26569580086914	-1.85813273802016	3.14409912876622
sons1242	0.798622651223468	1.2354535271602	-1.54112072311222	3.4513334235539
sooo1254	-0.66627449857313	1.25927865016043	-3.42225870248998	1.60131514401038
sora1254	0.150861578770832	1.07508996739621	-1.97119000553488	2.32362400452684
sout1528	0.90645516129979	1.24772317464146	-1.35819260999927	3.52583042041482
sout2649	0.627926998448497	1.24332200687598	-1.66290034568794	3.28393206995915
sout2674	-0.961995756410166	1.24313266445378	-3.60019018950764	1.31079199065786
sout2679	-0.523441918455268	1.17654279255483	-2.93036479945958	1.73795951573013
sout2728	1.03447386094759	1.16168153060655	-1.04332311925748	3.51794240181621
sout2729	0.819751760985537	1.05839508538272	-1.18148775018142	3.02002382835014
sout2782	-0.488849394176758	1.16460356526133	-2.92057812848623	1.66637601651043
sout2807	-0.206073803855263	1.31156517240511	-2.90208062382	2.26708446231441
sout2856	-0.500154758853741	1.0229461168568	-2.6082876790277	1.49721679205652
sout2895	0.457589546994731	1.00586330094553	-1.48927871612728	2.52539239905909
sout2912	-0.944196942880658	1.2372560548531	-3.68076390096044	1.24687246535678
sout2918	1.08456293380668	1.20250514718113	-1.09201349458461	3.64738258224454
sout2956	0.505450389292924	1.21175947909637	-1.76522182456426	3.04200489097432
sout2959	-0.587920572516758	1.24261576344218	-3.23701301364557	1.68771271563705
sout2994	-0.388283215492041	1.29717818781792	-3.08998314790811	2.09511491529011
sout2996	0.949629681081619	1.31469016719611	-1.41490411624703	3.77475472367441
sout3236	-0.993011207167458	1.29932385564847	-3.76696692361252	1.4422705878579
sout3261	0.0872037528423526	1.19148427499417	-2.27032399842062	2.50411142954594
stan1289	-0.452229175961385	1.24216308955909	-3.04608121531914	1.87043704343473
stan1290	-0.422659652121707	1.2244874030851	-3.07173334477634	1.93755139659002
stan1293	-0.495126300060576	1.26070819993208	-3.16248736158823	1.85709989222859
stan1306	1.24294000308081	1.22803793920531	-0.958445198045533	3.86435303185557
stan1318	0.371664975296921	1.29835047643578	-2.07404524314025	3.11422213080551
sumi1235	-1.26223526316964	1.10909848449082	-3.63038812787863	0.720710913681294
sunw1242	0.0418098229886747	0.910093826706033	-1.8090287947055	1.82766733873175
supy1237	0.983539303844687	1.23099311845058	-1.26345433511236	3.56786373371145
surg1248	0.397816213599258	1.25038918025568	-2.0015843259675	2.96234093351029
surs1246	0.822154498474864	1.0727347099286	-1.17078704533458	3.05317389819572
swah1253	0.0209375887278722	1.29373484990608	-2.53020700688176	2.56116841796414
swed1254	-0.397036304878055	1.25367203448672	-3.00404008455857	1.92791143078212
tabo1241	-0.570854711256613	1.32014205070483	-3.30624417535113	1.93077098366902
tafi1243	0.196732987393163	1.11290942474027	-1.96350063032283	2.45879574256663
taga1272	-0.576896854005197	1.08560335048565	-2.86743229454602	1.42505054228216
taga1273	-0.693273013084288	1.17519856439656	-3.21624010148976	1.49467434776337
taha1241	0.561272511354968	1.22882586823473	-1.75643360680735	3.1567521756774
tahi1242	0.53131047677302	1.24252992116275	-1.77322924543737	3.13980527006746
taia1239	-1.18615017706636	1.24978832765109	-3.92664049753646	1.03454158685524
taji1246	1.19373806117212	1.16429350260879	-0.905315158075705	3.66167833206919
tama1331	0.691889130887808	1.36032892071831	-1.88810671936419	3.60478765637431
tama1365	-0.102956919681682	1.12052966092799	-2.33271814353763	2.14600356927737
tamb1254	-1.04816029038138	1.16108126077953	-3.50917563813222	1.00918138056735
tami1289	-0.749296610208106	1.23057409330061	-3.33232791600581	1.48711774946902
tami1290	-1.3087275209786	1.20048287294744	-3.93319632357473	0.814810442168259
tang1347	-1.31300271417596	0.923636483444973	-3.30534107756105	0.38597576537832
tang1373	-0.251263280974894	1.18594482618752	-2.67404264700328	2.02940221378723
tang1377	-0.706298914582262	1.19847750072149	-3.23923584768632	1.47347195699465
tari1256	0.297455852135259	1.23463053009714	-2.14722577525388	2.80091428035157
tari1263	0.797180619703845	1.22800310213395	-1.4605813713435	3.44789172742962
tata1255	0.262604110963409	1.27640500530429	-2.23139612906179	2.87131247938438
taul1251	1.28825738582217	1.22712870950955	-0.889982904404045	3.90806165830239
taus1251	0.980579854024621	1.139037742674	-1.09818831280939	3.44125946857395
tawa1286	-0.587350395353507	1.25383213923976	-3.28088200749791	1.77533269784259
teda1241	0.546820828715059	1.33282013410959	-1.97527311321108	3.30893649364162
tedi1235	-0.396147851137676	1.17933161493245	-2.8701824152105	1.81356537074979
tehu1242	1.06261691549931	1.33468961212213	-1.3740769032392	4.01872671031022
teke1275	-0.236173297453888	1.28938336415416	-2.92333465369477	2.25522300663784
temi1246	0.269604896531696	1.15322341985162	-2.02576987513687	2.5680727084271
temo1245	-0.626695383165913	1.2473482294144	-3.2625690528193	1.69409628618355
tene1248	-0.339747220051746	1.26991268410426	-3.00322669189467	2.16003255872554
tenn1246	0.450140965054497	1.30887431183348	-2.06293200048665	3.21561901416279
teri1250	0.847585815060439	1.12130177843071	-1.28738363590573	3.17193668523185
term1237	-0.771257846911383	1.23097958503044	-3.42505206677858	1.43138352558054
tern1247	-0.147708865328127	1.35389527290603	-2.88610224121135	2.47533877582431
tete1251	-0.298186264226429	1.26086911042325	-2.87800313612341	2.16795552988829
tezo1238	0.675175610870983	1.10542887644159	-1.4359489543737	2.95890774892706
thak1245	-0.394269219297543	1.10642768468379	-2.6884660481768	1.7366493880706
than1259	-0.160015346210207	1.11021003570791	-2.42409917155147	1.98309197995584
thar1283	-0.0770180105287213	1.23100068011488	-2.59795651751945	2.27040716979475
thul1246	0.175864390152221	0.981979456132097	-1.81484180162181	2.1501641564679
tibe1272	-0.482073820372804	1.19987750243795	-2.97337741708984	1.73204615053858
tibe1274	-0.65885376041321	1.20096103877479	-3.2059248438288	1.58831021128921
ticu1245	-0.0770819639746038	1.33098271025792	-2.74377577486849	2.56637456970833
tief1242	0.552414562718939	1.05876822375061	-1.48518049026613	2.73048242940419
tigo1236	0.00039415083807601	1.11283250578593	-2.2392228420917	2.22517301426691
tika1246	-0.522139998027628	1.18566373685447	-3.03916847028099	1.68255137658036
tira1254	0.904262657094627	1.34276123241642	-1.5872004178274	3.70738079673689
tiri1258	-0.297906291096721	1.06258429211882	-2.54655439361189	1.70934288096176
tiru1241	0.573207054477875	1.09317290482351	-1.49592480262818	2.90515685334098
tita1241	0.263545307323169	1.02009304978345	-1.75407204370114	2.26794138656048
toab1237	0.504105478968159	1.00752060509177	-1.45868899723866	2.56398329848242
toar1246	-0.716953710407286	1.10380720377604	-3.02612824004925	1.32489821337856
toba1268	-0.305419861236784	1.27283751891576	-2.9473952236282	2.1313100281568
tobe1252	-0.182596301085143	1.35688098488055	-2.98187217079805	2.47492377210417
toho1245	-0.264512731880797	1.26654358269161	-2.88437400598465	2.15410431175265
tojo1241	-0.00227259557568367	1.15558972490683	-2.34319157284332	2.28131020839688
toke1240	0.552949139361409	1.23329771778437	-1.75892904447365	3.150260545795
toma1245	-0.0807223460980784	1.24835736948028	-2.65580835328355	2.35177730655913
tomm1242	-0.568790571022259	1.23317186517567	-3.10595980503945	1.77569119152065
tond1249	-0.552164911116718	1.27884223736679	-3.21926833240688	1.81492732878026
tong1318	-0.214294121987511	1.3060946783665	-2.92707880682801	2.31768175755672
tong1325	-0.787515661745248	1.22976563156753	-3.47814429293455	1.46708914805852
toor1238	-0.0485050755809877	1.24293239539494	-2.63636989524604	2.40288229809712
tosk1239	-0.222604032604993	1.15367708032556	-2.60482661926252	1.97480179558204
trio1238	-0.194288264461129	1.30723599361434	-2.94677853293159	2.29703755489399
tsam1247	0.155589052792219	1.08771486695661	-1.92551795697978	2.42774779977571
tsat1238	-0.537926151743327	1.25828643523525	-3.25750361968141	1.82562864446856
tsha1245	0.514719593352583	1.08833027250083	-1.53881017876793	2.71600972262198
tsix1234	0.0664363494020255	1.24963666461509	-2.38599880192597	2.5749245123364
tson1249	-0.28612465701035	1.26379902454141	-2.86667321335782	2.14726651824965
tswa1253	1.01537342055222	1.29068698792706	-1.3853162096444	3.68424434350918
tswa1255	-0.295127256868914	1.28500651520528	-2.9418960920795	2.16918900131535
tuba1278	-0.149671145946286	1.2555271946949	-2.74614484567848	2.25205192666532
tugu1245	-1.02349097270724	1.25319738063836	-3.81254542634225	1.1775344823128
tuka1248	-0.735276598874754	1.25928003933983	-3.44480343474821	1.53650246033569
tulu1258	1.01027497633019	1.2587698052587	-1.23124122963966	3.83041190724372
tung1290	0.697384537015462	1.11847031503911	-1.40102710069714	2.9799216981912
tunn1238	0.46378892278121	1.25082176986129	-1.88352962579818	3.12489323808312
turk1303	0.306478506034524	1.31224834723856	-2.1917990533738	3.02299292552084
turk1304	0.115500614168802	1.33406495155157	-2.48880632771293	2.80289679320235
turk1308	-0.118723555973637	1.13530527311863	-2.41014528157048	2.12236358452693
tutu1241	-1.57142091746125	0.935069318893114	-3.52393669499059	0.0977773850544892
tuva1244	0.57904855252415	1.22138996784009	-1.72669907659584	3.16830405468368
tuvi1240	0.118518945895482	1.34145953198724	-2.49393861499938	2.8765804336891
tuwa1243	-1.75208978801029	1.19502435194345	-4.37286012044825	0.336038900888855
tuwu1238	-0.192193833715745	1.09003384582816	-2.40600429042216	1.87596148876404
ubir1237	-1.24665546921694	1.229568120086	-4.00326674352645	0.867723964782122
udih1248	0.270706331311076	1.19999380043002	-2.02421405732219	2.69482815721751
udii1243	0.0710160535581518	1.19374198691189	-2.27950078017452	2.41949861741258
uduk1239	-0.444969522258697	1.23130535053718	-2.95082072937499	1.94604631741878
ughe1237	0.952250942394705	1.21048345812371	-1.23992208544625	3.5347879407659
ukra1253	0.795750193868624	1.26090395840962	-1.53571082156793	3.48924376152139
ulch1241	-0.785609395172662	1.22609809174185	-3.48103682215467	1.45273364659338
ulit1238	0.595940182489823	1.18240449965024	-1.61570738493898	3.0556493870983
ulwa1239	-0.131732603833263	1.25313092172836	-2.71327876238999	2.27973138813642
umaa1242	-0.371967704147026	1.15013376699871	-2.74480514421652	1.85073162638089
umbu1257	1.2012403782148	1.2814241954343	-1.0663716952309	3.98313684649725
umes1235	-0.838064389951614	1.26653018975849	-3.59511472199614	1.46848343801373
unua1237	-2.09539363957714	1.03595711173174	-4.3327761530678	-0.257697779717502
uppe1275	-0.842919471233543	1.26241852762368	-3.51268967704087	1.49606009827802
uppe1427	-0.872717019416519	1.19175396763795	-3.44566501763455	1.29122379698001
urak1238	0.463212448728537	1.17365122021928	-1.7835604932169	2.90168535610768
urar1246	-0.332897566681045	1.28302869838722	-3.1114481759446	2.095977610991
urim1252	-0.566519419805125	1.32524377154917	-3.47618770389235	1.96534190223062
urip1239	-1.92495845410391	0.999892241803956	-4.02590041969218	-0.157666048131944
utes1238	-0.51473386658151	1.23888979979021	-3.12369755905807	1.82128096100227
vera1241	1.06467175850996	1.05441955736558	-0.806237685404254	3.38983533151652
viet1252	-0.458861043551794	1.32054045555566	-3.23027274264056	2.02376488077741
voti1245	-0.926515263175742	1.18909422146597	-3.44721554012492	1.23617015876017
vunj1238	-0.158514156883605	1.27950952866846	-2.7770933876926	2.29807150173573
vure1239	1.05810707580027	1.05204303485047	-0.83018140326704	3.36070573158212
wage1238	-0.263056540863435	1.32284983642984	-2.98651870715138	2.25444879002933
waig1244	-0.503865901979302	1.24229975998094	-3.17058957899383	1.79986954243974
waim1251	-0.54852520597611	1.03745994277704	-2.71368014038317	1.40436421084904
waim1252	-1.13014538378661	1.23934555883823	-3.84371561824132	1.02799622178885
waiw1244	-0.25956937874863	1.3234538858256	-2.94039776638283	2.30921618844008
wall1257	0.725273602276475	1.25856566351535	-1.55546815596809	3.40605004256597
wamb1257	0.491469872531757	0.922285817223034	-1.26671592708955	2.32088679452538
wand1278	0.531987719560062	1.04611123599254	-1.5106529220549	2.70790588272813
wara1294	-0.439870617056485	1.322212622625	-3.21066298857895	2.10897395361336
wara1303	-0.246494139756272	1.3188634521104	-2.93415738709355	2.26127724053028
wari1268	-0.411529888446827	1.28655896757708	-3.13173554759531	2.02417847287386
warj1242	-0.0390576721465811	1.1269900820804	-2.26244770430546	2.19565107398926
waro1242	-0.854573576812422	1.23893307110825	-3.53740926426388	1.34252131258633
waru1265	-0.239613841655503	1.2794551452628	-2.87624350391757	2.17885107483054
wawa1246	-0.246511240177742	1.19154670991275	-2.71119448704554	2.08029519007426
wayu1241	0.0281967822624796	0.919307372220833	-1.83720215686237	1.84546496608814
weda1241	-1.45753236642364	1.20224720768674	-4.10443226320467	0.605653558298037
wels1247	-0.718851403696605	1.24787164899205	-3.39832459824337	1.5988096922109
west2354	-0.529192225317554	1.26481250357237	-3.20866538988782	1.83621205831309
west2369	0.602201795870929	1.26995358642934	-1.73647434442149	3.39767045538674
west2386	-1.02465229282144	1.20810381186203	-3.65743837341714	1.12282120073597
west2392	-0.40856659654935	1.20940841879529	-2.90766390710195	1.91892680141445
west2397	-0.672615204031207	1.26511280419328	-3.32553112804289	1.61193428125147
west2418	-0.236710690856572	1.10091143016139	-2.44849017586067	1.967873638762
west2430	-0.330290735596605	1.34532978648382	-3.03035776722469	2.30863445398736
west2466	0.587666589592992	1.02611401939223	-1.3987746119339	2.67256012363246
west2516	1.04221628131471	1.16085395453286	-1.0298411017543	3.5423802919987
west2519	-0.275444616393335	1.12910640595983	-2.56746902244455	1.86817805691212
west2548	-0.627846330537808	1.20533521141182	-3.21293012407083	1.58907468092368
west2557	-0.704968906881524	1.19793148589632	-3.27374857028539	1.49135995235954
west2560	-0.99913577045984	1.18844176300625	-3.5772193098873	1.09357330020649
west2564	0.553264736614969	1.07826327571225	-1.46339997887085	2.74962925570588
west2594	-0.297807941895201	1.36741902539128	-3.17052925149118	2.26141948340787
west2644	0.281742864481268	1.10556859187389	-1.88554928870798	2.53567669659932
wiru1244	-1.026895030371	1.36019115774546	-3.91812895541437	1.46916207101892
woii1237	-0.876465877836293	1.23944096632069	-3.5895538252711	1.33523879401033
wola1242	-0.397019382575171	1.11607797264981	-2.69368128459577	1.81027062656119
wola1253	-1.31589662883107	1.1848838021743	-3.80341639918198	0.803838308441719
wole1240	0.767003826413047	1.24435175067354	-1.44644915718371	3.39286293377985
woli1241	-0.832045466775218	1.2268045958415	-3.5311814834741	1.3975522659532
wotu1240	-0.802923970871534	1.2526737503453	-3.49084535024788	1.43484326494948
wuch1236	-0.190898292104325	1.27886260349591	-2.84601776033773	2.21832887666806
wudi1238	-0.548369048612511	1.1948424103907	-3.04018020544432	1.65681438917026
wusa1235	-0.425147334497741	1.20116932829289	-2.92180516964117	1.83443471804139
wutu1241	-0.312168879700343	1.15987066866569	-2.65669570408475	1.89904544355038
xara1244	-0.27706794803809	1.0459407621729	-2.49352383484606	1.66599440546951
xhos1239	-0.186961548662219	1.28021006928781	-2.83950906493851	2.27244996810344
xish1235	-0.207550122352647	1.1381719836063	-2.56673030147094	1.9888974571867
yaak1241	0.413505504631742	1.13413847493619	-1.74018731184656	2.76355063396056
yaey1239	0.467397147445739	1.25267389900963	-1.90658524387437	3.12579210167333
yagu1244	0.91671086655194	1.29659639478334	-1.48974285671264	3.60822298066001
yaka1277	-0.510332490874606	1.21862663977033	-3.19848642237082	1.75340030263176
yaki1237	-0.134793673888984	1.28404877602295	-2.73009863191707	2.38170864362533
yakk1236	-0.118267685621838	0.992635211446748	-2.18480023160491	1.7642316033687
yama1264	1.04867369046419	1.30949956620551	-1.32283364758174	3.91920999975517
yami1254	-0.988416207931598	1.26719323052365	-3.75306752197999	1.27031188464289
yano1261	-0.161089023130267	1.25120762098445	-2.72551035441986	2.2794250063343
yaou1238	-0.591830798900848	1.28452015054379	-3.31953725398118	1.84456667382486
yape1248	-0.357855041540694	1.19069719667911	-2.82875762113968	1.89587268575612
yatz1235	-0.331242813458569	1.07402244017824	-2.54121007318885	1.76789925805575
yaul1241	-1.15702305816096	1.28483233425949	-3.96573749769575	1.13578088503729
yawu1244	-0.0500188921075854	1.36052464567325	-2.77159746070655	2.6331568093796
yecu1235	-0.719622971035113	1.26287676091807	-3.47630287517	1.61743901681747
yems1235	-0.817900435898645	1.09822380788405	-3.0813402588796	1.27735930389653
yeyi1239	0.00668345683118502	1.26036204493524	-2.53237778781984	2.50017751072448
yidi1250	-0.317468720028032	1.2846651657732	-2.91464492220438	2.14580068629057
yind1247	-0.220119707937919	1.32039982330479	-2.91961808062499	2.36210815741921
yona1241	-0.150250123242927	1.22685414690029	-2.66563364127343	2.33247902293531
yong1270	0.769483248934314	1.05973197669371	-1.25774276216584	2.94320479010504
yong1280	-0.41352423571373	1.37049111245701	-3.33717568826002	2.21023743747828
youl1235	-0.975959611763703	1.18493494096754	-3.52570178945286	1.18947259995679
youn1235	-0.228419567555778	1.33767387811348	-3.04700812281735	2.3543848310268
yuca1254	0.720954853847427	1.2470060304269	-1.58623637706702	3.31723242580551
yuec1235	1.11747009525131	1.26486764144001	-1.25238257412116	3.79621464711712
yulu1243	-0.443012897824774	1.3346753157057	-3.31585955324505	2.03253298666312
yuqu1240	0.610322507052783	1.17318504496681	-1.58441017846972	3.07461069105966
yura1255	0.540283907171797	1.16381070594473	-1.61303984538547	2.97364721460839
zaca1242	0.244189576368063	1.12974516113773	-2.00524718026616	2.51438505475133
zagh1240	0.473679004054041	1.3149077950156	-1.97430912837757	3.19638340968413
zaiw1241	-0.304493014893925	1.16675771413253	-2.74791967711441	1.91921028134271
zakh1243	0.374557804883626	1.05804724620904	-1.69895203596687	2.58861071861621
zani1235	0.234209410425175	1.08814784676953	-1.8831279652989	2.46990988039318
zapa1253	-0.263426633264545	1.3122228325962	-3.01829650060841	2.2487603612109
zarm1239	-0.256582247135426	1.29569175819471	-2.96643913161637	2.2371511164069
zaye1235	-0.414615858542089	1.22312502716194	-2.98221551938182	1.86493890856939
zeme1240	-0.634892296359425	1.04020032999605	-2.74256673778417	1.37355884103374
zinz1238	-0.301069912476926	1.28883400877485	-3.04207244312734	2.14448838096616
zoog1238	-0.314451390806689	1.05995659865102	-2.48900468665929	1.76538861673502
