Estimate	Est.Error	Q2.5	Q97.5
abar1238	1.36373123605731	1.02193135095544	-0.48547148511846	3.51326946220732
abee1242	0.287010984691984	1.24589626539759	-2.1349396058114	2.86698615392378
acha1249	-0.523427097777056	0.965383048671417	-2.47366774838084	1.31393984202204
acha1250	0.690647441653565	1.22365533477626	-1.60472663358974	3.21236071933974
achi1256	0.796417853766891	1.26812984190102	-1.62396325908641	3.43461160417908
achi1257	0.0803905830641845	1.1233451651656	-2.1202294907246	2.37134692942131
acol1236	0.316246168401512	1.18845566863748	-1.9839120578734	2.78566796323179
adon1237	0.272574384489228	1.03095738746981	-1.74141848113669	2.34700891137735
adze1240	0.945167062921706	0.900939538506517	-0.750906176575259	2.76446844034671
afar1241	-0.698725137501705	1.23913798259032	-3.2727067098967	1.69533996117888
aghu1255	1.40500970175506	1.20335607140391	-0.815150499700652	3.92236663334182
agut1237	-0.849788208915652	1.19274171914447	-3.24214787166082	1.43586139598099
aheu1239	-0.910410229566168	1.15915133379243	-3.35621483354657	1.26618113596793
ahin1234	0.997571000619138	0.854106112966143	-0.584878214766879	2.77144688181347
ajyi1238	-0.104128094943293	1.13235036413477	-2.38741205909643	2.1339128785255
akha1245	1.47742202183133	0.974829365754209	-0.309266636441598	3.46521336443566
akoo1248	0.0248483863422589	1.0300620077339	-1.94094549255284	2.09224929463805
alab1254	0.208586126191516	1.08111482832192	-1.92374749024437	2.36480513580047
alac1244	1.23167463835218	1.10307985751008	-0.849574610822943	3.51603564504267
alag1248	0.0100639635801632	1.11658569815011	-2.1664138254493	2.2196158061576
alor1247	0.667684889171413	1.15730467647828	-1.54013227248929	3.05283151630175
alya1239	-0.433579062423638	1.17220536064177	-2.76217837129955	1.83202371136128
amah1246	0.644554628166627	1.17732865610837	-1.65953434730668	3.01848739765628
amdo1237	-0.811648568347151	1.22350739281539	-3.29665717091766	1.50655565310426
amis1246	-0.255738204225142	0.932700647658828	-2.05382435794646	1.57686098867433
anei1239	1.19894130514081	1.11677052638919	-0.864202468469733	3.51258066300823
anfi1235	0.650550973319007	1.21141590728337	-1.62682186038313	3.12562516973452
anga1288	0.577423215646918	0.897274493727116	-1.09805105566463	2.34089328308444
ango1257	0.500304117522741	1.27121010649023	-1.89651166689226	3.06420366163274
anuf1239	0.647730798365606	1.21065448894894	-1.63459476352262	3.22027281863111
anuu1241	0.92434777684122	1.03127604251	-1.02956458809524	3.05275958634013
aona1235	0.336936949067236	0.906530724311142	-1.39983069137464	2.15967548269257
apat1240	0.28047570655976	1.04110325622119	-1.7161899648639	2.34599800972408
apin1244	0.436203837705348	1.2763037403782	-1.97908104230487	3.043435164552
apma1240	1.99208856246235	0.928738972910642	0.287936565891952	3.99252023559443
apur1254	0.707164170355187	1.24281256624502	-1.63252414736711	3.28573188415583
arak1252	1.9020912205097	0.934097105056079	0.253536545896546	3.91226009207112
arao1248	-0.329742210827359	1.16997405265028	-2.68929992176852	1.88251141956183
arap1274	-0.318350321410634	1.25426501189818	-2.90719581480648	2.05905804808429
araw1276	-1.19561998222257	1.13195014232845	-3.56069865214789	0.851111006098537
arbo1245	-0.22622830996958	1.06294863655812	-2.34718166968723	1.8337294602507
arch1244	-0.133288242455459	1.10678426320021	-2.31166930155142	1.95778349135574
area1240	-0.390815985229703	0.853320278849753	-2.04898710202329	1.30475700261631
aree1239	-0.923727164614395	0.862180566427532	-2.68419214371388	0.699812040109682
argo1244	0.6392301232352	1.25495706232234	-1.7507800235148	3.27374989596336
arhu1242	0.432228872439118	1.20156666788206	-1.84751175829129	2.9226208441712
arig1246	0.363002716748816	1.15459013120883	-1.83329193365831	2.78557660599915
arop1242	0.267942256467002	1.15815251470498	-1.93553868791769	2.70493453939192
arop1243	1.25802791311693	0.997402023636176	-0.612700103494183	3.34958199653191
aros1241	-0.252147457361954	0.990256629514497	-2.15574486536771	1.70859301549836
arta1239	0.678159208159167	0.89173578747918	-1.01685955346673	2.49234551916081
ashe1272	-0.916317724344079	1.11727153748419	-3.21755486237187	1.17219701713514
asoa1238	0.835349675982459	1.2342668209987	-1.44917489590097	3.39181665345667
asut1235	0.0991634251550855	1.12098753883592	-2.02092793663256	2.37960428162476
atam1240	-0.511899401632116	1.00911500277658	-2.53196531664185	1.49653911038627
atay1247	-0.699597507460561	0.933827849585771	-2.62326133182354	1.11831238078895
athp1241	-0.824660569143603	0.84099461182197	-2.55922407190473	0.736237790729602
aton1241	0.127677077416675	0.962293828204474	-1.75730528576	2.04288877500467
auye1238	0.0251283934562904	1.09334235705112	-2.16831231861402	2.12762902266506
awad1244	1.05243418290209	0.901768692201296	-0.615322660293341	2.96594823165911
awar1248	1.06281138230342	0.867906360073052	-0.573653534998707	2.80984277373709
awet1244	-0.147778711489485	1.07050512690384	-2.24064720687019	1.90006470705846
awji1241	-0.820874513562994	1.21471778709105	-3.28913074519732	1.55594730967564
axam1237	1.9692116878652	0.84869944653399	0.414277583159671	3.73470841614558
ayac1239	0.789712593820142	1.2206291316638	-1.54596306131804	3.32293418470433
ayiw1239	-0.472158442112722	0.9591816505841	-2.40432384936637	1.44508865894712
baba1266	1.00257912060171	1.0132404351972	-0.82771497301151	3.15073900128471
bafi1243	-1.05657710341429	0.869211108898842	-2.80668448750575	0.663456795926171
bafu1246	1.1262612658987	1.01551469414423	-0.747919007024964	3.25324489039488
baga1272	-0.224259540186876	1.0917339083672	-2.27042707185578	2.00872896350977
bagi1246	0.805093034726182	0.984180277477409	-1.10406620104634	2.83197149763179
baim1244	-0.707215644576244	1.13105679203531	-3.02492956230056	1.44771677169526
baka1272	0.425321298053565	1.20025230114339	-1.8459489500552	2.93886198652712
baka1274	0.429668716441323	1.31694044725949	-2.06924963285029	3.08963039052588
bala1311	-0.736477381797039	1.08801094855103	-2.93690267912995	1.36597090882895
bala1315	-1.07266917881166	1.2101752141292	-3.5707006046246	1.20745076301632
bala1316	0.40603174568007	0.931825184877477	-1.32944079335676	2.35791852908422
bali1278	0.65926864490498	1.1847160822841	-1.55486736394369	3.09936501285699
balo1261	1.22464484837174	1.17089391209356	-0.848315263687783	3.70636605526667
balu1257	1.4035616277754	1.18242022134138	-0.694492963470125	3.95722271823092
bamb1270	0.0217201552751079	1.14012637439761	-2.14568885944501	2.35340159192205
bamu1253	0.205932691665501	0.967508010734455	-1.61777959062654	2.15086835103671
bamw1238	1.51646601347035	1.13329645169381	-0.543252526488311	3.94020095075452
band1344	0.608115285747063	1.25800331325955	-1.72917045918059	3.23892774788956
bang1354	0.571137454105092	1.24194121038879	-1.73650864661172	3.15444934349223
bang1369	-0.271849937139618	1.06448691701294	-2.40882413828168	1.76794759911685
bant1281	-0.98375216685497	0.815123200983857	-2.67435603594414	0.576678788791212
bara1357	0.460277850434392	0.880078037307684	-1.18486912926014	2.22613870746849
bara1361	0.907946197070312	1.18808259601383	-1.26252174259484	3.41745829815237
bara1380	1.26939636592201	1.15783097606615	-0.901499850253826	3.68316268588627
bare1276	0.416901377401762	1.11318126595926	-1.70858078217566	2.62655213486729
bari1286	1.71844372299599	1.1033622914294	-0.225210005793614	4.03095819413503
baro1253	1.64871552817942	1.06146414886675	-0.212148471299778	3.89187778912344
bata1289	0.452303437445464	1.1847398545749	-1.7789581804668	2.89408137923459
baur1253	-0.50720794311135	1.19633287056027	-2.90831176964583	1.74558296711161
bebe1248	-0.858453575840588	1.09376047071611	-3.06161488670007	1.29733793227723
beem1239	0.078265467694704	1.20355863700153	-2.26612338431231	2.54886716381454
beka1241	-0.764443962378761	1.14829773243989	-3.05017485775137	1.42960849794662
bela1254	-0.680340739444577	1.22720710121695	-3.23835608865579	1.57595987559174
belh1239	-0.859165423151229	0.814294799031206	-2.54773118099413	0.671991752600025
bell1243	0.595635991086264	1.2030363365053	-1.63909851062632	3.05846391539778
bemb1257	0.372689543854502	1.25681255259928	-1.95694557176671	3.05070261973505
beng1282	0.393731165352286	1.26704501424938	-1.99556473426942	3.002227511633
bhoj1244	-0.192411979546233	1.1050667236069	-2.35801749384494	1.98089994158022
biaf1240	-0.814730763057212	1.17267179262749	-3.18042537305877	1.45214359294065
biao1254	-0.858439568476097	1.25529178976514	-3.46419128625565	1.62177282168683
biao1256	-0.874782127961958	1.23841471208074	-3.49261126576035	1.37125371225087
biha1246	-0.504188166913066	1.08330604146781	-2.65335930255292	1.54630741112091
bilb1241	0.665035947211399	0.868119516637344	-0.972147895975562	2.45625390243934
bili1260	-0.782350947856943	1.16806935273136	-3.17650550037118	1.37970462597713
bimi1240	0.515637862049495	1.13461395202614	-1.68254321147767	2.79403849682872
bini1246	-0.55051629424571	1.12120010270989	-2.81150196155429	1.66065763440829
birr1240	0.480671562574033	1.30671650781446	-2.03503310663358	3.17568075906041
bisu1244	1.90009692516991	1.10257341354051	-0.104676237940352	4.27431512045199
bitt1240	1.04996522007935	0.980334760875731	-0.798052899879085	3.05233457599404
blab1237	-0.821578905521295	0.860436158441531	-2.53718792781897	0.838097586192776
blan1242	1.67521301344457	1.08925294840843	-0.28585843036731	3.94506339516921
bodo1269	-0.591525511233112	1.0343834437971	-2.7422803871049	1.36930971600807
boka1249	0.510910071306982	1.07826333034811	-1.58252073653969	2.66655774432823
bola1250	1.70624706061274	1.10933291624006	-0.302090730065393	4.08753414836335
bolo1262	1.2462306430976	1.17958086330215	-0.882877731493591	3.78170190368028
boly1239	1.00231562126895	1.13462122322529	-1.06548266433172	3.35737166557294
bomb1262	1.48993625594864	1.13621935905683	-0.574971114204388	3.90363559810331
bomk1234	-1.67010464875147	1.16173337952073	-4.07716184956137	0.450481684181334
bong1289	-0.721529716483756	1.17849423163404	-3.07965928959444	1.52415633786596
bord1248	0.310841023079693	1.28417719146043	-2.19384890748577	2.93024240605151
boro1277	0.577843080779433	1.30014158374947	-1.81603458436139	3.21790272550453
boto1242	-0.106881714367922	1.08983404059051	-2.3168283120301	2.00476680132204
boun1243	-0.859086804757702	1.19608529084441	-3.23063884520279	1.40804724669175
brah1256	0.839793829363443	1.25900788912493	-1.55496326928065	3.41950373572254
bret1244	-0.607505640970556	1.19388400073064	-3.13426728171942	1.65616958858667
brib1243	0.472647697740984	1.26051592227188	-1.98479959990624	3.06447938988423
budu1265	1.07696558060437	1.14744867389455	-1.01996370773553	3.4905385167346
buga1247	0.585186637678168	1.04515338805354	-1.42614172011857	2.70887805837389
buga1250	1.17751304858624	0.97199109529592	-0.595213979634658	3.23143898228422
bugh1239	-0.868972169306061	0.877777065015952	-2.66053180383115	0.803552504524994
bugi1244	-1.1716511334917	1.18111795555798	-3.62630047047672	1.08313164576379
bugl1243	0.365483488589892	1.30361295011494	-2.10582542344738	2.97821305522481
bujh1238	0.466512300873145	0.90377747770224	-1.23804389060982	2.30831345556131
bull1247	-1.63665885213157	1.18015587170027	-4.13507919420907	0.576222866838285
bulo1242	-0.443379844392115	1.06823553858412	-2.6133643299304	1.59844765498902
bumt1240	-0.555938530596684	1.09650318268352	-2.79905868169308	1.51705170955945
bund1253	-0.445517394930403	1.19520284385398	-2.84152641703036	1.79868637597599
buol1237	-0.191831548955777	1.15604940600049	-2.48498644943322	2.11356796714492
bura1292	0.837764521692938	1.00818054272175	-1.04187357149306	2.91154546021122
burj1242	0.346710378183612	1.17980797885087	-1.90799958055385	2.84561650676049
buru1320	-0.374728839163769	1.1009604468588	-2.55948526044818	1.81186939325915
bush1247	0.395747619918659	1.21866540425029	-1.91764355846398	2.97137776247587
buwa1243	0.661931958388322	0.833341387762712	-0.912714631840475	2.35345056709696
byan1241	1.58397552300815	1.1227714975949	-0.471033810963307	3.92907164376349
caac1237	0.549087531978015	0.95946212331298	-1.2691939887891	2.51286693502757
cahu1264	0.304789317774975	1.28632570740421	-2.14308868793058	2.9289138225119
caml1239	-0.840516328036251	0.84764134540547	-2.49264071348488	0.791851954421542
camp1261	-0.661178962641284	1.20507093407958	-3.13698778529231	1.63587845397412
cane1242	0.432247102093662	1.25067333850945	-1.9341161889088	3.02988005033007
capa1241	-0.590716074879988	1.21609524895861	-3.03627920520055	1.73108792801439
carn1240	0.802711429623482	1.2176411970081	-1.44501171959187	3.3162164986364
caro1242	0.325601390836063	1.2230612646433	-2.02569557937756	2.83262655235466
cash1251	-0.703220634702876	1.19893321839453	-3.20630365655376	1.54895447942329
cavi1250	-0.268024894269794	1.22800896617811	-2.79271615043975	2.11040346424677
cemu1238	0.696611411524405	1.03821186528607	-1.24144256870361	2.79039157460273
cent1989	-0.504018574480739	1.15979453350695	-2.85287888802505	1.72627023209562
cent1990	0.787357014290876	1.22560151449447	-1.50924329327174	3.36942066249873
cent1992	-0.141845200824537	1.01088583600852	-2.06162035080543	1.88891008051093
cent2004	0.651566087323749	1.04607516506863	-1.33297187610922	2.78540025583405
cent2131	-1.08801337621276	1.16897313486708	-3.43125513698127	1.12263602919655
cent2150	0.479440042898527	1.28895471767749	-1.94304893225762	3.11116415889254
cent2292	0.784333383754429	0.850458509693481	-0.86519534704595	2.51485982768513
cent2314	0.617112260703702	1.19062300823051	-1.67661744639216	3.03712858070915
cent2322	0.726058734537561	1.21181857818726	-1.58658513114224	3.2911225385735
chac1251	0.396817349400173	1.18702916207195	-1.89842460000434	2.78105286294505
chad1249	0.792504488562052	1.22050956728761	-1.45831984018603	3.30250868368899
chak1270	0.873252864841493	1.07213015396542	-1.17147407233264	3.0789573914407
cham1309	-0.153162703536087	1.03946812584415	-2.26142919753782	1.85320512371273
cham1312	-0.760011779594168	1.16712443111707	-3.10349863644091	1.44270273759998
chan1313	0.278609755695142	0.857514995907634	-1.37773037038767	1.9712184930161
chas1234	0.0397529281197818	0.943939096075851	-1.8065494450526	1.91619880092807
chec1245	0.495176870661538	1.1483825169245	-1.75456204238255	2.82040774390408
chek1238	-0.81237227519997	0.852327126463658	-2.58124238761465	0.821719569362688
chep1245	0.633219832889393	0.889830903010836	-1.06128861639969	2.45517302206916
cher1273	-0.441959631530979	1.26889691541301	-3.06703617683524	1.9828873504588
chey1247	-0.258124250722051	1.32281027199108	-2.95648805196748	2.28109541806015
chhi1245	-0.960114306774164	0.822117955721673	-2.67226606406678	0.56511633150872
chil1280	-1.03224851680971	1.25139075740368	-3.58910368323228	1.33377917171556
chim1302	-0.783267051133109	1.24819924654467	-3.33273320646051	1.57096112126386
chim1312	-1.11142863358091	1.23892371482471	-3.67989858652151	1.2490164048066
chip1241	-0.249720453487085	1.28996624000326	-2.85950935493075	2.27189845797053
chip1261	0.397408193368994	1.26240761087954	-1.97494498540029	2.99411830616998
chir1283	0.732808670613202	0.865564361390926	-0.91201648563184	2.52897368494436
chot1239	-0.417126608432375	0.932668438743213	-2.35154996515297	1.34520616498157
chra1242	0.311152599207687	1.16857910137455	-1.97615912562537	2.65918229507149
chuj1250	0.958435028885751	1.24771829126129	-1.452388494672	3.56665184878179
chuv1255	0.699671774996495	1.22526655823023	-1.57941782698148	3.29015976939834
chuw1238	-1.08800419383637	1.2097205205463	-3.49689162594151	1.16247305370264
cici1237	0.648445358173165	1.25735882445411	-1.69353126882921	3.26846411808824
coat1243	-0.299521241752018	1.03765808266371	-2.33698017475527	1.72814176094134
coca1259	0.322588426580998	1.18356971079395	-1.94221241148419	2.68370176944937
cogu1240	0.382760517771147	1.22400224996468	-1.93972831580266	2.92511922573303
colu1241	-0.993738419582278	1.2186816196429	-3.47947073251403	1.29043702131127
coma1245	0.330588076514378	1.24636663237584	-2.00723904834944	2.92828849138955
como1259	0.541615216483831	1.25053383170272	-1.88574671943445	3.08787180038157
cong1236	0.478982180420466	1.25802886819466	-1.8299425559895	3.08003149013257
copa1237	0.667914215014248	1.05269491701633	-1.35426519678076	2.81885323303208
cori1240	1.41622590221659	1.166499318851	-0.647749804691764	3.90486053197937
cors1241	-0.579027546850589	1.22060960576048	-3.07659844776608	1.74254466201599
cosa1234	0.886316430546689	0.928991779310911	-0.883852836652126	2.74205176328515
crim1257	0.386954987965668	1.23332581323643	-1.95246387675313	2.84595037328304
cros1244	-0.0989876553243247	1.07979961777246	-2.20744690166938	2.01943410534654
cube1242	0.124560834675696	1.12973411514064	-2.11806536423655	2.38502625897883
czec1258	-0.648009189034917	1.20903003894868	-3.11463737806364	1.65097682410437
daai1236	1.45529413649307	1.11035473083592	-0.533491420736863	3.88700346822476
daas1238	-0.752742443594011	1.10876404885879	-2.99178328391183	1.37907859837186
dagb1246	0.678773708629445	1.21945275032091	-1.59350018230774	3.20670306937313
daka1243	1.99918165079064	0.846831397004707	0.469734198800248	3.74124481828039
damp1237	-1.23114047126827	1.13756583183874	-3.61177329109291	0.916170130513984
dana1252	1.87237556915796	1.14761742935081	-0.199770852972469	4.3015242321255
dani1285	-0.559023652091567	1.20195764242674	-3.03250000477201	1.71650820245538
dara1250	0.263722342237295	0.965138717543738	-1.61561590226739	2.23436865511466
darg1241	-0.595691999913237	1.12973504985525	-2.91740314910494	1.57528575529924
darm1243	1.60833646328664	1.12495725423811	-0.44328112737468	3.95199850968739
dawr1236	0.6668752955399	1.13053117727379	-1.44247970406756	2.99824841961021
dege1246	0.545141060137341	1.10450087025931	-1.49993614347851	2.77890689533847
dehu1237	-0.279188805397884	1.02177659852824	-2.3056998446738	1.73451538148741
dera1248	0.929262697509183	1.02846977262783	-1.01293961317627	3.05249354634148
desa1247	0.234165181296165	1.00924578090514	-1.76956732660957	2.2222021174152
dhao1237	-0.775969235460206	1.06018527313841	-2.94117363412967	1.26838316384462
dhar1247	-0.811267836451263	1.18948855368058	-3.23192920832245	1.42651498286383
dhim1246	0.752575911614879	0.999250723556971	-1.14851676442131	2.82672068520707
dibo1245	0.931643359605853	1.19346447392285	-1.31108103917265	3.44862434608169
dido1241	-0.0529873223856853	1.03246342613448	-2.18647349256661	1.90172088399478
dier1241	0.583528357744638	1.19772382480845	-1.74729625208189	2.99479554638549
diga1241	-0.0890504020812553	1.02506950149101	-2.17167968790908	1.91304222703097
digo1243	-0.888060509813097	1.16133939943517	-3.24094988234974	1.38776730186351
dima1251	-0.135843578644558	0.983949061572399	-2.08125383436444	1.78191379219788
diri1252	0.377379846070538	1.24024737468982	-2.00077670822815	2.96563250025017
djin1253	0.648131221514714	1.22787481418565	-1.68841221428364	3.14651464404391
dobu1241	-0.945531116672059	0.912964824073245	-2.80444148711607	0.815612678961037
domm1246	-0.513645209675032	1.0267756253748	-2.58660054657146	1.43256289471631
drun1238	-0.345831152205772	1.09311306984009	-2.50115996978087	1.71490069807027
dual1243	-0.375332868235875	1.0337096088698	-2.38787037461119	1.67333409729922
dumb1241	0.171559963067503	1.01252151652751	-1.76013117180322	2.14809559495492
dupa1235	0.786539643526749	1.0361136545322	-1.14455522885896	2.90957920237811
duru1236	0.622158647269521	1.15710270875691	-1.64648979971899	2.91624932726803
dusn1237	0.996013149996765	1.12965060156779	-1.09395478222381	3.37519691974954
dutc1256	0.998439854396209	1.21173506573754	-1.22464604387767	3.52622679084908
dyir1250	-0.151470936859971	1.10553842970054	-2.33339374977596	2.05165687012153
dzao1238	-0.96991989616598	1.2513768837193	-3.53094983888307	1.36473892910508
dzon1239	0.70669644647257	1.07972393876788	-1.37135725612003	2.95877006571852
east2328	0.819674784699118	1.18620772621046	-1.40170763679546	3.29155391770082
east2332	0.178660776003849	1.08386680751323	-1.89048965110485	2.32333477345568
east2342	1.77454145305286	1.12875370259196	-0.306683305194812	4.12851987331225
east2379	0.572932537976043	1.18983167215966	-1.66182120586049	3.05671079936967
east2443	2.08044684961897	1.01103386213593	0.214535099061915	4.27306096959806
east2447	-0.979222564784185	1.17140545024597	-3.39965955659482	1.21004733558713
east2516	-0.883725616530993	1.11943543615514	-3.15900644955772	1.22982054268594
east2555	-0.784572374514	1.22601698992254	-3.30064872263099	1.50995649239283
east2690	-0.65948314236648	1.25556099331992	-3.27292671478238	1.65805646646536
east2773	0.0698177103193394	0.881814064214673	-1.65545282256179	1.84239497403167
east2782	-0.708145512350224	1.13280841851994	-3.00893538909475	1.46441247171351
egyp1253	-0.887758003249691	1.21254138794709	-3.37856942848996	1.32513298849159
eipo1242	0.404463298692731	1.12856777936725	-1.79554606772503	2.66335470228181
elem1253	0.643126210234447	1.05506326723156	-1.31216765935979	2.87021517251469
elna1235	0.732095722000865	1.21059118724455	-1.49918151064681	3.2507603081307
emae1237	1.29688793050226	0.958894493468791	-0.497081607328796	3.29607798760537
emai1241	0.0470692539392407	1.10185734573326	-2.02652698389641	2.33336399257671
enap1235	-0.716117500641839	1.24369235198969	-3.31731797471788	1.62104696620544
enuu1235	1.03383028104084	1.01504649871526	-0.835281697328106	3.146050438353
ersu1241	0.394212083989466	1.12129516897539	-1.80997193709428	2.60710461612035
erzy1239	0.727878372066212	1.22451316588374	-1.612397904386	3.25061104383607
esee1248	-0.158478646186352	1.14954884854015	-2.4855999716918	2.09048029772055
esim1238	1.19694105853359	1.05918929397123	-0.763871943924141	3.3498099284784
esto1258	0.897267377712046	1.19138014558102	-1.33177277753858	3.28330749281066
even1259	-0.47473465285468	1.23483636373759	-3.00025472688578	1.86669764425766
even1260	-0.505250129557462	1.25997618378316	-3.10339264572608	1.84974116187067
ewee1241	0.000338650145375498	1.15468357675884	-2.2341272576777	2.33571366033847
fare1241	0.717872846104516	1.23310450637681	-1.56614548405728	3.30356186289309
faro1244	0.769773295035161	1.20174397320715	-1.51347832910281	3.25711006755568
fiji1243	-1.25873192068849	1.13567730441204	-3.63610015184929	0.827132805864322
fina1242	0.883824487383433	0.843363169297221	-0.731336653825411	2.61322929323842
finn1318	0.732330692338978	1.22461116613548	-1.58921022751702	3.23712893726833
fonn1241	-0.727975535202018	1.15028755768927	-3.03481344422366	1.522337814094
fore1265	0.716983625016582	1.20300036914331	-1.55351671836149	3.19756590618151
furu1242	0.915057704153348	1.28636842705613	-1.50584598661334	3.61976440592923
futu1245	1.36303714688826	1.13341275367861	-0.692770172076433	3.72820869731421
gaan1243	0.524133602829749	0.950050228660762	-1.3061297588799	2.45854956186242
gade1242	1.04092858923229	1.22663189316175	-1.23449591061691	3.62117288922272
gaga1249	-1.05033270222358	1.2565615469858	-3.57068986948857	1.33128410242259
gahr1239	-0.189332972855866	1.15501081124742	-2.54138535835107	1.95100083007574
gali1258	0.868848513197876	1.2173380674764	-1.45176024568523	3.45714162024845
gali1262	-1.20680044058628	1.13107887163664	-3.55512432731214	0.875818592791971
gami1243	0.602327322576991	1.22472816979242	-1.75293216921336	3.17781902295605
gamo1243	0.254538280928207	1.07450405345331	-1.83371722582238	2.46911145403998
gand1255	-0.189567227584036	1.14014143155991	-2.38885217124759	2.15552996848202
gant1244	0.214442776493612	0.947207622580965	-1.63545562742837	2.12491861428702
gapa1238	-0.912464811932547	0.900941709477963	-2.73565237648147	0.789928299183923
garo1247	0.237007993490594	0.985366338476024	-1.72642034240707	2.1992465265898
gata1239	0.515229659107424	1.11042739587448	-1.65581091940226	2.79743529418507
gayo1244	-0.491531419513309	1.1483810979749	-2.80556056033484	1.75615763788289
geba1237	1.76181506681656	1.11720730338803	-0.299770639107871	4.12114577285989
geda1237	0.672601319940474	0.867422746735569	-0.942980934572946	2.52216385186745
gela1263	-0.938802545213343	0.877201928718939	-2.73582790679915	0.721453840039758
gheg1238	0.31850338732665	1.12738239902526	-1.83714275657517	2.54985017288583
ghod1238	-0.226297666137442	1.1004505581507	-2.46937626530151	1.87119137095875
ghom1257	-1.10791336729311	1.16591402778043	-3.56712654149288	1.03226108438239
gilb1244	0.51461475934803	1.17864529469705	-1.68062429580631	2.96768978757384
glav1244	0.301520605270326	0.864865080035101	-1.38435455533519	2.02928272211826
gola1255	-0.0180246128726987	1.21644460997355	-2.36929077864471	2.52254016002239
guan1266	-0.690613801989286	1.08295849190559	-2.90912247568423	1.36834384077794
guan1269	0.205289726155602	1.06620838514756	-1.89707776875975	2.32380452585652
gube1234	0.246668811062335	1.20096649010937	-2.02590375740343	2.82411500199859
gude1246	0.593819711371189	0.878614378442643	-1.08966795131336	2.3895275045795
guer1243	0.989585721886852	1.07373269407209	-1.03320259260903	3.19049155803756
guiq1238	0.255611467455667	1.07610785582336	-1.86249127312033	2.42691562473133
gulf1241	-0.677614324568216	1.18567418522831	-3.11016489580702	1.5908056678754
guma1254	-0.680257694328599	0.851612899265604	-2.37016954640714	0.992628615584464
guny1241	0.469779635028274	1.21684297503031	-1.87233084943782	3.03251095050084
gura1251	-0.903330699535738	1.15123933886512	-3.33635969557636	1.21536960969028
guru1271	1.69992257355966	1.1730961847475	-0.480267899784838	4.17560638346173
gyel1242	0.179452621374971	1.19865211093771	-2.12488253577432	2.58478713303405
haaa1252	-1.05590358177485	1.20277034878303	-3.49657656778175	1.25143244120567
hadi1240	0.603886832603756	1.05877135286191	-1.45121473771723	2.73910471850377
haka1240	0.058080421000565	1.02094761308122	-2.0116418912765	2.06288237863315
hali1244	-0.247198327858005	0.955030715576868	-2.12358387800528	1.64543961183103
halk1245	-0.479270304218252	1.21169613223222	-2.95782325726515	1.86429561398103
hani1248	1.12565765590981	1.09135275605806	-0.923413223991051	3.40190851941652
hano1246	1.99587895634318	1.00631301023845	0.162934798570963	4.15047475934999
hass1238	0.567998250106521	1.20948544629947	-1.69211078970725	3.02732283591972
hawa1245	0.50887270573334	1.19941392255942	-1.7248756401164	3.00569109405202
hehe1240	-0.450099023200223	1.12035257437613	-2.65250881329102	1.76666463548466
hela1238	0.539693802931724	0.854554811914207	-1.09561721892011	2.27515671014308
here1253	0.382950231253519	1.23363840858164	-1.90859035904985	2.89751853017029
hind1269	0.583848287706356	1.18758041328286	-1.65262248359262	3.02637474465213
hixk1239	0.33852663010399	1.22036081626707	-1.99612352107117	2.78864598029006
hoav1238	0.830133743296994	1.04420984473091	-1.02881395245705	3.04995206256191
holo1240	0.415102028385638	1.23672697101804	-1.92753965983911	3.05826049816362
hone1235	1.43320277693997	1.13487183964482	-0.685450772532329	3.81306909719551
hooo1248	-0.897329072545911	1.2231451593573	-3.49803259821885	1.36285958613205
hopi1249	0.43288359950643	1.2484719455335	-1.9081915957501	3.05861006744924
hual1241	-0.814638363663139	1.16575451720765	-3.22395482092542	1.29718258526892
huar1255	0.0976522169617477	1.16738672948383	-2.12093192431804	2.49146564108858
huas1242	0.328162758386798	1.28461050046082	-2.13765001192156	3.02456942381215
huba1236	0.574014427076388	0.890962581409868	-1.15088176893758	2.41351471889686
huic1243	0.684386651930174	1.26037776724842	-1.6470471153325	3.23255259075628
hula1244	-0.591823069921113	1.22416474841405	-3.11544319595361	1.72327157883331
humb1243	0.933841907681414	1.2678753311586	-1.39524322746845	3.61089508083152
hung1274	-0.598030366961274	1.19256732163363	-3.08816680287369	1.65525997634739
hung1275	-0.950498682283285	1.16851460929273	-3.35303470144533	1.2816904105979
hunz1247	0.0956352046279162	1.02934194494495	-1.95738683080583	2.13724328623411
hyam1245	1.37173773540316	1.17191701497954	-0.744287521774266	3.83220518085362
iaai1238	0.4559408075791	1.0126919292473	-1.46802475196824	2.52240885576891
ibal1244	0.987691063897662	0.859857958324572	-0.618818427360571	2.80434207104203
iban1264	0.416157608729988	1.22263910952064	-1.91958558741557	2.89402953096768
iban1267	0.867983106448579	0.977493223500234	-0.951504534912808	2.88805307884914
ibat1238	-0.564535079045968	1.11224286697835	-2.87475498359566	1.56140594022138
ibib1240	0.385174663330536	1.04094472080447	-1.57849538839118	2.51287168411693
idom1241	0.440835876451255	1.20780520863296	-1.88578933631071	2.8908134979131
idun1242	-0.917509732708136	0.844976647623774	-2.58721014978955	0.72145615043697
ilaa1246	0.159777929059575	1.21395643589878	-2.14057984236911	2.56645432536532
iliu1237	0.948192412883614	1.16600207473552	-1.23278032255796	3.35525449580668
ilon1239	0.732165282426801	0.879204199117677	-0.922354211117328	2.52522339084284
imba1240	-0.879623186383615	1.25409988628812	-3.48276926279434	1.48808285298746
indo1316	-0.0841275281633373	1.07430501600246	-2.18767484174686	2.07057216650285
ingr1248	1.13479483284411	1.18625740527561	-1.05140149019046	3.65474693329781
ingu1240	0.556110731341885	1.14821173763257	-1.69663455218852	2.86577155750815
irar1238	0.914072979944428	1.18064296595109	-1.22308806044622	3.41193682669026
iris1253	-0.64537171230922	1.22718886890175	-3.138034711026	1.6976813837377
irul1243	-0.525538241435397	1.26603905816833	-3.11419987300877	1.8377361885823
isco1239	-0.431598257179391	1.22125883434883	-2.84009236065726	1.89138809355699
isna1241	0.442266040837103	1.05761526220408	-1.58615612360418	2.57814170387566
isth1241	0.0675651018544457	1.20725467843075	-2.30076851344377	2.53268348709567
ital1282	0.705902289832666	1.18554777567678	-1.5610394244352	3.19415566403718
itza1241	0.583630756895141	1.3215451652421	-1.96853386983324	3.28088291643656
iumi1238	1.42267981503022	1.03746480001181	-0.502738900153286	3.53885653620309
ivat1242	-1.2369042363022	1.17629330209327	-3.67195643614494	0.963139403865924
iyoo1238	0.885617333896025	0.881396111205061	-0.794616326075773	2.71854319841751
jahh1242	-0.737577338214671	1.04205516050618	-2.91139048197786	1.26742002829807
jamb1236	-1.09124962944064	1.21398228826507	-3.57912265837191	1.19552337419225
japh1234	-0.866589926772118	1.05245742104675	-2.95462992385649	1.12325298015843
jara1266	-0.286736365694095	1.03117742707026	-2.31427458219731	1.74582440125001
java1254	-0.387831405752448	1.08859757587563	-2.49159906170813	1.81831893964089
jede1239	0.706516327570334	1.10339382883721	-1.41441834139944	3.02112491390559
jeha1242	0.868432949544557	1.067337872294	-1.13027264192001	3.06994096146825
jehh1245	-1.19031997786253	1.08632987799789	-3.43593135173429	0.809578155041662
jina1244	0.796562609753855	0.964689312354499	-1.0194715764585	2.84710463501037
jjuu1238	1.35696550916254	1.19286746453947	-0.771938210677139	3.86355985616486
juku1254	1.35904343293892	1.08818589611426	-0.603288307465454	3.58270076515898
jurm1239	0.23482362435864	1.32800679703954	-2.28663736003525	2.92623921590724
kaba1281	0.432631710627166	1.27495147122433	-2.01346959070705	3.00367264395984
kach1280	0.223782845784204	1.0948462951064	-1.92046306629562	2.52322164547891
kach1284	0.289874494042307	1.0763994798352	-1.77637600088265	2.43967573155637
kado1242	1.91217705125774	1.02230974996864	0.0342636479920269	4.02672914008506
kafa1242	0.888189648780331	1.21997019352381	-1.40974453499314	3.39745073398332
kagu1239	-0.502557439810241	1.09744311563574	-2.65069711794114	1.6628710669658
kaik1246	-0.891224100508512	1.06090357420256	-3.02454800738769	1.09872051601549
kala1384	0.370895255415188	1.28094811981801	-2.00171321403182	2.96179838112428
kamb1297	-1.07635079279916	1.20995210491041	-3.48249990198957	1.30541202687987
kamb1299	-1.37900245076494	1.1224153433414	-3.76568070584378	0.683915260130822
kamm1249	0.891446517059236	1.09408381246919	-1.17534463655338	3.12320001957401
kana1286	-0.173993822363793	0.86863292297444	-1.83966700876497	1.5369131871651
kani1286	-0.053227254759295	1.01051300956342	-2.08459388824045	1.923209410368
kank1243	0.878179020048885	0.868833140301469	-0.772833744324134	2.68585140670083
kaon1241	-1.02412233164014	1.21205340782881	-3.50293575290682	1.22756323062735
kaqc1270	0.823135326049364	1.25433543795346	-1.57287925680841	3.4008675430154
kara1476	0.490831809354415	1.24853746713054	-1.89679611420573	3.10237807870541
kara1482	0.253423108351101	1.33903457972327	-2.35598729161206	3.01445416997675
kara1486	1.74960190899837	1.11653237390376	-0.193524940349486	4.26527092802746
kara1487	1.04582661599294	0.806952137269296	-0.4456695652263	2.69831495164584
kara1500	0.441414210087332	1.29442422599114	-1.98847596169339	3.08660658856293
kare1335	0.762990623222621	1.18927181822179	-1.490804486468	3.23119558861745
kare1338	0.563338116131534	1.19474138812355	-1.63525824594635	3.09006521414172
kari1311	0.665498015980117	1.25367183305353	-1.73322853235893	3.24345924510987
karn1252	1.57767023818268	1.02010041302471	-0.290867961084465	3.71338970002508
kash1277	-0.794578845962675	1.21506868472293	-3.25999950173273	1.42894697052312
katb1237	1.97378091331256	0.829300790114162	0.506966864239674	3.76139968725484
kats1235	0.149115096751736	1.07744380048488	-2.03236698575071	2.29080211893461
kava1241	-0.770785475607515	0.989435518403587	-2.80020835510601	1.13441882305774
kaya1315	1.79639029903291	1.11189056802678	-0.223888109260435	4.11572318342038
keap1239	-1.34165048376295	1.07309479608378	-3.56215578155375	0.623930698430072
kele1255	0.634520952222589	1.23363841655682	-1.59664971334856	3.21154007908096
kele1258	1.32660036176966	1.15521046705585	-0.750247183806891	3.8068177385683
kele1259	1.01773193606285	0.800357506962413	-0.464840156568268	2.71780653923187
kemb1249	-0.372042595892491	1.10055553126358	-2.51942761667336	1.83094235815857
keme1240	1.38665942121871	1.04132627150888	-0.498622831455693	3.57370461452147
keng1240	0.324630129218469	1.28483483171156	-2.10083838320227	2.97156754335338
kens1248	0.69913725633833	1.12366086050121	-1.46203032591016	3.06359947646227
keoo1238	-0.204473029637896	1.01874624406804	-2.17278165737839	1.84233855599412
kera1255	0.740553711107913	0.963800536925216	-1.06524709965178	2.76674082942537
keri1250	-1.29464993603924	1.19498746086512	-3.83097108021712	0.93011487042897
kesa1244	0.255441098588736	0.927620129150616	-1.56965286855872	2.09212563009597
kgal1244	0.417092602774992	1.25851060009179	-1.99849468097519	3.00620403396896
khak1248	0.411147740034232	1.2859673341873	-2.0577935464437	2.97307932394876
khal1275	-0.124196307791471	0.822884423169021	-1.73011238111518	1.52018755612057
kham1282	0.650829586464104	1.19079940865856	-1.6214724910673	3.09605722762826
khan1274	0.441268686970721	1.11113662313354	-1.72114707010691	2.64417558640033
khan1278	0.617844981957512	1.06029313246111	-1.37178255017257	2.87607286242632
khar1288	0.65907989426436	0.869943839742798	-0.98836958946828	2.44474889543175
khez1235	0.631434072920822	0.852197184184875	-0.982818246260196	2.3526209073812
khin1240	0.246501871579889	1.06410991415723	-1.82699348472957	2.39172233408822
khmu1256	0.931877791385759	1.11830474300327	-1.14314916836003	3.23285681425936
khva1239	-0.0234812973785205	1.00770863574204	-2.05406320332664	1.95471954272061
kich1262	0.848615543497049	1.25480639928953	-1.53277328106869	3.45069668977559
kiku1240	-0.60715417581548	1.13354624482633	-2.9109113297459	1.67720864180584
kile1243	0.837014920990975	1.26363325155791	-1.55918368261446	3.41156071768656
kili1267	-0.110802514167551	1.00752797253099	-2.03097508194223	1.93524117761894
kimm1245	-0.0314590713313393	1.05192630652578	-2.12820569342645	2.01041527606236
kimm1246	0.479019159020143	1.05106588111875	-1.54522678876026	2.57771418012492
kina1250	0.259075580288109	1.17742371957467	-1.93875163802315	2.67876911345123
kinn1249	0.583323871286898	1.1097216659277	-1.54559189407905	2.8383232347843
kips1239	-0.537195357588372	1.1317085424378	-2.85994326448711	1.67971649493318
koda1255	-0.881494935960999	1.25165015173883	-3.43633055564461	1.48804546783624
koko1269	-0.744290148886791	0.88388430134035	-2.47746065501457	1.01358774878034
kola1285	-0.776359552967143	1.1485626600096	-3.08451911154328	1.43134565267359
kolb1240	0.334683616331283	1.15826740697962	-1.89342792537041	2.75383099312691
kolc1235	-0.0658099035026774	1.10651303517788	-2.16990354505489	2.17407408320196
kolu1245	-0.947508816184348	0.820204690609859	-2.56896784552765	0.664116112769724
komb1274	1.26865838373104	1.17503660297805	-0.958142270639491	3.67575617261721
komi1268	-0.677201717692662	1.20425733169021	-3.24760874804206	1.616443806354
komi1269	-0.684943248935709	1.22855175303223	-3.25048125019498	1.68635380930961
komo1260	0.477937366069629	1.25801861732207	-1.89768024072716	3.06764512333714
konk1267	-0.710209550233173	1.22351704948879	-3.25685169705118	1.59776794951336
kony1248	0.167850508608529	0.877648890231151	-1.52572218449955	1.91805514733333
koon1244	-0.0800558108343292	1.16695052909187	-2.354089308379	2.29701154036641
koor1239	-0.10074808279807	1.11254959003777	-2.31040359163583	2.07755403076739
kore1283	-1.02435503491568	1.21363759805373	-3.57859891210775	1.29024231182871
kork1243	-0.709934184508203	1.20961479259777	-3.19840701222314	1.5851284518536
koro1298	0.95664342066309	1.21467185798721	-1.21458649319541	3.48594842280155
kosa1249	0.40384791168451	1.13534809715542	-1.77906904421169	2.68591144454246
kosr1238	0.56749376410231	1.24365085418409	-1.79363921433564	3.18915389308729
kove1237	1.73661225586877	1.11648989017523	-0.299008253189337	4.04132487755409
koyr1240	0.709481953590801	1.28284117559709	-1.70855231410062	3.3736337165461
koyr1242	0.553978330569359	1.27796918267636	-1.90551809637345	3.20312081333034
kryt1240	0.282689264748109	1.07193465400767	-1.81206837849627	2.44133961633009
kuan1247	0.357398895598522	1.2671569496632	-2.03820195819759	3.01604725332587
kuan1248	1.4884754973497	1.09837903924918	-0.465636631032496	3.84208575112567
kuik1246	-0.0631099527097879	1.07670148716782	-2.1992632592559	2.04633590658846
kuku1280	-0.0917574185647289	1.06493902776727	-2.22858323519958	2.00761079372661
kuma1276	0.336677298720141	0.938228812180916	-1.41531917749816	2.24994389753401
kumb1268	0.718716454554275	1.25235666913362	-1.66336118344897	3.30792730045985
kumz1235	0.768356583884817	1.19972908834865	-1.46951738820163	3.2957278141501
kurr1243	-0.906871113722535	1.1904699174998	-3.36322820545247	1.36521922203818
kusa1251	0.884481711383124	1.04173048007314	-0.991912775490302	3.13126068692055
kute1248	1.35829811174436	1.08887062750904	-0.635348574157304	3.61524825146912
kuyy1240	0.215729626018237	1.13362856886414	-1.95272329175664	2.51500642355689
kwai1243	-0.177460185997984	0.797834356573539	-1.7360278016122	1.39678177725082
kwam1252	1.63874857082919	0.990672709732116	-0.0924454512913708	3.77042055352236
kwar1239	-0.0805809684538238	0.797515918843659	-1.62246814031003	1.52216788983906
kweg1241	-0.585058376476419	1.11502590228316	-2.82805422729098	1.58848724407938
kyer1238	0.487592720893156	0.863165957009118	-1.16592145907042	2.19500515384212
labu1248	1.1178078473339	0.895056813348481	-0.55109277027127	3.0104825131492
lagw1237	0.865526980377547	0.993285308945996	-1.00821909868403	2.99531035184526
lahu1253	1.9399915800995	1.01583094818287	0.0740283528072148	4.0551841845966
laiy1246	-1.19801810714075	1.19572319954259	-3.69616653717475	1.02792915159264
lala1268	-0.824922115628914	1.00157758408649	-2.86460377527781	1.12566105532864
lama1277	0.0606418859648481	0.982220573635263	-1.79093191279954	2.07157863610823
lama1288	0.372856246719399	0.849766748980951	-1.26926440676646	2.06191974552022
lamb1273	-1.32413142589855	1.1595185772467	-3.78126307239831	0.880982269205446
lame1260	1.7248536481528	0.871944549448134	0.137687282677939	3.51262214214327
lamk1238	-0.575551410165302	0.965411568348671	-2.55771592274298	1.20989124168161
land1256	-0.227337331895861	1.09977131247428	-2.31480387332226	2.01145291034718
lash1243	0.0604188892185553	0.967209920112047	-1.82337851721879	1.98582647999467
latv1249	-0.593775084256697	1.20609942889544	-3.09446852095928	1.68476982143502
lave1248	0.109713292595245	1.10148704345094	-1.99861516732711	2.3097431461327
lega1249	0.516857846568585	1.1986400161484	-1.73366245039981	3.03133856520609
lega1250	0.322486342810134	1.22815842860084	-1.98153141522461	2.9847422121941
lele1267	1.40439332183395	1.05739692075461	-0.557099469888486	3.65609463110525
lele1276	0.0969923360480476	1.03966192296392	-1.92399115185496	2.21034361860492
lemb1266	-0.371080230611155	1.09948716727039	-2.513025280408	1.78337808194164
leme1238	1.71825155901548	1.1237529448054	-0.28098370460559	4.14346372868414
lena1238	1.66104329394993	0.999559387021044	-0.121711835029751	3.81918400418878
leng1259	-1.0646130620773	0.912364214040276	-2.90173536985645	0.675374354149997
lepc1244	0.985576243211232	0.995254291149595	-0.883432000122909	3.05226936647068
lewo1242	1.47409005061897	0.906904351747976	-0.179652510149912	3.37661020763534
lewo1244	-0.0589003724292566	0.98103509367134	-1.93663490082657	1.95096345450766
lezg1247	-0.18709536466436	1.08246440563966	-2.35731939891651	1.91386445075189
libi1244	1.52508528183548	1.12629259248422	-0.494459347387153	3.9250152029932
liby1240	-0.833937811823473	1.20785988593865	-3.28156542193708	1.40617040358078
lika1243	0.778766673459817	1.21297359474109	-1.45005994550191	3.38697034201245
liki1240	1.49454023013606	1.13767953410437	-0.558417463817676	3.88683388620322
limo1248	0.822154222682355	0.96152455282818	-1.00195195670677	2.79259358783796
ling1265	1.99011330618858	0.824456281908794	0.509088484850438	3.77963106398244
lipo1242	-0.390166669702354	0.996738391744826	-2.3692013853251	1.53467045903753
lish1245	-0.889443748565067	1.17246575844039	-3.34729973729795	1.32006944904771
lisu1250	0.0672100465967203	1.0368353375689	-1.97428482574812	2.05829091867167
lith1251	-0.794866967057542	1.21128065544128	-3.3258386565983	1.43500898845
lito1235	1.45912596902479	1.17094020036843	-0.685036020538761	3.84452495714018
litz1237	1.95203712561375	0.826881585712894	0.462616618659876	3.77430186188387
livv1243	1.0201031885077	1.20218147422149	-1.24657016182762	3.56032038073778
loba1239	1.40170222536919	1.16175935306152	-0.675018273913431	3.87048570251462
logo1259	0.403519622221235	1.26053693466796	-1.96984693137742	3.03533207590607
loka1252	0.000603573253990955	1.04362701018677	-2.0214222019406	2.09676705407649
lolo1259	-0.191478171304304	0.984885755324356	-2.214594380164	1.72447151447576
lomb1257	-0.0916916814095435	1.16268003060155	-2.410160630339	2.16178678808428
long1395	-0.92273885101809	0.919084634915651	-2.77946762804715	0.843482839355158
loni1238	1.342653176025	1.16294572590957	-0.701109850812058	3.86189290694219
lote1237	1.36110321110156	1.16109855731675	-0.748961061220832	3.82099450710058
louu1245	1.41489302908777	1.15397059198629	-0.618072591831424	3.83602842481657
lowl1265	-0.475765551927152	1.11285914776045	-2.67900151760209	1.67714400528383
lozi1239	-0.257914173581298	1.13706089692346	-2.51622128383794	2.04126867435438
luan1263	0.523635199053408	1.1552274583857	-1.69665201769796	2.94409051377641
luch1239	-0.322168334798066	1.10369597672565	-2.45065117900083	1.94362316597137
ludi1246	0.598476166762659	1.20464957118325	-1.73542525234629	3.06172191736064
lugb1240	0.31167448339429	1.26235146994661	-2.13068867718214	2.87740845079315
lugu1238	-0.97222452342121	1.11166872871607	-3.22985622974397	1.17283107150783
lule1254	-0.994448871432042	1.20903610030086	-3.52419533099105	1.24912169883553
lund1266	0.0721166574361534	1.2203891009555	-2.21041867119719	2.58140406090652
luok1236	-0.935107739916765	1.17737472331969	-3.30593516128234	1.30896148593263
luse1252	1.0246173007799	1.22827777677061	-1.24270077484505	3.66666136238668
lush1249	0.0386064575135977	1.00662288050424	-1.93950442246186	2.02639275803363
lush1252	0.128386689220278	1.17317136412775	-2.15021143747238	2.52524176748369
luva1239	-0.710153099951883	1.11298513285181	-2.91449295246238	1.49565870181644
luya1241	0.0463647759052604	1.17902110325951	-2.22100500285986	2.46520525660597
maan1238	-0.871840561473636	1.15823818048916	-3.18461087493873	1.33227700444635
maba1270	1.20259902708425	1.2529800637849	-1.08806612984498	3.86360097435109
mace1250	-0.272070678559651	1.14379227154011	-2.62235892184374	1.91299487045659
macu1259	0.616166064299505	1.23757725449085	-1.71029449353206	3.15487516279803
macu1260	1.16787336292099	1.14823634834613	-0.999422425177683	3.5345348268593
mada1285	1.7621840516187	1.07377537039194	-0.140836851404546	4.03930615239514
madi1260	0.332572127992562	1.22222319669938	-2.01507990941692	2.82433590239776
maee1241	1.91165763174862	0.83790894511121	0.403282642761417	3.68397722205444
mafe1237	2.0572624402904	0.924258377707977	0.413234611380051	4.03238156929218
magd1235	-0.237075698335201	1.08599072017363	-2.4716089429706	1.86290020856753
maia1253	0.812902588239922	0.961373783248655	-1.00246492624919	2.79549701875093
mais1250	-0.418386235982874	1.03852496356938	-2.43692420125523	1.65527893506924
mait1250	-0.257364087787687	1.0367555928908	-2.33190902871927	1.78740239484373
maja1242	0.799261843654033	1.18787965255734	-1.45745817578316	3.30109385237515
maka1304	-0.274614132240479	1.05394382742661	-2.34081952646482	1.88801189012433
makh1264	-0.242554857462179	1.16690001116517	-2.53112396728461	2.10179171369702
makh1266	-1.30824529875803	1.16441912037782	-3.69565060388453	0.904659247280298
mala1463	-0.706963557527737	1.28699256505825	-3.33991568904838	1.7602947855306
mala1464	-0.808090939296862	1.29279289265979	-3.49737010803431	1.65274124219095
mala1479	0.0522092385203869	1.13954589143946	-2.19046572618402	2.33522410719021
mala1522	0.311269903961817	1.19985547577098	-1.93786989134019	2.74934787915369
male1284	-0.151063242707827	1.0805146107372	-2.24522573987266	1.94470554003554
male1289	1.692525716864	1.09784790968661	-0.231097718754299	4.04632121180031
male1297	0.342129143736853	1.33164822562403	-2.18002417110216	3.03078845396906
malg1251	0.595564767910761	1.02885818587538	-1.34653252417639	2.68152302204731
mali1285	1.25014052261928	1.10753926431126	-0.833431535021372	3.56664531514958
malo1243	1.98542732394962	0.877398850731533	0.430326551719577	3.86640562178018
malt1254	-0.73599498319398	1.23192883340185	-3.36148557320039	1.59949346579029
malu1245	1.8904562974669	0.84851343857001	0.366857914289042	3.71988264293573
mamb1294	0.415611868556526	0.965592245683398	-1.43732442505155	2.36350024551086
mamb1296	0.275208894275296	1.26148892400589	-2.12069918084044	2.96800313039732
mamm1241	0.872632591862776	1.25564997481052	-1.52108850468038	3.47584815516657
mamv1243	0.429318207788715	1.23726810588147	-1.93187358108046	2.96021505479431
mana1288	-0.557120009719573	0.96662815549687	-2.4996618177873	1.2946410609859
mana1295	0.820306504571667	1.08385083112686	-1.21352540622767	3.10929609751376
mand1415	-0.715029778303179	1.21678953735284	-3.23402854729034	1.58057604761169
mand1440	1.60157099148173	1.11267037620456	-0.41746265108396	3.94754770021
mang1378	1.03176593461833	1.00078665158827	-0.837180186146224	3.04942443466457
mang1394	0.909081589079792	1.20023082144615	-1.3242501681514	3.437273322365
mang1401	0.511315833277105	1.22990678254052	-1.79599987874749	3.09391457289147
mang1405	-0.905437847343499	1.03818119865434	-2.98980539074854	1.08005826168499
manm1238	1.09313529985028	0.975753411741276	-0.78123788933079	3.06764677272258
maor1246	0.523096709744299	1.22690472847159	-1.76766826662947	3.04850364678513
mapo1242	1.00174283494455	0.914252589705683	-0.726571262127499	2.8918795356151
maqu1238	0.589710620285509	1.25310210847179	-1.75193245445682	3.14451660658493
mara1378	-0.729531091593203	1.20089910608107	-3.25113408523145	1.62146182656799
mara1382	0.263664577786173	0.984049931268197	-1.69586331194029	2.21246355489725
mara1399	1.91145638004999	0.833617532913462	0.397577496273735	3.68820311114933
marg1265	0.635863761573265	0.959690300936483	-1.19125506200202	2.57766898326739
mari1426	1.93596355963751	1.11496212018146	-0.0902100033984417	4.31702922777946
mars1254	0.530551432037418	1.22803614816886	-1.74836561471447	3.08146753770538
mart1255	-0.00255491997629615	1.10626123157164	-2.23783188926752	2.20752833577735
maru1249	-0.376178282562863	1.05195755973501	-2.46356676395606	1.65054593468308
maru1252	-0.439313264828616	1.20238269245489	-2.90204559749606	1.84707373462106
masa1322	0.734194489032143	0.957286068051518	-1.03734464532011	2.74911649663204
masb1238	-0.547048426450216	1.16159353055727	-2.91916842162692	1.70552556497176
mask1242	1.95330601330376	0.851119743971609	0.415924630956277	3.73014169631823
matb1237	0.857473151720736	1.21341336953261	-1.44547333946541	3.4225732024533
mati1250	-0.340313547104982	0.956330174042888	-2.1930691783975	1.59612711918673
mato1252	1.08576797389973	0.835265201475368	-0.479188454196679	2.7506652012724
mats1244	-0.518591731354027	1.19983001315861	-2.99621853597509	1.77568249885074
matu1259	-1.21879375328326	1.17972407539563	-3.55704065437912	1.01863511366865
matu1261	0.627494571060374	0.889734558608674	-1.09450909284703	2.44657727557167
maxa1247	-1.08156961072096	1.26588449814809	-3.73796422087793	1.31734001358077
mayo1261	0.829668021648401	1.21045835555887	-1.41477313676598	3.3491752693655
mayo1264	0.0272554918564412	1.2132362447598	-2.32210007426295	2.5677737916636
maza1304	0.656642529650427	0.867910927364145	-1.00399323371984	2.47073158849392
mbaa1245	0.693311724787667	1.24120676776032	-1.65477368211056	3.25210635333031
mban1263	1.07354647816772	1.29412190848642	-1.34261640830442	3.84471561889694
mbar1260	0.712566410910359	1.00567306249711	-1.17442692028145	2.73825894105794
mbay1241	0.406810922293146	1.12160758985464	-1.73404388297549	2.67770883579699
mber1257	0.0230310367106274	1.20066985448891	-2.23637969713457	2.47417645695257
mbul1263	1.62359732068852	1.04177794470842	-0.274448514530481	3.85828587812534
meen1242	0.528716512891271	1.19470411699074	-1.75823739921747	2.98937564994967
meke1243	-0.77408478569534	1.01567531626942	-2.84633442201838	1.22220638360505
mele1250	1.38775240647401	1.05622958374738	-0.609815061660366	3.59205959693706
melp1238	-0.583893712113348	1.0078347066172	-2.58694185195127	1.40598373187471
mere1242	1.89747012384364	1.00238205525487	0.14149586512491	4.01932986672952
meta1238	0.850650839416348	1.06318899471282	-1.15899748685502	3.05338995233852
mezo1235	-0.186787384451394	1.13032197581175	-2.46596396681319	1.96537751752719
mezq1235	0.32289492653832	1.09930810576141	-1.86193226539582	2.54335900382078
mich1245	0.420439281348257	1.26829686260982	-1.95977886434315	3.10017126887939
miju1243	-0.162774218134834	1.02095711711647	-2.20798323120386	1.79876123225824
mikm1235	-0.244907995501308	1.28033950328521	-2.87551845692231	2.24291066384905
mila1245	-0.055137220878489	1.03657810920135	-2.09288379445148	2.00412873944336
mina1268	-1.11741601200657	1.20756711614374	-3.60847849414507	1.09675470676669
mina1276	0.728002772375344	0.848651264624739	-0.893100704850402	2.46474619889124
mini1251	1.53732234149358	1.10409734260541	-0.420258385466917	3.88593275183327
minn1241	0.580545050522838	1.19939114496529	-1.65950342892965	3.04908940492932
mixt1426	-0.395820337187971	1.05846043697705	-2.53605206879562	1.62545131832538
miya1266	1.51654274571415	1.19651926358569	-0.658463923696453	4.04429405743604
mlab1235	-0.710779329338809	1.15457511214452	-3.19161638635706	1.43903789630551
moba1244	0.687293512189688	1.20788284435736	-1.53735139721915	3.17875285859065
moch1257	0.884183421089087	1.24155292619675	-1.44491185631889	3.43529692282569
mode1248	-0.65202845153558	1.21983539209196	-3.19035349906615	1.66186562554546
moha1258	-0.654275791523776	1.32527893383064	-3.45203207547745	1.88164837982635
moke1242	-0.958548685222714	1.21760569426139	-3.48664197768605	1.32975355346735
moki1238	-0.423842150598503	1.11464138709544	-2.64079948694879	1.77602588630934
mokl1243	-0.809904249317244	1.20394864891766	-3.27993411843247	1.49789251283492
mokp1239	-0.438440938838506	1.06500979822736	-2.50805483534195	1.67177010560553
moks1248	-0.576836069522991	1.21240464255355	-3.11320899600728	1.71186378370644
mong1338	0.537950713799505	1.25676912722167	-1.77980657344184	3.16792326878284
monn1252	0.477071962215204	1.19083845984642	-1.79707964876429	2.91393568450614
mono1273	0.307935557760782	1.13442047603551	-1.83055889788976	2.65985163267347
mono1275	0.364270465308205	1.28095448201199	-2.02695216433051	3.04959072115605
mopa1243	0.540917423497785	1.29311678363712	-1.9182792042474	3.09733423017874
morm1235	0.559559829597562	1.07057023010398	-1.44702917740833	2.73472822111618
moro1287	-1.43505483953629	1.23353967559061	-3.99885327448203	0.822351698395361
mort1237	0.515284655678069	1.21124391626748	-1.71972175898498	3.06403617205125
motl1237	1.67283141011477	1.1400633993648	-0.343719850619029	4.07357457829927
motu1246	-1.32388578309221	1.05366162586816	-3.51295404151219	0.641269875718002
mpad1242	1.06026064347072	1.12855111567376	-1.052498775344	3.41839150648826
mpii1239	-0.633739326302223	1.16538803853277	-3.04289058303837	1.56951388428734
mpot1240	-1.09673282473225	1.18581955723793	-3.5580210196733	1.19172914729673
mual1241	-0.628515553739961	1.13122405243456	-2.9045329572208	1.59674163533466
mudu1239	-0.845551410423259	1.28605918583828	-3.46603629318502	1.55429378669561
mudu1242	1.65341157530436	1.23113699567849	-0.55050172503599	4.33067146404976
munc1235	1.41128724935269	1.19831053016985	-0.716513228839316	3.92513013794225
mund1325	0.693921310034548	0.990523430836719	-1.19143854259132	2.71589573102533
mund1328	1.37542954364373	1.02455884702555	-0.483116404528682	3.53411970313319
murl1244	-0.487234083351047	1.2405004139533	-2.96267447265952	1.96294038969907
muru1266	-0.728192737438049	1.20848557226189	-3.29915460445699	1.58947699941222
musg1254	0.586919636900359	0.936800680026266	-1.16579895914283	2.49013090226473
muyu1244	-0.827659325825147	1.13139655431121	-3.18590959323055	1.33537130231436
mwag1236	1.71000737286181	1.15057252126743	-0.346278190673504	4.20533166666826
mwan1247	-1.43274597629326	1.20690515448307	-3.97847684432037	0.808920477605787
naka1262	1.50260889710859	1.15394525145229	-0.558246125542281	3.94488082456039
nali1244	1.80580729028814	1.08971584955371	-0.117270675838588	4.18012086123727
nama1268	1.15635314062042	0.970156187662504	-0.630648445964687	3.17373449344013
nana1257	-0.442338534187533	1.2348819241672	-2.95580248248332	1.88563132739318
nand1266	-1.02497887454577	1.12721924316549	-3.35639507285642	1.1230085614082
nang1262	-0.580572161597874	1.03835524506612	-2.669979918977	1.43077037568546
nant1250	0.490250694526196	1.14801617256514	-1.73258260624045	2.81375633497078
naue1237	0.9509105927168	1.1856320609945	-1.24876003980535	3.42761572112327
naur1243	-0.884280453000495	1.20052082594399	-3.36879375212704	1.35186078207391
nava1243	0.545515488134617	1.21828311298113	-1.78771500397397	3.0375130425666
nawu1242	0.455655882076111	1.18176375863684	-1.73667603922681	2.8860903270491
naxi1245	1.35422075894941	1.09100537980195	-0.604015884255869	3.63698050737719
ncan1245	1.3303279064908	1.0122227789456	-0.538515767974769	3.46654356135764
ndam1239	-0.924403166836485	1.12811168088593	-3.15342747895596	1.21877901828101
ndog1248	0.41066958348242	1.21779472886258	-1.8768326726519	2.91813619492344
ndun1249	1.08703565888144	1.23406532576396	-1.19004671037788	3.61467057006649
neha1247	-0.381567103458445	1.10546314376841	-2.6067168418243	1.80010716413
nend1239	0.46450753721447	0.916111782617957	-1.30622825092663	2.30285698356471
nene1249	-0.668109374996139	1.24855432245979	-3.22966708563862	1.68948953266818
neng1238	-0.643165193335049	1.08945716132586	-2.86540641998525	1.43509420619487
nese1235	1.90606355085929	0.843675594139976	0.377180769911457	3.69733956702756
newa1246	0.594874289353219	0.87467712838931	-1.09660907708396	2.41248064093961
ngaa1240	0.649314677128222	1.23012106596922	-1.65714218765666	3.21962011499729
ngab1239	0.452493167351098	1.26568436264442	-1.97990333167554	2.97301495892674
ngam1268	0.326394772259117	1.13287009063482	-1.8531243549139	2.5988159025212
ngan1291	-0.614043900138782	1.21225933095384	-3.1714758713826	1.70938447289782
ngar1235	-0.724607566010016	1.24761623115496	-3.30143082894485	1.61845034102234
ngba1284	0.979429851525428	1.2250961907634	-1.22739919528055	3.58657788141051
ngba1285	1.39342883309145	1.1848385991374	-0.749536584166115	3.82757057541072
ngit1239	-0.6159750483423	1.18816157502663	-3.03144981495271	1.74644507372017
ngom1268	1.2285745553447	1.2376555058356	-1.09247859934504	3.7923103026098
nhan1238	-0.716947279223223	1.23104540704913	-3.27570647821288	1.59672607377761
nhen1239	-0.381608997839659	1.13222148548055	-2.62060985265629	1.83544478909462
niua1240	0.271954784620323	1.19139909200964	-1.98290402262882	2.70886765659341
niue1239	0.490976122596782	1.20199051045195	-1.77007263035146	3.0285366059709
njan1240	0.78907780167822	1.08698069710961	-1.29883245408276	3.06849215188495
noct1238	-0.372172906704774	0.942201198480657	-2.26473909197108	1.40570798749566
noma1260	-1.01405887456246	0.879172605657012	-2.75216212865967	0.705941945818783
noon1242	0.352951477994677	1.21415928362136	-1.9282777397919	2.85459497723009
noon1243	1.25650018203391	1.01357297957002	-0.608833626602046	3.39473681630535
nopa1235	-0.184840498752933	1.07686202870633	-2.31856774141966	1.97731583090782
nort2671	-0.681280794942848	1.22291684447452	-3.23455214533022	1.56675068424176
nort2684	-0.467290929697167	1.15644360529705	-2.76488712439349	1.80798565474497
nort2690	0.403313972143405	1.23753950048374	-2.0039882869889	2.87231866287718
nort2697	0.235167269267175	1.18647735269525	-2.12197266831738	2.59593864866527
nort2702	-0.0901702687834221	1.23335428966012	-2.53154414342033	2.25496492856197
nort2722	-0.443514786586151	1.0309969328412	-2.5418455843654	1.53293879140621
nort2723	1.40785372071146	1.1294512645965	-0.665831593551858	3.78054572897518
nort2724	0.916047091913141	1.03538508359568	-1.01352575828083	3.07175806162801
nort2732	0.959069029249548	1.21217846337179	-1.29496526988893	3.52492517565255
nort2747	0.703501397322833	1.28503473979206	-1.75819971485692	3.33298814076458
nort2774	1.11259093093811	1.19731860924841	-1.05867922591725	3.6410479312673
nort2845	0.543009197343834	1.23397028623003	-1.76046116433048	3.08994723513627
nort2847	1.69781523957519	0.996988500025008	-0.105155207069249	3.82231791688099
nort2885	-0.802549718857745	1.14781704253696	-3.16225132194839	1.38017334148078
nort2942	0.401021094625278	1.2411289175238	-2.01038760722433	2.99161011668158
nort2954	0.367845958505659	1.26638224243802	-1.94464247672046	2.99340703033721
nort2957	0.630309323899577	1.18649136260223	-1.58047179752692	3.15709283731476
nort2959	-1.19679426180409	1.18492371948281	-3.60612434123425	1.08425995142752
nort2961	-0.269681006945306	1.2892047563091	-2.88181601186753	2.19729872178133
nort2980	-0.979112814554422	1.22935144665138	-3.43035546516692	1.36466804505117
nort3047	0.724034968940055	0.880995892505903	-0.959430969826076	2.56437410518917
nort3139	-0.877530248145025	1.19085725149141	-3.32618320526201	1.37991309082708
nots1237	1.80791626613561	1.07104796338167	-0.104422637236326	4.07229886826536
nsen1242	-1.03309053358504	1.17584595908239	-3.41634277293491	1.25703860022173
nucl1235	-0.50827232759802	1.17275078029735	-2.89100343349959	1.67708655634674
nucl1240	0.664898247317932	1.07049137125306	-1.39117891286327	2.85784086717617
nucl1301	0.386346865996234	1.23834408639542	-1.95290466103351	2.91001843647581
nucl1305	-0.739955355461458	1.28311328857822	-3.40097567473946	1.72414787015965
nucl1310	1.45662341584846	1.11109507329165	-0.557681811696323	3.8090035049044
nucl1417	0.648112128736228	1.06301159447772	-1.3282693370122	2.89574774105341
nucl1706	-0.66685658990248	1.20646755285554	-3.15060103155321	1.57938890222553
nuer1246	-0.702803342971643	1.2179072140673	-3.19395419059691	1.6329382229739
nugu1242	-1.13817088313147	0.882980454581337	-2.90640062001824	0.615153505829158
nukn1238	1.08057591282222	0.833126653039052	-0.508986401431933	2.77829851961454
nupe1254	0.700449987337933	1.24732018563222	-1.58533422380587	3.33299046101797
nyah1250	-0.903968497361943	1.22111943163166	-3.47227867785834	1.38573540451546
nyak1260	-0.906467480569235	1.11887738803315	-3.1731051224874	1.24586809499085
nyal1254	0.495475878212228	1.09766955936022	-1.58656193576402	2.69614588681562
nyam1285	1.3453096322658	1.08119487676196	-0.646407865347966	3.65123301881366
nyan1301	-0.637096139614278	1.21378637405362	-3.14716499401064	1.653006309094
nyan1307	-1.0462640924887	1.16579551617046	-3.40254184600955	1.16711665973934
nyor1246	-0.0595616718085382	1.09187468827005	-2.1745444562421	2.20581543312074
nzak1246	0.570813970580578	1.16156070305473	-1.60689893097105	2.99922446295353
nzak1247	0.814973891936207	1.24929117703725	-1.43755209547004	3.39124512493021
obom1235	-0.283895332463213	0.918993257124396	-2.09426123812908	1.55234032682406
occi1239	0.733472813001406	1.2064168808841	-1.52875479286492	3.17240037206519
ocot1244	-0.687096438065394	1.06430614418475	-2.80832257364183	1.41847744883937
okan1243	-1.0607750695949	1.23826082508317	-3.65583242309843	1.29655446371681
oksa1245	0.325420071260511	1.11539553711027	-1.82166470955361	2.58029090321294
onon1246	-0.764734727273439	1.26902596404855	-3.36966104706921	1.61579934638998
onto1237	-0.812884885797999	1.16007074347006	-3.17809539885248	1.42160820090304
oriy1255	-0.681805258284652	1.23102508977888	-3.23090158262257	1.62558026275881
orow1242	0.383798116585113	0.973825547097513	-1.44045558968476	2.42454820009492
otta1242	-0.27485834504374	1.28513878518721	-2.90623223939944	2.15117884486185
owaa1237	-0.709230614767462	1.10715980697241	-2.90459761772581	1.43967657541296
paaa1242	1.4182911034496	1.1920149544635	-0.793052661803082	3.90960227085884
paam1238	1.75494639337286	0.872268007361423	0.167390839142336	3.61581632982682
paas1238	0.444127678970958	1.22431365057459	-1.88783903967909	3.00702556866141
paco1243	-0.702866251856304	1.12299466849952	-2.97279746146671	1.44574924198996
pagi1243	1.06567748893794	1.18620334873357	-1.09401315413067	3.5283156510253
pagu1249	-0.155789644047563	1.15911928390978	-2.46634165487415	2.11935158030638
pahn1237	-0.180521030563197	1.08316631965333	-2.38068127550624	1.94103537644725
pala1344	0.440119150149784	1.17980908902898	-1.74944892490855	2.90296030318264
pamb1243	0.831097740609861	1.20128847129215	-1.37242265766065	3.35767917672311
pana1307	0.349327623505414	1.21983336384018	-1.9348011894986	2.82589129785597
pang1287	-0.599641262776243	1.09466588490487	-2.76602672666563	1.54354310908511
pang1290	0.600805982943971	0.968539995789764	-1.23626653930003	2.57646236769146
pang1291	-0.945813923261719	1.15009355517563	-3.33525869899557	1.23250202814769
panj1256	-0.574160981584162	1.2104750413463	-3.10661857376292	1.70725522595043
papa1265	-0.560680189448423	0.988810273012695	-2.54428792399643	1.38664130812787
para1301	1.01527847851139	1.14559690122213	-1.15848202875358	3.34357395352745
para1302	0.166650889718916	0.888399589746049	-1.57322053545844	1.99133867548415
para1311	0.578839139307023	1.19750883855595	-1.70632423518181	3.11127698905475
pare1266	-0.33738675581564	1.14512671450047	-2.65509662332444	1.86125736701965
pare1272	-0.759511331214925	1.2149461711395	-3.27356214556996	1.55496767083294
pate1247	0.890241201065404	0.931688182979152	-0.85575652821737	2.86411277581909
patp1243	1.39527788284927	1.09289781544271	-0.593071595848017	3.67310918555789
paul1238	0.874692380198405	1.1723252354706	-1.2973730374695	3.28259354316616
payn1244	0.495280201242458	0.924700578616735	-1.2657626041118	2.37380160073273
pech1241	0.233546096230037	1.33011579947363	-2.30804056823618	3.01731461457956
peer1241	0.389042287025392	1.09186823037575	-1.70146393077616	2.58891052578568
pela1242	-0.494693238478152	0.949485191264377	-2.41915138890253	1.36314074887729
pemo1248	0.758876117208867	1.21927035277436	-1.59444600148727	3.31993717452737
pend1242	-1.46392098737236	1.07039567587733	-3.67787435538767	0.487598023676619
pile1238	-0.473143958269076	0.978794345000757	-2.44189894708929	1.47319738598898
pima1248	0.176613419357214	1.19115352302893	-2.06216646835032	2.63592169002052
ping1243	0.206868157298152	1.15238065547899	-2.01735529734324	2.5859783064454
pipi1250	0.561700524204066	1.25302539360264	-1.7970914833424	3.18520379508448
pite1240	-1.0430755190913	1.23171646994906	-3.67617147690449	1.21901899672037
plai1258	-0.237714913131988	1.25794738095698	-2.82404619179673	2.14296023293003
pnar1238	-0.115274246216395	1.04823260805447	-2.19382681409748	1.96758306044386
pohn1238	0.283921088315382	1.16457377731797	-1.93305096850289	2.6706757265844
poko1263	-0.371235258146175	1.15430579545827	-2.6312404883911	1.89820051395084
poli1260	-0.636285382812322	1.21559210174728	-3.14468031565768	1.66903108375181
popt1235	0.987028946080285	1.23889770700327	-1.32746780166642	3.5866875849369
port1283	0.873561243230907	1.18261403783699	-1.36361212017755	3.35879028836323
port1285	1.96460391143384	0.851196227768863	0.403871198434591	3.72937911572773
psik1239	0.492361930947468	0.844466190538073	-1.14083474491765	2.19496062409762
puka1242	0.503882256681659	1.22801143888834	-1.82362535159984	3.07432446431616
puma1239	-1.03575164235962	0.8356499918477	-2.7553312972621	0.540901553074363
puoc1238	-0.335717852142129	1.13860476882339	-2.57153730588013	1.8504927284193
puri1258	-0.871256064765893	1.18589953372661	-3.30697322576927	1.35368750309103
qanj1241	0.95664455079412	1.26473843869745	-1.42252672295313	3.58379924169237
qima1242	0.709020973339444	1.23191386568753	-1.65238817498978	3.2919263266733
quer1236	0.57662157447196	1.13231692903252	-1.64887132965798	2.83716222234329
quio1240	-1.41236753886914	1.10422379006576	-3.71568291731107	0.685626723827
rabh1238	0.00102003865394719	0.99979409850573	-1.96395596712166	1.96054681825269
rama1270	0.342047163796612	1.30637082880697	-2.16461635578227	2.99643181105753
rapa1244	0.50568136084167	1.20029445152517	-1.73241388375998	2.99887245440433
rapa1245	-0.875102217677797	1.21245193756446	-3.36226680225446	1.41792386455958
raro1241	-0.869079246719182	1.19751170153171	-3.32764162289464	1.44557924607077
rata1244	-0.903880586428474	1.17988112179162	-3.38652775043986	1.35452253595129
raut1239	0.984228530101943	1.1520579324108	-1.21288123241948	3.41117516170431
remb1250	-0.271396387232048	0.997206259674483	-2.2040607622498	1.68558213801575
remo1247	0.551372017587322	1.15765101358962	-1.65968533213142	2.93599774682944
reng1252	-1.04986973018044	1.05096253451287	-3.2644789528492	0.914830857825154
renn1242	0.217381140869371	1.15665029426543	-2.06801861534808	2.58901640071073
reye1240	-0.317582447606739	1.20346935949437	-2.76976145295452	1.97518819199253
roma1326	0.422589797361454	1.14527871699959	-1.79013728033409	2.79402544306789
romb1245	0.237015553381853	1.18461074148038	-2.02834766922108	2.63086272197712
rong1264	1.37141758016131	1.15997699446851	-0.760259900205903	3.77560054586314
ronn1241	1.68518276910648	1.15238430451174	-0.356687368359455	4.12575660102391
rotu1241	0.469719421530091	1.20001394637076	-1.83785731052691	2.96047203842254
rovi1238	0.880725931713189	1.04798934493485	-1.03101676277738	3.20184339283374
ruch1235	1.47960398708965	1.18706295901219	-0.755533308029487	3.99192884232426
ruka1240	-0.497300986678067	0.933193134714148	-2.33390729969988	1.34426008919312
ruma1248	-0.326422757939132	1.00664437036872	-2.29217909760739	1.61193443539363
russ1263	-0.571937433055639	1.20787466390307	-3.06342057370347	1.62860487905839
saaa1240	-0.285432101901265	0.927421584344704	-2.09228076687442	1.5154066143016
saaa1241	1.95436409461852	0.919611010524605	0.281900918222973	3.92006881624953
saar1237	-0.165177132443516	0.88680186416435	-1.90424701384133	1.54668365655368
sabu1255	-1.14221174416775	1.10300951080377	-3.38074266786488	0.944463251733018
sais1237	-0.736067563180225	0.965529589103415	-2.70959178008168	1.11479565811778
saka1289	1.94836938826669	1.03122949454226	0.132655252458068	4.14891033170908
samb1305	0.309982449543472	1.02813414464212	-1.66701039945779	2.44462000095183
samb1311	0.357582766046772	1.02020287295915	-1.60151625188961	2.41874068785553
samo1305	-0.879555410943959	1.15151606258682	-3.19623268704498	1.3373760519808
sana1295	0.80733908569104	1.2013154865209	-1.5035510496386	3.32357645740591
sanb1241	-0.25928119090242	1.03752722579842	-2.32425775390633	1.78947941495133
sanb1242	0.316422345962658	1.32324367292507	-2.18609745849711	3.02388601062971
sang1321	0.563758261498908	0.859862109053861	-1.06748559136509	2.27543765555072
sang1331	0.31837029998619	1.25124152636877	-2.00358095717326	2.88191503262148
sani1269	1.13724644054578	1.12608289196216	-0.992036642313783	3.42390562324032
sanj1284	-1.063642484811	1.05305986104328	-3.18748122119757	0.952352850048744
sanm1289	-0.67582692345249	1.25710118735022	-3.30486018792056	1.68238367616424
sanm1295	0.0304600507458167	1.05864477029334	-2.10971981671801	2.11663762554092
sanm1301	0.270118675267971	1.12642702214103	-1.95812660491763	2.54563629026617
sant1436	0.724827534395066	1.07927773344918	-1.3633739111197	2.8940417501786
sant1451	-0.420942441102353	1.07914625440749	-2.5675278726652	1.67308415720443
sapo1253	-0.31076013597057	0.923578768447956	-2.1061926363071	1.53129899910704
sara1321	0.271028732654351	1.28844544821974	-2.14382594464182	2.90044945899837
sars1236	0.315939037424025	1.24212216863638	-2.06508305725562	2.86911103997664
sasa1249	0.576232448790409	1.19949924867447	-1.65248804095249	3.05925592532857
sata1237	0.547124994373715	1.25688370226971	-1.83814411490793	3.21937148997688
sauk1252	1.1419257938281	0.849920045730076	-0.451962669750886	2.90032355236824
saur1249	-0.634498139421576	1.18882742635175	-3.15033712564865	1.66859561745448
saya1246	1.76665983672085	1.18999482928679	-0.375005511111189	4.32274778894469
seda1262	-1.22920860715769	1.06296798721095	-3.43818152269834	0.758509105610884
seim1238	0.387094261739433	1.16676861543593	-1.79017106737806	2.77760534806258
seke1241	1.98480355378018	0.924009858144604	0.289151882779682	3.97561479929934
sela1259	0.457666016867321	1.25612610457709	-1.91021983642646	3.00644004403666
selk1253	-0.666553028564549	1.19870991549778	-3.10071508759063	1.62977244792054
sema1265	-0.845072272101288	1.12317620315461	-3.12729872969226	1.28049931768825
seme1247	-0.662939496094907	1.07691483484425	-2.85689973614997	1.39066867310664
sene1264	-0.722934651235639	1.29585352015483	-3.38003518203187	1.71661374870306
seng1281	1.50752554812335	1.1445500417005	-0.551033936597994	3.92705943888295
seve1240	-0.27135127374575	1.3187786738501	-2.97331311245885	2.27622727118782
sgaw1245	0.0661809580614119	1.14664583777914	-2.26133303226026	2.30094145186079
sham1280	-0.231814142924225	1.11132576907558	-2.36709713487875	2.03589217707259
shan1283	0.559064806708478	1.23341112469505	-1.76771448043347	3.02702962078708
shaw1249	-0.270307119554631	1.28100849442781	-2.82802962723732	2.19381901169944
shil1265	0.36772132482876	1.21918547445239	-1.99723645400946	2.87930887342024
shix1238	1.49003525873868	1.11809640578168	-0.549403459409841	3.83782899732857
shon1251	0.182052388456643	1.20291100623177	-2.10976427111223	2.65168586927114
shos1248	0.311938093594534	1.24318711944136	-2.03454102010701	2.91530951369247
shwe1236	-0.126703788298517	0.968680454656712	-2.06340632280944	1.76018873340247
sich1238	1.28842294775756	1.13032492343401	-0.827928553562907	3.61731594059541
sici1248	-0.755053909911425	1.22078830938955	-3.24277000713002	1.54727023376888
siee1239	1.65333643942163	1.07032980764385	-0.308850419388334	3.97848695612271
sier1250	-1.38325615285327	1.09283483027469	-3.61670442047121	0.650533672360732
sika1261	-0.829870486966308	1.1555031042182	-3.20744276962839	1.39515419678286
siks1238	-0.217158946185197	1.29562426233137	-2.85204425984905	2.2588385852902
sina1266	-1.34052305318127	1.04710364575759	-3.54693971739565	0.587241871309651
sing1264	-0.504050072829468	0.99522768862075	-2.52421658012716	1.44192440486554
sion1247	-1.16335886765113	1.21730672566167	-3.71283778249094	1.12051186652532
sioo1240	1.29443047258356	0.90644393445007	-0.410731670935685	3.18953907276788
siri1273	0.708158838380092	1.18249007894245	-1.53932856916903	3.08372633531109
siri1274	0.947245284506098	1.13910559239802	-1.1891778955188	3.24705999737922
situ1238	-0.743800494903691	1.01865831747588	-2.77703442975318	1.21830939302416
siwi1239	0.553029704760115	1.21425850917421	-1.71727052401818	3.11580888047786
skol1241	-0.610024746400107	1.19957991015353	-3.1404463202399	1.66201126266262
slov1268	-0.582257998224913	1.20773598623636	-3.11161384097838	1.71028281428294
sobe1238	-0.600965702612584	1.15297758758789	-2.89987015289703	1.61497503611724
soch1239	-1.31863477826534	1.13850921124378	-3.70081601459453	0.825121737180405
soga1242	-1.10870216306241	1.15141387734345	-3.42021221358521	1.07550304887777
sons1242	-0.831518773536065	1.19227521400249	-3.24287700094086	1.46153033065642
sooo1254	-0.0878754904699275	1.01520118359736	-2.04730853561129	1.86008246568838
sout1528	0.701487190052725	1.20532814780471	-1.56190437875448	3.07873892731203
sout2649	0.885836331851823	1.17877362678076	-1.36047144059123	3.32045774312775
sout2674	-0.645155520111191	1.19974605269925	-3.1427314052594	1.67336364970012
sout2679	1.03220621097011	1.20050204425187	-1.16999698894631	3.49565588046297
sout2728	-0.594818091895917	1.07433616319032	-2.7392133669387	1.46251409918274
sout2729	1.76101161838005	1.09719561556533	-0.219858483484286	4.11243430162237
sout2730	0.152524268001269	0.989204630690112	-1.71883089444446	2.11946291460952
sout2782	0.132479439501333	0.974850699248067	-1.78882888657468	2.04499322526317
sout2807	0.141734170597447	1.18882973153012	-2.16402181926637	2.49553653121616
sout2857	1.8891414490664	0.881672722990613	0.263473462535008	3.72489752298485
sout2859	1.86739636093768	0.875019337147111	0.271859063294246	3.71092111024234
sout2869	1.63947478096287	0.990547537781409	-0.0910253861468505	3.76348135338846
sout2895	0.923151960264281	1.17769086648362	-1.25224306272467	3.38651988508901
sout2959	0.386867632694262	1.26513324161699	-2.06484782308125	3.02289200331122
sout2976	0.591738936992222	1.23950599875761	-1.72636217838787	3.14332648472714
sout3261	-0.558555008361618	1.11159481859762	-2.84342107156422	1.60518595099633
stan1289	0.789531461899788	1.18723683866178	-1.45270663275662	3.27487088078806
stan1290	0.815787957786795	1.21515906254319	-1.50929927751994	3.27486261441702
stan1293	0.741639652360459	1.21856682666605	-1.5909745611367	3.2756022041137
stan1306	-0.040884415161992	1.08782303240147	-2.17807898908196	2.04155698244769
stan1318	0.777194844916868	1.2105443007025	-1.484710757961	3.22593501953335
sund1252	0.392476940253646	1.14601436816706	-1.79713577619263	2.73643870850663
supy1237	0.379371242292618	1.20808186144468	-1.9030161168603	2.83815805595142
surg1248	0.721600960285778	1.19600567146992	-1.50548659265945	3.19008200141049
swah1253	-0.624145369028181	1.12959920421665	-2.85252359321155	1.61080382142848
swed1254	0.764112294024148	1.18958662121759	-1.48645663381437	3.25072379776741
taba1263	-0.0456067164368366	1.16601417802167	-2.38919665134096	2.25967527442346
taga1272	-0.365450262968094	0.972286786201521	-2.30058683324196	1.55141443652807
tagw1240	0.20418006475991	1.21511647076406	-2.15655816166947	2.70456797910961
taha1241	0.578886788750527	1.24278713391442	-1.72448495370536	3.17613113894117
tahi1242	0.511121972614688	1.22230755307105	-1.78043606863295	3.00793466742914
taji1246	-1.40692690909738	1.0651804354592	-3.62201437943991	0.538453560157753
taku1257	0.296417634525981	1.16756224371426	-1.9354937800687	2.60444577229908
tama1365	1.03823712813222	1.18623445390087	-1.1402370906965	3.50593092133006
tami1289	-0.650717244358158	1.31019152700586	-3.34649657301342	1.8145649223458
tane1237	0.933744652305674	1.00771527571993	-0.884860566453636	3.09361145684789
tang1336	0.576066158436562	0.8983044857647	-1.1183953945526	2.39188264594039
tang1347	1.92014874369746	0.941768552178382	0.277685974048906	3.97733833360475
tang1377	0.317945115241368	1.06374500232298	-1.7194745253925	2.51346812704702
tani1257	1.30345571055974	1.15643920039408	-0.866056795823977	3.72642903781272
tari1256	-0.268222861573143	1.06899283457501	-2.3416796868508	1.78294083657614
tari1263	-1.11039816182022	1.21716184584477	-3.63145802039516	1.16422321341095
tata1257	0.46613748434586	1.05901794550325	-1.50841969459665	2.67460311780863
taus1251	0.295531279286756	1.19356020184495	-1.99971953734667	2.72625443430274
taya1257	0.598754452167592	1.23257969642952	-1.72190348853084	3.13585399831448
tbol1240	0.149595005612753	1.12619013599009	-2.02888155002976	2.40655977724864
tean1237	0.891378704473979	0.998051483577572	-0.910875377883744	3.04904855394111
teke1275	-0.770107634416542	1.17452395901424	-3.13050856718703	1.53345992985703
tekt1235	0.905689006848726	1.23795363930177	-1.41205202423869	3.44273090528205
temb1272	1.30466492962561	1.23454772638693	-0.935142327954174	3.9394259182361
temo1245	0.743700595779522	1.14529545895959	-1.48408559392258	3.08990501743425
temp1235	-0.0594165680781176	1.0786932211553	-2.15997443195706	2.10002839572926
tenn1246	-0.534211103599847	1.22455990427323	-3.00022257075132	1.87843009028476
teop1238	-0.489266178260417	0.917339208779636	-2.29758443002994	1.3115503382846
tera1251	1.10319057584596	1.12633127153319	-0.990865146121292	3.47863180990794
teri1250	0.475041026600597	1.2502237710665	-1.9363478308491	3.0331960092732
term1237	-0.26199506667159	1.09146934975722	-2.34692824144761	1.894228980005
tern1247	0.304223172780522	1.18867935054013	-1.98450641619511	2.74199173767807
tete1251	0.856359520950107	1.22155254330356	-1.44297359648638	3.3988126751695
tezo1238	0.364686600011964	1.11958849200483	-1.82028864649919	2.56397749846115
thad1238	-0.603499981966828	0.994406287416374	-2.65897210984236	1.32103165058967
thak1245	-0.909111242073503	0.967444617592051	-2.88144615155819	0.920097545243048
than1259	0.560972247531778	1.01492747920205	-1.3620321205129	2.65852300888379
thao1240	-0.503500412541976	0.924978678542174	-2.3689076087938	1.3207606595291
thul1246	0.112609239435587	0.864197818621095	-1.54661792751818	1.85234140664454
tibe1272	-0.368618118763007	1.09780798914231	-2.62566333433498	1.73929308960569
tief1242	-0.112442485323724	1.00374451408404	-2.04414065653732	1.90948362953773
tief1244	-0.0611959222534298	1.00648304989229	-1.97156876877922	1.98385050215276
tien1242	0.167034430075712	1.22041060647368	-2.13731027569723	2.69385030973985
tiga1245	1.6690923385659	1.14341638140597	-0.368011239447929	4.15099534765688
tigo1236	1.31421637931545	1.07896971768731	-0.716506943833335	3.59582852470475
tika1246	0.280526780953751	1.0608293061708	-1.76030858695529	2.42238587968635
tiko1237	0.956522083748251	1.25194091943348	-1.33444386935624	3.62380620019662
timn1235	-1.87700927544288	1.16148433856092	-4.28105427567628	0.235404575718811
timu1262	0.567301764917429	1.0701713793231	-1.45044721891131	2.80372884270295
tiri1258	0.200705475962049	0.935638812208145	-1.58162669656133	2.09062319773483
toab1237	-0.0865687804432349	0.894552959326271	-1.84839895522781	1.68286000685149
tobe1252	-0.321197602081876	1.18324664925938	-2.69844505557243	1.98940585470515
toho1245	-1.08186874346025	1.25048500727863	-3.67368569806906	1.33779701482813
tojo1241	0.843339907163591	1.28034525094748	-1.67130932639216	3.49694038833461
toke1240	-0.901288225520253	1.16356894343036	-3.31499142285674	1.30891321352972
tond1249	0.979979414678953	1.2421558955533	-1.35145570091653	3.59646264892363
tong1308	-0.321406810612584	1.12326341516382	-2.62127298174177	1.88751912268632
tong1325	-0.871506072686491	1.2162475924686	-3.36004447979751	1.47051398423505
toor1238	-0.436544656177913	1.07472356479603	-2.57434874843649	1.7319470187761
tosk1239	-0.532618519732938	1.16775842620675	-2.92421921832814	1.68172925973816
tote1238	-0.788195505024768	1.15356171459575	-3.12620780697345	1.40417216367512
toto1302	1.0853747695371	1.07288186678257	-0.876999685572047	3.33687673892506
trin1274	0.687932045934609	1.17746866699497	-1.4990000690006	3.1028553209878
trio1238	0.11180918808907	1.22204538006175	-2.26586427809586	2.58768357628338
tsat1238	0.388021799333246	1.2207807774979	-1.9277244083597	2.89178887085329
tsha1245	-0.788113548862757	1.11795298143276	-3.0445183534375	1.32239440686895
tsis1238	0.670207988402688	1.2066366982456	-1.5858610561045	3.27938629031188
tson1249	0.562461821291982	1.1834465013164	-1.63278780014831	3.01205198812497
tswa1253	0.413939042924345	1.25157581807132	-1.94757353497037	3.05739766704559
tswa1255	0.53924292601891	1.22339642322709	-1.72227777701742	3.1203512363598
tuca1252	0.32666003673533	1.01476876033535	-1.68172931023737	2.33877491707183
tuge1241	-1.10205847076816	1.11960327323798	-3.40408985288956	0.965427678523698
tugu1245	0.909754491575728	1.15245188910757	-1.22944585426001	3.32694609148533
tuka1248	-1.04572846801871	1.20026288845124	-3.51429680209452	1.155005990649
tuki1240	-1.22162794166198	0.983627730715752	-3.22114765258788	0.630980830813506
tulu1258	-0.80920802838804	1.28132121468721	-3.41610871840481	1.55530071717393
tune1261	-0.62915417938426	0.895987866764422	-2.39482819043465	1.11052953154398
tung1290	1.41360803287678	1.23891192912365	-0.787481679437942	4.02782884564169
turk1303	0.406416162616845	1.25337430968939	-2.05301928025375	2.9298208195884
turk1304	0.393887616885148	1.2471181325652	-1.97421705436656	3.00497785167328
tusc1257	-0.563954540954582	1.25479829929597	-3.13930983700056	1.80795914568341
tutu1241	2.04857171170236	0.889325276608723	0.454993129501523	3.95856805690455
tuva1244	-0.88379097942918	1.1900569286054	-3.39206859198788	1.336116199266
tuwa1243	1.01717000944797	0.804209629647524	-0.449626808735898	2.70833497541444
tuwu1238	0.204730550847713	1.1700381100933	-2.01898152028299	2.67164084129201
udih1248	-0.517088734079876	1.23677465588276	-3.01846835272353	1.84471062827206
ukra1253	-0.596712020261885	1.21848799236564	-3.08779779458571	1.76224987925388
ulch1241	-0.469603363769242	1.21063236728129	-2.92160353510819	1.81576640360826
ulit1238	0.652279477666993	1.22057843029053	-1.5749577379689	3.23901769193935
umaa1242	-0.283132624608527	1.10539484061931	-2.45771998089396	1.90309803404358
umbu1258	-0.879840811603229	1.06150666219785	-3.02528118625627	1.1115592908487
umes1235	-0.811859235754003	1.20512847700199	-3.33087172972224	1.47851378148135
unua1237	2.01871301185504	0.828899325428436	0.547309559973505	3.77550204818851
uppe1427	0.485529113935564	1.1056355826703	-1.56938462655817	2.74810352871817
urak1238	-0.212912505590799	1.11623677003553	-2.37656500765836	1.97924108437217
urav1235	1.60349726329432	1.08477101766983	-0.392211699760193	3.9370683734466
urip1239	1.92592385684395	0.831555617280093	0.417985682389462	3.72986170044451
utes1238	-1.13600853664796	1.24429651993191	-3.82277213819489	1.28961519877848
uuuu1243	1.07371806570231	0.989792782759332	-0.763222180129933	3.12844592335915
vano1237	0.809166583290645	0.99655399660445	-1.02104240388489	2.93308123773657
veps1250	-0.459296622745441	1.20858800096191	-2.95413013134963	1.78528845961136
vera1241	1.77243401390554	1.11714776459246	-0.1896766717657	4.20655683512113
viem1243	0.103659257891221	1.10563810174042	-1.9705000081594	2.4059584416909
vinm1237	1.9507252648587	0.83045007297798	0.460532332010314	3.75322898207542
voti1245	1.24487617937098	1.22516345415241	-1.02777189124461	3.78122145871804
vunj1238	0.0818330782971711	1.17453977310519	-2.14177947024608	2.55653998825034
vure1239	1.77864635991892	1.11402775686825	-0.196947190608551	4.21291122493222
vwan1235	-0.403262785163077	1.1076653382482	-2.54497479186556	1.78127737847846
waga1260	0.260858159928022	1.15808392005239	-1.96479086965976	2.56446465496487
waig1244	0.663592731125375	1.23068276810158	-1.63876144567081	3.18365272069446
waim1251	-0.91063339349411	0.998706145001364	-2.96082673473473	1.01108031317754
waiw1244	-0.598108286810403	1.19769480088592	-3.05942428860389	1.7039382786947
waja1257	0.549831720823951	1.22270632936788	-1.74142030614907	3.08004344506861
waka1274	0.705319039412495	1.20821300113583	-1.52824896399074	3.16983774778795
wala1266	-0.16416763183251	0.784144202262971	-1.68751982870576	1.4010370569476
wall1257	-0.968752831034551	1.16684839954801	-3.40766252802522	1.25228515415965
wamb1257	-0.771059753825542	0.861310521869322	-2.54388417858338	0.864859776023717
wand1267	1.07359247185386	1.15214461854071	-1.03522632415885	3.48988252905774
wand1278	0.281786640558172	0.892211302224387	-1.46646937490132	2.04001082486048
wang1291	-0.856512902828202	1.21418331465461	-3.35779061757918	1.41488460618005
ware1253	0.340631476034287	1.12333791782289	-1.79474589976267	2.66116106012048
ware1255	0.719313822114479	1.20470911549746	-1.48110349297283	3.26014506544656
warj1242	-0.350678000562993	1.01342909829679	-2.38039438710549	1.63424988393379
waro1242	0.685887507184806	1.09325887941471	-1.30450425766248	2.99986136079018
warr1255	-0.655871124900475	1.21535343616848	-3.14400956712636	1.60923095016546
waru1265	-0.715120178268947	1.21708443380853	-3.30872919229866	1.62669101237994
wawa1246	0.722675578972848	1.10689870642098	-1.32932267633569	3.06750483047454
waya1269	-0.645850027551514	1.16819464835933	-3.00033123434655	1.58521347154588
wayu1241	-0.300165426607634	0.867031185788123	-2.07478115275498	1.42589109718969
wayu1243	-0.486785343123174	1.19728897276455	-2.87894342852845	1.83950954629333
wels1247	-0.581079745609624	1.20298931467398	-3.04427809208505	1.69787083278184
west2354	0.98370867274596	1.1702603570405	-1.2462706554667	3.40422504466228
west2369	0.816642402260853	1.18224500320338	-1.42021462406337	3.25704343117468
west2396	1.46632767190155	1.15333054093932	-0.667794772790527	3.87388316935501
west2397	-0.36078209749976	1.05697493209288	-2.44754786876996	1.72602824156427
west2415	0.532333814144846	0.832786186481893	-1.03924488327783	2.20840233670135
west2418	-0.705437167168379	0.966455766826112	-2.66265888890785	1.11306490274261
west2430	0.959112450881744	1.24338392513688	-1.3710039144937	3.49442729292483
west2466	-0.0428936792406164	1.04575595287303	-2.08659672472135	2.08517134725313
west2516	0.554016728864448	1.03983082390322	-1.39987703375698	2.72921738280974
west2519	-1.2635243835409	1.17636192894853	-3.71310597354664	0.939584499485787
west2548	-0.416252931156752	1.13681914263803	-2.73579582212311	1.74285054023384
west2560	-0.0281478427248681	1.01918394959934	-1.98109769908574	1.98694860917222
west2594	-0.358491436872504	1.17973533178865	-2.70100308578901	1.92439326638688
west2600	0.350471466601874	1.2026482278573	-2.0178616585329	2.77718290583606
west2635	0.974260685287726	1.23105466295622	-1.3355951089353	3.54163812159344
west2650	0.232237372464339	1.14767528844064	-1.99349001235893	2.54950279902767
west2763	-0.869712727121995	1.19640256955915	-3.33226880331473	1.35016878812059
west2778	0.658324079828313	1.20698792733081	-1.61693235000031	3.14723612838078
whit1269	1.67571176404206	0.984217135718647	-0.0484983835918855	3.78719818333533
wikm1247	-0.0492570743782271	1.06790516721198	-2.18044261552641	2.06426607980188
woii1237	0.92423285745218	1.18468598471282	-1.24624716845638	3.33955126619361
wola1242	0.296121321481058	1.06738482148536	-1.74888724341517	2.42693017390565
wola1253	0.646473844794948	1.14985200709525	-1.50127532520812	3.01660368028713
wole1240	0.564735075478056	1.23994988181527	-1.75188735186619	3.19264959669073
wood1236	-0.249311062545853	1.28431874840342	-2.85048548225066	2.15852437587757
wotu1240	-1.02885260287973	1.13772170200049	-3.35633791864173	1.15049882478969
wuch1236	-0.711588422100396	1.21281795953499	-3.15876186984167	1.54078972691938
wudi1238	0.832982180603036	1.02224336231981	-1.06326053559642	2.9858688750198
wusa1235	0.912057657460798	1.053029503911	-0.976478974636282	3.08797733657408
wutu1241	-0.906741767372698	1.21228491013719	-3.39658381852907	1.28865769241033
wuvu1239	-0.493808296201384	1.16050253905284	-2.81484543915553	1.8083985233264
xamt1239	0.701303539018668	1.20391829755282	-1.53649005283812	3.16039015491189
xara1244	0.26722682011836	0.943751579412834	-1.54827614908168	2.19023081252358
xava1240	0.327925769222142	1.2430542915935	-2.0201110056772	2.87057498754824
xhos1239	-1.02919682355275	1.1989454318704	-3.48952953580938	1.27834433263889
xish1235	-0.552161025456935	1.02453829299457	-2.63965056308944	1.38585204495408
xokl1240	0.370072617337602	1.27791977678334	-2.04540471223465	2.97825409607878
yaak1241	-0.990680821242808	1.13980913067919	-3.35275861411433	1.12212890723681
yaka1269	0.0519823612198358	1.2282119090159	-2.32307895715804	2.60198890710363
yaka1272	0.861066815655089	1.25382804675181	-1.47294324526202	3.54234047758325
yaka1277	-0.327012201787866	1.09589948837264	-2.45391881226712	1.92177150072229
yakk1236	0.264159090944623	0.890864527632309	-1.42508175563703	2.08554529848355
yako1252	1.01518291486097	1.20117317098487	-1.16729969442323	3.57611576490585
yaku1245	0.390591409926968	1.27134924648041	-2.08060368400786	2.99257967240182
yami1254	-1.07059301932018	1.12244996314231	-3.36583965669206	1.01554477932814
yami1256	0.139718043852108	1.1708965710708	-2.24094985275516	2.47311626440246
yand1253	-0.643902497041681	1.20251739481686	-3.13134469077025	1.56736364744118
yane1238	-1.06046369824055	1.08727989455745	-3.27068090087807	0.963700603680891
yank1247	0.682320823080564	1.22723241571611	-1.59791201902939	3.18245675322474
yaoo1241	0.0826724788673217	1.22419136700069	-2.26569428195316	2.56097974371531
yape1248	0.673080737402828	1.18406524356646	-1.52189147241168	3.11940210276015
yaqu1251	0.134673350124606	1.25396806672356	-2.30620958466498	2.73343614883947
yatz1235	-1.30783471502358	1.06759380672294	-3.50086891197208	0.687852947298263
yaum1237	1.06617545407179	0.83269983003352	-0.494088031610226	2.75862543424435
yems1235	0.800981903192308	1.13973120537153	-1.35627920685127	3.11844940966948
yidi1250	-0.389140746791801	1.13064669791839	-2.61756799478031	1.82442867116729
yind1247	-0.651048673469958	1.10616634725988	-2.90108959655203	1.48856438292618
yoga1237	0.800154292600291	0.902477613839158	-0.904849474357724	2.62740842654988
yong1270	1.78928859340883	1.10906132456805	-0.209620549645157	4.11260471393021
yong1280	1.20527055535296	1.21186360490493	-1.07188658373115	3.79314932624248
yora1241	0.186222943245559	1.14736511256169	-2.11086725982722	2.49878039733562
youl1235	0.929553434737402	0.948937888471827	-0.873946647152586	2.86444675826208
youn1235	-0.599461550927254	1.23253640500737	-3.10242751333608	1.77666391140832
yuca1254	0.348226891687808	1.31546367312582	-2.20087195616955	2.96001373171731
yucu1253	1.23225727123758	1.17954748019983	-0.949870062780873	3.72773376242071
yuec1235	-0.904420633999945	1.20119906048609	-3.47596195026976	1.28103517417241
yukp1241	0.578524505209031	1.20316143286813	-1.69752119941075	3.05432256615626
yulu1243	0.335389419119871	1.32603647185307	-2.1044623221559	3.06948847473128
yuqu1240	0.807993927922194	1.23185949871903	-1.51301699271712	3.37601816601638
zaba1237	-0.0788297602665637	1.02970920193232	-2.06405722092857	2.03007785469522
zaca1241	0.627240136394295	1.18784482226652	-1.60220756453366	3.15273635710693
zani1235	-0.0920537204610794	1.08855284399056	-2.24227534099465	2.07805901855512
zarm1239	-0.89370802931217	1.21357644411123	-3.40239800327133	1.38191356118258
zaye1235	1.94594538317597	1.12602127045581	-0.101428473045157	4.3470155583916
zays1235	-0.0415594673317557	1.07295818584256	-2.12835737024483	2.06915852482479
zoog1238	-1.32917181415644	1.06288918232349	-3.49659988908612	0.652179469357387
zulg1242	0.600083831719717	0.856918047205981	-1.0238299082093	2.33797901753154
