Estimate	Est.Error	Q2.5	Q97.5
abar1238	1.40359589334189	0.971718997012323	-0.308425542846132	3.62728396430496
abun1252	0.765279863304294	1.0399650848537	-1.17129347531096	2.96420323995652
acha1249	-0.674114274381208	0.936349363438432	-2.65434649331869	1.03503659707918
achi1257	0.0767392406293877	1.04978565118683	-1.95724215731151	2.22346694642025
adon1237	0.409273596974542	0.941983122613852	-1.37114236753195	2.30936436847677
adze1240	0.77603832029166	0.869748801129426	-0.766278091300845	2.66974989613468
afar1241	-0.496343205678119	1.11889074956223	-2.85751292857785	1.60295683237048
aghu1255	1.14496115238815	1.15539714497494	-0.943046892940345	3.65556856799584
aheu1239	-0.458026232584882	1.09923422228385	-2.69366548162028	1.64512416675919
akha1245	0.671431120734715	0.890451938085811	-0.987001349718703	2.53172561720744
akla1240	-0.342279589530166	1.04880958859621	-2.46542978395995	1.62389893522849
akoo1248	0.108379370727785	1.00340385085775	-1.90660205146665	2.17787938967556
alab1237	-0.420440374843197	1.11623467574456	-2.76497701003246	1.72480907066032
alab1254	0.131488977216307	0.943194809834042	-1.70235837064646	2.04718188045994
alac1244	0.866554116234408	1.02718639545358	-0.984353924376595	3.07625574272163
alag1248	-0.14521588297576	0.975938638071409	-2.13119840678935	1.73162474347451
alba1269	-0.481417343364067	1.06039326064743	-2.71935348650142	1.52233695919883
alor1247	0.772082610139829	1.10823948329312	-1.2076957833801	3.19261031320785
ambo1250	0.485248100973779	1.11387763190394	-1.61378336036298	2.83213888638531
amdo1237	-0.643288593817188	1.10421153154201	-2.99847712317664	1.39761250907468
anci1242	-0.63408055313299	1.15293377074884	-3.06021722108806	1.46718536162796
anga1288	0.464688978216795	0.815828528753708	-1.06252512510505	2.16922660068149
anuu1241	0.891153444904515	1.05450085337681	-1.0352505658022	3.14742159132456
aona1235	0.234853987752182	0.828120259329436	-1.35629875955033	1.93170040590348
apat1240	-0.100967468734364	0.909196819963555	-1.9529521386481	1.66999245821753
apma1240	1.88568233859625	0.961698206003785	0.232914880836428	3.9797037583995
arak1252	1.55773795438135	0.931179029767633	-0.0678182150359413	3.60529813202804
arao1248	-0.479314929856315	1.09506283701273	-2.73426689191414	1.64108802620732
arap1274	-0.356205904277794	1.15908834203001	-2.7982937517442	1.8581291316193
area1240	-0.797293554122853	0.956654966558159	-2.77598818385894	1.00067100386818
aree1239	-0.563307643403079	0.888783646723471	-2.34964663805291	1.13459511063601
argo1244	0.613051327742322	1.13479539010392	-1.44726193034209	3.05690645357886
arhu1242	0.861604394234364	1.13103162752626	-1.14264858226555	3.32277061737421
arig1246	0.391989068213392	1.04715386119524	-1.58446949336843	2.5984992638667
arop1243	0.82798211921442	0.968540394549099	-0.975562359483946	2.82519846348246
ashe1272	-0.606640226874225	1.1544162533662	-3.04061211802153	1.51040746749986
athp1241	0.0375575407827101	0.92534582472612	-1.82397518513508	1.8735868066404
aton1241	-0.0675226834806613	1.0443647097836	-2.15166529218887	1.94450445710257
auye1238	-0.219221337910457	1.09647132225904	-2.52261275840205	1.93065735896603
avat1244	0.509837628218638	0.995234290796155	-1.30162329575494	2.65220776970319
awad1244	0.703104686637595	0.850488394598707	-0.860530014062869	2.48880747265377
awji1241	-0.616149265844848	1.13906536184793	-3.03710793030712	1.48490626573705
axam1237	1.87408792281169	0.905469773290163	0.301684737115697	3.8283951861971
axiy1235	0.605008488525819	1.07995261550827	-1.37877815369486	2.87682308955576
azha1235	0.513541451545269	1.05028319641922	-1.45495169437061	2.66505949503621
baba1266	1.10291528275625	0.969872940374129	-0.63112263681778	3.20312111017989
baba1267	0.682830414536143	1.01665987410369	-1.19565045795682	2.81491974517594
babi1235	0.478644705306092	1.1433211948423	-1.67666094644921	2.92987356005726
bafi1243	-0.750882514183126	1.00523629856171	-2.81974251007891	1.12487993059811
bafu1246	1.20512169663604	0.96174742962846	-0.501199839476569	3.33161451754802
baga1272	0.591389578331668	1.12769817184596	-1.46917420651831	3.03746786853736
bagi1246	0.574163895086255	0.989640398347113	-1.26864844179174	2.64262580734369
baha1260	0.62676964635683	1.13651559631192	-1.45440288366493	3.03884607932126
bahi1252	0.0779721310806634	0.793400842297916	-1.46140652695358	1.66606712132587
baim1244	-0.536597511028017	1.04602752218472	-2.73872542494844	1.4614284118428
baka1272	0.479439504929779	1.10863275210962	-1.5637435307357	2.89555837742819
bala1315	-0.748098713168705	1.12569950679948	-3.11566940156012	1.31167533054295
balu1257	0.891756435978539	1.12080138924105	-1.1231835430902	3.33524799113721
bamu1253	0.38516878479887	0.965065253295865	-1.43743313327629	2.39137425295061
bang1354	0.282921645561743	1.12271728830972	-1.85758033715477	2.64812684674707
bara1357	0.678553373299958	0.907069398917915	-1.0026219762992	2.57782336472127
bara1370	-0.818150877625556	1.08780430829498	-3.13127247304147	1.16849063084513
bare1279	-0.345953332793044	1.0788687619058	-2.51266870516412	1.68492710982598
barg1252	0.0454238699178446	0.821721069932005	-1.62193417914149	1.68578178427215
bari1286	1.00153685637994	1.12301103311306	-0.952775291822149	3.42652949333135
basq1248	-0.303151326087582	1.11105602073476	-2.66298925670206	1.81640738273842
bata1289	0.458094131549532	1.13362596719299	-1.65251017077024	2.92686930836924
baur1253	-0.573021355224756	1.10359314424037	-2.94971536456859	1.53179341003355
bebe1248	-0.713751488349977	1.07472571231116	-3.01426767109063	1.30369227145507
bekw1241	0.605199660156708	1.05370383671786	-1.36139827522702	2.78762290270738
bekw1242	0.502150091875015	1.11863829528634	-1.55794664762851	2.92126784955498
bela1254	-0.444134586505642	1.14875657449353	-2.88033978909678	1.64342995998097
beli1260	0.799521023593731	1.13220621088291	-1.2604535898294	3.22300388145431
bell1243	0.581578109286108	1.15738998853908	-1.57156376412172	2.95725120790845
beng1282	0.408947229762748	1.13980858289755	-1.72992508628443	2.69902281141802
berb1259	0.499440632399599	1.11317284305158	-1.63152163829171	2.84899432847132
biao1254	-0.801994123198062	1.14661313412333	-3.25611468182897	1.27578012038984
biao1256	-0.695037718116861	1.14227125358735	-3.08536563962229	1.42872536745907
biha1246	-0.0523372980288796	1.01716592388577	-2.03085120695282	1.92056249331917
bili1260	-0.567496647012014	1.08501194163434	-2.87906097276126	1.43684182110497
bini1246	-0.251871287451224	1.02560622958051	-2.28986933888921	1.71978558990436
biri1256	-0.47169332686328	1.15168270077027	-2.94092000753185	1.65450746919238
blab1237	-0.328715048608366	0.847257394066617	-2.01243385145833	1.35727841253138
blan1242	1.18149314155342	1.03373956928323	-0.651371018242307	3.40891549653415
bola1250	1.06850778911932	1.09982288197591	-0.840335805261531	3.46234883891828
bong1289	-0.919261245006739	1.07861042597723	-3.21791356774424	1.06070212755814
bord1248	0.491870435095658	1.17248859794577	-1.72276329388416	2.99543071491915
boro1277	0.548980446322718	1.17099915862922	-1.64606552445193	3.0726589319703
boto1242	-0.564209285898385	1.0795747953404	-2.89138953233423	1.42116648175238
boun1243	-0.687481573061841	1.11470852255402	-3.0237364395589	1.4238138274363
brib1243	-0.366102677081626	1.06728051349853	-2.54356031003066	1.73921396046303
budu1265	0.352340652201521	1.01703302905764	-1.59808876102241	2.44563765489888
buga1250	0.965477209091943	0.925666695120489	-0.773740094087071	2.90831044849925
bugi1244	-0.93063442461336	1.12670030222569	-3.28409765250548	1.12898133793679
buka1257	-1.25397388176115	1.04052640377376	-3.53157623601178	0.61736450703748
bulo1242	-0.0431829545866245	1.02473477193359	-2.10945046320358	1.99249482940123
bumt1240	-0.441461098742976	1.07020715852026	-2.66581658850732	1.55724255410903
burj1242	0.277562293498692	1.07868277906501	-1.79468805911574	2.53733158634712
buru1320	-0.45208462311548	0.999968656980737	-2.50587975910787	1.45879512547314
bush1247	0.359537483746108	1.12882989167764	-1.79348854623652	2.73254171747949
buwa1243	0.585971245136509	0.811148537892918	-0.949028001235339	2.30857394706103
byan1241	1.3488639251267	1.0953658484332	-0.54426122119067	3.73262751138515
caac1237	0.263094475061218	0.979867621696418	-1.56246957863236	2.27925905139408
cabe1245	-0.199190751309451	1.08227026805968	-2.41630940413941	1.9861764206359
cahu1264	0.530439088093643	1.03028965953923	-1.42689236798798	2.71994315828032
camp1261	-0.441657299042694	1.16216100197673	-2.8845849448324	1.74209280725589
carn1240	0.792141742714308	1.13262527592375	-1.24307976225533	3.22917020633268
cash1251	-0.57320127467158	1.13394219807765	-2.96310833947786	1.52698269479639
cavi1250	-0.515937604022926	1.09035460105438	-2.88385261612822	1.45877578048042
cent1989	-0.223307651712934	1.06623368220282	-2.44337703668569	1.82107035438414
cent1990	0.795244725312507	1.12695681328137	-1.18443978655164	3.15698967778486
cent1992	0.15188383423148	1.00163628200938	-1.88469826437889	2.09391366118141
cent2084	0.123593248811892	0.92513622818549	-1.65276753226466	1.99697538891152
cent2150	0.388016437453655	1.17313574156519	-1.85554095518572	2.86802912600772
cent2292	0.201310988936218	0.801968971958685	-1.34888687247208	1.82121567350287
cent2314	0.659110042878428	1.10925228357977	-1.39613202794885	2.97145048891081
cent2322	0.841724841564161	1.134551090303	-1.24822575395725	3.33146048988713
chac1251	0.101603337445744	1.09503409630884	-1.99413449759403	2.27905926947345
chad1249	0.615550198983391	1.10469788820016	-1.38509426365005	2.92341574847514
chak1270	0.848901036480071	1.06019451110732	-1.01245139693337	3.17323528855369
cham1309	-0.29214592547045	0.965248215228557	-2.27585734800848	1.518884996142
chas1234	-0.39806362579469	0.919740864602337	-2.27841188662663	1.34944486829966
chec1245	0.416321522268388	1.07529366278676	-1.56081813635172	2.6376946413182
chek1238	-0.261468994714766	0.870349446214504	-1.96220501451599	1.45719248694549
chey1247	-0.306763918329295	1.16612742132335	-2.73256123769468	1.91579778996875
chic1270	-0.473916728892614	1.1325503050606	-2.86185910955782	1.62129511032444
chil1280	-0.72892668071777	1.13594079261003	-3.1306374972431	1.42214419259653
chim1309	0.742224581587889	1.1976045051836	-1.41705318667048	3.35427984380087
chip1241	-0.284116177200487	1.15296430685014	-2.67898517369351	1.91618735560884
chip1261	0.37374869882058	1.13732867135491	-1.76674459199993	2.71821837526989
chir1283	0.710272680082444	0.808183102263434	-0.7214773391865	2.4363181327749
chit1248	0.661997562359691	1.09512338033384	-1.29991183671346	2.98202793431204
choc1276	0.650593134804999	1.1111705762691	-1.41551583314395	2.95943141144707
chot1239	-0.327735949778598	0.785136361192294	-1.93546595513499	1.19459093324157
chra1242	0.548961643093255	1.07006327930193	-1.45755638027935	2.85035712617949
chug1252	-0.584420181234553	1.09324249526316	-2.85926791423472	1.42515501423266
chuv1255	0.698980563086459	1.13525687175531	-1.37515195695553	3.07782513656543
chuw1238	-0.756761881288413	1.12676305893198	-3.19077179149117	1.3330586124718
clas1249	-0.373662016148439	1.11477130906844	-2.77690830369209	1.75146346705633
coat1243	-0.580755466782343	0.994403705545274	-2.60698135766726	1.35072666179965
coeu1236	-0.904951601914803	1.17051052135872	-3.49519807180786	1.2474352289817
cogu1240	0.839307509695814	1.1502084816692	-1.18614241688162	3.33363704196776
colu1241	-0.822738465501657	1.14763627786877	-3.27339744732947	1.28471755990496
coma1245	0.392645726704356	1.1496202767276	-1.82641020720621	2.87764446903187
como1259	0.466272509757795	1.11830665785875	-1.636067419018	2.79769555770148
copa1237	0.240327090259124	0.994769179238639	-1.66193524790757	2.3023055995443
copt1239	-0.776416896253142	1.15362915314771	-3.19644974696972	1.37802281197489
cors1241	-0.414335529472729	1.14508722880754	-2.85080598105852	1.70615944334377
cosa1234	-0.0362868125453451	0.943181311018939	-1.97024209709651	1.80357247677219
cowl1242	0.413248928083362	1.11186527727221	-1.71580687081227	2.75396538526095
cree1270	0.742545691354198	1.17249404164595	-1.43382515105141	3.24137613489432
cros1244	0.0416202616430099	0.993512029474414	-1.92213728187163	2.03715650763431
czec1258	-0.412265422036072	1.14432342354584	-2.79472616294084	1.65398280706986
daai1236	1.17572120812549	1.11656863202637	-0.782291563890418	3.62829921852525
daas1238	-0.665476850785285	1.10400701292494	-3.0082521281496	1.4560162753473
daka1243	1.9330599446244	0.929824139170071	0.321755205717944	3.94577724620064
dana1252	1.49954962266169	1.12153097635176	-0.420835531238482	3.92973744043734
dani1285	-0.399320729556668	1.17503292035503	-2.87886950587248	1.81660346990747
dara1250	0.79230982973151	0.938202888909965	-0.94699219176336	2.75779116404807
darg1241	-0.640906881146798	1.08810430114007	-2.97297317335206	1.37147317932096
darm1243	1.36233674632923	1.09903248531187	-0.538262110231537	3.80328383393679
dege1246	0.533054305861278	1.03023075436492	-1.33688154817636	2.74819127247981
dhao1237	-0.412192903234197	1.0743541413413	-2.677267766871	1.60251785113024
dhim1246	0.894707990939032	0.979881494243926	-0.875509338723724	3.02125068091091
dido1241	-0.223955185790162	0.959224965468885	-2.16843256770324	1.6205893304861
diga1241	0.352508806703293	1.03960274363627	-1.65784867278276	2.4977680699241
digo1243	-0.972108570708106	1.14028684402209	-3.40584544107742	1.08516150369649
dima1251	-0.356272615933092	0.925007942036947	-2.26371510214001	1.428905724148
dobu1241	-0.841690954240826	0.887276792556261	-2.69372677165613	0.810579832594224
domm1246	-0.760676541598928	0.946239572998033	-2.71638635593772	0.990490843310899
drun1238	-0.211312550593349	1.03938264127852	-2.3610618008914	1.76633842650626
dumb1241	0.48191975320489	1.08089895368272	-1.57511042597209	2.70777067601498
dumi1241	0.121975667753099	0.855419419704929	-1.56997310512929	1.85832504514348
dupa1235	0.557725911740309	0.938925032172066	-1.17716523920124	2.54624257107568
dura1244	0.767977734876332	0.916532280958367	-0.985268383521589	2.70672921006174
dusn1237	0.634169384037142	1.0589852821988	-1.26829738053653	2.92221409301043
dutc1256	-0.490583809437326	1.14273376558838	-2.96241446148128	1.63110789568416
dyan1250	-0.45474635302471	1.14167679441841	-2.83922614193737	1.65166932231213
dyul1238	-0.455173692545143	0.899818740183039	-2.26241338322774	1.29930395964504
dzao1238	-0.840657148363022	1.15272634276338	-3.26517959144658	1.2840061309958
dzon1239	0.62281109630354	1.0317031192815	-1.26792088047584	2.78987312505545
east2328	0.913755346947166	1.14444715635533	-1.13832454043475	3.35695796774615
east2330	0.157022734324485	1.01485611170501	-1.81469502389761	2.19852336505871
east2332	0.222529575272399	1.07241372132293	-1.81655245552643	2.42725484714642
east2342	1.14250380854967	1.05598176213559	-0.711546412620159	3.44554823016059
east2443	1.7988502666845	0.996582394260409	0.0454317264487429	3.93903812884044
east2447	-0.730090756341118	1.11805056468505	-3.06209641017374	1.34522278599273
east2516	-0.826101949789797	1.06877059298973	-3.19162896465959	1.0995787696629
east2556	-0.422556944180459	1.10767273071533	-2.81209427356533	1.62150978950733
east2773	0.393005090026395	0.836006157580636	-1.23173494030182	2.11408388078594
egyp1253	-0.787632256385047	1.1078643628664	-3.11844166043771	1.25649758533328
eipo1242	0.61198081151564	0.992641991244207	-1.26257343110839	2.66760863884356
emae1237	1.65891658308169	1.07266233239853	-0.219213957092553	4.03985138720167
emai1241	0.195829326553615	1.00007704413228	-1.70868959399482	2.23604447070917
enuu1235	0.603684144836163	0.972092340318487	-1.18432458734474	2.63292070904386
ersu1241	-0.0329925343372373	1.03927029305397	-2.15545480298067	2.02862588226948
esee1248	-0.342572971807624	1.07929184405749	-2.50881827695019	1.76526659510543
esto1258	0.547115396603761	1.12745616593608	-1.58666919654997	2.88496694811683
eude1234	0.316975742759622	1.13583678120191	-1.85856378201089	2.6905439190248
even1259	-0.393684503264913	1.14673721416033	-2.82128521415039	1.76764889458648
ewee1241	0.359834725595627	1.02779285907381	-1.58629507397085	2.51537616243254
fait1240	-0.317287056683422	0.831889411272373	-2.01020806499918	1.28054731715826
faro1244	-0.373059411273475	1.15516605818279	-2.86167578738893	1.75936516905442
fiji1243	-1.01586873749541	1.10219342825242	-3.45127859210201	0.978618705163589
fili1244	-0.0474422315631694	1.05856338935556	-2.15857426287738	2.08160890137663
fina1242	0.307501783721628	0.79090395442978	-1.19559714732487	1.91359185951671
finn1318	0.798999880213969	1.14654914379452	-1.32104347762813	3.22294288642187
fonn1241	-0.319657998807253	1.07145289566659	-2.55623846224909	1.72980125834472
fore1265	0.818832014557899	1.13921438929335	-1.30786279963603	3.27699361329821
futu1245	1.14754130695017	1.10001863225861	-0.839175205806063	3.54088198240464
gaga1249	-0.815002582423804	1.16675327693266	-3.25860659890839	1.41117120837506
gahr1239	-0.22957700367794	1.02976623561146	-2.35620073631015	1.75168235541186
gali1258	0.945918492659003	1.12523291703193	-1.050590441861	3.35390664411419
gali1262	-0.240104578036338	1.10625641808701	-2.50005017970632	1.89039902777727
gamo1243	0.130892897010058	0.971718968609016	-1.73822522180557	2.13256836452338
gand1255	-0.0752726536817845	1.02660266657057	-2.08329726427523	2.00807378855121
gang1266	-0.163781864021767	0.780875282651544	-1.7487837360604	1.37963883926341
gayo1244	-0.380275679692198	1.04224219489179	-2.50299170774532	1.60225443969289
geba1237	1.26651010088696	1.07424830575698	-0.587062091909647	3.60208270449064
geda1237	0.155365659672645	0.794470414564767	-1.38267330495432	1.75364396707367
gheg1238	-0.579308491683622	1.10094698752513	-2.92803016864051	1.41440143398925
ghod1238	-0.367781464069637	1.00977168291515	-2.45964911704173	1.59601900213408
gira1247	-0.0602928663135734	0.79628002954389	-1.64715399626757	1.53245824856986
glav1244	0.292096892727472	0.807271501133935	-1.27258809821201	1.92088777927801
gofa1235	0.261807492273777	1.01567291471739	-1.65910739700712	2.34193029071069
guan1266	-0.697579792467387	1.07364000421681	-2.98327177537408	1.34326668521024
guhu1244	0.0479257679692213	0.925870747351777	-1.80939677632936	1.84727416883196
guma1254	-0.724241533837571	0.864673949491772	-2.54148277299927	0.89621530437455
guny1241	0.714521895568513	1.13746628193769	-1.41214812418157	3.12555130618448
guro1248	0.589529413325711	1.14055994291562	-1.55821620391044	2.99651050605399
guru1271	1.31631887209304	1.11049091049677	-0.638253661334928	3.74727486688187
gyel1242	0.228433639669965	1.10032208488682	-1.90405168240907	2.5291477012991
haaa1252	-0.915481770258792	1.13476909922383	-3.37357495241191	1.1631157750559
hadi1240	0.423805410666954	0.95997328768967	-1.36822354878191	2.42583019010331
hadz1240	-0.398794237994957	1.03004098908921	-2.55052669553819	1.61340457743468
hait1244	0.620427701644178	1.13449070575471	-1.45115823718796	3.06607980188537
halk1245	-0.358819021880696	1.06624412639248	-2.5991879902767	1.68468273995066
hani1248	0.605920934849653	1.06229115989228	-1.31563676542504	2.88775846588815
hano1246	1.81949838542799	0.980521236356454	0.154900430172916	3.93372084312062
hela1238	0.638632645524402	0.883461953844871	-0.98903164613201	2.50569576913116
here1253	0.323723884108444	1.1572363940476	-1.85575737955239	2.85977042181115
hind1269	0.83490489607768	1.12294911534337	-1.26498156473908	3.27262387357938
hone1235	1.08802689695288	1.10336409923248	-0.878880606797934	3.49698314319033
honi1244	0.640935226033472	0.996952182471678	-1.20387294109176	2.76121482340563
hopi1249	0.304981908594832	1.13705241374733	-1.87282811934233	2.73624872402687
huar1255	0.1402838969166	1.07066120798785	-1.95541330647638	2.27834159080317
hula1239	-0.59002809309226	0.944750855498478	-2.55005939828732	1.21090216028002
hula1244	-0.410253530393625	1.11283851091618	-2.76216016130444	1.72707314485786
humb1243	0.836899655871381	1.15336969221791	-1.26987560901876	3.25607336597233
hung1274	-0.323849055487001	1.13963111535774	-2.66273958759296	1.88115361618963
huuu1240	0.0457842792503266	0.862133393407661	-1.69015205734724	1.7090669118121
iaai1238	0.828744540256557	1.04698554127555	-1.03742853183955	3.11842058421047
iama1237	-0.862466085264315	0.818369924417775	-2.59042316403559	0.651490323677056
iban1264	0.0971492440293811	1.08809933688188	-1.980290638602	2.40972440669983
iban1267	0.526940726800719	0.882552404328383	-1.13175517127197	2.39425845030772
icel1247	-0.375126180284955	1.13030386900166	-2.74039149652455	1.73342660381713
idun1242	-0.754553112984807	0.834174298659241	-2.44705780816862	0.840328526208403
iliu1237	0.854084187757652	1.0993557006895	-1.13043419840097	3.18840452332269
ilon1239	0.483359633270472	0.888568960038776	-1.15589489909081	2.27757891596101
indo1316	-0.642927389760051	1.15846742996278	-3.11139481800842	1.4668856254303
ingr1248	-0.612542724734375	1.14294966243814	-3.06923552189868	1.46913625811215
ingu1240	0.355119062583165	1.00740256023808	-1.60594665785672	2.43393494363852
irar1238	0.598998313918036	1.0639418416715	-1.3293684614023	2.86795806431599
iris1253	-0.393371092533427	1.16043709409275	-2.80674768047138	1.80454265988784
iron1242	0.153670884335512	1.00376716475029	-1.8414126748975	2.15132398433538
irul1243	-0.395518871165695	1.18887643260614	-2.85978048300035	1.84166626752395
isco1239	-0.294957799326491	1.09420958225278	-2.59788875854253	1.86506146758558
ital1282	-0.555937304087524	1.13761300477394	-3.03619411882627	1.51382204215324
iton1250	-0.633559663868681	1.09231991491507	-3.00103603156304	1.43688500053809
itza1241	0.809078237926185	1.15620986111644	-1.28055980543148	3.30938243745674
iumi1238	0.721154674046214	0.980663850202212	-1.10244723500162	2.80617775332688
iyoo1238	0.565567509191943	0.842606416670949	-1.0553380019024	2.28930831045954
jahh1242	-0.154766189254321	1.00975047616248	-2.23079083097242	1.79099866839349
jalk1242	-0.13868257994925	0.96388850596653	-2.1092348996379	1.7763824591296
jama1262	0.621033724266166	1.11795393390379	-1.4857303211162	3.0027297815381
jamb1236	-0.846610719722383	1.09438230839803	-3.13919266062885	1.18982911038345
jeha1242	0.434947883987915	1.11460991103019	-1.70798358684061	2.78295181483306
jina1244	0.693727153331829	1.00553836219124	-1.1484680644051	2.81260011768258
kaba1281	0.404689312910871	1.1121543698428	-1.68914715190446	2.70223724949447
kach1284	0.209056630520589	0.991044857172911	-1.7748598139222	2.15206418096653
kado1242	1.20594562080047	0.956430789543115	-0.466905503823119	3.29512559602562
kagu1239	-0.181090348255694	1.02072280607237	-2.20137676715937	1.9008694400205
kaik1246	0.0370846710860389	0.967945853574205	-1.94422036220531	1.9309642555423
kaki1249	0.182074478268368	0.978035774595134	-1.75576984291969	2.1281381192596
kalk1246	0.209182468155034	1.0734083137226	-1.94837360201431	2.32379497570667
kama1351	0.817295859517201	1.1270395950827	-1.24433417751368	3.21113434673658
kamb1297	-0.901019920389774	1.13030190720201	-3.35966160797364	1.14970552713645
kamm1249	0.761405778322473	1.01811631063587	-1.19137803217617	2.90252063694862
kana1286	-0.576728337868332	0.849707419853522	-2.30315183873876	1.04684074669871
kani1286	-0.156114191087104	0.925130280551439	-2.01995021426364	1.62481324489798
kank1243	0.169365726002439	0.847817317416886	-1.49383055114474	1.87229655416798
kara1486	0.975814682386714	1.09954156575515	-1.01702091985638	3.39195780656504
karb1241	-0.420728869530734	0.938799193512981	-2.36747709437725	1.35309363578897
kare1335	-0.412802541049785	1.11651032992797	-2.8321007874141	1.66767818692637
kari1254	-0.478104570011983	1.13018235252316	-2.90326628480376	1.68706268111781
kash1277	-0.540712348431553	1.17500091350321	-3.06991168318931	1.62755875559383
katb1237	1.79407809735601	0.852369769355339	0.295242137612189	3.66853574225469
kats1235	-0.0753071481669147	0.999202938227215	-2.04810519208087	1.92937605190112
kaya1315	1.242368882966	1.0744864696929	-0.588727295993491	3.63478024834148
kele1259	0.246136418655368	0.785603639182089	-1.27124670736017	1.83307738988873
kemb1249	-1.2860447460116	1.03773784918423	-3.51795145579824	0.548778565068104
keme1240	1.40188620013394	0.974272423691663	-0.268311710247714	3.6092601353912
keng1240	-0.0558286828740582	1.07382564515866	-2.20395895902295	2.1106503064022
keoo1238	-0.0285926701968464	1.03263270100902	-2.05283399425256	2.0410165667318
kera1255	0.812195211288397	0.960905165144555	-0.955906194575555	2.87243645867477
keri1250	-0.82980725896838	1.12064401316341	-3.27956947930788	1.20481566166342
kesa1244	-0.0969771155245571	0.838633071901414	-1.80780332570346	1.5099825207148
kgal1244	0.410131450461751	1.13600771402507	-1.71308592073135	2.73235393913682
khak1248	0.39001408581767	1.14857164473773	-1.81572783324866	2.84544460686246
khan1278	0.536754535544469	1.00072364481451	-1.30057011850115	2.61879229732651
khar1287	-0.548859329863341	1.15109481259985	-2.92668148265446	1.63609101963363
khez1235	0.610930610707974	0.787319644631847	-0.853494540032325	2.27880468491654
khin1240	0.393500304907698	0.98376842307758	-1.4429731653075	2.40744283246747
khva1239	-0.250834798318122	0.954363968358022	-2.15911978314694	1.55572712873568
kich1262	0.755064596164713	1.16575067158318	-1.36924579029326	3.28684754795988
kiku1240	-0.187100988944601	1.03608301382633	-2.21542945930974	1.82790628661853
kile1243	0.770552229080377	1.16367492483741	-1.35443585960416	3.2491813611293
kimm1245	-0.422257499407663	1.03778665997775	-2.61523310336155	1.52654533125689
kina1250	0.0276255188019007	1.050168124197	-1.98823020146751	2.16621524627428
kinn1249	0.538733724241564	1.04029327627347	-1.38568608481269	2.72399129952341
kips1239	0.164486176573889	1.0342234608792	-1.78183798763632	2.3288957447669
koho1244	0.44004476678523	1.002015064372	-1.48531022961807	2.48172673821946
koir1240	0.660250694621974	0.8212019726485	-0.840796611627393	2.41802807092282
koko1269	-0.302569167560613	0.848082335777741	-1.96476243067018	1.38142968122721
kola1285	-0.633317338703442	1.12975047130382	-2.99159592012721	1.44712759540154
kolb1240	0.395686193170283	1.01890703071049	-1.51575057757208	2.49475835976029
kolc1235	-0.099556604518372	1.05499132720986	-2.1808443616428	2.0245049467278
kolu1245	-0.856490436381616	0.813444457470456	-2.55964531678932	0.634076319969109
komb1274	1.07096986245126	1.13869240581324	-0.96054577708937	3.52832601230927
komi1269	-0.377155500688999	1.1701967050176	-2.87386592372651	1.8485221357967
konk1267	-0.442104972249738	1.12862073217346	-2.894558764268	1.61734286206187
kony1248	-0.00341455022694026	0.88157372028264	-1.71959343321138	1.7435359789242
koor1239	-0.161360180217413	0.984791899939185	-2.14240356427244	1.70028401213528
koro1298	0.753253158388866	1.15995344646759	-1.33868159930811	3.23212866975827
kosa1249	0.703301616084694	1.00080031778983	-1.18410957702177	2.74963059105074
kosr1238	0.469036187257797	1.13116840734337	-1.64875889861003	2.90146024092396
koyr1240	0.65610374170891	1.14568436676317	-1.49594137755432	3.11893401014228
koyr1242	0.538327499658946	1.19124251247902	-1.69032607160635	3.0790882290694
kryt1240	0.434634304161131	0.993177981522121	-1.42862059119385	2.49657120611026
kuik1246	0.21387475182084	1.04214792760466	-1.8281641217118	2.32611344210579
kuku1273	-0.485792179546072	1.13606999933796	-2.86224033786316	1.63011457728325
kuku1280	-0.464230212357561	1.1364387564742	-2.79971523464713	1.64355831335553
kuma1276	0.0693558669988172	0.95877144072521	-1.78006859849073	1.98549157994455
kuma1280	-0.687298150326322	0.912741955730104	-2.59439978527974	1.05044984973491
kumz1235	0.830054259211024	1.1506317545358	-1.30077114947584	3.27618492317648
kupa1239	0.300436325115292	1.07646743354894	-1.7362795542925	2.47663003951507
kurr1243	-0.570237168944071	1.11582612798822	-2.93408244671474	1.47936049807593
kusu1250	0.637562925467244	1.00717922912289	-1.29050401564307	2.76062086270501
kute1248	1.29350747228543	1.04479001002739	-0.567509442366384	3.57671960731903
kute1249	-0.674549803171564	1.13790803264678	-3.08350875077527	1.40479330888845
kwam1252	1.45103095204777	1.008113621951	-0.261847169998342	3.70961877983173
kwar1239	-0.415476986188562	0.94543087946369	-2.28199834385075	1.42821113317906
kwaz1243	0.631015070214436	1.12483061791232	-1.47683020753547	3.04180975811623
kyer1238	0.55614881084461	0.890348531155437	-1.10739320563088	2.46916287577415
labu1248	1.01563069731002	0.871708687701504	-0.584867100570774	2.88012517823729
lahu1253	1.21808852558622	0.964950359804238	-0.452702070583904	3.33067238748558
lala1268	-0.078648910434552	0.866729435779366	-1.83529931771553	1.66945490229881
lama1277	0.219423536046521	0.919436880587007	-1.55823589754787	2.1001522927982
lama1288	0.353074007534678	0.806707306411968	-1.21148724811279	1.99253963156175
lame1260	1.84217036525469	0.997921739731466	0.138191009727869	4.03548153016896
lamk1238	-0.511443130791355	0.833676073957923	-2.24352093793631	1.0471140133836
lash1243	-0.324598641975243	0.922869319796264	-2.18890520245489	1.42974521071278
lati1261	-0.546412511153868	1.10284838863879	-2.92901103272715	1.56719289866282
latv1249	-0.424479134924446	1.11629727097997	-2.76640073746731	1.62683554166458
lavu1241	0.0389551814193654	0.937262417938256	-1.80699679388774	1.91074622360351
lele1276	0.189655707318801	0.978284323542202	-1.7445484128219	2.15548258087226
lena1238	1.47734530001875	0.997541442059787	-0.214962677463964	3.72138232950664
lend1245	-0.0199932954989956	1.09137390646505	-2.11763140489607	2.21360205742897
leng1259	-0.938273682250798	0.950035713583867	-2.93287896047457	0.813632233254435
lepc1244	0.891883139734452	0.960186200803955	-0.833291721000674	2.97887751803423
lewo1244	0.133133514831079	0.937753108243011	-1.72160336017341	2.05999791432396
lezg1247	-0.022887389407621	0.987481511901688	-1.94987277878309	1.92897418668405
liby1240	-0.633303384834162	1.13151115835769	-3.08646560910633	1.4712962813472
lika1243	0.270230336997962	1.14682797736936	-1.90493021100836	2.63759023164973
lipo1242	-0.677091846588858	0.982020897891753	-2.78403718765976	1.13800667438775
lisu1250	-0.341941127429009	0.977231897019513	-2.35266593885445	1.48022030043359
lith1251	-0.527621552615492	1.11754027709055	-2.93474443471104	1.51923404419323
litz1237	1.7342818998062	0.834690964528608	0.270633447908172	3.55149187039921
livv1243	-0.492498937850041	1.13659021224993	-2.85309562415822	1.54666915453934
livv1244	-0.441197742016742	1.13101230418284	-2.86579999768478	1.67987011048546
loka1252	0.0991581004314981	0.987036471847923	-1.82896262228231	2.09366918031535
lolo1259	-0.631943248932047	0.987882552619893	-2.71706918559217	1.20778854918112
lomb1257	-0.482275383931032	1.0935892742769	-2.84618876902351	1.50653273398476
long1395	-1.02549131307981	0.972584911687537	-3.10851058444087	0.748799596138292
lote1237	0.979905171275725	1.08070403911985	-0.916099631076464	3.36593144047057
loth1237	0.456354098521296	0.817447324871391	-1.07358874711152	2.20780130561072
lowl1265	0.271134457370511	1.09916732125073	-1.87760090301736	2.51124491219108
luis1253	0.4588427457603	1.04418528343592	-1.59502306518827	2.65713731709542
lule1254	-0.583722184285628	1.11717863063629	-3.01767377334554	1.47269926726888
lund1266	0.263772184459018	1.12630814914163	-1.84813454068116	2.58450888440281
luok1236	-0.328562298564863	1.05898300743298	-2.50296544998304	1.70292216505036
lush1249	-0.214699595797681	1.03077476590234	-2.29405191095655	1.75341405449501
lush1252	0.147606126853502	1.08974127437362	-1.99478509756946	2.40879199173408
luva1239	-0.688062718049989	1.05470671485024	-2.91958634380205	1.2116121285331
luya1241	-0.0411118614037321	1.05068269691082	-2.08629163069455	2.09056982783693
maas1239	0.134363779777781	1.03308901032082	-1.85130537092548	2.34363838447571
mace1250	-0.683649669104617	1.1254575282929	-3.12821472558656	1.40043133101908
madi1260	0.313899681664562	1.16771977083197	-1.86742678969344	2.76351469337331
maee1241	1.65818426029482	0.828690502421063	0.190863322461097	3.4348339901248
magd1235	-0.437602226736572	1.01250784293722	-2.51250322849264	1.49045303707607
maib1239	0.335630406296166	1.0319125324028	-1.71108820419452	2.43428700027393
mait1250	0.502155541668742	0.972177368859784	-1.35490433300335	2.51705468527153
makh1264	-0.0435112207763092	1.09785107380143	-2.21898302415714	2.23298125282491
makh1266	-0.71387647366632	1.11102653002669	-3.07155539550583	1.30793636607463
mala1479	0.669733325502785	1.01531270485927	-1.19253288819379	2.82827743763664
mala1522	0.807051408991583	1.13209613706486	-1.26213203433579	3.25422761789554
mala1534	0.263648287353198	0.907939936171549	-1.47244652983371	2.09689712671729
male1284	-0.239702836657141	1.00754300464056	-2.27525574438003	1.77108412090973
male1297	0.129145472575096	1.16004266518916	-2.15495175630151	2.49270527602533
malg1251	0.350585211782978	0.931075206018165	-1.4276689504049	2.26295627813945
mali1285	0.874154535449558	1.03160110467286	-1.00886694726973	3.10833536008556
malo1243	1.64917000260301	0.894602483652609	0.104703721409041	3.59703491924965
malt1254	-0.47831233957366	1.15851548530252	-2.83287531529359	1.74292130802923
malu1245	1.62982884873775	0.837720269963175	0.153489707070352	3.45880809375689
mana1288	0.151939350808059	0.907129776521827	-1.67388231662116	1.9050705593382
mana1295	0.381206850273143	0.996265432874836	-1.49113626206788	2.43917971237768
mand1415	-0.656344937751984	1.11541059167868	-3.0023813198947	1.40889845528021
mand1436	0.426914405620505	1.15883276999694	-1.68772072324748	2.80867790121977
mand1440	0.832746564791816	1.10521403430194	-1.19112073715441	3.18340161134242
mang1405	-0.528903524490303	1.06854443819718	-2.72702492600251	1.50645464297038
mann1248	0.461132430113036	1.13614076242551	-1.67465294363103	2.93598727186971
maor1246	0.485215482759334	1.13063045286048	-1.63138550554296	2.85774566375545
mapo1242	0.963780337170798	0.877619046966572	-0.6328319491713	2.80934298672923
mara1378	-0.432184291355112	1.12733272657644	-2.88541052415448	1.66428850551783
marg1265	0.507215278671084	0.948411102121286	-1.32717768252008	2.48081620316813
mari1426	1.67225832667602	1.06996734337666	-0.190114852928216	3.95692311748118
mart1255	-0.580779375846326	1.12569428974787	-3.00317469139634	1.50169595440945
maru1249	-0.643618091645443	1.07399009709886	-2.97593154165814	1.2974338679911
masa1322	0.764542542030942	0.977447261723337	-1.06243016573333	2.83283526787307
mask1242	1.89354416522074	0.927009424527714	0.266710873653775	3.86120222460377
mati1250	0.451160787890533	1.08911867290396	-1.5901195843514	2.71373720516682
mato1252	0.838530964958273	0.802320813932306	-0.668059492380772	2.54162252863428
mats1244	-0.328057396816628	1.13720549295489	-2.68950877838429	1.79353127217299
matu1261	0.0579343574578521	0.815846463899582	-1.57727303036954	1.69355369949174
mayk1239	0.649330869697516	1.09459295801713	-1.36336681449847	2.98168993992371
mbay1241	0.455513437353291	1.05210548580454	-1.53791480884096	2.61112990816311
mbug1242	-0.0999227070529834	1.01094320536834	-2.03481665365374	1.94104883927727
meke1243	-0.212475243672596	0.874616035383979	-1.97257346570209	1.45299886053297
mele1250	1.48125656663475	1.11563381016975	-0.45709402932526	3.9532276517508
mere1242	1.51926097472408	1.02582884869306	-0.233688860962169	3.74800354349028
meta1238	0.952615244113689	0.991472537821261	-0.880078332713632	3.01609074433001
mika1239	-0.525637511990623	1.13673002649065	-2.94649111241693	1.6256328235669
mila1245	-0.0452126128835981	0.97255649001554	-2.0271193357832	1.91508091783768
mina1276	0.582337896170489	0.845595048498806	-0.973294594162344	2.36850173643003
minn1241	0.373184697641724	1.12424496429914	-1.81844726671151	2.75149800045545
mixt1426	-0.517555277293519	1.01628699140381	-2.60287751803555	1.43351791622169
miya1266	1.26380492582508	1.1235386179524	-0.714203343127792	3.71664557408321
mlab1235	-0.645805179310346	1.05918894074268	-2.84073541582989	1.30315023437421
moch1259	-0.509313845778806	1.14392818210032	-2.92187339690702	1.6030791109685
mode1248	-0.483678462669251	1.14681532545449	-2.92000885269852	1.65216780022449
mokp1239	-0.397228467359226	1.0608150526203	-2.65347306639811	1.60770415619159
moks1248	-0.378220426742261	1.16038986120232	-2.82973465331265	1.78226465585134
mola1238	-0.523284118637519	1.11480891594563	-2.93452762386276	1.53970451799456
mono1275	0.538503209992099	1.13456586062021	-1.60080129644167	2.98018309736032
mont1268	-0.260435423144378	1.17443084250757	-2.74558302450881	1.99606443384377
monz1249	0.606925117310594	1.09388461009938	-1.39803204927933	2.93142046564025
mose1249	-0.642772599903704	1.11776795346356	-3.12038976614031	1.42305147088614
mosi1247	-0.618403094097285	1.06193688703253	-2.85640625466742	1.41175595616373
motl1237	1.29446027806569	1.06305473884221	-0.51745922119561	3.59076428892354
moyo1238	-0.177234794623851	0.78765440339265	-1.75942756822525	1.37736639472774
mpad1242	0.143404237624995	0.978628570080702	-1.83176866946991	2.07926725051424
mpii1239	-0.660555920550092	1.05122778871641	-2.9442496577427	1.25437256091031
mpot1240	-0.727239642346607	1.08371044720133	-3.01601733119388	1.32101318414746
mpur1239	0.7667797522324	1.05042256354463	-1.18483758812591	2.95629932803048
mual1241	-1.18687185735182	1.07567717314042	-3.52562445504208	0.744740717826268
mudu1239	-0.479541881634001	1.16356126203089	-2.95576960437625	1.74793980090243
munc1235	1.10720680423143	1.1722467357452	-0.976721993189886	3.66604819970985
mund1325	0.709682309543976	0.95877993649317	-1.05549116700046	2.7398629102092
mund1328	1.41252353397794	0.970021257967998	-0.292759503260201	3.60579698907874
musa1266	-0.223730055173873	0.817624173693354	-1.8374169623546	1.38070932313324
mwag1236	1.11481734439779	1.18995093111807	-0.962165002071696	3.77667495004068
mwan1250	0.515982450785664	1.12294746797704	-1.65777965063898	2.89712671722979
naka1262	1.03949845743522	1.05846373127746	-0.870418716826626	3.39529494445624
nana1257	-0.319244752644781	1.15484529787889	-2.78141733247025	1.88993947681747
nand1266	-0.451994005618258	1.06680084094982	-2.66257652074568	1.61238797869224
naru1238	0.716078791787977	1.14291052783675	-1.38429414667557	3.14130688282283
naue1237	0.731894460361052	1.10212920235835	-1.24393952289595	3.12170542690069
nava1243	0.428883531336255	1.10449520871532	-1.65777453741818	2.72516376042184
nawu1242	0.383222907903535	1.11877315362627	-1.74709533783775	2.70080581288375
naxi1245	0.726431473715309	1.02833220990886	-1.16825483644515	2.93726114449687
ncan1245	1.37997915988084	0.956986129288703	-0.286400627930575	3.52560834060026
ndam1239	-0.884827716210626	1.13662011248912	-3.30643869542701	1.23833849230816
negi1245	-0.385003334391767	1.14526082067651	-2.7597290537977	1.77369428523738
nend1239	-0.0642337271522923	0.868325381769318	-1.78773220021502	1.66608439513491
nene1249	-0.374777786119461	1.13138958875635	-2.73930007614246	1.69854101963237
neng1238	-0.168953757244107	1.04803865599436	-2.29815618819781	1.81886331329882
nese1235	1.63833794681289	0.838078815628373	0.171430974489512	3.46585877829264
ngaa1240	0.714625628527097	1.14139015232005	-1.39135711579371	3.21657472066833
ngam1268	0.439698923865472	1.00869542838512	-1.47024741489181	2.46535743161507
ngan1291	-0.333941941563469	1.10541707678314	-2.6541259823949	1.75914464558935
ngar1235	-0.57895172823332	1.12825316145058	-2.98698034114435	1.50536318258209
ngba1285	0.600525173170515	1.08528015137586	-1.35125775014173	2.94648533899217
ngit1239	-0.713780257283264	1.08314647630876	-2.93471854294358	1.28777368312564
nhan1238	-0.456304688031418	1.16242132921192	-2.94047387762092	1.740640937154
nica1252	-0.362389401904521	1.10370325424728	-2.70856113287654	1.68332585454906
nige1253	0.951561612601068	1.11354012271666	-1.10805005345909	3.33447966862825
niha1238	-0.354584788532946	1.11109773583458	-2.69372807965942	1.77630104865296
njan1240	0.825782619802576	1.01922165228608	-1.04946429334848	3.07841436363081
noct1238	-0.388487506910768	0.913637448672917	-2.30891241971224	1.35092256832082
noon1243	1.31995353761994	0.954720769475969	-0.329641026484408	3.40749927877305
nopa1235	-0.555268518407228	1.03561061856931	-2.67204213179427	1.43503462540417
nort2671	-0.388612739985679	1.1069064395821	-2.66648856625773	1.69437959811231
nort2690	0.411514692305017	1.1428593573874	-1.75083399120964	2.79773958669864
nort2697	0.13002640439283	1.06400986898779	-1.91204294683451	2.33718769440942
nort2722	-0.276407946901372	1.00209777957935	-2.25222490012625	1.66897132417972
nort2723	0.952492545334519	1.07755119336187	-0.944843603231061	3.2705112248437
nort2732	0.995640658120011	1.10885130400228	-0.979705659922394	3.39102083682827
nort2747	0.769119117142163	1.13194736282142	-1.32991899475219	3.15633629647167
nort2775	0.489180132001384	1.12701390923684	-1.62355303975475	2.95073494918221
nort2828	0.561481971012786	1.14815630535977	-1.58273810697151	3.03760240925584
nort2885	-0.424207030358428	1.06475051627049	-2.61811963398199	1.60425197330501
nort2942	0.356027161717465	1.16251753717674	-1.86794612253722	2.82738605407589
nort2954	0.635475174568294	1.12663707342357	-1.42231691083617	3.07032674033015
nort2961	-0.274312452748374	1.13895496319854	-2.66956900895449	1.90760106793445
nort3047	0.712557647695097	0.865205494237108	-0.877896544780501	2.51271082839868
nort3139	-0.475662470642645	1.14869667097177	-2.84085316353577	1.70193192833131
nsen1242	-0.783679506059191	1.12202653404787	-3.16092209353868	1.21820018402545
nubi1253	0.0359324027995041	1.01278469379541	-1.94133969247542	2.14112744181134
nucl1235	-0.304828419875883	1.12342043117851	-2.65339121326048	1.80569390698055
nucl1240	0.596435418630551	1.02721864397528	-1.34086113123118	2.77199902113277
nucl1301	0.383238534623263	1.13232201172377	-1.73415750435037	2.76634924065144
nucl1305	-0.417074431874893	1.17291693675145	-2.83938225606978	1.82484652596929
nucl1417	0.58914202071942	0.994588378060202	-1.21620774279985	2.6935136900753
nucl1706	-0.345930017391887	1.15270037130421	-2.79420406543556	1.8368585029244
nukn1238	0.839588362971178	0.796167597046691	-0.658641700438115	2.48012227108712
nyah1250	-0.636883218029497	1.12780610156027	-3.070494791786	1.45348295139391
nyal1254	0.30655156868833	1.05765847671685	-1.70807737101014	2.47417620247012
nyan1307	-0.951901164041769	1.13089234210233	-3.34938181769372	1.11167764453885
nyis1236	-0.142252347424462	0.920396468963056	-2.04986374821162	1.64464964582805
nyor1246	-0.105671593487854	1.03048075542178	-2.07738200902163	1.99247802939147
occi1239	0.7801840868255	1.12543149471896	-1.32467051153884	3.1847384720977
oksa1245	0.0172053419801924	1.0855856892112	-2.15556774674872	2.15169300429702
olde1238	-0.483046296476086	1.16320576913305	-2.96909209012762	1.7147449299927
oriy1255	-0.502504912587779	1.13394066341536	-2.8963418770511	1.58020386308659
orok1269	0.310728035357298	1.00612039949651	-1.6125363574428	2.39881054580338
otta1242	-0.279389691747714	1.17219917330152	-2.70723542010316	1.97432666300414
paaa1242	1.16937078298884	1.11455013071779	-0.821711129737264	3.6047417049153
paas1238	0.325036208580862	1.11532900670289	-1.8114384524586	2.66684618046579
paco1243	-0.498873728652811	1.11184895289568	-2.77754277365259	1.5753241336492
pagi1243	0.425711995359003	1.12706717638361	-1.65712423874228	2.7859785415749
pahn1237	-0.492157906271635	1.04920229436565	-2.69289465706677	1.4736001987946
pala1344	0.43066297227347	1.10600135518194	-1.63240235645036	2.7380488262456
panj1256	-0.371192309346388	1.12285915216306	-2.76160734566606	1.77622153157546
papu1250	0.679878532196797	1.12140465641158	-1.40152353648523	3.04303105680967
para1301	0.821392270346002	1.0842928896069	-1.1417974573849	3.12778097779454
para1302	0.0414618492231678	0.897597823484643	-1.7218987341369	1.82081094990828
pare1272	-0.32060217854318	1.17811637219269	-2.76884157894231	1.95291966372854
pate1247	0.895845782327565	0.886376689845735	-0.749337310024163	2.77896662422564
patt1248	-0.715738587352207	1.11302163755076	-3.09004173176987	1.34150429593699
payn1244	-0.018429719411782	0.879891591069255	-1.75139818441156	1.78500829046178
peer1241	0.433105400223131	0.989938249864683	-1.46228818539323	2.52736978896937
pela1242	-0.576907987854954	0.923049901524942	-2.45527463049478	1.13989563125659
pemo1248	0.606851298761841	1.12176700371555	-1.50378962180856	2.95975319753279
pich1237	-0.617478845563551	1.14053892409802	-3.11279670940869	1.47884908287029
pile1238	0.534400909387789	1.12071250678757	-1.57330289582345	2.96026916093366
pima1248	-0.400281040803302	1.06570650129608	-2.61498505012579	1.62392497649817
pint1250	-0.416755037094782	1.12080472091043	-2.79446036820707	1.72114123052882
pipi1250	0.549081467493521	1.17049704011414	-1.64356974175656	3.05128436052602
pite1240	-0.61499768889298	1.10978621456798	-2.92570523013084	1.46937941738239
pitt1247	0.759721092432379	1.1212003421139	-1.28731704155338	3.10088686740197
plai1258	-0.392515478037985	1.16260259345336	-2.80529295883752	1.82060504013404
plau1238	-0.613217698906599	1.1462874484109	-3.11185281690976	1.49742973892398
pohn1238	0.475656063523871	1.11916974843994	-1.59635578215971	2.94231181657934
poli1260	-0.401614871810645	1.13769140270983	-2.7926810616337	1.73607564564337
popt1235	0.890327988170951	1.15219881058641	-1.23600433257917	3.33336134974387
port1283	0.938141157301151	1.09918403588667	-1.09800561893875	3.26148507178043
psik1239	0.404115766655058	0.825124793036785	-1.20733972597706	2.0643545535055
puka1242	0.479422168086812	1.1383923063749	-1.65585151809412	2.85428881696478
pula1262	0.66140497240885	1.15821097017062	-1.42530092673191	3.1546361461914
pula1263	0.551464332572613	1.1498221818232	-1.6060764139063	3.06440956781699
puri1258	-0.72129901321578	1.12980952035711	-3.23744638418805	1.3349111762734
qima1242	0.689441263473367	1.12612170911124	-1.3773915125691	3.08104045957655
quer1236	0.565780569253549	1.13271779414376	-1.5647789803933	2.97472363799597
quio1240	-1.24534746480659	1.07013666334254	-3.55045980129509	0.686625473830133
rabh1238	0.117549815478417	1.01351762026322	-1.82784781737533	2.13894187837761
rapa1245	-0.668872913562294	1.1302130566532	-3.08373258892117	1.40645894109762
raro1241	-0.73567448232951	1.10461951981923	-3.07444541551096	1.33777778407055
raut1239	1.15488922670362	1.11209866981438	-0.810248315201733	3.55264520161832
reng1252	-0.584310739272356	1.11400610611174	-2.9470678384493	1.4882291131078
roma1326	-0.519018700533752	1.10746541579629	-2.91474771587438	1.49980153904403
rong1264	1.14567197265486	1.14220680630216	-0.86670246546861	3.59810523770621
rotu1241	0.444896814176876	1.08537345728416	-1.60440097688441	2.74625894087224
ruch1235	1.28267483901443	1.16371926790069	-0.7562753469731	3.85398642891306
ruka1240	-0.82219200174312	0.901805528972746	-2.67959103892309	0.956181245157279
ruma1248	-0.315072691895815	0.961263667974702	-2.28887878964342	1.56921027307851
russ1263	-0.323418740230123	1.12043362832103	-2.69698915251077	1.78225473821934
saar1237	-0.572213288941361	0.856361627744838	-2.32934047504126	1.06395362838979
saba1263	-0.242690095895734	1.01095005889847	-2.24527565096776	1.81217077659467
sais1237	-0.841407851017226	1.03714139960732	-3.01207678592648	1.06970718302972
samb1305	0.348898927871276	0.956495841989005	-1.49058910871496	2.3060510900817
samo1305	-0.74115339902946	1.10773333340083	-3.07293431940657	1.27455642375474
sana1295	0.805779889289035	1.14813331557479	-1.27086270305491	3.27239904472775
sana1297	0.517911953427833	1.12915395145657	-1.56661762873401	2.87376378501098
sanb1241	-0.505170977534846	0.996509119491315	-2.51475616082952	1.42000625874012
sanb1242	0.492459441330568	1.19660292922426	-1.75957927301435	2.98064941352752
sang1321	0.523191626660552	0.839562396319836	-0.997852538755499	2.27427518989198
sanj1284	-1.18378794637813	1.06572777683	-3.45276950508477	0.727390082717579
sanm1295	-0.381729123004513	1.01604386884	-2.40888191504115	1.60903846941634
sant1451	-0.478668815659205	1.04063105723902	-2.60484965224104	1.5542178072855
sara1340	0.460771641793897	1.13227747409345	-1.68952189388631	2.85258273410023
sars1236	0.257235376717653	1.14586923942722	-1.97158666247152	2.66151951249869
sauk1252	0.976008116821309	0.821857741201114	-0.531036331334356	2.71722891870238
seim1238	0.603568088422123	1.1388347139317	-1.53911518837929	3.02402906065934
seke1241	1.88796733407391	0.961969159901603	0.228922079182391	3.9537393509447
sela1259	0.402156916992436	1.09895234943507	-1.65455733694028	2.74983500876136
sele1249	0.486330295808925	1.00600735307984	-1.33796411481909	2.65416471916421
seme1247	0.0240183423489087	1.00030495955644	-2.0155826181113	2.01381065115134
seri1257	0.560904690629246	1.12095617350304	-1.57327712292523	2.94421290802952
serr1255	0.431055728153021	1.0412202841557	-1.51135749208326	2.66421799184233
shan1283	0.365406517803354	1.11669302415003	-1.69643416512675	2.68804212441102
shaw1249	-0.288069651539194	1.18660605785868	-2.80032861891085	1.97154746401988
shil1265	0.619051657060773	1.18136982546595	-1.55757463994635	3.17612532715697
shix1238	1.14157034233942	1.0675412441506	-0.711429981056087	3.54425137066425
shol1240	-0.536811156635175	1.20181137224387	-3.08644302798699	1.72228461207707
shon1251	0.207416706280479	1.17587309736289	-2.05966845146788	2.65292426123906
shor1247	0.39843324080987	1.1608597457801	-1.8614031146569	2.79011779661336
shos1248	0.407263966728173	1.12300931691807	-1.67875601463488	2.79853143490525
shwe1236	-0.131534650679435	0.919351920071537	-1.93376065484193	1.6985134289147
sich1238	0.753570234768631	1.08187402555921	-1.24785496166382	3.09974010605457
sici1248	-0.48459657978938	1.14597356270722	-2.90686975960858	1.67339696861434
siee1239	1.44351857041861	1.07890528748542	-0.434178104592039	3.78999039851442
siks1238	-0.366878125450958	1.14297612304692	-2.76656208191228	1.81918268283778
sina1266	-0.514746962356351	0.914212705983476	-2.41110007145008	1.25441940734357
sing1264	-0.437152524628414	0.959212656578143	-2.44476681827693	1.33145096387423
sini1242	0.536120108956986	1.14259260562996	-1.57210547711899	2.97090969473136
sira1267	-0.703194557584234	0.916197253393152	-2.56301509395004	1.04260965915466
situ1238	-0.706444630027508	1.02827704993263	-2.96168021372763	1.18782160314684
siwi1239	0.51124958870926	1.13866149031973	-1.5527314636601	2.99565161983728
siyi1240	-0.750138538359965	0.957435317839148	-2.81074225432874	0.985014605801328
slov1268	-0.416870850016955	1.1409127480715	-2.78980946929649	1.71382555776678
soch1239	-1.15564866283041	1.07960560337378	-3.54409503600537	0.80611011820665
soga1242	-0.661738201935858	1.04970209319349	-2.87278421996166	1.37900503372872
soni1259	0.536489012455513	1.17687154983316	-1.648921264312	3.00718257066126
sons1242	-0.663359660326435	1.09840834811855	-3.0548946147197	1.366248750423
sout1528	0.736036739735803	1.11912445630114	-1.37094335673224	3.12796596793904
sout2674	-0.383055617173642	1.16503314098782	-2.87772032790042	1.80454551416775
sout2679	-0.190933426273149	1.08126474116543	-2.37644000661057	1.93206629358616
sout2728	-0.582870542628155	1.01142415864781	-2.6743707004128	1.31312385939792
sout2729	1.23064285204797	1.0426280910607	-0.573967257333591	3.46451232843216
sout2782	0.0998707045587571	0.970305903221447	-1.87696997369197	2.06379260239737
sout2807	0.357143128116331	1.12300581226926	-1.78595232336866	2.69967383043478
sout2857	1.76657865697718	0.906313198167615	0.161782462261537	3.73481903076252
sout2869	1.45882042810077	0.996542288059182	-0.255962486160307	3.70908006812544
sout2959	0.380606464528709	1.16671080269875	-1.83938146068703	2.8256166341312
sout3261	-0.504569081560539	1.04018358282371	-2.71338425348471	1.45421069110537
sril1245	-0.542321784125735	1.12499543307532	-2.94575608794996	1.56382456371096
stan1289	0.819518081192031	1.11304909749421	-1.21070874629588	3.17048851915503
stan1290	-0.38943107809591	1.1623250361968	-2.8637154422379	1.84947025347779
stan1293	-0.465878411246249	1.11978525475604	-2.83411131992725	1.62128539053628
stan1306	0.327636157890414	1.02948771629117	-1.67131745096758	2.4365458911075
stan1318	0.808105717379977	1.16304142995517	-1.36340786512001	3.32658181447084
sund1252	0.365580684629153	1.1090556887877	-1.72346012979036	2.71530387646891
supy1237	0.299707001559085	1.07235444066829	-1.72261303075567	2.61747858969511
surg1248	0.805036729856751	1.13104039325359	-1.29276799143192	3.16775056094161
susu1250	0.594183436938598	1.15854878701722	-1.57096785201832	3.0300345126659
swed1254	-0.398884250759906	1.13272698811153	-2.74501905423878	1.70345559265459
taga1273	-0.865211928767492	1.04504614722833	-3.07559306277213	1.07903838659829
tahi1242	0.490503862474573	1.13883893455009	-1.68736699450849	2.98523804864797
take1257	-0.76673791783315	1.12068372393657	-3.19576177398589	1.29882500880036
tamb1254	-1.18954916770795	1.03633224895737	-3.47198665502751	0.64820253938575
tami1289	-0.467168842757209	1.19547990694759	-3.05598171629515	1.8071949162255
tang1336	0.540713944301961	0.815960694002276	-0.968709505005564	2.24113767090136
tang1373	0.431346498719668	1.08296033058633	-1.59395216360362	2.68491238002575
tang1377	0.204923481865417	1.00283239581178	-1.74612747837351	2.21862869312325
tanz1241	-0.161383207151454	1.05328886998371	-2.21246751209807	1.95320742707468
tari1256	-0.346892485209925	1.14568280984406	-2.736701191044	1.80712692389744
taus1251	0.38771151817527	1.1124653517337	-1.71314059062397	2.73929011492031
taus1253	0.673982363858243	1.11131034604695	-1.34359209585101	3.01951556986151
tawa1286	-0.717251077419805	1.128084926249	-3.11675987264535	1.37664575242155
tbol1240	0.600834013966836	1.11599457936134	-1.44842292673952	2.99423928902084
teke1275	-0.758444714793829	1.13558949019453	-3.11421935537889	1.33337743357607
teri1250	-0.280560220564409	1.07102250209714	-2.41843638784722	1.8431035146864
tete1251	0.576755336715123	1.12061678589509	-1.51836641587347	3.03845925531266
tetu1246	0.987290158111696	1.09253415989114	-0.960707466457186	3.36162350417318
tezo1238	0.240727000126298	1.00483673280834	-1.68053143991308	2.29564464830317
thad1238	-0.681378472413989	0.915700460696467	-2.58322486250219	0.984341973270169
thao1240	-0.760658719053083	0.923013770661965	-2.66809207522154	0.985456663373781
tibe1272	-0.348184693378258	1.04035593429521	-2.54333737911279	1.61663245289471
tief1242	-0.373231446113365	0.85849586551183	-2.06612538676151	1.33025251147214
tief1244	-0.275158384480752	0.88668889439819	-2.02409256278693	1.51736574797513
tigo1236	1.28027013315975	1.01300424483877	-0.501526727775616	3.51582040515527
tika1246	0.407782970509584	0.9990073346493	-1.47668382773864	2.47572387567718
tita1241	0.863085361775073	1.12699574554272	-1.11689381789668	3.31338939056953
toho1245	-0.797680170657443	1.15416947256948	-3.29302745137	1.34928585764462
tojo1241	0.804461062708057	1.14567925641668	-1.31936244036865	3.21635107147149
toke1240	-0.69295640029709	1.09431387074541	-2.99126138166304	1.31467496159319
tokp1240	-0.0176018225906199	0.88665993681345	-1.77779079038416	1.75762478618327
toma1245	0.458575881273333	1.16016147153268	-1.67125657149124	2.93324662873339
tond1249	0.841285692884525	1.14786433846067	-1.23105639246277	3.31210741860983
tong1308	-0.319514644064526	1.11063095903249	-2.66233561838996	1.78354779618048
tong1329	-0.485745402313769	1.11763934026564	-2.81420255276584	1.65297594549776
tonk1249	0.499372538645587	1.07271411534254	-1.54650498613343	2.80884143462969
tosk1239	-0.522682452716706	1.14469755024312	-2.95294725688912	1.60897174415057
tote1238	-0.980070678177024	1.10605966308593	-3.30645670475737	1.09482625045894
toto1302	1.04220135702076	1.05325578453777	-0.803225735030238	3.3308207173808
trio1238	0.346603472946094	1.10452596999057	-1.75610868018474	2.65217418290602
trum1247	-0.0709910429784915	1.04892126978654	-2.19177713042056	1.96170090765293
tsis1238	0.374893635404841	1.13907970313162	-1.80658263471989	2.71242757833273
tswa1253	0.399136276887203	1.14378900801112	-1.72532915102873	2.83819240068289
tswa1255	0.343212126569273	1.11725381589376	-1.76971508131583	2.68202327539871
tuki1240	-0.912806741219581	1.03226287344652	-3.09172706182094	0.950584672948497
tung1290	0.918854141883168	1.12280446676872	-1.10594495647974	3.35363013433296
turk1304	0.405034340062878	1.15146229052182	-1.69480440742698	2.81262645155082
tuva1244	-0.709945614020056	1.10379544249638	-3.03164230979003	1.37337124816949
tuwa1243	0.266132627487516	0.787218687034405	-1.25468773916361	1.87329883777871
udih1248	-0.400990538007126	1.16871411731356	-2.87218836214909	1.79693312048354
ugar1238	-0.488373021913613	1.16768353735411	-3.02465045255261	1.67679007324025
ukra1253	-0.38160181962464	1.157397113196	-2.86180125550956	1.80815360398124
umbu1235	-0.646004984719808	1.12408907492494	-3.0445140552516	1.45226143159659
umes1235	-0.485553484662957	1.14889486425884	-2.88462378337394	1.6702824895346
unua1237	1.8522753153194	0.861568333443332	0.348003413854001	3.74492783285205
urip1239	1.67903211144386	0.826758535826647	0.204103213073836	3.4288942736396
utes1238	-0.82239859358223	1.11920397641012	-3.14393015624403	1.27174625110059
veps1250	-0.404478517876868	1.145580243756	-2.81748606269067	1.75433424502778
vera1241	1.39257437600125	1.05121748362024	-0.451691402343236	3.65929703727695
vinm1237	1.75613562649545	0.843315700999954	0.266997506738102	3.63696970966813
voti1245	-0.580661899915765	1.12862102321631	-3.01820127071274	1.51943667162198
vure1239	1.40149256273728	1.05002368443155	-0.449526883913257	3.66149415966795
waga1260	0.689957507720934	1.12256448874781	-1.34204902559391	3.11413543869053
wage1238	-0.695092609972744	1.12985024501288	-3.09339393446944	1.42436225354819
waig1244	0.67846039216189	1.11015480687969	-1.36091745269224	3.09620310955032
waim1251	-0.238377059505718	0.868348138430702	-1.98943354990072	1.45401055462172
waim1253	0.409720651853455	1.1617268037323	-1.80804942955816	2.82473110581161
waiw1244	-0.463063587866468	1.13986511387494	-2.85510456328271	1.72879596764949
wamb1257	0.039972043725585	0.819751282799815	-1.60188356944588	1.66702561671957
wand1278	0.234314737411674	0.833499367171244	-1.37645518467109	1.90032243839525
wang1291	-0.415615431957809	1.12019466410501	-2.72951898019712	1.67044968324836
wanm1242	0.736206743491374	1.14796997463335	-1.39495159835859	3.16983760129167
ware1253	0.576021914800348	1.10463701218051	-1.47212757201497	2.91485311574973
waru1265	-0.414564620771922	1.11894224763015	-2.78219986934902	1.68978839135075
wash1253	0.833499329210829	1.10279078272949	-1.17722025437436	3.17292349704292
waya1269	-0.252759503138859	1.10188966877161	-2.5160622711214	1.85389055711207
wayu1241	0.212359175728176	0.808185931283328	-1.37332598745614	1.82570175344118
wels1247	-0.437418682751783	1.1119717487532	-2.72415673379889	1.70170639892169
west2354	-0.525198668923488	1.16727372871686	-3.06248047998224	1.60293615792995
west2369	0.831403936867571	1.14424698668755	-1.27116541844876	3.25174257063038
west2396	0.907933895037418	1.04152086552582	-0.989513406066068	3.1338541465521
west2418	0.194136145554719	0.898876692242497	-1.6383256019908	1.94714196189523
west2430	1.04737184970068	1.11551985088567	-0.95401853375562	3.46460418029957
west2466	-0.361830382766422	0.857890202769315	-2.07671166679195	1.33468340574051
west2516	0.857336823849019	1.05371285982756	-1.00325307764721	3.19085275666587
west2519	-1.00043352147193	1.0864920886019	-3.33323907399539	0.974491655782099
west2548	-0.480599179181084	1.10973870705486	-2.82132558419364	1.67103767204502
west2560	-1.27124949873696	1.05280249569742	-3.60336924394344	0.599710846790421
west2594	-0.0366553225187173	1.11599948628643	-2.31503059621467	2.19394080522063
west2615	-0.719484932293875	1.12137155132973	-3.14289267045238	1.38469335885578
west2635	0.863290381835001	1.15388149070293	-1.21614096135084	3.34911122047288
west2650	0.419741464383653	1.07504560234128	-1.61464636141419	2.70200459605808
whit1269	1.48506293053164	0.995908415945632	-0.227934564108247	3.74675283543159
wiru1244	-0.891830851907468	1.050081914823	-3.13730090676441	1.00034685316946
woii1237	0.681610402585559	1.08556596317033	-1.26470361177471	3.02025838553521
wola1242	0.203088853616098	0.978917059614294	-1.75237615336147	2.14827195049012
woli1241	-0.748047431410134	1.10390110981308	-3.05526390046943	1.31154005727906
wood1236	-0.278833622776331	1.16877307079416	-2.70408079408278	1.91185107641188
wotu1240	-0.937002654834538	1.13462071218096	-3.38512092729797	1.10338387064667
wusa1235	0.214035764672037	1.04380240302281	-1.77605102032687	2.33323764618134
wutu1241	-0.499525872850071	1.07917375091665	-2.73662254133546	1.53020295755281
xamt1239	0.700736969186485	1.13502761302481	-1.36254990989571	3.10495202703793
yaak1241	-0.57694572217986	1.04422271937452	-2.73399652886879	1.35582297755228
yaka1277	0.494227871378712	1.14106063884527	-1.61734401039624	2.93760150787839
yakk1236	0.199548897250131	0.94718765908559	-1.66820085685707	2.10137097350502
yaku1245	0.406137367399489	1.1650489003101	-1.83552117543345	2.90579296516841
yale1246	0.704206146325562	1.08182197021827	-1.25361432555139	2.99480073961867
yami1254	-0.903550224466724	1.07661172394897	-3.17853945527447	1.10190596239269
yami1256	-0.414184818384715	1.1140807718752	-2.77719421849777	1.67946093221705
yaou1238	0.481138408841594	1.16583846528885	-1.68786884509482	3.00714354221393
yaum1237	0.861899097387659	0.788863915602645	-0.600431757846537	2.50974171472537
yele1255	-0.589219088372967	1.13948454805962	-2.97401774599225	1.54196215133153
yems1235	0.524735943282584	1.02727766045657	-1.37361550539777	2.70045223633082
yeyi1239	-0.961301224585374	1.13698774888973	-3.41151566656191	1.06319453660247
yoga1237	0.620062469761654	0.88743910707255	-1.05283663125839	2.48126461287369
yong1270	1.23412241811147	1.0528961876265	-0.594563698842344	3.52503665286292
yong1280	0.924396157401871	1.14417528116729	-1.16477843630947	3.37111281567388
youl1235	-0.0728572145943587	0.863329782212867	-1.84319469509385	1.61486413830318
youn1235	-0.545101978640073	1.11379474832609	-2.81616433532521	1.5985950936372
yuch1247	-0.622124350925974	1.13381645454638	-3.03429311767426	1.49951790359057
yulu1243	0.315882118993351	1.14683670892921	-1.83528736490538	2.73063024197561
yura1255	-0.556020735990472	1.12455036456714	-2.97879370295661	1.50669338967263
yuro1248	-0.614346318383397	1.13661992444766	-3.08482524898315	1.50935516757815
zaba1237	0.0189106101031392	0.959427213459576	-1.86595533963985	1.98416768849029
zarm1239	-0.838671546155034	1.15926970698684	-3.25551142512711	1.31473143177943
zaye1235	1.48391849429604	1.08013925418174	-0.368121495069337	3.81481420845498
zays1235	-0.140433015700105	0.962155451158177	-2.06152575105546	1.75719470828957
zoog1238	-1.2269849446634	1.08210385765214	-3.52961412183747	0.68218439140469
