Estimate	Est.Error	Q2.5	Q97.5
abar1238	1.18697375411299	1.21030823782387	-1.06592258591927	3.77804496402768
abkh1244	-0.87440759524013	1.61419835570173	-4.28980914106975	2.1592125913073
abun1252	-0.94310764751989	1.66668813223147	-4.42620872868416	2.17668941574882
acha1249	-1.32885947611073	1.55233793509599	-4.69526028287453	1.45896938713766
achi1257	-0.44102803818269	1.44514537478904	-3.40441161961045	2.30548838257896
acol1236	-0.147542022530545	1.63848662007975	-3.37640179768807	3.11717880026769
adze1240	-1.43177778609056	1.23850451973783	-4.05381978512822	0.827414615604045
aeky1238	0.781760439540017	1.52780301438695	-2.07510138912312	3.93299211027923
afar1241	-0.709518768587124	1.61498137917082	-4.07227813569065	2.25062776719534
aghe1239	1.49524362520223	1.25808164875355	-0.756046885906727	4.11042523765317
aghu1255	-0.126779487221906	1.70851911126063	-3.62591709779439	3.12709549939366
agob1244	-0.218617022211957	1.60338411939071	-3.46492013399362	2.94593808821741
agua1253	-0.431610674597095	1.70843564028106	-3.99591754640223	2.89089531986247
aheu1239	1.55748103678509	1.50348113468444	-1.18610660901727	4.78842171836008
aime1238	-0.19880698568669	1.6112312546205	-3.41069519595245	2.98700349389101
ainu1240	-0.387440861754217	1.71605002606955	-3.91477310141649	2.93013378637952
ajab1235	1.12596188254865	1.55025298098431	-1.68112649404463	4.44776338927205
ajie1238	1.62787126195016	1.25045437992632	-0.716873431877876	4.29411371939197
akoo1248	1.84357813490266	1.59417284314178	-1.0209278507096	5.25992054945447
akun1241	-0.429551534687052	1.74871307579129	-4.08377254206926	2.86613110669542
alab1237	-0.459053245115144	1.6960015371592	-4.06504438218596	2.69296873696736
alab1254	-1.13560970346291	1.63184292767734	-4.69009197846849	1.84000665084932
alac1244	2.11578121742507	1.55721214537788	-0.562160251478918	5.60480419716309
alag1248	-0.134462287921916	1.53245063748169	-3.28324026863466	2.72597330154388
aleu1260	-0.417081591348759	1.61186897259639	-3.76128905082826	2.62644166323673
alor1247	-0.676376285743088	1.46240736586941	-3.80201090920397	2.06959150023251
aluk1238	-0.729732394658376	1.70405776694168	-4.32636629853762	2.53650338216882
amap1240	-0.0649346540974155	1.50623371887998	-3.12618576470966	2.81494023694803
amdo1237	-0.373147858742157	1.70918718954696	-3.89897204533235	2.80674167776307
anei1239	0.47425169775627	1.34033367795922	-2.062360164515	3.22773422604554
anta1255	-0.915120705844397	1.60952766637206	-4.37397008806248	2.03455495732792
anuf1239	0.311922605912644	1.53009799950705	-2.57978060869883	3.50631149021275
anuu1241	0.113422325248377	1.50047842763628	-2.98141152277245	2.95352404050054
aona1235	0.428094792266609	1.38564971239002	-2.2932639384696	3.13330685302881
apat1240	1.52994725242526	1.54747635330642	-1.33998198589132	4.67066805650221
apin1244	-0.207586760339374	1.71595155446087	-3.8333362472903	3.14511561838293
apma1240	1.6209413620997	1.10532600437306	-0.37783252778634	4.02169775938426
arak1252	-0.476836961251005	1.01326798483279	-2.51242626118419	1.46825442260542
arao1248	-0.332301634119735	1.74998828146014	-3.95512080687984	3.01184664773031
arap1274	1.08404709349851	1.59622445093986	-1.86709708902792	4.48655222638823
area1240	-0.0334803071839679	1.13284921533591	-2.25780170703895	2.20830369255772
argo1244	-0.869095504789897	1.6374673495279	-4.25192454136423	2.14001662084552
arom1237	0.458766226343653	1.71578709489274	-2.77293627355645	4.0191477875135
arop1242	1.39463114537074	1.37718838115671	-1.0642089320191	4.34152912925317
arop1243	-0.812657644648974	1.23978563851307	-3.32729797571014	1.52448841212299
arta1239	-0.506696131066223	1.14128655482718	-2.77065756939265	1.7035761251578
ashe1272	-0.405320477334888	1.71917846031585	-3.97848778003044	2.76644794313812
assi1247	-0.428432255922517	1.66948688621386	-3.93210901788065	2.74610116079316
asut1235	1.02433803815745	1.55863454356935	-1.77584470282738	4.37149024955236
atam1240	2.16529581044673	1.50548596156124	-0.533463932465953	5.4732866472474
athp1241	-0.251172424370926	1.42861194915294	-3.1424473667806	2.55513540047198
aton1241	0.208847148562467	1.58608881836472	-3.08035890181363	3.29115842270602
aulu1238	0.342100513318228	0.83148003540872	-1.25756694207247	1.99063108105397
auye1238	-0.43568357622773	1.71377459664545	-3.93301834307465	2.89963228766619
awad1243	0.405529138297372	1.58810399543487	-2.70649332513176	3.65971734871797
awad1244	-1.66510642842571	1.28979833839253	-4.38562838261353	0.662190690050954
awar1248	-1.33454598963022	1.2470513694569	-3.97674199196452	0.991366998985001
awet1244	-0.492861214194749	1.70847702757017	-4.09924131125605	2.71666323099949
awji1241	-1.14466544152687	1.63519448414198	-4.6339480822182	1.85361631009392
awtu1239	0.707268148887409	1.32407621624284	-1.85522369918477	3.45702831010271
axam1237	0.443858703645554	0.863430804239406	-1.27212904282362	2.13702899963095
axiy1235	-1.1904963724364	1.63774421869287	-4.71520924355951	1.82633617447261
azha1235	-1.33082978057153	1.60697702152134	-4.79886861516935	1.65866588917498
baba1266	1.78979336028878	1.35620194149524	-0.6600136675233	4.65717868534237
baba1268	-0.362967219883227	1.36107137481909	-3.19446895562733	2.22228518287673
babi1235	0.0571542211886477	1.63664849105019	-3.27485830997416	3.20508158869032
bafi1243	1.76205308203193	1.49089817768567	-0.934931323970299	5.05836342617457
bafu1246	1.73760477585622	1.30388762908033	-0.614872211099267	4.44589144579137
bahi1252	0.389187723376369	1.3186589529813	-2.28981851737498	3.03322280189297
baim1244	-0.459835562879088	1.68400341515293	-3.98124345767838	2.70072844257265
baki1244	1.1278838729247	0.988686890881609	-0.738591112394886	3.16464958269067
bala1311	-0.357349193421619	1.3624418907987	-3.15991702707893	2.19669978725668
bala1315	-0.904001256720783	1.51730366026559	-4.0845258676315	1.9503246201822
bala1316	1.67020330195434	1.37020412319031	-0.828896555378923	4.56728341180796
balu1257	-0.133629004589683	1.18958001331277	-2.43648705791145	2.2474189389344
bamu1253	1.65489437049487	1.48835640590216	-1.01659418610951	4.8247085616437
band1344	0.775354904490833	1.63009311510506	-2.20725763521122	4.22755910604282
bant1288	-0.486291154962899	1.35299817576734	-3.273683450835	2.10640167021175
bara1369	1.04658720380298	1.63796644221975	-1.95269955749653	4.56743216065177
bari1286	0.859901468460459	1.36295269192042	-1.61730460077693	3.76082443048604
baro1253	1.79350135931471	1.35016608244192	-0.60653997773455	4.73243316027325
bata1289	0.898760213753988	1.53368973067522	-1.98895132072977	4.22256382797162
bebe1248	0.93320776248385	1.54446334804432	-1.85662278369173	4.19768293353533
beka1241	-1.38986511789654	1.57908219466041	-4.79533759068248	1.43956250153209
bela1254	0.254206127785359	1.73549704422834	-3.06806838875148	3.90766657417923
belh1239	-0.233910479266391	1.40385780160594	-3.07062426806576	2.4418108889712
bell1243	1.19972434698798	1.61598558891155	-1.72356418687116	4.62498559861982
bemb1257	0.536969541549907	1.60229183066158	-2.51324693922116	3.92660639772761
bhoj1244	0.272708878524626	1.67353997066763	-2.90662343156348	3.68021370505675
bian1252	-1.42428238679063	1.23314798743572	-4.02621114598759	0.823121643778485
biao1253	-0.723566905269169	1.6594156378486	-4.30545642646739	2.37527205749465
biao1254	-0.0597542397037823	1.71638815672478	-3.56110554262206	3.32367328662445
biao1256	-0.539954465988009	1.70868089525719	-4.01228322557368	2.79168014200829
bier1244	1.12208266672846	0.964516747884414	-0.707789677398008	3.10742159526963
bign1238	-0.770389062297046	0.869036974313649	-2.5826508632813	0.903533509607267
biha1246	0.998593656965108	1.36030763193817	-1.6036281557741	3.79803405987882
bini1246	-0.732002090425772	1.48537074486816	-3.70021242958228	2.05222557714149
bisu1244	-1.34553606115698	1.66009556706736	-4.85798029757001	1.70795767976489
bitt1240	-1.57697068876094	1.49256034618983	-4.74585940704715	1.07766935915077
biwa1243	-1.29177212402867	1.56543883415988	-4.62386356637746	1.56100036489088
boht1238	1.31974937687726	1.54598039505644	-1.52657951889216	4.66646731588227
bola1250	0.322548870251785	1.31035742646454	-2.23656545662996	2.92709729081377
boly1239	-1.21235371729672	1.57543455564955	-4.53484564891742	1.68578246790087
boro1277	-0.0228468886723646	1.68932569304042	-3.33210559004907	3.27323400862808
boro1282	-0.328129372011695	1.69759999308121	-3.81900677236034	2.91875067531892
boto1242	-0.478811209818954	1.41162953954161	-3.35533183887101	2.28388008239879
boun1243	-1.52970605053799	1.58575518451527	-4.86756861331318	1.34594293780583
bret1244	0.234177973049503	1.73862071319666	-3.14891799159923	3.83982323348814
budu1265	-0.201540399977998	1.42780476551629	-3.02415384719958	2.543002369878
buga1247	-1.2588550253931	1.53574650277501	-4.51112268172599	1.53751989119084
buga1250	8.93302204509672e-05	1.19992977380927	-2.3619172000824	2.41790748006091
bugi1244	-1.29303400601441	1.62180159355726	-4.85366576456644	1.64799498686977
bujh1238	-0.527466378999946	1.47706878903314	-3.65024328444192	2.24877634026076
bull1247	-1.37343386442531	1.57509749119413	-4.67963063113555	1.60503925939146
bulo1242	1.78702537321163	1.53458718780049	-0.908160662229447	5.08556184000355
bumt1240	-0.5439523378672	1.62700385586169	-3.90931510868467	2.52513677661684
buna1276	-0.412292640677772	1.28425275985898	-2.97106430633658	2.16441466301609
bund1253	0.335018056226339	1.74417998286277	-3.01291636015918	3.94917365292878
buol1237	0.590772667095596	1.48186909720164	-2.17565277374377	3.71821309188742
bure1242	-1.53551728730061	1.52518007277332	-4.8591922172046	1.19304164219115
burj1242	-0.901604038358641	1.66281456297097	-4.50868927886891	2.13823916066679
busa1253	-0.0477142464355927	1.53003005987972	-3.02551342216413	2.9762111764462
bush1247	0.539396229489615	1.57827482524787	-2.39232434493119	3.87971675975593
buwa1243	-0.802876232447181	1.24263932975922	-3.30539010143315	1.5485001490906
bwai1242	-0.878869985012851	1.21688260655161	-3.35176965568792	1.42183568620092
bwat1240	1.44653063101554	1.30339965480733	-0.94067563567132	4.17497645458633
byan1241	2.27615403623933	1.62956617875069	-0.70077743360035	5.78656802655942
caac1237	1.44153987677211	1.30776860348226	-0.971229141046569	4.12096998744692
cacu1241	-0.589550828907245	1.67272184939871	-4.12868521680976	2.62976428876913
cahu1264	1.31216317614736	1.58742214840901	-1.58672362051912	4.66616084708727
cakf1236	0.924901451298669	1.35180786203169	-1.62364429776396	3.76535202077785
caml1239	0.185710113372112	1.32129266410931	-2.50464425773978	2.77460990690237
camp1261	0.213036695740212	1.74659734798528	-3.07470113080124	3.9228224060635
cane1242	-0.253357137468822	1.78034838154584	-3.94072175428454	3.06031182050901
caom1238	1.33461507020455	1.66886663247878	-1.72370219012678	4.7977626930003
capa1241	-0.537246302877747	1.72305771691245	-4.14716217582063	2.71296825527151
carn1240	1.32695198573302	1.59119627321524	-1.54305156933526	4.73891060786019
caro1242	0.954592819019184	1.56147249570718	-1.88246517980619	4.35208612510897
cash1251	-0.511132826550363	1.75074120753587	-4.12127613700612	2.79630946158687
casi1235	-0.195289430016104	1.26215088524507	-2.74076578834156	2.29908660906156
cemu1238	0.899755644085492	1.27729760567326	-1.55111723021991	3.52022072634775
cent1992	1.60831451316322	1.43092653196128	-0.988260628554995	4.72141883660415
cent2084	-1.75271344516861	1.44318816625288	-4.84336676951105	0.84890862561964
cent2100	-0.516614293274667	1.39914589192604	-3.44943783399674	2.12920564267308
cent2127	-0.45432839117049	1.6222798450645	-3.86524779538999	2.57065982702203
cent2131	1.14427316395334	1.50742691028231	-1.57385227031702	4.40958629576247
cent2140	-1.09289181662429	1.6090507225504	-4.43566097511418	1.82804802886423
cent2292	-0.0565810444794887	1.06043877886391	-2.10404912522737	2.07341878057987
cent2314	2.19388965354172	1.52307114354354	-0.502579844731145	5.59380388775714
chak1270	-0.0207557889072679	1.52911058821317	-3.17709625784171	2.88148605821041
chak1271	-0.938539569385944	1.38205663163071	-3.76919654346006	1.6369680788631
cham1312	1.16072710581562	1.5641832599138	-1.66172948059909	4.55699239712602
cham1315	1.74645958457232	1.66240301328546	-1.4257581809006	5.2071374654275
chan1313	-0.102407886930336	1.4325336939521	-3.01312704126612	2.64764821152223
char1269	-0.847723051720303	1.76501902414888	-4.46219874333113	2.50870213645312
chas1234	-1.07821670152943	1.70171167252043	-4.71882887630947	2.04263230904327
chek1238	-1.20797778490577	1.31221978695592	-4.01555691871823	1.20495986919326
chen1255	-0.367802588732827	1.66969215059999	-3.9110783665209	2.80317224338392
chep1245	-0.37838199643275	1.44222676374606	-3.338123094188	2.37559476078862
cher1273	-0.809583793184762	1.6449218022614	-4.26080419339114	2.23913735478528
chey1247	0.91256581315614	1.49047980051156	-1.92636308294477	4.00897285032988
chic1270	-0.661558598583348	1.63856610237309	-4.12577198739287	2.45938430839817
chil1280	0.28546627524558	1.62318908700987	-2.91819678848148	3.47125827763187
chip1241	0.67586537644321	1.63866101973919	-2.32685609575772	4.11183323865355
chip1261	-0.294992530740945	1.64206204203	-3.59138709460214	2.77033916648349
choc1276	-0.645494221714846	1.6767242513979	-4.082281944678	2.52484332955066
chon1284	2.29217411907718	1.550248701527	-0.38628191652705	5.70594812873258
chot1239	1.18821341474343	1.1581118050224	-1.0280174620715	3.5277757388363
chug1252	0.142564686344464	1.58993209947419	-3.14179095291414	3.20292254728395
chuk1273	-0.343010358924544	1.72839635272103	-3.899208792647	2.97759433507107
chuv1255	-1.92171063554346	1.5255567597666	-5.14834141137172	0.811628657182469
chuw1238	0.419445855935653	1.57022161940349	-2.54184003669959	3.73254726780495
cici1237	-1.49286982788078	1.52583427740455	-4.68813233038937	1.36859398338628
coat1243	-0.0797361070932508	1.43230977181105	-2.88664550666209	2.79297664949346
coca1259	-0.521026025902763	1.72032513290607	-4.13642594349502	2.72408646926981
coeu1236	-1.38596898868137	1.5560289178672	-4.67779536219387	1.53930498874943
colu1241	-0.845145867515611	1.5500416509638	-4.07462263487363	2.16340581045378
coma1245	-0.78483643735088	1.58371596528162	-4.24424774110363	2.10469713571698
como1259	1.28242218816599	1.63657687736441	-1.69290435864919	4.68719052785487
cosa1234	-1.66777913915995	1.55082568374359	-5.06314933687857	1.11141874963514
cota1241	-0.157573766765046	1.22690286580699	-2.62635491392066	2.20404096938585
cree1270	-0.584336673003913	1.71298531843464	-4.19091133144601	2.66993664701064
crim1257	0.614168718919874	1.63466890706914	-2.47980323450451	3.96175678170032
crow1244	0.298924780798167	1.55241547625882	-2.72811799962028	3.42881962283368
cube1242	-0.499508233425778	1.68857600414934	-4.00097775822223	2.69257664011327
culi1244	-0.378547309798588	1.77034023686561	-4.08573483460299	2.99140763746411
czec1258	0.274146437940534	1.74191561389666	-3.00635007494253	3.86543614096133
daai1236	1.10333853863238	1.41253908002477	-1.61608458896352	3.89261160466912
daas1238	-1.10185039100565	1.65200333650421	-4.59295348275347	1.96996281491666
dadi1250	-1.54416658338834	1.60590104849257	-4.90434851710544	1.42082824304689
dagb1246	-0.76144886774558	1.47410978666294	-3.79808862745913	2.05605574010745
daka1243	1.0707521223602	0.903678065461161	-0.678497137134528	2.96774002689898
damp1237	-0.667875488811893	1.43663465063138	-3.62841098005142	2.07061061809876
dana1252	-1.02498780318608	1.55971745094197	-4.29270336555006	1.85094731311906
dani1285	0.237434875523426	1.775211399656	-3.12358568141481	3.88970216433267
daza1242	-0.525956597087655	1.7676254450187	-4.10480079829011	2.84658192713158
dege1246	1.24511750558021	1.5138814328554	-1.48150552735728	4.50436878257804
desa1247	-0.592540831742355	1.68536646056108	-4.1828231838718	2.63897147340562
dhao1237	1.17813238794118	1.5293296201583	-1.58106799865809	4.50516253576714
dhim1246	-0.74153619231802	1.58080014273316	-4.12141076200548	2.19940778573788
digo1243	0.897794813727682	1.59385938236759	-2.00965565682516	4.37805937976947
dima1251	1.53142931547704	1.38101439984523	-1.11242557827075	4.32281166690901
djam1255	-0.575791055680227	1.71745665776003	-4.21472593047523	2.6393109081962
djee1236	1.26846654134348	1.52761399504632	-1.62216255206631	4.50893489706124
djin1251	-0.431251937049139	1.73365861452567	-4.00144468555369	2.9083542999156
dobe1238	-1.38357148550457	1.49247063026277	-4.57010319875611	1.33059520074086
dobu1241	-1.17072340044972	1.20139840290647	-3.73608744778087	1.07878455658527
doro1266	1.03657792180986	1.1901299089198	-1.14103542651936	3.5282637427515
drun1238	-0.762520445550929	1.69591992243063	-4.33402856831216	2.37441212244362
dual1243	1.62969233035079	1.64024199461449	-1.26182601271522	5.12742754937587
dumi1241	0.0582310184323689	1.32899569722803	-2.68301486670366	2.64615327641279
dutc1256	0.325123129648999	1.703557150079	-2.92121636653913	3.90518011669403
dyul1238	-2.16113015330435	1.50817277437755	-5.36201907178015	0.560963094977324
dzao1238	-0.406812404505005	1.77659548489777	-4.01423999464471	3.08871876579202
dzon1239	-0.726250151296563	1.66144939803459	-4.24164373234653	2.34175480779785
east2328	-1.37075003704625	1.38941956355604	-4.22187262150709	1.21090113862661
east2332	0.166349270034929	1.45389505710984	-2.7202967646184	3.09943945335575
east2443	1.36204969094951	1.26281270937521	-0.993876588769236	4.02323499352942
east2447	-1.24813085750525	1.53957741821055	-4.56518951891832	1.56738845942962
east2516	-1.292211039614	1.6393927156871	-4.76973885491661	1.7709458042686
east2555	-0.043521268892994	1.66734353957152	-3.40963171898065	3.20034391113495
east2690	-0.662660485896113	1.70417160142591	-4.17010877330305	2.51150196242936
east2773	-0.0206822545999295	1.35098525020075	-2.77337581403179	2.5988038122513
egaa1242	0.537279106165735	1.60840115170167	-2.498949795492	3.85689489952651
eipo1242	-0.383505911176273	1.69959632512794	-3.83197801375207	2.87969698324516
ekar1243	-0.512266378872841	1.74431174906208	-3.99357558113992	2.88115022325052
elna1235	1.66910745364516	1.61079391434601	-1.2190506384991	5.11312512376548
emai1241	0.141605649645675	1.47330120244984	-2.69545882244021	3.20253231681324
enuu1235	-1.40734352368055	1.65525377669646	-4.94526429780405	1.53470708087134
ersu1241	0.792994976295541	1.50361285084219	-2.26307046906666	3.7590025037549
erzy1239	-1.64171680711239	1.60028488679519	-4.94485007532242	1.33349653972532
esto1258	1.01049196708891	1.60158938098527	-1.93349295159557	4.42553826289666
even1259	-0.132522894427079	1.76700332047921	-3.66849791564202	3.16464704860739
even1260	-0.169995947731339	1.78786138435066	-3.88456824882306	3.30663546161754
fala1243	2.05909465484257	1.55043194997061	-0.777257148757418	5.32962229507052
fare1241	0.558215725862271	1.51339845696607	-2.31396284840366	3.68634655156937
faro1244	0.214456746457376	1.70364912347243	-3.15732103196623	3.76627641655891
fass1245	0.691251341738391	1.40175367166005	-2.07556653705806	3.5911215952347
fiji1243	1.26562450467321	1.48141252749059	-1.50083901392661	4.41070570762694
fili1244	-0.659339554531871	1.49494008268701	-3.69481206072887	2.12504610313972
fina1242	-0.367536440517981	1.03313290916665	-2.46377020097128	1.66847459258429
finn1318	0.728076503959267	1.6160208888342	-2.22903003652411	4.02048168539376
fonn1241	1.12577456593431	1.55208219425309	-1.68638505045986	4.4840053280116
fore1265	-1.28957415165734	1.56405923009001	-4.50161819164125	1.61549482063884
fuln1247	-0.271649070928246	1.71292550541874	-3.85159706497737	3.01834647049746
furr1244	0.801942692873644	1.77987259021711	-2.59566494052332	4.52915125718137
futu1245	-0.515754866993732	1.29133651408849	-3.20367388110034	1.96516171208367
fuyu1242	-0.827111488551581	1.45020913865701	-3.77983151702694	1.85604690657309
gada1258	-1.23450603951461	1.16533984937536	-3.71366579564434	0.85518447138879
gaga1249	0.630475592683997	1.63510482843189	-2.43651099187133	4.11118544927042
gahr1239	-0.150171213171851	1.74620394857684	-3.70672832472922	3.18565988667928
gali1258	0.236880107957941	1.70259232899991	-3.09986152429837	3.73926128538968
gali1262	-0.249559639051617	1.7373584519584	-3.78457027189487	3.05824379683777
galo1242	0.015076660818923	1.55805222179836	-3.11905979023046	3.01410502467915
gami1243	-0.282721815894376	1.78133363636895	-4.076950551614	3.21511744659866
gamo1243	-1.17249455303347	1.76888776895196	-4.81012665392611	2.14835676180302
gang1266	1.4451202325614	1.18435462607353	-0.810152045243764	3.82267049060639
gant1244	-2.03543180900824	1.59329590954577	-5.38126698332252	0.907536216897518
gapa1238	0.0275990587735221	1.26237372565411	-2.43492908230287	2.49917551236661
gayo1244	0.545030236214895	1.39991067466373	-2.14936230144085	3.44255911519835
geba1237	-0.729754050125186	1.59967617743178	-4.18418616289072	2.25019791662396
gebe1237	-1.29793337889957	1.54272361745066	-4.61626871487877	1.51063993653065
geda1237	-2.33930776094156	1.41728050053783	-5.43181858110846	0.108218460623257
gela1263	-1.17618300168901	1.20462539988275	-3.68143606177992	1.05294238042379
ghan1242	-0.292287028423898	1.34693240349639	-2.97290845480059	2.33155778275553
gheg1238	0.497425035314458	1.69844932011153	-2.65948656966267	4.01921193810397
gilb1244	0.81930265297722	1.56146036541245	-2.12729035152439	4.11082520620791
gily1242	-0.401198653977533	1.73269545278898	-3.96981978130816	2.90939916965861
gogo1265	0.666156116212689	1.56618662354763	-2.26878145844567	3.94244456752174
gola1255	-1.43442571262405	1.59431499537082	-4.77315240064796	1.42843247184146
guan1266	-0.0165403217221903	1.50300796342532	-3.10641672337575	2.92488365575158
guat1253	-0.192520653041735	1.7145667163817	-3.72792343946603	3.10494615764074
gube1234	0.776735761738306	1.62605352937735	-2.15309660496696	4.24664977309172
gude1246	-0.940960883249574	1.30564245800132	-3.68511326349584	1.53058195335424
guhu1244	-1.19672938160787	1.46986936112642	-4.28092049566093	1.62297932212036
guiq1238	1.53365528762156	1.53568870906694	-1.3465266348381	4.71170268446029
guma1254	-1.47777982494905	1.23013113388345	-4.11581005022348	0.789786654667615
gunw1252	0.939291845440261	1.52876413098672	-2.04406357472608	4.06890770738713
guny1241	-0.294187514548505	1.72577729758704	-3.75540775922271	3.00504436581146
guru1271	-0.942708264739727	1.45047646964411	-3.99897639809429	1.73395194206722
gusi1247	0.833080075496065	1.56673364190388	-2.06997175622595	4.16852990087741
gyel1242	0.939747260652875	1.66147350972022	-2.14011920465465	4.48240304061861
haaa1252	0.642768405328343	1.58519588143892	-2.34101198992467	3.95804661650758
hadi1240	-1.14741934396225	1.61361569210508	-4.64182440017158	1.83235774423551
haka1240	0.33942276714542	1.48382743648396	-2.69685183473723	3.24949438934206
hala1252	-1.40931872166122	1.50407997671209	-4.65143848791756	1.28703020776787
halh1238	-0.292471177611157	1.78471273220515	-3.82389316818404	3.13517282302681
hali1244	2.39139339065974	1.57223999721524	-0.355542459826736	5.8502332353683
halk1245	-0.657244364505071	1.5153296833853	-3.86978808718715	2.20102719160269
hame1242	-1.26515058112202	1.67845626600419	-4.79869245016969	1.8478912903805
hang1263	0.0965672994256142	1.40745617576225	-2.77661848491774	2.82758003816004
hani1248	-1.21798301948766	1.65536043943157	-4.70440056164882	1.86033428636046
hano1246	1.64678444073821	1.24874774179068	-0.586192593863886	4.29078286000052
haro1237	-0.713086124595473	1.5494900084212	-3.96816595102951	2.25980076072823
haru1245	-1.80094626733735	1.60559410399584	-5.20459509739894	1.08304670750563
hela1238	-0.379939048146178	1.3999371901577	-3.23480572585018	2.24634190740876
here1253	0.617925438032984	1.60333827439429	-2.33542736641537	4.03418972665515
high1276	1.28354350623876	1.36722820526525	-1.22109559419463	4.15719356185834
hind1269	0.311832722175607	1.71482624392509	-2.91945130253324	3.87838220987276
hixk1239	-0.256809038043559	1.73361418475313	-3.88681620078252	3.01484835176405
hoaa1235	1.05408421358894	1.65079162167221	-2.03771294321972	4.55743763763726
hoav1238	1.05478974815005	1.21164955906002	-1.14005425846976	3.57998802990903
honi1244	-1.36300988114692	1.66062948771828	-4.85993878067464	1.57660680663392
hopi1249	-0.978233806407506	1.62280411621198	-4.37039432078833	2.03855947025463
horp1239	0.52044678973751	1.47063411299576	-2.45488454954949	3.36557319882207
hote1245	-1.15492253382216	1.07796556616503	-3.34785270615984	0.801231595887671
hual1241	-0.465891296068341	1.67947282385141	-3.88477143775599	2.63618537547385
huam1247	-0.479586166388312	1.72933855858896	-4.04102377190857	2.83926177252684
huar1255	-0.304714670807911	1.50024653535972	-3.36794441026776	2.56088265946841
huas1242	1.6585191079302	1.5893207846877	-1.2228741548268	5.08312998261614
huic1243	1.76285646819314	1.57120131882817	-1.05398385590649	5.14131691253342
hula1244	-0.638394816647044	1.66774671032069	-4.14895465032162	2.46724548885843
huli1244	-0.626652665776461	1.60539029567575	-3.92632421615524	2.50026937944152
hung1274	0.765400128891873	1.59060124581817	-2.17102257511334	4.15948636920232
hung1275	-0.0445163750729445	1.49807990405911	-3.09699877200273	2.85875669690064
huuu1240	-1.65407937027503	1.57565699302255	-5.04861817408641	1.14000270050895
iaai1238	1.83529426491096	1.43423561091721	-0.688743635107363	4.98806607692531
iatm1242	-0.76049456175961	1.52528399104344	-3.85439308414717	2.15435008142256
ibal1244	0.196513427385319	1.10682185848941	-1.98738606379526	2.4191615864571
iban1267	-1.63618288275401	1.37402022624341	-4.45735954301006	0.808394256552068
ibat1238	-1.47614323882061	1.59517875103217	-4.92703422319245	1.40610408593127
icel1247	0.230676109507671	1.73040918635631	-3.0266473360169	3.84290149996466
idii1243	-0.19905453360414	1.55398810502918	-3.34198842748072	2.83811636388513
idom1241	0.745797552031896	1.53730724571206	-2.11027313039174	3.89498796374447
iliu1237	0.419818745178228	1.38496321533046	-2.2470612898662	3.2992851755547
imba1240	-0.248180410326238	1.7407338709443	-3.79453375086577	3.08230961501334
ingr1248	0.960040367560047	1.61982742924398	-1.96616886537191	4.3824836435604
irar1238	0.223966823741733	1.41244754829494	-2.45945310988426	3.0698197548793
iris1253	-0.0308007646751696	1.67751673361302	-3.2563072415012	3.2557823006934
isco1239	-0.55163381698005	1.74880531783512	-4.10242746066296	2.80187172872173
isin1239	-0.137251595319582	1.11883026610562	-2.33406035734729	2.07343262678354
isth1240	1.22768214329862	1.31417142341743	-1.21965028382211	3.95417877859069
ital1282	0.238964133482754	1.75559675534878	-3.07535262800109	3.86963786837817
iton1250	-0.450313502361188	1.70176340969894	-3.97765947653043	2.78870800753678
itza1241	0.835432382259591	1.63699110656794	-2.20132693548076	4.23953523138523
iwal1237	-1.19681828537805	1.14235236524109	-3.60206434573479	0.91205301925683
iyoo1238	-1.83505408225605	1.39464740923266	-4.8260637568189	0.670369074311604
jalk1242	-1.39520498116042	1.44653285268366	-4.35967730958017	1.29696526152838
jama1261	-0.286911563905038	1.74612146864476	-3.83312599207201	3.16366548926591
jamb1236	1.10340781129919	1.54438468010648	-1.75485340247615	4.3576077398503
japh1234	-0.426550738590905	1.55597973136248	-3.6527917746131	2.54449805666496
jara1266	-0.539901318455887	1.41656610539371	-3.53329835240455	2.13728317256238
jina1244	0.998045771056485	1.42648670207164	-1.6854343633433	4.00405184851927
juku1254	-0.031559274404219	1.34348831216349	-2.72941286571118	2.60357388186955
kaba1278	0.902354815868487	1.68997414778736	-2.21548126093483	4.45513120970622
kach1280	-0.87290085609226	1.7047643332656	-4.45341069538919	2.29530432389741
kach1284	-1.15077614112601	1.76694810359818	-4.85825362804935	2.15551636469501
kado1242	-1.49242931760865	1.63214819694451	-4.97545484679739	1.4996366491699
kagu1239	0.437343533982066	1.59992891314327	-2.55798867278241	3.79089464640596
kaik1246	-0.110019411259894	1.53721732406133	-3.21980318800551	2.87930032073548
kala1388	1.68230014224574	1.38818572813648	-0.793447917650163	4.69271991409979
kala1399	-0.472591304144784	1.70288967212578	-4.05147796524904	2.71166845366593
kamb1299	-1.06106829890616	1.53015524998336	-4.29702629189519	1.69991786301807
kamm1249	0.155085271362424	1.48255244629049	-2.73741016533314	3.14903874319565
kana1291	-0.317262221746449	1.76582343845984	-3.96247828575227	3.12100766978896
kani1286	-1.82246488613691	1.54988241638615	-5.09424512463683	1.09469775597554
kank1243	0.440039142354719	1.13242940791697	-1.69978353034151	2.74937704323208
kaqc1270	1.48737531424321	1.59649998896377	-1.40099662658822	4.82322803116211
kara1486	1.33155696744592	1.25847184053783	-0.957442644707397	4.05177160008051
kara1500	-0.289543888996482	1.74644932019553	-3.91835354396787	3.03818056573292
karb1241	1.16150528425821	1.40290022542091	-1.57209772262587	3.95788983234606
kare1335	0.797416233354497	1.6113972237118	-2.17430132534233	4.20028989839651
kari1311	-0.302268681253922	1.72523553585779	-3.9286447394157	2.95755302976806
karn1252	0.270223529318223	1.14134292443841	-1.94547116701517	2.60996726398019
karo1304	-0.612428154115545	1.70138528039048	-4.15694152571253	2.55503076998595
kash1277	0.153361625782751	1.70277272904036	-3.09170187033947	3.69342128690451
katb1237	-0.273913126207082	0.841120519855406	-1.92838927438663	1.35506977339766
kats1235	-1.10156902489476	1.70698290120901	-4.68273191382061	1.99485880960625
kava1241	-1.75689704518665	1.54061768613069	-5.16465016211993	1.01234003411977
kaya1315	-0.779852411382529	1.5974186766913	-4.06893649068468	2.31341613021082
keap1239	0.318592619940246	1.2106873348108	-2.06334851235501	2.72460924281628
kele1258	-1.20508506575389	1.13911216667823	-3.57335756427083	0.861387756126031
kele1259	0.175575700858509	1.02719271606375	-1.82240036845366	2.21790273220304
kemb1249	-1.62621837875907	1.51812036269041	-5.03978664214756	1.06156191029273
keme1240	0.844428947139831	1.20327611621144	-1.44287718820916	3.27133907530519
kenu1236	-0.491131605324892	1.77551913680216	-4.16023697473106	2.92048871122165
keoo1238	-1.11149113939444	1.4467214662349	-4.20556175797692	1.54948089739598
kera1255	0.526293823432649	1.31729949660198	-2.08944449454957	3.20438414035066
kesa1244	-2.12379670805467	1.49920760634579	-5.27810504584183	0.558727542510933
kett1243	1.05330221103318	1.7441880072498	-2.19481112564	4.63829257146233
khal1275	-0.553668072367198	1.41777714113461	-3.47457660293677	2.12594676312472
kham1282	-0.269133761329721	1.69483628643784	-3.87727256445099	2.90030242291637
khan1274	-0.427738007405472	1.48856811575341	-3.52337601598024	2.33857556524083
khan1277	0.998741376389224	1.23751519542621	-1.44080678836236	3.47361908879678
khan1278	1.56384888766091	1.52010467161525	-1.14301292883168	4.87461298872397
khas1269	1.83175347998459	1.42973740061269	-0.793597300411469	4.83091019762354
khez1235	0.983187243618924	1.23975693575796	-1.47888051806561	3.42669764467123
khmu1256	-1.18234206215597	1.58599765922767	-4.49329852084196	1.69512340228233
kich1262	1.56562824492011	1.60457248338436	-1.28582321563917	4.96815703590842
kile1243	-0.241596875387023	1.78110775476275	-3.90179014274515	3.32521964152334
kili1267	-1.43243745136623	1.42076061501569	-4.47220277990777	1.17262988159524
kimm1245	-0.987605873834173	1.65391703345016	-4.62548694250811	2.03486980160015
kiow1266	-0.818590586893283	1.71320288659021	-4.38311307055777	2.31667621758823
koda1255	-0.676453427090358	1.7072571002312	-4.27055139307151	2.52003592994393
koho1244	0.240130251284321	1.42849288017533	-2.65275549793031	3.09652655012674
koir1240	1.86010053640634	1.28861091777931	-0.556474903228948	4.51680631203689
koka1244	-0.259574871223869	1.73954793483257	-3.82168297384515	3.02832361923082
koko1269	-1.17363317463178	1.37431363110327	-4.01753100832425	1.4041086252591
kola1285	-1.38106478980302	1.51450250420643	-4.70906696927496	1.38802171416733
kolb1240	0.242192912049812	1.52648778179286	-2.72775231136574	3.45306842618584
kolc1235	0.314612876582593	1.42689865983828	-2.39964960862301	3.26807899641883
komb1274	-0.203979755234626	1.69831397770461	-3.68493109799166	2.99428976512075
komc1235	1.57837831269938	1.23504700044209	-0.662170971283387	4.11777771592142
komi1268	0.704260638656809	1.60394927852989	-2.30236203100759	4.0906112021639
komi1269	0.73818894275882	1.61752512536646	-2.3003798070328	4.15091619134898
kona1242	0.187205009328252	1.53670407569013	-2.80068157866935	3.22346212684823
konk1267	-2.16337542199311	1.68081403414071	-5.68636168377485	0.948507480468809
koon1245	-0.957783271357657	1.44633758101792	-4.00417285091275	1.82083133597654
koor1239	-1.11329033686967	1.76064271995032	-4.76300895634909	2.20863458526816
kore1280	-0.332469588288306	1.73170042845343	-3.99114723365324	2.96127819137039
koro1298	-0.521363601795126	1.38690155409119	-3.29904574331203	2.14840520791134
kosa1249	-0.455560058456645	1.73488997063315	-4.10298874637743	2.82117830799025
kosr1238	0.726767435820118	1.54607791309555	-2.1345795008838	4.01635563808005
kuan1247	-1.49809223172714	1.56179396492945	-4.73009970282795	1.37116199464432
kuku1273	-0.280831757418856	1.7343420500326	-3.75414146990559	3.03228827342356
kulo1237	-2.07112433520025	1.5488625492228	-5.44363421205433	0.621997532769158
kulu1253	-0.551447905401996	1.41920153004007	-3.47633695827028	2.11187571406553
kuma1276	1.64223767191681	1.3672035809803	-0.798653201083207	4.54173266602962
kuma1280	-1.97131348224022	1.59957615025155	-5.37126841715567	0.988034150080399
kumb1268	-0.252471046781609	1.68918413448795	-3.73887163164417	2.96873001341191
kunb1251	1.76617287126113	1.52676190308016	-1.01481626350691	4.99576318200555
kuot1243	0.922579784223021	1.19769439500726	-1.35774756181831	3.38949715726399
kurr1243	0.115179289645417	1.65982852680927	-3.24651867256052	3.40844017260397
kusa1251	0.934017173891784	1.17829194498888	-1.21950710772849	3.38580454968521
kusu1250	0.284202192979206	1.53094639911789	-2.77392991616473	3.36452442706736
kuvi1243	1.99289991684918	1.6481832716622	-1.00974032788428	5.5731902351762
kuyy1240	1.91573399615398	1.53950138646045	-0.809489416794404	5.26388022944615
kwai1243	0.381607687828415	1.09759504266345	-1.66330913378134	2.63595105284802
kwam1249	0.971164748343145	1.73906254257199	-2.37993471833882	4.64692391146379
kwam1252	0.328109207649597	1.05668962672449	-1.74291369318416	2.41770912484167
kwar1239	0.559023984828971	1.09117971472389	-1.44240033977747	2.76589258975181
kwin1241	-0.265931823522812	1.76734300329613	-3.88057150402947	3.156728415056
kwom1262	0.0313041622617289	1.38676910397702	-2.78402011154796	2.76929941387929
kxoe1243	1.2412065845402	1.64811751155428	-1.82843526597781	4.75872980572225
kyer1238	-0.536016883983374	1.42231000694372	-3.47668801887981	2.17304831835117
lagw1237	1.10981256917761	1.4352349520781	-1.58234488453023	4.17912355907205
lahu1253	-1.4688617622649	1.62048842511626	-5.01584548500667	1.46149948341303
lala1268	-1.32489010330061	1.34628958363554	-4.18486739465218	1.09403563032493
lama1277	-0.16107835688064	1.29586092393877	-2.71797801626923	2.43828434903713
lamk1238	0.824042703927345	1.20668819966448	-1.57097328025474	3.15783630171208
land1256	0.52057346551918	1.53836274085831	-2.38614790345278	3.6873751149381
lash1243	-1.07573144065746	1.70199890329019	-4.6564259017543	2.06823870630305
latv1249	0.564861187023382	1.71015722376044	-2.74266480552942	4.17581598186775
lega1250	0.589573763409768	1.6032383867258	-2.44005102264568	3.92317018002133
lele1267	0.357224307104635	1.18948250869487	-2.00968049521504	2.7193936821003
lele1270	-1.14512052611821	1.11669652797101	-3.48662001105363	0.920558231787128
lele1276	0.914552936668769	1.45229692868207	-1.83544968987595	3.88391965492018
lemb1266	-1.48430017562631	1.6054324591452	-4.86665717667303	1.42336292363194
leme1238	0.916929556408414	1.1845518188852	-1.24024558051748	3.43469821493424
lena1238	0.469135999103914	1.06723792464463	-1.55581696291852	2.67387912432401
leng1259	-1.59249763610318	1.19898923252097	-4.14380899750732	0.574845656844121
lepc1244	-0.842707883167177	1.58009070191745	-4.17790001071211	2.12880620259879
leti1246	-1.27078181508609	1.39015303427957	-4.21683879395408	1.24439484639391
lewo1242	1.21270990429763	1.05103303559012	-0.795882726962671	3.38563689815711
lewo1244	-0.286985451700207	1.29897951049555	-2.84451364584198	2.23703883947906
lezg1247	0.901187670186143	1.62685129594055	-2.12844394815666	4.24713536134242
liji1238	-0.316272038384492	1.41125742780369	-3.17689663307974	2.36215895861723
lill1248	0.988187435498688	1.60406942692879	-1.98435516634056	4.32983819137716
limb1266	-0.725280636667416	1.49169113808744	-3.81204530499778	2.06859714394929
lipo1242	-1.04659226420399	1.65119581173908	-4.58105394770755	1.98168744701275
lish1245	-0.703692245111517	1.6406387092208	-4.20369002820847	2.29882321798507
lisu1250	-0.968441246965957	1.6807569973118	-4.58512664053539	2.11515112271968
lith1251	0.369965629605091	1.74670023337647	-2.93418840274202	4.11451185931027
litz1237	-0.495272970554778	0.839370998785863	-2.21451741789968	1.11529851047229
livv1243	0.888244061155352	1.61163824281469	-2.0426667829013	4.31707568882999
loka1252	1.41521171649212	1.61093347904828	-1.49488493226054	4.85421538190233
lolo1259	-0.946775180748244	1.65112354128713	-4.41558160222015	2.04447760062896
lomb1257	0.351473253680723	1.71578439755192	-2.88778966401361	3.86314265129037
long1395	-1.4004375351543	1.24851436213244	-4.01750775758889	0.849063966469699
loni1238	-0.963492107344376	1.12870252702857	-3.3021424495944	1.14310360837888
lote1237	1.23529831347948	1.39044982599753	-1.25051894922007	4.2023572440758
louu1245	-0.33626344924811	1.11465920938346	-2.55098705524471	1.85337187590517
luan1263	-1.34734833389943	1.43490927177978	-4.36818248343237	1.28858064133157
lubu1243	-0.799899968953715	1.16025288413198	-3.2220176538394	1.33678200149631
ludi1246	0.90732946416415	1.6210327520395	-2.0682835569369	4.3941469137959
lule1254	0.841170460360088	1.56689520679655	-2.08610856391535	4.05521767954283
lumu1239	-0.513718544454505	1.73179446534715	-3.98013218367796	2.85540029154155
luok1236	0.836275965987193	1.59267583932751	-2.13085859741547	4.1834112776544
lush1249	0.162985286802037	1.48273693368992	-2.92510299065812	3.02616284478034
lush1252	-1.04308343432051	1.58852897609546	-4.48211661660348	1.98049528722572
luva1239	-1.26814242715671	1.47870601076903	-4.32578851034021	1.48915507676981
luya1241	0.477507422474706	1.56108691385191	-2.40174478073594	3.74723715820948
maan1238	-1.05152944402605	1.56765654861649	-4.36818683262989	1.83034891826578
mace1250	0.50556010823716	1.71752731857628	-2.71986452654438	4.04700395132378
macu1260	-0.445735986818661	1.7072203781509	-3.98094855760247	2.83477217626154
madi1260	-0.37322620362484	1.64498961219318	-3.74000284794373	2.78985548026967
madn1237	-0.752706509391666	1.72357688335413	-4.39435809045364	2.41400933421337
maee1241	-0.630177676300467	0.83773410977605	-2.34249330913623	0.968096869454581
magd1235	1.54189956640479	1.50691284330646	-1.22619437766569	4.73124136032513
maib1239	-0.832376093708613	1.66067214436076	-4.24993108327832	2.31861584441031
mail1248	0.0307311775499075	1.49614251073666	-3.06050422764029	2.88449724397497
mais1250	0.842091230811453	1.30485689957644	-1.61314117373081	3.53028840817387
mait1250	0.535148932538495	1.59409380864966	-2.49057072495098	3.7808065232254
maja1242	0.631990909928337	1.57422571128938	-2.34839088916833	3.96070685760343
maka1304	0.565728594230522	1.43471151795446	-2.09871483306221	3.55704768571105
makc1235	-0.334719304291642	1.65071141805752	-3.73081769519962	2.87632481026045
makh1264	-1.612408490065	1.55992250954375	-4.88898934155887	1.25958427759351
mala1464	-0.496134877046993	1.73858228494462	-4.14709626519063	2.70599340556315
male1284	-1.18924994541245	1.73671709468641	-4.81996599452727	2.10850586679183
male1297	1.44545652038575	1.60991505768584	-1.45577738971572	4.81718742116049
mali1285	2.11061055331126	1.55907816771692	-0.559215647390378	5.59206492467054
malo1243	-0.218882456865766	0.913866732219256	-2.05460739998141	1.58265185234863
malu1245	-0.700814204579558	0.860354797893851	-2.4625871166312	0.944274636881531
mama1275	1.4312729895002	1.58847353925634	-1.4727460410234	4.82535769307294
mamb1294	-0.80223051181838	1.30425298676313	-3.49902701331741	1.69124282212272
mana1288	-0.573126933388104	1.51577423173731	-3.77659386936839	2.22817029865314
mana1295	-1.86184504616408	1.5055009177771	-5.14166609465806	0.807643797533152
mana1298	-0.276875986746843	1.44307998393939	-3.18733398640103	2.53104514631119
mand1415	-0.215602138411443	1.76404577913083	-3.90218819317887	3.16040605374638
mand1440	1.08525841153232	1.28102836453044	-1.26758921117859	3.72386747966912
mang1378	-1.48812492863903	1.51307721975254	-4.73700741744333	1.19986378966546
mang1401	-1.14573566739653	1.53377194752538	-4.44356395008852	1.68422689196079
mang1403	1.07290056619308	1.3221691498051	-1.36450588278875	3.89446419028213
mans1262	1.62342271376376	1.53990514822503	-1.16331225242618	4.92145908850822
maor1246	0.975454118874933	1.52811742894469	-1.79734937457922	4.21067301376259
mapo1242	-0.96104655208202	1.0414793964142	-3.12421518687739	1.00938560712225
mapu1245	-0.292607386108388	1.73049559262668	-3.87209805102624	2.97597358276677
mara1378	-0.00562656241045379	1.68513921530343	-3.24139597304684	3.45854979437331
mara1379	1.59043743718937	1.25338953746495	-0.77880746047634	4.13295414658968
mara1382	-0.0646249954815113	1.51631422027191	-3.16864372650079	2.85303867969428
mara1386	-0.663134512643363	1.74199862484785	-4.35961868984695	2.70356950189634
mara1399	-0.646475195980693	0.839447639603405	-2.35984129979107	0.941564938405357
marg1265	-0.218484560431806	1.36467246358568	-2.87722220854242	2.48695149096619
mari1416	1.15643488053393	1.16956566318786	-1.10420413553528	3.49338077287097
mari1440	-0.872724138740217	1.66849836589921	-4.42487900594894	2.20945645565356
mars1254	0.801845564127571	1.58853742947219	-2.13761897828057	4.09467758443405
mart1255	1.94007120332366	1.62560393711296	-1.00468241942989	5.36190404557707
maru1249	-1.13051882016207	1.73595686964184	-4.96525602538659	2.01851468522462
masa1322	0.328191194509058	1.33017830271638	-2.31460426802895	2.98412267280516
mask1242	0.659341527373733	0.862172742067164	-1.03967579802675	2.36219111119148
mati1250	2.15615098243186	1.48185054878962	-0.414075100489245	5.36899567900139
mato1252	-0.43117297652308	1.12723771854706	-2.72494468448527	1.69746759732266
mats1244	-0.385983384854055	1.76036579640998	-4.03348267482954	3.04089173356413
matu1259	0.14007711905019	1.56802565205382	-2.81258258867847	3.44909329168729
matu1261	-2.30362659609941	1.46763536382868	-5.38881817012761	0.241745600053976
maun1240	1.9020925475232	1.61030122538325	-0.968942285841454	5.28331040341262
mayo1261	0.561234139650304	1.61403823825302	-2.41358749233402	3.97529481000906
mbol1247	-1.49898679166012	1.59805709325364	-4.88815837718406	1.42556542925973
mbul1263	0.390185631698549	1.16124478008816	-1.86342051409495	2.78944779262885
mehe1243	0.820904366626852	1.33918086327573	-1.74959354406583	3.58657173905817
meke1243	-1.78921027412989	1.4173098461057	-4.74268279252402	0.798814689190033
melp1238	-1.72633768613341	1.63636158125643	-5.10253995418631	1.26467344678338
mere1242	-0.0519725938469743	1.04960245407308	-2.12660341574318	2.02948845161915
meta1238	1.830320545943	1.46670090234241	-0.828004477705565	4.89217389738308
mezo1235	0.54779256897247	1.44343352726943	-2.24887583594634	3.42259197831632
mezq1235	2.39400835956388	1.66853897948028	-0.593725101733689	6.10848447839517
mich1245	1.53558649071204	1.61185160745402	-1.41315529319008	5.12173270473747
miju1243	-0.679797075274317	1.68819274055622	-4.14489618125065	2.41931942178679
mikm1235	1.11224866904984	1.58028301247251	-1.74645828660333	4.43351811987379
mila1245	-0.364864339105505	1.6388336400497	-3.80462542586199	2.76940635343585
mina1276	-0.703622791542313	1.21012440303988	-3.14542463009504	1.6132461541095
mini1251	2.41186256127546	1.46032820253584	-0.109264855083114	5.65442118839735
minn1241	-0.523365644064893	1.70252080183766	-4.02294949660198	2.72483109847929
misi1243	-1.44618200286058	1.49957979952853	-4.68168293966961	1.2799375938994
mixt1426	-0.157464447096037	1.36801989761574	-2.77786037785837	2.59354582663508
miya1259	-0.462349596469956	1.72844888949787	-4.14101329464925	2.83350760189259
miya1266	-1.19388427582418	1.59845639804915	-4.55480494740306	1.70543928296795
moco1246	1.79226795874134	1.65495447859854	-1.1635668857657	5.29592171152515
mode1248	0.341987904621168	1.75289659506825	-2.89177408885253	3.90579457149917
moki1238	0.424805993508483	1.48405545305123	-2.41607769647938	3.56210286520959
mokl1243	-0.853885105045633	1.57570882232325	-4.2382507499955	2.06653237606979
mokp1239	1.63157009872077	1.64520231232163	-1.25667969898078	5.11629716528201
moks1248	-1.65534314927968	1.60763792469857	-4.97361972877884	1.29360037412439
mose1249	-0.380882822921756	1.77325605084875	-3.9878538829405	2.96472206005936
motl1237	1.04974921030628	1.24191113457814	-1.2703111835153	3.64088600850039
motu1246	0.661449329114877	1.22901485228793	-1.62601100656273	3.15190135737735
moun1252	-0.169117592287057	1.30815370873619	-2.82596484132527	2.38252469372933
movi1243	-0.429158487236657	1.73340783222256	-4.0445787307839	2.89927167636022
moyo1238	1.22313942211704	1.19145231456805	-1.04099325872778	3.67603480240682
mpad1242	0.467604345216385	1.39669788987253	-2.2440461616543	3.35178286406763
mpii1239	1.69692440286532	1.57894520412741	-1.24761407695396	5.02890252302832
mpot1240	-2.03091577329005	1.53995458512518	-5.32354909669184	0.72455005962888
mpur1239	-0.732276635474683	1.67827108254503	-4.18255833640921	2.38292144434199
mual1241	-1.47900022322666	1.54221321531231	-4.86929937687017	1.25433274545967
mudu1242	1.11961708677695	1.49848202482644	-1.65822472134562	4.16415454685077
mull1237	-0.652892769785198	1.71481140160952	-4.26185225897564	2.54636467757121
munc1235	0.674767243006837	1.48156317847841	-2.28692103635327	3.60149534383329
mund1325	-0.0470325603181699	1.27082351198274	-2.52822342152533	2.50010050021707
mund1328	1.14090030825493	1.20218037113741	-1.11705503782703	3.67952214515475
mund1330	-0.265847375284051	1.68216947738849	-3.71059992039906	2.98071137562627
murl1244	-0.633074332525918	1.66591202123925	-4.09312105018744	2.5213499542727
muru1266	-0.270745262814156	1.74087794079091	-3.92508096550781	3.08956968405433
muru1274	-0.338065351081893	1.7082780966496	-3.85855811811914	2.95389110890731
musa1266	-2.23355893645357	1.55859677841397	-5.5622492124844	0.583298429022923
muyu1244	-1.36929645223034	1.56338652003086	-4.66738461455238	1.41513445776654
mwag1236	0.868356441910568	1.40518519013412	-1.78540588204357	3.80538002159326
mwan1247	0.445336681995819	1.61372650125565	-2.54447957139984	3.84681191213946
nama1268	1.15501104124246	1.18977486496487	-1.08580193472316	3.59088400750149
namb1293	-0.380103947706362	1.58541241722729	-3.60914513565535	2.71892887533488
namu1246	0.911406208088842	1.38255408771846	-1.77584907872328	3.65594124132167
nana1257	-0.244222450190016	1.76099249597367	-3.90209206724729	3.19126581152899
nang1262	1.70327115882401	1.53711064821821	-0.947152073599686	5.06051590207134
naru1238	-0.210588794035371	1.71423122486589	-3.65131337075632	3.0900522345452
naue1237	0.334903931253536	1.40983971666412	-2.33439243328365	3.25900415506255
naur1243	0.856985989304791	1.5711647361373	-2.01613125562784	4.16850382592368
nava1243	-0.788135776352571	1.74111995989345	-4.38948900740455	2.50049443145481
nawu1242	0.453864549638499	1.55738538446072	-2.51425177353295	3.70611008007021
naxi1245	-0.646440681655286	1.63180285979569	-4.11729988461674	2.33524119763836
ncan1245	1.12141616016155	1.18450884898684	-1.14556493253057	3.57549515101402
ndam1239	-0.110139295174827	1.50530264817601	-2.99705516762286	2.96266501374258
nege1240	-1.54852999793632	1.49829131492502	-4.78331096190859	1.14402154789573
neha1247	2.05317809122053	1.60826057323626	-0.763731377980229	5.56232546927346
nend1239	-2.12019508754363	1.56510243858847	-5.47332055207769	0.693900324365937
nene1249	-1.19544992449905	1.54895766131562	-4.4780011104216	1.6421538049892
neng1238	1.47375957334876	1.56740198453825	-1.31880062881671	4.88479143288922
nenn1238	-0.287787430212185	1.58031700344058	-3.54901236117468	2.82823333073045
nepa1254	-0.49438851909069	1.37014019941716	-3.29528828161346	2.0837277900537
nese1235	-0.64137785817845	0.854639928432055	-2.38576970679235	0.983300338207872
newa1246	-0.29473018527079	1.40201566248735	-3.16004350272903	2.38018197002495
nezp1238	-1.00183066042699	1.68112064316524	-4.52550710413413	2.10563251105027
ngal1292	-0.45867916317473	1.68969279739653	-4.01876507949578	2.82379315098059
ngan1291	-1.30560821249064	1.55546109989824	-4.58958286007962	1.5173151670016
ngar1284	-0.28222116067983	1.72870102846467	-3.7880256094337	3.06511327815873
ngas1240	0.775902788676784	1.38659732288075	-1.78537217824701	3.71463333331919
ngba1284	0.709249534081003	1.61335816146074	-2.26252023431745	4.10260896663628
ngeq1245	-1.28892383333078	1.47094937414289	-4.45815099124958	1.38225694259567
ngit1239	-0.900110743004613	1.64350608137665	-4.27270232274642	2.33577738451033
nhan1238	-0.233072775394388	1.79572083199258	-3.90410186669395	3.15683336050306
nhen1239	-0.407687101105749	1.71483007953581	-4.027878884904	2.860954404168
nisg1240	0.942318697027414	1.5736417106583	-2.07110521263559	4.16535627021323
niua1240	0.755187598098903	1.57075577087778	-2.19160170060579	3.96662069704825
niue1239	0.972890625793303	1.55097020790709	-1.91252897670249	4.24419067905615
niva1238	1.97238043538339	1.69514042710777	-1.06645137815621	5.53645326286982
njan1240	-0.179663349396595	1.38054199004916	-3.00320144826862	2.50256355359829
nkon1248	1.05314233050675	1.55477145516478	-1.83112572818184	4.42496163865852
noct1238	-0.393384981279802	1.55128358638832	-3.60855356444757	2.50829567608085
noku1237	0.429263854296272	1.23429694706134	-1.96323281183707	2.97665775725159
noon1242	0.795049453652933	1.6172764123778	-2.16588508289751	4.23246130469539
noon1243	1.24963892773623	1.19989676358572	-0.966463144460959	3.78060238457145
nort2684	2.28563493888199	1.61269478700002	-0.571946281892641	5.95141327033207
nort2690	0.611001430251555	1.62523000091605	-2.30962923772218	4.07653669237367
nort2722	-0.506837255914752	1.60923923973233	-3.83860364682177	2.52849573675158
nort2723	0.364844987324383	1.45700476635952	-2.58886626162809	3.15720090351522
nort2732	-0.25196290950461	1.66807502783829	-3.72023795387671	2.89947479618363
nort2745	-0.328999157333618	1.74599211460179	-3.8674542502704	3.05563500748717
nort2747	0.129786158395544	1.66558117496627	-3.23358561439161	3.43536317810654
nort2839	1.34875553578392	0.966378342402388	-0.461807093616071	3.32176507739137
nort2845	-1.10388881246638	1.54952581517564	-4.39534331834648	1.72205463147397
nort2885	1.62465790012956	1.56865341294582	-1.17666134346339	4.92731247187788
nort2930	-1.26857336825813	1.64784026825026	-4.78570956720717	1.83320907902497
nort2938	-0.428294712928497	1.60895263997764	-3.74560277295957	2.62018244417645
nort2942	-0.316383524496382	1.71632620254129	-3.82273042234263	3.05934202076142
nort2951	-0.995512253382651	1.71055435916731	-4.62085765995349	2.11705544927387
nort2954	-1.08095762951156	1.59966968990186	-4.49791080306054	1.84146702648535
nort2959	1.06744409146196	1.60488028071466	-1.83281086420617	4.53854567406731
nort2961	1.09375323277982	1.5699237104144	-1.78156471519746	4.40920608356065
nort3047	-0.579843888159721	1.3067959841973	-3.26714405095386	1.94552180717585
nots1237	0.894061114555612	1.19010013985267	-1.38476756611766	3.33231704300726
nucl1235	-1.50029118122112	1.59800579396191	-4.8933853864672	1.50727437058732
nucl1301	0.602833481883363	1.64592298740545	-2.55210741277365	4.05147614719815
nucl1302	1.16770496948968	1.64981032737949	-1.85367945001905	4.63724548797281
nucl1305	-0.557054560841298	1.68664766977054	-4.09366071363571	2.66316345552712
nucl1310	1.22343780333321	1.42387770351519	-1.49178468427259	4.10471172295445
nucl1417	1.50155850673573	1.49630858164775	-1.14059059384243	4.75129277375276
nucl1593	0.169453300576603	1.41499301698059	-2.73521282408909	2.94397131779889
nucl1622	-0.487309333121547	1.70787911638605	-3.99509285297718	2.69886316182836
nucl1630	1.04300655673869	1.209544464149	-1.1669625548122	3.57804465921198
nucl1643	-0.284069760793672	1.72634448898714	-3.80234570720712	3.06940059226058
nuer1246	0.415908367234084	1.68383513751281	-2.82898805957575	3.85768462924361
nugu1242	1.71002581602411	1.4819194071208	-0.930241674189627	4.91674331730904
nukn1238	-0.217938203743483	1.12848289666088	-2.440221511428	1.96834554935004
nuku1260	0.973913117247524	1.59176134709332	-1.9305438514391	4.33551178017343
nupe1254	0.321516005816177	1.50550830852532	-2.50638176669529	3.40676799290028
nuuc1236	1.45464903833893	1.6754711700089	-1.61833668731366	5.1286278061615
nyah1249	-0.896878246949715	1.48052702734001	-4.00692457779184	1.81641646383291
nyah1250	1.68793139652176	1.58871873706289	-1.23615354998349	5.14321531861
nyal1254	1.46044902783996	1.49108993060952	-1.25250050785161	4.62240787337876
nyan1307	-0.0374457173616041	1.49386129869507	-2.99068542920438	3.00906435816459
nyat1246	0.361451485848682	1.60690574316234	-2.73870200554026	3.67443894230525
nyor1246	-0.216964777074823	1.49430818326256	-3.12178266200066	2.83852897015561
obok1239	-0.71907033927053	1.69334350509933	-4.27357070372716	2.50760895794649
occi1239	0.274910549415134	1.700779690694	-2.90793248115016	3.70115872447321
okan1243	1.02080422749983	1.57786795193318	-1.92422339923469	4.32144449031916
okin1246	-0.428994156513181	1.74807803900122	-4.0797548318476	2.95157037856044
oksa1245	-0.109215439997839	1.6058082813403	-3.27557736172533	3.04582450153238
oloo1241	1.3091280085047	1.33973515591861	-1.10370497985016	4.1246481964954
olut1240	1.16282827446192	1.3051489544295	-1.30315743623111	3.87169453169572
onon1246	1.09228972286426	1.57182488562532	-1.79370450462457	4.37702354015273
oriy1255	0.479388339738507	1.73871214307212	-2.91935736284573	4.03446723678348
orok1265	-0.158150078536843	1.74459183508052	-3.73602241836285	3.31017482837028
orow1242	1.81636937908	1.3206838537729	-0.583425985650943	4.59888154464404
otta1242	0.70666045711424	1.66695216177009	-2.39925861496073	4.25772468141057
paam1238	1.18206989862239	0.956815433924522	-0.62702019348966	3.14598630763048
paas1238	-0.362942298972167	1.35724313856202	-3.03707224582534	2.26678019743544
paco1243	-1.16045856839223	1.5463389832905	-4.49031504345941	1.63576536629913
pagi1243	0.832305270148914	1.63832394421391	-2.08769625487188	4.32358639703604
pagu1249	0.0272907964446509	1.55143016974963	-3.00778241958335	3.00311096150833
pahn1237	-0.855112837197618	1.68998697276723	-4.54381961205121	2.22487700799729
pait1244	0.971257636020727	1.27929086020193	-1.51401096289441	3.52851650214665
pana1307	-0.378210011690792	1.7039411878217	-3.80989853489352	2.85166155777107
pang1287	-2.00201309578862	1.56864325318082	-5.28986794180184	0.889613386964979
pang1290	0.287565121003323	1.27114601802593	-2.13633603224798	2.86811831950763
panj1256	0.265414080062194	1.72773960293346	-3.04889340922607	3.78282489294795
pany1241	-0.213019110234162	1.68869485818317	-3.8075039318076	2.94196863715011
papa1265	2.38768036573328	1.49051641507323	-0.159559121638295	5.62966638084535
para1301	-1.47504595219384	1.68181112698735	-5.11558579781059	1.55166839302558
para1302	-0.158225501404365	1.47515847407332	-3.2323477631901	2.64322213812762
pate1247	-1.06774869209111	1.06896858691411	-3.2270320367263	0.970112077961185
patp1243	2.20221004607816	1.41946609107893	-0.294380133006329	5.34517275531638
pawn1254	-0.948457587157634	1.6078939775061	-4.37728104456155	2.08173827429932
pela1242	-1.39954710506476	1.55580639760752	-4.71096057450262	1.32881858723975
pemo1248	-0.26777872545652	1.75396871001464	-3.92618911358761	3.04689943987209
pend1242	-0.372607391600988	1.29571646921501	-3.02357899146613	2.0595968742425
phai1238	-0.339304715593985	1.50653358923208	-3.39202126713845	2.53685469623562
phom1236	0.0656249373387099	1.40960096312125	-2.79109633119332	2.79690542212742
pila1245	1.96360691045092	1.68390450968792	-0.982386107378896	5.55163679128104
pile1238	1.5838226616974	1.52144547630669	-1.11739101421156	4.95767858827093
ping1243	-0.839245336641827	1.49633882575731	-3.86481999548937	2.02499087454918
pite1240	0.649503253061007	1.54869172194819	-2.15390050894278	3.89082626312246
pohn1238	0.903661990159556	1.53567884508474	-1.93919133990984	4.06117969988438
poli1260	0.238421752903982	1.71881697218593	-3.01416188091738	3.83982031851981
popt1235	1.88561236986312	1.61525403977784	-0.971014588445526	5.42254089988265
port1283	0.2561758165189	1.70102587204472	-2.99714540647063	3.78456798818511
port1285	0.581615930369075	0.857965740932383	-1.12232375204589	2.25242725457279
psik1239	-0.815182943198566	1.26726868239403	-3.38801034769554	1.58974169403997
puka1242	-1.13343152404827	1.568827299919	-4.53372737212564	1.74247043562256
pulu1242	0.817168167308085	1.55054439061407	-2.00210817212328	4.0982166996769
puoc1238	0.679406285097596	1.48554271404688	-2.1476644481807	3.75434320503089
pura1257	-1.3455065563112	1.657835180502	-4.86995038288281	1.7397705316795
pure1242	2.02683694108725	1.69121386097603	-1.00115694099037	5.70519182780172
puri1258	-0.151544389508647	1.67233881466059	-3.53174060542358	3.0096276825446
qima1242	-0.735491907648766	1.65452370396877	-4.25573046255495	2.36123987964857
quer1236	2.35239400245001	1.66706078006018	-0.607702170270792	5.98860932939029
rabh1238	0.254403757406818	1.56776308785722	-2.8795109476083	3.24899894188639
raji1240	1.80640776814245	1.47227433906637	-0.934625448379777	4.9630198893969
rapa1245	-1.13099029759896	1.52950946898943	-4.37675219692684	1.66672071917579
raro1241	0.992931693336104	1.59403807733139	-1.91957998922788	4.4115803133951
raut1239	1.68830098214478	1.43982896474412	-0.972502092837531	4.69033360556823
reja1241	-1.0801826024635	1.61018727563072	-4.65086730636659	1.79788788038091
roma1326	0.352463862153618	1.74416223905018	-2.93087370591112	3.98267936950632
romb1245	-0.0890509103610665	1.3262405542384	-2.63012486207969	2.52612464307724
rong1266	2.2667283480624	1.36169946870792	-0.21030668335414	5.11258043833798
roto1249	2.46721418979491	1.48911886942046	-0.0697849335907329	5.72886912294347
rotu1241	0.912538217626895	1.58361267129675	-2.00640331922195	4.22701828155247
rovi1238	1.07025356845415	1.18641556163203	-1.09672333979219	3.62481081604187
ruch1235	-1.29209614144118	1.66415723936624	-4.76528140333411	1.79590211609878
ruka1240	-1.92910718440617	1.54915429772679	-5.27231951604355	0.824875524994694
ruma1248	-1.30057174990242	1.54465571008355	-4.54297928270168	1.52603905246566
russ1263	0.238673018473056	1.67914323060386	-2.95871056380064	3.737450272624
saaa1240	0.143225090209898	1.28519431973346	-2.29723685774701	2.73434646468288
saaa1241	1.610640087554	1.08410136585709	-0.353237949404402	3.94905073182632
saar1237	-2.01019175698256	1.52062387091252	-5.32659220842946	0.69900454646938
sabu1255	0.943863413051914	1.45918702516786	-1.77033264914597	3.99887600283281
sais1237	-1.84725481098158	1.52194601142901	-5.16087453340012	0.973516056468358
saka1289	0.457124518840231	1.09170148560004	-1.63469295453065	2.66026108042676
saka1291	-0.887808878472967	1.53656210927034	-4.13167714792827	1.97385840642135
saki1248	-0.426388552040808	1.73907281302012	-4.06865115324828	2.79170908179998
samo1305	-1.13443067936035	1.5198611851916	-4.45002017175732	1.66509757760414
sani1269	-1.26774859178393	1.63729837723433	-4.73806179348522	1.70212936265506
sanj1284	0.488288176485605	1.39476189883979	-2.14636349243444	3.32600667338487
sanm1289	-0.42942188312468	1.75988427256839	-4.10061411680258	2.85648412344452
sanm1295	1.65850612403144	1.53851005467962	-1.13706553825367	4.91232018507963
sant1436	1.77343262016873	1.58923600135954	-1.04799445161035	5.26821550971592
sant1451	-0.313708770958611	1.3778636597894	-3.07960750854929	2.43457947249624
sanu1240	-0.320159713257391	1.73526925740887	-3.95966392796151	2.91514011035427
sars1236	-0.505379043663033	1.68378162906693	-3.97170465639857	2.75172931705704
sauk1252	-0.634410863765395	1.15232102622493	-2.98024987288511	1.64120381699524
saur1249	-0.365686293788511	1.71663262381014	-3.9649540797515	2.84840035001521
savo1255	-1.49097038616537	1.36291842813176	-4.33451723913562	0.994008543157029
seda1262	-1.4266006482307	1.56357862925853	-4.74678984829201	1.39199633511022
seim1238	1.00973039623611	1.59448273722534	-1.97199667411761	4.31041188862806
seke1241	1.61735471421997	1.09634433365576	-0.37222016164719	3.98021516138534
sela1260	-1.32066661796967	1.61774719818524	-4.77524316531525	1.58095909709833
selk1253	0.89038667166006	1.62606620691128	-2.13645551994068	4.33015437105376
sema1265	-1.35564028383418	1.58339987363943	-4.86997439097254	1.58485249662121
sema1266	-1.41463045067466	1.53424773262932	-4.71945962523175	1.3559213078405
seme1247	-1.45878352326514	1.54442416641113	-4.76136598687477	1.35287718775282
sene1264	0.0991122047523593	1.56683208863592	-3.08268049892649	3.10842448973529
seri1257	-0.744528515092878	1.63845106429487	-4.18458665041226	2.26352020715185
shab1252	0.399358858620585	1.58417714862642	-2.66228181598183	3.66309840198513
sham1280	1.020192457193	1.58610934059105	-1.83329288929058	4.40091373526496
shan1283	-0.464031980324444	1.78065874353819	-4.15256944706623	2.95992459396021
shaw1249	-1.4696277007719	1.55068499426983	-4.82541322625846	1.37815329425585
ship1254	-0.568773065795165	1.71750139978137	-4.15981651654186	2.67189406699611
shix1238	-0.307202602421361	1.60267943870056	-3.5858504618708	2.73735041481056
shol1240	-0.724578356758994	1.6860901982204	-4.18335335431441	2.43967772038669
shon1251	0.596621500732342	1.62853142377637	-2.38180919777715	4.03490809086885
shos1248	-0.796408942999462	1.60958222384683	-4.26368948496595	2.1589912371889
shua1257	-0.436559513640975	1.72179089335623	-4.00002328341787	2.88754398237103
shwe1236	-1.46778302370899	1.56197488504363	-4.82647847609989	1.33014602436785
sich1238	1.40118022719098	1.46723390807022	-1.42584504581629	4.47279044468009
sici1248	0.21917777946558	1.73388370141654	-3.06608443206376	3.71452876119493
sici1249	-1.49063913217245	1.35809792812898	-4.29434321034885	1.05712400875889
siee1239	-0.0351389667911336	1.16856019016717	-2.33504342819607	2.33806311164161
sier1250	0.980027875908846	1.41339572586438	-1.65855325290155	3.92666063096646
sika1261	1.13773053404027	1.54057104841411	-1.615143077531	4.42361399853247
siks1238	-1.11007395431653	1.57460064432668	-4.48695432685012	1.8343838591113
sile1255	-2.27271291137888	1.54229347159898	-5.62115479057477	0.412791976647565
sina1266	0.87395514299885	1.12715389637003	-1.24284671220755	3.21448508064309
sing1264	-0.503615727602194	1.62606463429068	-3.96633452506654	2.56033598146883
sioo1240	0.208697067889215	1.1360379330808	-1.9846501571996	2.51459392067582
situ1238	-0.139555223295304	1.49591660401109	-3.18752746083208	2.71532398484907
skol1241	0.734020385354351	1.62433817292724	-2.26532941602574	4.08462173490447
slov1268	0.284732893994053	1.74932516547852	-3.04704733146903	3.92072093501636
soch1239	1.04650191971049	1.45248098824552	-1.6517555433991	4.09135273683801
soga1242	0.680585144913703	1.64432785514805	-2.36337263964912	4.16631159088121
sons1242	0.794885798003141	1.60594922749635	-2.13231134790168	4.22891059287416
sooo1254	1.63302736627409	1.44655215031491	-1.00499798206951	4.76894265343231
sout1528	0.341162293838906	1.70365178740016	-2.95103166498866	3.91785478511411
sout2649	0.21503831155147	1.74205195164658	-3.11590789601536	3.81929249529168
sout2674	0.612182160620444	1.62409946818035	-2.45549087107658	4.08046091818344
sout2679	1.03549043273116	1.60835528044368	-1.8239849037288	4.42901156360152
sout2728	-0.184150104983186	1.5727664671635	-3.40744671885512	2.84796980776737
sout2729	-0.302814534061935	1.57366712389336	-3.5387261787012	2.69008577237808
sout2797	-2.27678984760055	1.3939420716026	-5.32122321438629	0.179370407486209
sout2807	0.547315556593555	1.62099287622309	-2.40453865052003	3.89974632183887
sout2856	0.163905075535089	1.20782485964646	-2.17704926739349	2.585145635251
sout2857	0.0399635924700403	0.945159497508258	-1.86954288594235	1.93423820574746
sout2859	1.32058566442344	0.960787942080588	-0.494209369358833	3.30381244050708
sout2869	0.434061401227401	1.05832297652566	-1.63859722777139	2.57831183861248
sout2895	-1.11202298847681	1.58321324624292	-4.56876732726776	1.73132556007852
sout2954	-0.433372488027639	1.72985666838272	-4.05346593672754	2.88609731882121
sout2956	-0.506457090278832	1.64224150247958	-3.82368448103395	2.6236496954423
sout2959	-0.316865911749301	1.70403703529295	-3.80605490969198	2.98534346566564
sout2976	1.43436731251383	1.59511527627235	-1.47738799148839	4.79594469978469
sout2985	-1.12115092729339	1.61376051192559	-4.52875081189922	1.9103466477759
sout2994	-0.311835746667692	1.74619066465994	-3.918441137243	3.01592086790878
sout2996	-0.302977773886586	1.74561441089788	-3.84272311222026	3.04692236033208
stan1289	0.211559600976563	1.72405613786446	-3.05025237287045	3.75460609288563
stan1290	0.201693308979983	1.72745045350199	-3.08560294527892	3.71535905268049
stan1293	-0.164949771329993	1.72676809996439	-3.52416397015334	3.3064854103905
stan1306	-1.51201814875483	1.5174317066428	-4.69207581651284	1.2287074381761
sude1239	-1.34328119375183	1.5222715200267	-4.56422653904181	1.42136167252896
sumi1235	0.511907638602141	1.31269665625615	-2.06705115867542	3.1226613352221
sunw1242	0.107091233706171	1.31862246803994	-2.57025481848615	2.62880812977713
supy1237	-0.207034544786064	1.44084914646718	-2.99399755177922	2.73694576236183
surs1246	2.3002103805034	1.49698475348632	-0.281044820059176	5.64935616528996
swah1253	-1.27038618250208	1.52062291605995	-4.45641203325691	1.51648154855387
swed1254	0.251962680845121	1.69321831493169	-3.00284927407831	3.77687166149113
taba1263	0.0207297224903645	1.58323846413495	-3.15489815225617	3.17796790458052
taga1272	1.77081340475682	1.38329449032703	-0.686587279031869	4.72331691547722
tahi1242	0.965933573234529	1.56964789029175	-1.92172062283647	4.29593070850121
taia1239	-1.55651784142094	1.5770009528923	-4.85102128889545	1.34952736431687
taji1246	-0.144401682753703	1.30386554491486	-2.74106086186152	2.3960744710844
taku1257	1.20256187676759	1.53994118968832	-1.60346477979767	4.41179075432215
tali1259	-1.77316907887611	1.30350886247864	-4.59690974524885	0.534012219302224
tama1365	-0.00336704275525312	1.36226051158646	-2.70345991299552	2.7527559066049
tami1289	-0.511574042177178	1.6889347487035	-4.01094577591145	2.73987963020964
tane1237	1.92552546761153	1.43410167987541	-0.566589178136143	5.07309135627864
tara1313	1.30207767364876	1.15950918591179	-0.912387418169083	3.61033608236632
tari1263	0.942266026733473	1.61155625258455	-1.98127350168315	4.38747812514938
tata1255	-0.741402646844254	1.40118557013248	-3.57796727129606	1.96490452853552
tata1257	-0.612039403588523	1.41101799162438	-3.55244188350503	2.09729029950478
taul1251	2.49083780875039	1.48156236464613	-0.0702419481173056	5.79635420618684
taus1251	-1.1338982548558	1.59225380873715	-4.51500368805679	1.80863927232058
tbol1240	-0.296887487759523	1.28008134053329	-2.93090772710355	2.07774599169574
tean1237	1.95995827166842	1.43033085149497	-0.489740295401805	5.09933116490141
tedi1235	0.612572869213655	1.40455783675683	-2.12845260122103	3.39585641676719
tekt1235	1.73572165818808	1.63315038179468	-1.17244861625909	5.26835332312387
temi1246	-1.16588899488293	1.57576662831613	-4.49232589763141	1.69098226046986
tenn1246	-0.901286492471416	1.60995421515756	-4.23783723223634	2.03228140376105
teop1238	2.5476023303226	1.50687683994867	-0.00770555498848504	5.81382597365736
tern1247	0.984573208566033	1.64855055993641	-2.08556291300531	4.45964043371091
tete1251	1.94845713157404	1.56488475792236	-0.916952908364323	5.32902261234203
tezo1238	1.53739663231139	1.48315945770138	-1.09939008245469	4.68026507895085
thad1238	0.984849878284604	1.25157492332777	-1.40797355172736	3.52294283805396
thak1245	-0.446785957808274	1.50493303060288	-3.52282201192451	2.43613655054753
than1259	-0.527855773859978	1.5754161671543	-3.85828505417419	2.48730869341851
thul1246	-0.623252063983572	1.48336250413583	-3.70514332542573	2.17613277444346
tibe1272	-0.551153711211184	1.72308585935267	-4.07902386485911	2.68761216323436
tief1244	-2.2976542682449	1.43673495180182	-5.36713080398961	0.279252002297515
tiga1245	1.4668350438411	1.31739698023033	-0.904131108554605	4.21552535222484
tika1246	0.656997217522466	1.37985505779338	-1.9603786125204	3.43158596346509
tiri1258	1.90001218157377	1.39788387106596	-0.55681374148734	4.92727482679581
tiru1241	0.678481243020096	1.26423077720182	-1.75361509767504	3.23478762928524
tita1241	-1.15946386997209	1.2045909038441	-3.69348217881374	1.06340581427032
toab1237	0.522429115718067	1.22380094802175	-1.78714334099461	3.03304467528412
toba1268	0.699899275174471	1.63639633857845	-2.56245431751539	3.89356152402056
tobe1252	-0.281853454154515	1.5937105917927	-3.51619604605926	2.80823792507018
toho1245	-1.05751075580918	1.60948834460422	-4.52994798063398	1.92472640110207
tojo1241	1.61364458366439	1.6522013627523	-1.35683365341646	5.17949785529983
toke1240	-1.13158697049826	1.51821846160123	-4.42467398937256	1.71677563131638
tong1318	0.601709907918592	1.57913685639466	-2.31754998661506	3.9075982935514
tong1325	-1.13225873534461	1.52437909143548	-4.35180473412525	1.68333443839252
toor1238	-1.13859026839476	1.44533181167486	-4.1187134501464	1.60802431094445
tosk1239	0.484943358398395	1.75586989741699	-2.76443925854813	4.14615673854914
tote1238	0.716686756471223	1.62306512597791	-2.35151290888428	4.15542037771226
toto1302	-0.777830561196671	1.61342251022069	-4.18338382772731	2.2092999961853
trin1274	0.149117283508486	1.70924055069428	-3.30800580045188	3.44232341439253
trio1238	-0.312704298156703	1.75834401760382	-3.90883344733658	3.04505062472241
trum1247	-0.500117574769107	1.72200858018097	-4.13508042517541	2.81001772412323
tsha1245	-0.15923349468443	1.56040372642927	-3.43807507007187	2.78314094993352
tsis1238	-1.11392490713864	1.43866858682465	-4.08609508380591	1.64159659138893
tsix1234	-0.843639422518627	1.66431983532424	-4.24228608472237	2.30817197025165
tson1249	0.543149816824412	1.60927819901053	-2.40955544175074	3.92024657319557
tswa1253	0.98934544849481	1.59387482278731	-1.85934420569522	4.46403225123516
tuba1278	-0.471338052693367	1.55953511922236	-3.71844310746277	2.48509068401833
tugu1245	-0.615691863585479	1.31487963894803	-3.36841603712575	1.89367068511309
tuka1248	0.518256578810595	1.45516856622822	-2.23084375876932	3.58545000770012
tuki1240	1.54229636580754	1.51364702393925	-1.19253034081157	4.71652506470373
tula1252	-1.41557166577513	1.55611669719228	-4.6809787040315	1.41097485219387
tune1261	1.86910732130675	1.56890434666564	-0.925449798288132	5.34639644840287
tung1290	1.40164857571056	1.49989375700319	-1.32616849798418	4.59551140351998
tunn1238	1.55506178182553	1.59307944600556	-1.3592500079749	4.93018230170582
turk1303	0.618828490092812	1.57706505503184	-2.32013008325843	3.86582003221633
tusc1257	1.21122731209195	1.5687339624131	-1.63323151792802	4.52756211949486
tutu1241	0.137212829883278	0.957840788360083	-1.75564654784443	2.02558256820951
tuva1244	0.997444496999475	1.53506312270201	-1.79998177632442	4.31926511098333
tuwa1243	0.0705092835683671	1.02544583720077	-1.92250300687621	2.12395531051865
tuwu1238	1.07849488795758	1.54990902485751	-1.7784316887024	4.34875846233103
udih1248	-0.194678881009879	1.78472349163782	-3.90785383929021	3.29178682531232
ughe1237	1.0555476151587	1.2650799325007	-1.31215965789878	3.72309722884303
ugon1239	0.171967610955613	1.6473535776113	-3.34547946110188	3.35332971823305
ulit1238	1.03681444344159	1.58038719745348	-1.84180565321932	4.42062647192376
umaa1242	-0.925357086687311	1.54419354760686	-4.16189042427093	1.93552552776676
umbu1258	-1.43924582896423	1.65010409074565	-4.86254412492572	1.65420133019796
umes1235	-1.22216321844203	1.52300585987484	-4.35068714688888	1.62719341945437
unua1237	-0.000520364799025814	0.830049841247081	-1.60348204042184	1.61286863733189
uppe1275	1.28797763866637	1.56135240371909	-1.68597370698036	4.59241310775708
urar1246	-0.501043973604849	1.70426314524672	-3.94974815913211	2.67615889881368
urav1235	0.0375148481177915	1.19195134538233	-2.28397569479447	2.49205224027249
urim1252	0.778537322488533	1.36938187384764	-1.8943675227129	3.56596767838297
urni1239	-0.338029871170563	1.70062776911996	-3.86240422399864	2.95237477853991
utes1238	-0.687622546327696	1.55576993986485	-3.97850322692943	2.21294708968605
vano1237	1.97977759140074	1.43344763413758	-0.443826505090638	5.14309486268429
veps1250	0.855150523091387	1.60419052087068	-2.05885236480799	4.34828371465806
vera1241	0.836560012682054	1.16220387708747	-1.34455807433399	3.31298476382958
vinm1237	-0.42284517401129	0.847873739174105	-2.13706433667581	1.1945744255087
vunj1238	0.852315288919537	1.60498855266262	-2.01522417942304	4.29646549881318
vure1239	0.844039222690828	1.16372245063649	-1.35229758321453	3.35243220629008
wage1238	-0.62592077856186	1.73344198125278	-4.22411055704094	2.68195762641103
waig1244	-1.43315069457364	1.58693030703491	-4.87331774603482	1.42096788982465
waim1251	-1.68603588910225	1.38141949624852	-4.62264385267526	0.781184729473198
wala1266	0.3732630202873	1.08127493294263	-1.66239264971199	2.57678292734419
wall1257	-1.23430047362031	1.52358468802103	-4.56504239749875	1.48657474604028
wamb1257	0.644486436946479	1.36268486716779	-2.08597895116604	3.39064427752049
wand1267	-0.520596160632839	1.41427153858283	-3.41520516727167	2.20009591679338
wand1278	-0.508994808414128	1.4033774749627	-3.39028909473441	2.15460721246223
wara1294	-0.4514795091821	1.66549761383677	-3.84043575521252	2.74234122416691
wara1303	-0.308912506714023	1.75081806443717	-3.99327184286066	3.02135927145342
ward1246	-0.532004758206213	1.73125533278699	-4.07391930049439	2.77484558904302
ware1253	-1.02179016508544	1.52705083168089	-4.23378370027498	1.79963691594271
ware1255	-0.384882099564274	1.75123403768836	-3.9730295409105	2.91879967771601
wash1253	-1.16052030714724	1.64027603534349	-4.66793713991277	1.81700745971657
waya1269	-0.302406676456117	1.73646874955445	-3.95489679729881	3.01861437337066
wayu1241	0.331056074602928	1.35554272248784	-2.34688140495099	3.03515944900566
wels1247	-2.13880220094813	1.73760016896199	-5.93750144578891	0.964558861927046
west2354	0.324351390499547	1.72545147799943	-2.97825141328993	3.97077211810952
west2369	0.351940606243955	1.74280291195143	-2.95161710540374	4.12340071802821
west2396	-0.87783634723667	1.57919406262047	-4.19059864910483	2.02214367460021
west2397	1.9576450409778	1.52097710729842	-0.764753819030013	5.22230819142142
west2415	-0.498753598583812	1.36988438148503	-3.28177539130308	2.07551229646644
west2418	-0.409547028954309	1.51872047283654	-3.51824126730679	2.48608338894319
west2430	-0.095531852933208	1.7078683245952	-3.55881875506345	3.19846597185509
west2516	1.72984047640224	1.44700311605229	-0.838007144385394	4.83637453283973
west2519	1.3217328026285	1.51357386557986	-1.40692619560226	4.60491487172423
west2557	1.40622491220326	1.54292410121311	-1.31004574631442	4.78442061907582
west2560	-0.0382419990318205	1.33501981168345	-2.70832286437452	2.62274271220107
west2594	-0.595229870355799	1.76297019162553	-4.29368427357834	2.77573705345858
west2615	-0.812972501668089	1.70399623982073	-4.31104410699208	2.40315618171285
west2635	1.88072963316688	1.60764325611378	-0.948577546425116	5.36237283319661
west2644	0.820862648339408	1.50879367174384	-1.9436009324253	3.92915562592257
west2650	2.02758486516681	1.60871340518856	-0.814432916891556	5.49175834157915
whit1269	0.367893303872525	1.04371133929078	-1.65456513360033	2.50253992015702
wiru1244	-1.48733361097089	1.6213869691179	-4.91214387664277	1.47789363837237
woii1237	0.58506501003037	1.48385924489483	-2.28186309594399	3.66002711908974
wola1242	-1.17437812350938	1.76519426858877	-4.87145799473843	2.1422242237899
wole1240	0.805733990189116	1.57558728054584	-2.03589102998664	4.15808428801557
woli1241	-0.585670760268111	1.4526599178323	-3.55791227694649	2.15814217679475
wuch1236	-0.266387932988967	1.70964955958978	-3.87310570535112	2.99370480486105
wusa1235	-0.735318844865995	1.66374921624072	-4.29980824075835	2.35645952008085
wutu1241	-0.388087473872452	1.70586032746612	-3.8620521887643	2.88092416071005
wuvu1239	1.34578220243889	1.56049873988373	-1.44179036281931	4.84014405760612
xamt1239	-0.819086168910773	1.64989066152399	-4.3579714834079	2.23021730059306
xara1244	1.93790157453277	1.41395648602569	-0.590655886288151	4.98660238338397
xava1240	-0.326871519995072	1.73583609524125	-3.94323770131683	2.99485618944497
xish1235	-1.11854988695354	1.69385221577922	-4.77848650211937	1.98096313718206
yaka1277	0.617592700386868	1.39758380832701	-2.04054598009363	3.5039441076501
yaki1237	-0.716291160416771	1.66239822692956	-4.14310020975198	2.40156269819948
yako1252	0.883458196948619	1.59752099175529	-2.02344231864164	4.2818859045453
yaku1245	-1.56677542479753	1.6186822430477	-4.91109715559052	1.48867963084393
yale1246	0.0377802201938287	1.406191710219	-2.75545557702267	2.78566478405027
yami1254	-1.62341657114442	1.60205017166435	-5.14686328381572	1.22617868444158
yami1256	-0.342027595427316	1.75227963705522	-3.97083700435219	3.04583673634654
yamp1242	-0.281235664067442	1.43317843765521	-3.14384506961265	2.52328442641781
yano1261	-0.345319440891674	1.71979199268567	-3.83884783025939	2.94369425869204
yape1248	1.14451064710989	1.57784487909727	-1.75443771249914	4.52704894668989
yaqu1251	-1.03694805577413	1.56098799985363	-4.34347397417721	1.88184971294321
yare1248	0.794942759745944	1.28094084835319	-1.58255405832286	3.43129070147929
yatz1235	0.733873331422169	1.4142248806602	-1.88453828564218	3.67463621286403
yaul1241	-1.39363094100153	1.56060075682616	-4.62313171849783	1.45723532444768
yaum1237	-0.428165603486422	1.13629356954085	-2.72412370686264	1.75700888208201
yawu1244	-0.301159542065947	1.77046573395669	-3.90759447278393	3.09503327752977
yecu1235	-0.116777056443118	1.52067690656947	-3.14599003128828	2.84966517937905
yems1235	-0.963616441672902	1.66392377262777	-4.46355975792988	2.20931003204985
yind1247	0.929879723503128	1.59546904288755	-2.05121683285912	4.1686303514133
yoga1237	-0.85096172728199	1.18811235627289	-3.31088326839509	1.40686533239125
yona1241	-1.06152550343502	1.69152543060162	-4.60926248076485	2.07665321922491
yong1280	0.420652342857925	1.59983980573596	-2.80371293207649	3.62463035797026
yora1241	-0.307903596150011	1.75470684431916	-4.03809986120486	3.00977950021809
youl1235	-1.65637149710192	1.59418607292282	-5.12837654594975	1.13163424925065
youn1235	0.452527806312901	1.71753285519372	-2.94077180784781	3.76783597437596
yuca1254	-1.11979528452447	1.61511196186161	-4.4058284390945	1.87892166307299
yuch1247	-0.709531457931087	1.68410922235088	-4.26369402638896	2.45850794539662
yuec1235	-0.601237411894736	1.72334766684514	-4.1758188796942	2.58404025006914
yuqu1240	1.64764807724906	1.5208208618019	-1.19105467769001	4.84981923043063
yura1255	1.49856698056953	1.50351100384605	-1.34068053796913	4.67660739830734
zaiw1241	-1.39499948479639	1.62587479210763	-4.90743493771538	1.59501170065447
zakh1243	-0.750622885067343	1.70771318951683	-4.35137217003439	2.3973453796305
zarm1239	-0.524957355107712	1.7759415220656	-4.15168137228064	2.87945101192259
zaye1235	-0.937454720380409	1.58153921686152	-4.34065378879799	1.93879308801719
zays1235	-1.20062164813019	1.73621811584081	-4.83589134568545	2.04521318107821
zuni1245	-0.859934181234189	1.66697887817671	-4.38912101103976	2.18130926894335
