Estimate	Est.Error	Q2.5	Q97.5
abar1238	2.72440576494552	1.54316531760981	-0.164087908096219	5.90970655681844
abkh1244	1.62930402931958	2.13451204179536	-2.61455112653484	5.86373618239293
abun1252	-2.24479876125605	2.33181189113507	-7.0311358190685	2.10594803510784
acha1249	-1.67437836461971	1.60570174140291	-4.82292169969673	1.49867031244159
achi1257	0.574685826303055	1.47901154014046	-2.36753227843706	3.50225355228884
acol1236	4.34645083665533	2.58396181263902	-0.00209833556680854	10.0237497375353
adze1240	1.00057043917566	1.49267791265874	-1.9867907380289	3.88473838401668
aeky1238	-0.260557449940514	2.15648941136449	-4.41027674354689	4.10225371355088
afar1241	-0.417471743463329	1.5615577537312	-3.52934259044382	2.57145348395983
aghe1239	2.84160439221671	1.56492615838656	-0.0142759721073143	6.01880253338971
aghu1255	-3.47656705006757	2.03117623761723	-7.77744846098641	0.150021287378174
agob1244	-2.69269953276685	2.24209134473147	-7.33299851705939	1.41619417106202
agua1253	-2.03684737534403	1.98098941216515	-6.22497577082259	1.6176059793304
aheu1239	0.368439291455207	1.62227716062824	-2.81217225446655	3.6221619989431
aime1238	-2.2583184222136	2.2455234740616	-6.98546835797323	1.9407822262363
ainu1240	-2.01460426628487	2.80389045926625	-7.95254982128866	3.09692422932761
ajab1235	2.89973142442704	1.55320900466682	-0.0579011024599705	6.051508755807
ajie1238	1.40687150530979	1.52021658029773	-1.56996340779183	4.46359025807137
akoo1248	2.92575440351297	1.51117170258985	0.0874299149484188	6.0830219454507
akun1241	-1.69367536245962	1.86707277966355	-5.4879347719627	1.99131501460793
alab1237	-2.06930075014604	1.96556094319678	-6.14701687643956	1.65611195161623
alab1254	-0.471489721807319	1.56253081891251	-3.68279207365489	2.50704793865913
alac1244	-0.510950016164965	1.93086270306338	-4.3724052769107	3.23707528737652
alag1248	-0.487175870380641	1.57208343265993	-3.64853947656264	2.52895829186493
aleu1260	-2.16987301991311	1.99064762573905	-6.216747302868	1.56618591073648
alor1247	0.791906238365519	1.52451519407593	-2.16484703904371	3.71781270994016
aluk1238	-1.62972656977347	1.93922514922414	-5.5738526688303	2.20745189928223
amap1240	-2.4164835708295	2.29996032629915	-7.17135844735173	1.7937646183926
amdo1237	-2.19827644007969	1.60232554218574	-5.4699276982746	0.9462252634287
anei1239	1.38980796003293	1.51788257456802	-1.53614364586115	4.50693964217307
anta1255	0.665973375613291	1.47513341223679	-2.24284243410418	3.59010233893412
anuf1239	2.97640272208945	1.53849428524134	0.0612421736429368	6.11661218337345
anuu1241	-2.03134563436695	1.66939273789317	-5.41341007414064	1.23573303234103
aona1235	-2.05833793403607	1.63167540066546	-5.32173551105133	1.15279941934719
apat1240	-1.59227491767609	1.60676567191069	-4.79932338751578	1.58126459377124
apin1244	-2.07696021608735	1.96705937676778	-6.03433266105227	1.72878459309819
apma1240	1.34943567991215	1.51732021192831	-1.58701636857232	4.40814471162402
arak1252	1.17729670370142	1.50268714982262	-1.71684176735859	4.15230192769738
arao1248	-2.27682342854414	1.93815108422875	-6.23751847882035	1.39773917405726
arap1274	0.233067090936667	1.82510925170442	-3.25187435090947	3.87009479333715
area1240	1.18581536558848	1.50823841404926	-1.7504355179604	4.13138073510643
argo1244	-0.233888055724347	1.62998742452712	-3.6514820985874	2.90942235963132
arom1237	5.0605124492672	1.72457385266118	1.8554560571875	8.72806865555141
arop1242	1.16480623185241	1.50467153648941	-1.81982417789715	4.16222912016191
arop1243	0.959214789128504	1.50578581988204	-1.9400710529231	3.94457909666034
arta1239	0.663008623550997	1.52221692951579	-2.31052064997908	3.69533573180239
ashe1272	-2.10807190738965	2.01162113420803	-6.25812692459839	1.7797368452103
assi1247	-2.13567140097686	2.03314088886331	-6.45921758586899	1.71287636305501
asut1235	3.02456039478448	1.4589035274504	0.288812702799825	5.94306907349001
atam1240	1.0554452813984	1.51607385703685	-1.96828072274715	4.10409406692093
athp1241	-2.05357768726479	1.63530197286324	-5.33201087812507	1.1175349324711
aton1241	-2.31754893414686	1.65347446278438	-5.66496991452443	0.856233817852777
aulu1238	1.1935757236984	1.49548521563961	-1.70945141724131	4.14234897103381
auye1238	-3.43505650623931	2.07719651487112	-7.83643726857176	0.369309583580341
awad1243	4.81963172322444	1.74756157642323	1.61885467677833	8.44714040459631
awad1244	1.05327513706266	1.50744549869927	-1.88375547316052	4.05316508355488
awar1248	-3.43096039430187	2.0328967962846	-7.70744574508077	0.205441365559738
awet1244	-1.52850782065601	1.84988748834335	-5.31930907609518	2.07321315143008
awji1241	0.762596591534521	1.62777746978207	-2.35765478290961	3.99238558836774
awtu1239	-1.48845518400505	2.01623611813288	-5.56690979242225	2.44181561447605
axam1237	1.13893608977589	1.49136434226833	-1.75369388918913	4.08438412985208
axiy1235	-1.62661316566118	1.5903678246181	-4.75825257325246	1.53106215121561
azha1235	-1.6158578560087	1.59078968740305	-4.75536660952804	1.54174231027533
baba1266	2.84925033989098	1.55767558738601	-0.117293648770033	6.09264070789681
baba1268	0.953337547848941	1.50005427951666	-1.94497634212416	3.96303124838708
babi1235	-2.76615403094539	1.93363194591418	-6.83358823389288	0.838503782254286
bafi1243	2.90746958904202	1.51852883912859	0.0779079298387815	6.04459721791041
bafu1246	2.85161319472172	1.56137556921162	-0.0860985222085729	5.98012283309422
bahi1252	-1.98647793243633	1.62696484416139	-5.22795292872281	1.14501476163778
baim1244	-2.20117489863776	1.60430787282346	-5.4416631388129	0.924616487324934
baki1244	1.34732782497107	1.50870553628629	-1.59143492572773	4.38676675027224
bala1311	0.824056731010652	1.51079487672336	-2.14028218454289	3.82337420395254
bala1315	0.645207436007513	1.53104690688535	-2.45864580294104	3.59335105156587
bala1316	1.39792951796088	1.51617706678167	-1.51602311052193	4.43420373052271
balu1257	1.27445757713913	1.53178942087931	-1.62788665581135	4.34988501142962
bamu1253	2.84307714267261	1.57595624287107	-0.092949891555323	5.97021325454518
band1344	2.6632354295804	1.47882602016526	-0.0828081683430546	5.65304929048099
bant1288	0.930307907539153	1.50276229808212	-2.08678337435827	3.86637456326717
bara1369	0.706623278553464	1.46810223711135	-2.21748449327365	3.57254839151121
bari1286	1.21470996918905	1.53578400844663	-1.78601843094012	4.27192133019974
baro1253	1.16380317717662	1.51295470333686	-1.72738801842953	4.12895574086652
bata1289	1.01735204069252	1.55358537783598	-1.97631559067408	4.11301869345613
bebe1248	2.93039214712048	1.52194456178639	0.03071025295151	5.99272808385024
beka1241	0.643795545141782	1.50773961895338	-2.37514989674303	3.67280138863482
bela1254	5.0878578325205	1.73641304302751	1.91989639465577	8.68072896150752
belh1239	-2.05376744697258	1.63903055787704	-5.35806276972587	1.11572984039496
bell1243	-1.16577030945287	1.90787724451862	-4.94984323985256	2.60495869207781
bemb1257	3.06111032667888	1.47007950951752	0.31360882548351	6.08581365885993
bhoj1244	4.79247403649459	1.7191390982496	1.62886887825276	8.42979898118809
bian1252	-3.03336905463279	2.71375534359743	-9.04146294558276	1.85575466562428
biao1253	-0.842634698683237	2.11071328461306	-5.05422597271897	3.18601850050862
biao1254	-2.97617368782028	2.30017375277775	-8.03538150285905	1.16053027353637
biao1256	-2.97913871924536	2.30106316255763	-8.01204583022437	1.18354737973157
bier1244	1.34804356408442	1.50431129933038	-1.55644015229233	4.34779691562894
bign1238	0.953288616797526	1.49464107087787	-1.95572437215646	3.8544680256497
biha1246	0.739589696913424	1.49305925251313	-2.15213594367005	3.674501285675
bini1246	2.06193944098581	1.5021945147866	-0.873663162119609	5.02509053908522
bisu1244	-1.61332097162957	1.60470575824659	-4.72203387941589	1.60577035259847
bitt1240	-0.0571793719744099	1.54104238612846	-3.16911382386488	2.98439691916785
biwa1243	-3.48289934666808	2.58082629204923	-8.86065938646716	1.16770454951046
boht1238	0.00624178582457997	1.58571006899009	-3.17476624288812	3.14132054170301
bola1250	0.896743263201474	1.50021492341301	-2.10971246176701	3.78323084285781
boly1239	0.148410168268644	1.58727089953127	-3.00143167229727	3.19863257105501
boro1277	-3.27928135767068	2.6055183764093	-9.10864466322343	1.15411851307357
boro1282	-1.78754884614675	1.9948749260906	-5.81360431132544	2.02429318493048
boto1242	0.655641591274978	1.5241290263423	-2.31475608853489	3.65106638338576
boun1243	1.88726440280411	1.48028272204264	-0.966009190451296	4.79480293283405
bret1244	4.74500116539596	1.72343391735162	1.50365508615138	8.31732021214737
budu1265	1.06041382355009	1.56233615142031	-1.92937648634249	4.28085510120891
buga1247	0.15227406327083	1.58855973315256	-3.02644527495082	3.29613377359412
buga1250	1.19871945799386	1.50718702861386	-1.74667019304676	4.22187599355888
bugi1244	0.641417227997726	1.50281957225011	-2.31214358760331	3.6275604568768
bujh1238	-2.08698718357213	1.64269656786613	-5.39960686192655	1.06711686820935
bull1247	2.19362542082464	1.56327629336516	-0.776805505243518	5.30819565488643
bulo1242	0.336183028401072	1.56833477067103	-2.75249369971139	3.51577080503599
bumt1240	-2.13090412367246	1.61276536972802	-5.39725952138811	1.02606148187601
buna1276	1.13146957360597	1.52402827413312	-1.83218166932696	4.19272953802664
bund1253	4.82778320964155	1.72288665643649	1.61434996654242	8.4182836954055
buol1237	1.06791786136416	1.52267089803762	-1.85239246307071	4.09319460403109
bure1242	0.994559872029887	1.59033308229871	-2.03928571778551	4.19790088053417
burj1242	-0.476575106180847	1.5673775041536	-3.64310689439367	2.53331753279724
busa1253	3.20350378956172	2.06498617992417	-0.691112759015189	7.56814504324068
bush1247	2.85328120898155	1.46918702264828	0.0801528404806969	5.85377328862417
buwa1243	1.03792747181403	1.58623209871269	-1.94849328323711	4.22613345931796
bwai1242	0.929158442569012	1.50158432152454	-2.0367098925092	3.9340358734844
bwat1240	1.30183547295192	1.51243071954397	-1.6642222345648	4.35052452006018
byan1241	-1.79944701568409	1.6265415780347	-4.99591583420527	1.37436196480307
caac1237	1.3966790381981	1.52745130940801	-1.60725913998648	4.46954743159318
cacu1241	-1.9254642307913	2.04357068851427	-6.124977068422	1.94350818619389
cahu1264	-0.802682281297022	1.77200067569586	-4.30871545497378	2.58894102477821
cakf1236	1.18220502351831	1.58249191330135	-1.87145420431328	4.40507770342764
caml1239	-2.06295853503931	1.64589359968388	-5.42070672699157	1.1916754017569
camp1261	5.08664325692895	1.71999118436186	1.95438543818101	8.66936087742514
cane1242	-2.07548063658596	1.95973731739518	-6.107852107903	1.51517374792355
caom1238	-0.670661597915899	2.10799222490892	-4.86774277996855	3.47086474327839
capa1241	-2.35077370725673	1.92610003574964	-6.3088800425291	1.30018160516254
carn1240	0.540161429593835	1.58774702741734	-2.55254982051548	3.71030690758657
caro1242	1.74368653965405	1.51789371508998	-1.15363632123909	4.8754344653804
cash1251	-2.33386338692299	1.91635023389129	-6.27359298441576	1.31169714355236
casi1235	0.836528147519663	1.5168143070788	-2.21341395348482	3.86933647287385
cemu1238	1.20481546090467	1.50780206735222	-1.81445003900374	4.23526861785405
cent1992	0.339754275039571	1.55995900877918	-2.67084098547771	3.51784046579598
cent2084	0.638774390344046	1.51699885937676	-2.44085762634404	3.67280927594024
cent2100	0.51765810221825	1.51707151927062	-2.5635991758356	3.49105498720549
cent2127	-2.17520835214212	1.96925060950291	-6.29215784572173	1.52288994160939
cent2131	-0.297366459491391	1.77619473519774	-3.80204103524431	3.23874414353045
cent2140	-1.83579431471102	2.0085626055547	-5.89433389393494	1.95920190356026
cent2292	0.864629286667018	1.52134722891774	-2.12243496757657	3.87266355827703
cent2314	0.505116121693837	1.61709911339672	-2.56285603058288	3.67841156665378
chak1270	-2.26680236724911	1.66208267242979	-5.67028262902727	0.866298805387708
chak1271	1.89802041072882	1.46508084025879	-0.930680824449831	4.72920657295202
cham1312	0.996629238937708	1.5594183778036	-2.00198614701748	4.04407114279593
cham1315	-0.531501978442069	2.03319656361516	-4.40785778713742	3.51002128675608
chan1313	-2.28504533718512	1.6480535168526	-5.62798675611303	0.792310023082961
char1269	-3.28056800209033	2.5884525282591	-9.25683014405298	1.07882655635672
chas1234	-1.6792099167102	1.59265027263393	-4.82054131386041	1.51427112037737
chek1238	0.925067581193764	1.51181867865529	-2.03829790183948	3.93209645690222
chen1255	-1.50314911491885	1.92392405263172	-5.46829520881486	2.25417682808167
chep1245	-2.08304611013622	1.64709092980507	-5.39256964156996	1.109961118944
cher1273	-0.83434172756434	1.92308824255389	-4.74009991507669	2.92983997500748
chey1247	0.2391124497476	1.83558362259553	-3.28778634727412	3.94523564122112
chic1270	-2.09358941883083	1.9762549509916	-6.09748607217607	1.58562120500232
chil1280	-2.78738110217556	1.91873475162414	-6.84413991642596	0.79963635615806
chip1241	0.26205228918818	1.81113119299587	-3.22812889030904	3.86208705537764
chip1261	-2.76014217299867	1.91871367680725	-6.7497486378253	0.812406774127393
choc1276	-2.09948448302762	1.97246637805255	-6.12471104134111	1.65891122054483
chon1284	0.50694261439724	1.62397207770981	-2.5654996140004	3.77027933655962
chot1239	-1.76806597916705	1.59612486837124	-4.95231729293234	1.40606050983605
chug1252	-2.13290340101098	1.65458254395925	-5.49424156943682	1.10071834264181
chuk1273	-2.2576018390615	2.48951180810245	-7.63903876525474	2.28390758594128
chuv1255	2.75730961326418	1.82107829227039	-0.72702901700276	6.48939262654786
chuw1238	3.02324499330048	1.46097647951201	0.311206281160191	6.10711911544348
cici1237	1.85215806983194	1.50415090584192	-1.12328621685803	4.85936773289754
coat1243	-1.03523910623865	1.89065246112355	-4.89658361457322	2.58844615220297
coca1259	-1.42239347216245	1.81550790479754	-5.09174238926911	2.17286723018976
coeu1236	-1.25338759861057	1.86253599726023	-4.97000699837173	2.32994663138552
colu1241	-1.30257992191313	1.88301893236794	-5.07429680164264	2.25096614148207
coma1245	-0.97006935257441	1.76298983961893	-4.58721815816943	2.43042354662855
como1259	-1.31820223786437	1.87906769802824	-5.20357651471041	2.31757651341584
cosa1234	-1.61643472736844	1.58660507321357	-4.72726357048442	1.55001090612723
cota1241	0.965513481378458	1.51076318301872	-1.98565583580502	4.04434228680705
cree1270	-2.0776401441351	1.96310796559516	-6.09165468746562	1.65596805506048
crim1257	2.96604236649128	1.83855703725153	-0.441496599514239	6.71780437622197
crow1244	-2.1680975159303	2.0264102666481	-6.42968992309919	1.65506875510965
cube1242	-1.88115520546806	1.96693325374885	-5.99054341128262	1.81928306307857
culi1244	-2.02873752528023	2.00357046777034	-6.16660990055551	1.84651326307237
czec1258	5.08683693758242	1.73218691276618	1.88821688716081	8.73490401121689
daai1236	-2.0479374616239	1.60588367440384	-5.25817889032885	1.07781884382177
daas1238	-0.356596101504575	1.56180456923836	-3.47047685500121	2.64060512845021
dadi1250	-1.84521215977686	2.29092374659036	-6.62360402750997	2.5045128462815
dagb1246	1.80702144137458	1.45912218134579	-1.03343784565881	4.68107670616598
daka1243	1.26502311460306	1.51536804448249	-1.64017135339905	4.35078374950313
damp1237	0.604624702754562	1.51520410840496	-2.45304159340701	3.58580141217838
dana1252	-0.0283673401308903	1.55245178006008	-3.090570796268	3.03716543846238
dani1285	5.06682954392273	1.72877976778009	1.94761540033253	8.61568055702099
daza1242	-1.97467965477791	3.0497402969059	-8.71161325796305	3.36370030419886
dege1246	2.20710341565602	1.49589140158718	-0.740894783474823	5.24914337230216
desa1247	-1.87834879878972	1.95552204582895	-5.9264619714422	1.80764905724882
dhao1237	1.02402328727139	1.52383627765427	-1.89948353899607	4.07968547875503
dhim1246	-2.02253235034737	1.65467743642356	-5.29486086218506	1.19217062994847
digo1243	3.00953521924503	1.44740219424444	0.282273234697904	5.92514085979007
dima1251	-2.33766076568245	1.64506492798657	-5.76090054375089	0.793484104089591
djam1255	-1.88320192423969	2.16503016661674	-6.42253645998193	2.18788422730079
djee1236	-2.33450404067124	2.24104625956853	-6.95354613192946	1.91171103983614
djin1251	-1.89626852157112	2.17498073697566	-6.50326346783219	2.24391068091156
dobe1238	0.76091778169407	1.5362360131401	-2.31593873559141	3.80670212258381
dobu1241	1.00178656888555	1.5077720514894	-1.93537060640381	3.96828341844673
doro1266	-3.5588190187635	2.5111214913373	-8.97223183739144	0.941540839723806
drun1238	-1.94001995699591	1.65975370324568	-5.25508054432756	1.263283078827
dual1243	2.93777175464121	1.5094066152494	0.134299640433873	6.0559620399665
dumi1241	-1.98467184682153	1.63750367667302	-5.27378982939144	1.223178689698
dutc1256	5.05929295530086	1.74274209903823	1.93298606684931	8.59887050883245
dyul1238	2.98445055111448	2.02272199957371	-0.96675781193492	7.10867739780806
dzao1238	-2.97916949877567	2.301869919778	-7.98859727086108	1.13784755378005
dzon1239	-2.19799202959925	1.59952306969638	-5.47340446568952	0.955752145317971
east2328	2.25338707237562	1.63259140472208	-0.913272171172341	5.52823668843181
east2332	0.388552027698007	1.57226070678366	-2.67893855136865	3.57940496990207
east2443	1.33619103179808	1.52122760434073	-1.55042048928007	4.37985269737782
east2447	1.13687552932267	1.48090322696157	-1.7711887035229	4.06483635197911
east2516	-3.40064471356871	2.06017269850891	-7.81356001523886	0.407658813376367
east2555	-1.4457824101842	1.80940551240614	-5.09475290136256	2.15591045672081
east2690	-0.23928287143104	1.61393952973992	-3.51000610966093	2.81178330672366
east2773	-2.08188804450371	1.65575722473416	-5.44776096952128	1.00586369782323
egaa1242	2.82406364156788	1.53457030129987	-0.0411044947651838	5.9625977996053
eipo1242	-3.42879187372006	2.04764461976546	-7.74055236643321	0.363482716267248
ekar1243	-3.43017464850411	2.07028010092478	-7.77892917821725	0.345380025854849
elna1235	-0.212701626572937	1.78582917418194	-3.69284477574823	3.32658897682803
emai1241	2.13410013863278	1.49547083576978	-0.809484246110167	5.09296500065749
enuu1235	-1.5494370978551	1.59884828987142	-4.6577954333303	1.61065627484632
ersu1241	-1.79250488843345	1.62046752593169	-4.97405394064117	1.46874933951397
erzy1239	2.2304296923484	1.6015407430486	-0.874189685847303	5.47907318155167
esto1258	2.73966604474098	1.61504184825824	-0.205299218745858	5.99156451792543
even1259	-3.45748627866127	2.49926377257425	-9.0685189530761	0.834563517824501
even1260	-3.47098534852912	2.51968028784333	-9.13761117470874	0.902967779438257
fala1243	-1.67054686849622	1.60413374050051	-4.80147598442348	1.50409703522356
fare1241	1.89312170846546	1.45046850164742	-0.895905380554249	4.79977693460883
faro1244	5.0764313898274	1.73281834514024	1.98624688350272	8.6794936988573
fass1245	-3.56425911420175	2.5582059373262	-9.09652362426404	0.98080593176332
fiji1243	1.27331056272939	1.49854125034775	-1.64491233064552	4.27636050599838
fili1244	0.891140199673981	1.51374470474526	-2.13329764656566	3.88229532557341
fina1242	0.828250930417717	1.52478514489319	-2.14871996009504	3.8505228905717
finn1318	2.76108750731895	1.60362271960478	-0.260516893451257	5.96198679765711
fonn1241	2.89560647001975	1.53149197482984	0.0142405480735458	5.96124252775101
fore1265	1.78632140737492	1.64731027642366	-1.38246835915377	5.11444744448983
fuln1247	-1.63059431047545	1.9997150664503	-5.7668729280757	2.19579554745355
furr1244	2.71751227955614	2.84938621399217	-2.34496856928433	8.82696180105445
futu1245	1.11796850973187	1.46972379775857	-1.72901344657457	3.97488872452663
fuyu1242	-3.03505995239993	2.70487451039761	-9.06823403463374	1.7558572256582
gada1258	0.648700102316551	1.51265552652437	-2.33410697599825	3.62883582134227
gaga1249	2.99177325560993	1.82964041762321	-0.463980038912139	6.73367991597709
gahr1239	-1.98506458430979	1.6206935224444	-5.18769253502374	1.16590710513033
gali1258	5.12220451332952	1.71723292807035	1.93356174025839	8.6986903204608
gali1262	-2.00682276732408	1.93451704382515	-5.97831725605462	1.73638894427782
galo1242	-1.65880194345095	1.59373944803864	-4.83329602897931	1.41546107088359
gami1243	-2.34391134103043	1.98454939395209	-6.42628881417164	1.41639609155689
gamo1243	-3.28037409748257	2.60990041727503	-9.28711171922711	1.11000572267949
gang1266	-2.0497650698798	1.62150656259012	-5.33763722782318	1.14417218143273
gant1244	-3.27153068294111	2.10931549684294	-7.73975017793569	0.709298227398921
gapa1238	1.14581204126474	1.50661857170141	-1.76490111248539	4.09296310940418
gayo1244	1.0237007005955	1.54593496313163	-2.03519922008292	4.04694125360141
geba1237	-1.92073371124012	1.62260226385289	-5.23274461686168	1.26139325378737
gebe1237	0.813776371195972	1.51775122953239	-2.17547567632023	3.76334473843977
geda1237	1.06118735973242	1.50919641352464	-1.85854225314236	4.11207531471567
gela1263	1.03365192396368	1.49199199279604	-1.9948785706328	3.9651974669856
ghan1242	1.01587391992985	1.49597680412677	-1.90033716020799	3.93999149385246
gheg1238	4.68673439200526	1.80351379735028	1.34367533721683	8.5229573663529
gilb1244	1.60472012659256	1.51909876306199	-1.28740085816816	4.6637205787137
gily1242	-1.98722327139116	2.7766780131534	-8.03783606603216	3.04684171671861
gogo1265	-0.0479148266836132	2.20954799871515	-4.19428262399141	4.44998450364335
gola1255	2.15713642979322	1.55993299897187	-0.893467304987777	5.24867447619159
guan1266	-1.90657637795716	1.62897412368039	-5.15577391762614	1.24870478632166
guat1253	-1.86638398030781	2.02035724460724	-6.01083656334682	1.89429716831606
gube1234	2.51364303320015	1.5576650511361	-0.462778756249032	5.64410483595143
gude1246	0.964292750913624	1.58103946332149	-2.04228078773012	4.13879709373638
guhu1244	-3.41024260069163	2.08857684901038	-7.80102750979603	0.547830519209205
guiq1238	-1.60324292985281	1.60308286327278	-4.75475894615285	1.58009179625892
guma1254	0.944205317543143	1.50103410045173	-2.00760777449904	3.89244522988509
gunw1252	-1.04783440919802	2.02652895120481	-5.20893210596778	2.97276070909252
guny1241	-2.28321284157362	2.00299949826529	-6.47783255422418	1.48205790804005
guru1271	0.817874521836604	1.5922230253737	-2.1863940412043	4.01146866964206
gusi1247	3.0417501485599	1.44698889004861	0.345594587667462	6.02750442301083
gyel1242	2.88506006582893	1.47536398674714	0.102457859557529	5.90066662101013
haaa1252	3.04280940726257	1.46058667891832	0.287304939349947	6.11389586739314
hadi1240	-0.470722234471855	1.56383850470628	-3.59311308456178	2.50359654664242
haka1240	-1.73031898893715	1.59897478789489	-4.87393258397685	1.50233549310424
hala1252	0.213718440128544	1.60345979184466	-2.89190177848869	3.46393407612297
halh1238	-2.88526599842027	2.77639913651832	-8.7340618268619	2.15787514555892
hali1244	1.18037463175266	1.5132149077474	-1.82102423314907	4.17135529403479
halk1245	-1.43365752979219	1.86919631883064	-5.28936545463788	2.19985562018973
hame1242	-1.2545224604957	3.05156426162522	-7.86836369544261	4.15928704794616
hang1263	-2.74335839446388	2.26985425603019	-7.56282940925088	1.38413462992597
hani1248	-1.58722523447884	1.59676704697644	-4.73300744736808	1.63041141994723
hano1246	1.3376571417467	1.52389182581079	-1.55497211243161	4.42994358198542
haro1237	0.650054816795775	1.49682834806946	-2.29191086138705	3.59531595036607
haru1245	-2.11285926536093	2.33378905936882	-7.03809005951359	2.29688938664344
hela1238	-2.20339272446863	1.59625365073461	-5.47191953330822	0.941791979688256
here1253	2.6069039642637	1.4462388871661	-0.212699269741306	5.55461327002712
high1276	-1.49140667663864	1.94976582208117	-5.37034696961022	2.31384369652942
hind1269	4.83549157627711	1.73612492083968	1.61034279745354	8.45740633597503
hixk1239	-1.96720772859304	1.95456819741125	-5.93450308256292	1.86547993152556
hoaa1235	2.50880308574559	2.84377825066312	-2.65853366943236	8.65397660006161
hoav1238	1.30079176868734	1.50897462152592	-1.60819357736836	4.3531385611953
honi1244	-1.57565953386731	1.60405228592849	-4.70709473422235	1.63750592937496
hopi1249	-0.879197189555853	1.76678765971066	-4.43076674427533	2.48316240679602
horp1239	-1.90881013972091	1.63603809797135	-5.13397346196022	1.36095428550111
hote1245	0.993605883760285	1.5062052086763	-1.95584008126899	4.0182237950219
hual1241	-2.10610567803647	2.01437360131222	-6.37446347625829	1.73383476839533
huam1247	-2.03848887976235	1.98959967326176	-6.23842593580356	1.69665556914157
huar1255	-0.446667014055244	1.7840764717772	-3.96501550878734	3.04879490596829
huas1242	-0.165002645069213	1.97367978867233	-4.01117344725047	3.83814561407305
huic1243	-0.185962951920273	1.79592522361459	-3.65834502713484	3.41405279528705
hula1244	-0.165199360700324	1.58143530495445	-3.29699196339427	2.91012486937033
huli1244	-3.3955518591835	2.0638849323435	-7.73147532665045	0.407996158418173
hung1274	2.50906514213609	1.6800336887577	-0.609771294252749	5.95884836378541
hung1275	0.277724018896235	1.61126128091452	-2.94497813869595	3.53975532363885
huuu1240	-0.0499123924943158	1.53711641321843	-3.08995323729984	3.04177082806246
iaai1238	1.31977626635237	1.53710098533812	-1.7033379226592	4.36730298038799
iatm1242	-2.74046039623749	2.29449919530217	-7.52729576467859	1.48145361781041
ibal1244	0.701642023053629	1.51741455386699	-2.27611502151575	3.67440597139919
iban1267	0.666983796048257	1.51300416885645	-2.32727984242989	3.65509716581139
ibat1238	0.647070142415552	1.52515386874769	-2.40270422208226	3.65951472843132
icel1247	5.07515214916372	1.72891188722642	1.97386374109669	8.65921769696566
idii1243	-2.685655133396	2.24408616611184	-7.29271696481582	1.5218508532303
idom1241	2.30482489006422	1.53862143506108	-0.700636540012382	5.35972551359282
iliu1237	0.937152503862536	1.51810686359132	-2.01638445972743	3.95403964790278
imba1240	-2.10597019701434	2.02085132391845	-6.26249418552186	1.70964582010588
ingr1248	2.79265912640434	1.5991006533088	-0.147442590567361	6.06379180132399
irar1238	1.15114965323492	1.52782513952909	-1.84324149142095	4.20886324500066
iris1253	4.82909617253288	1.72618427590243	1.61410200994743	8.43003322507783
isco1239	-2.33874470223308	1.93433960936359	-6.27533950321735	1.36096157270302
isin1239	0.700826714643081	1.52804309792332	-2.29777821818606	3.67254484427666
isth1240	-0.164899719087451	1.79028690940055	-3.62341268475261	3.39751514682564
ital1282	5.10625822620236	1.70713858309365	1.96497983922645	8.73165882073527
iton1250	-1.75868854087674	2.05156332794841	-5.89334485603075	2.20393235641873
itza1241	-0.285662727193233	1.94186188042305	-4.12213509986968	3.61659906229075
iwal1237	0.991543239519897	1.51091843287778	-1.90310599282055	4.03169133607755
iyoo1238	-3.43650167493131	2.02566781361152	-7.64982583831353	0.259819253390774
jalk1242	3.1682182892924	2.03506290842611	-0.717034428261193	7.38967080038543
jama1261	-2.03014632796375	1.99930504443624	-6.12493920455265	1.78626556689654
jamb1236	0.684759341090877	1.46238769136511	-2.22237139807449	3.52966539773893
japh1234	-1.90958098323802	1.60877313182802	-5.07870564547669	1.23226364428531
jara1266	0.677459550908145	1.49875032885444	-2.24742518458884	3.63530131435693
jina1244	1.16296710221607	1.56949995358736	-1.79516592244175	4.33324406497149
juku1254	1.89968847740157	1.52338380495061	-1.09557525693481	4.93934489404473
kaba1278	1.90045675658472	2.1481840690279	-2.25008669759396	6.16448148375599
kach1280	-2.26842868211146	1.64633458687212	-5.6539524451387	0.832326679947104
kach1284	-3.28442349908043	2.58861268039312	-9.17575163568957	1.09221146622975
kado1242	-2.25860682632014	1.6501805951219	-5.65350235285806	0.905987561488426
kagu1239	3.04768997789961	1.4758428446546	0.293999736441224	6.03781053939722
kaik1246	-2.11866382169264	1.61783754663369	-5.44236764163551	1.03435190085517
kala1388	1.03202876115416	1.51864584452612	-2.04401928145906	4.05798898312247
kala1399	-2.18076531576241	1.96169690575917	-6.28208712661931	1.51121944338587
kamb1299	0.812126476752892	1.51617668024625	-2.14818903201611	3.79557917966816
kamm1249	2.52644991308512	1.51284944746019	-0.29814337192881	5.69507798198063
kana1291	-1.81742280978503	2.06263681347387	-6.08969173411724	2.16039385985074
kani1286	-3.37085719903309	2.09239621054039	-7.77632414425797	0.518166228300018
kank1243	0.882690919275547	1.51474600514016	-2.08766420345158	3.86969747340143
kaqc1270	-0.123911367330984	1.97703827525981	-3.9645464721906	3.91215875121244
kara1486	1.19420381135685	1.49939711603335	-1.74667886378455	4.16771090645819
kara1500	-2.03234385503464	1.95667566593902	-6.06189507122978	1.69169474841131
karb1241	-2.02498574840622	1.63134120772569	-5.25779068796334	1.14690312331132
kare1335	2.79384625206712	1.60644563414365	-0.144001818000927	6.04169224570139
kari1311	-1.67290760241361	1.8822310260292	-5.51195041066955	2.00665094605333
karn1252	0.941018336228532	1.50179855444929	-1.99614284143104	3.88033102922082
karo1304	-1.85313454477347	2.02946275215575	-6.11094573556224	2.08217668405319
kash1277	4.81904561712504	1.71237041193591	1.67523342816521	8.39253094891251
katb1237	1.01679610863209	1.49848956228481	-1.94469212373473	3.91783251504476
kats1235	-1.66192300201663	1.60692410673426	-4.85690603977911	1.53381769453131
kava1241	0.588380782686115	1.61180921781044	-2.64305171242514	3.782578881913
kaya1315	-1.92973403218483	1.61814218952732	-5.23458761611845	1.19038705495351
keap1239	0.731053007766222	1.48473193484108	-2.22159644757381	3.62710655728201
kele1258	0.925850438502936	1.51589175551965	-2.03380349405648	3.91632168106579
kele1259	0.86021290981193	1.5295351309642	-2.09378353132338	3.90594763304925
kemb1249	0.635655806307116	1.53052480775039	-2.47128483317098	3.66173866065319
keme1240	2.89529466051424	1.53989304737826	0.00271792586713188	6.07186410112608
kenu1236	-1.90898835103863	2.96763275204378	-8.46293273785612	3.31132399067546
keoo1238	0.80534348290208	1.51936068902958	-2.20566001312034	3.80592968805568
kera1255	1.30579555547495	1.60891099951817	-1.68583760402338	4.58354470515862
kesa1244	-3.25203986308357	2.11653652963211	-7.68508871303938	0.694061329608941
kett1243	1.70116345099761	2.59927611746402	-3.12098542982455	7.2463256105635
khal1275	-1.98977213130785	1.63521598856752	-5.25868480501521	1.21986267840757
kham1282	-2.19922545658803	1.60143983381815	-5.44259209027827	0.940551834198848
khan1274	-0.0629277723769285	1.54366361230081	-3.26446270921017	3.00502878793763
khan1277	-2.06329543495072	1.62987607085304	-5.46310567920206	1.05700325754295
khan1278	2.3581769126178	1.54336576230847	-0.548146510594801	5.45975331951293
khas1269	0.124896235122734	1.54069080407699	-2.97778864549774	3.24572665051833
khez1235	-2.06299084741428	1.62730600482071	-5.33942710117955	1.17283954660398
khmu1256	0.289747796615112	1.59209740389089	-2.75964567303955	3.4908861714948
kich1262	-0.128258165428495	1.9719601656897	-3.91998381576806	3.87106666599998
kile1243	-3.48136949660917	2.53116485374363	-9.17049084937756	0.873109221690426
kili1267	0.673156869195677	1.49366113699492	-2.33309764573537	3.57389596558365
kimm1245	-2.97486345847693	2.28947146380283	-7.97837843770979	1.16560032847996
kiow1266	-1.63288904509129	2.03959010265493	-5.76673506050109	2.25240792290635
koda1255	-1.63143252520278	1.93619598058467	-5.64234423639597	2.14922588358768
koho1244	0.26176019104445	1.57276440368179	-2.7486023073583	3.44152696421975
koir1240	-1.59249637040886	1.59468953605474	-4.77457318709968	1.64180630842929
koka1244	-2.22344232064843	1.96585332031472	-6.26468862382986	1.41100663477053
koko1269	0.92486108303182	1.50548044655956	-1.9753601457902	3.89951526045514
kola1285	0.756619508392191	1.52990629245333	-2.28195622844328	3.78697285157388
kolb1240	2.64644445311599	1.50166660809797	-0.154304623960933	5.69696887103876
kolc1235	2.87505251812553	1.48942033179058	0.103390367116012	5.95334081142372
komb1274	-3.47046131498818	2.03078809130561	-7.61349481363511	0.226539221240809
komc1235	2.84472780788158	1.54908179666748	-0.0593915176386409	6.01078550274409
komi1268	2.58935917182504	1.65807769869319	-0.549623132790888	6.00857861487407
komi1269	2.59281465747232	1.65508833559624	-0.515643795053226	5.98570558129375
kona1242	-3.56014878919726	2.5805603825319	-9.03611914175045	1.07112960857553
konk1267	4.55515314292911	1.69858230244746	1.34280121918747	8.11204628288935
koon1245	2.74148235382403	1.48401973290391	-0.117824140720586	5.74368031853513
koor1239	-3.28676233031855	2.57564096121314	-9.10435454129653	1.02514844942579
kore1280	-2.25710612167964	2.78071192682235	-8.196544158641	2.86829940451867
koro1298	1.7447122924544	1.46280625819643	-1.19517638853314	4.61821413594339
kosa1249	-3.41656842889139	2.05476259502817	-7.72304600331197	0.330052740389958
kosr1238	1.55074427016172	1.52490385583256	-1.36835165003712	4.62704745287658
kuan1247	2.48943193923564	1.45221303914226	-0.356296857588233	5.3815931058081
kuku1273	-2.29755682576947	2.00742933162271	-6.43434146654544	1.47307031824569
kulo1237	0.520104853781986	1.61013301138073	-2.69214272553826	3.68198924755655
kulu1253	-2.04851082418703	1.64086402116714	-5.3396899088526	1.18352124204018
kuma1276	1.39515194614013	1.52388556109236	-1.61475430643523	4.46371323888532
kuma1280	-3.40963336560896	2.07033136931819	-7.77602639330428	0.440441310528401
kumb1268	-2.33044662700341	1.9944893662649	-6.47935451133154	1.37950129970399
kunb1251	-0.894631763398903	2.03097244524168	-5.01572912376459	3.10997279848423
kuot1243	-3.60495662721191	2.50227039628801	-9.02983291178947	0.902725441429658
kurr1243	-2.11591263321839	1.91609987459388	-6.0318529346282	1.58488273987103
kusa1251	1.30304022504709	1.51109976321786	-1.62269481363158	4.35610865686478
kusu1250	-1.3223842912967	2.6576187594505	-6.98335211568585	3.66791680518672
kuvi1243	-1.30599505049718	1.90211340433137	-5.15516331780581	2.33990101993376
kuyy1240	0.416464887123303	1.57325007936464	-2.67204453306121	3.58694164009783
kwai1243	1.33834918361253	1.51870020590692	-1.5492674642376	4.30726869394328
kwam1249	2.12924610479124	2.71625115485016	-2.84138950446022	8.04211249923918
kwam1252	1.32244847565846	1.50009793772048	-1.62600711671406	4.32983938747372
kwar1239	1.3503661810963	1.52412797143278	-1.62020663119466	4.32503945245616
kwin1241	-3.20281702394066	2.64519277331648	-8.86901628387028	1.48995123887133
kwom1262	-1.52035926350979	2.03397829941147	-5.58578943569757	2.40646884631769
kxoe1243	1.1014982224732	2.13624394017613	-2.97251028392983	5.45623223501014
kyer1238	-2.19799297456017	1.59850015843298	-5.47953224542432	0.997128254131801
lagw1237	1.18722414454009	1.58552103509473	-1.7912567511068	4.40962047946508
lahu1253	-1.64992109529854	1.61223319020787	-4.85796559610738	1.56033167506256
lala1268	0.741065524161296	1.48264632494348	-2.17383650567286	3.6336261246077
lama1277	0.848648690000229	1.52151781711666	-2.18003942250628	3.81255822611281
lamk1238	-1.73732518896422	1.59787775831483	-4.97146329076103	1.407059835302
land1256	2.30939827454048	1.55635477932966	-0.676858862942356	5.51817904126869
lash1243	-1.67697702021181	1.58399943493944	-4.76644995935933	1.48528090395466
latv1249	5.03316816745424	1.75905057959247	1.82617595224768	8.65467006966011
lega1250	3.05463248271442	1.48270987731503	0.267395654275109	6.15346313494597
lele1267	1.31049915011871	1.51578851289095	-1.72832922601149	4.27989723764638
lele1270	0.91923124259758	1.50430787145627	-1.98467078478931	3.88781172606405
lele1276	1.29789712894794	1.60726355137369	-1.70780903658737	4.63075647245113
lemb1266	-3.39087018650207	2.053609398809	-7.75192567727621	0.398743191979208
leme1238	1.22923570984709	1.51269656063293	-1.71453479958784	4.2057852324521
lena1238	1.40045731789536	1.51293754452787	-1.54927832651426	4.40210069394694
leng1259	1.04011000430479	1.51696465173227	-1.95588437605351	4.00671071785349
lepc1244	-2.03127444463231	1.6382393463681	-5.27015411071821	1.08811203748007
leti1246	0.807424754015777	1.519151262334	-2.24019682599741	3.84066933658935
lewo1242	1.33687708882431	1.51168599591401	-1.62333532571286	4.33312613911427
lewo1244	0.801084822092464	1.51737828104312	-2.21860400122628	3.75124827868484
lezg1247	2.45795605571433	2.58965200862961	-2.35429201338287	7.77531145993058
liji1238	1.88800558582584	1.53031141079232	-1.09519908551223	4.9047291971581
lill1248	-1.18582681520109	1.88903450905633	-4.99535815384471	2.42963535113899
limb1266	-2.03385369848181	1.6503836026002	-5.30008160230048	1.20657597269485
lipo1242	-1.67417673325153	1.58979807445242	-4.8579134545809	1.43156431001251
lish1245	-0.154755367709092	1.58583250751731	-3.34852261680093	2.82319630579551
lisu1250	-1.67608120802616	1.58854913074888	-4.76166668721354	1.54387894595724
lith1251	5.02736923727128	1.75878633871117	1.9158315470689	8.71297636534184
litz1237	1.07847338384706	1.5013200991007	-1.89199821717388	4.06652222071553
livv1243	2.80662538787156	1.58260095465638	-0.103573813507228	6.02723267268855
loka1252	2.35658160884906	1.52921997510652	-0.57519913165006	5.46056097455885
lolo1259	-1.67544944899579	1.58743299154104	-4.80826890742796	1.44082089990348
lomb1257	5.10820018885155	1.72248626153734	1.94754503851847	8.75223936735152
long1395	1.13558696817125	1.49872556518815	-1.83117071513892	4.09934428363993
loni1238	0.928616259098894	1.5156843584436	-2.06579263424699	3.90896478582412
lote1237	1.21218588030983	1.50750170814006	-1.7056010690693	4.17123354029596
louu1245	1.27684701882824	1.53637893048885	-1.68779603933849	4.35927550504965
luan1263	0.813152551311238	1.50687094058103	-2.20754529570313	3.77901557427457
lubu1243	0.747087348166555	1.52696404012705	-2.20653055328163	3.75714361380577
ludi1246	2.80482320343248	1.58273263442006	-0.113600299167935	6.00156542730473
lule1254	2.60666662718761	1.59563509037718	-0.394330273050672	5.83973215398521
lumu1239	-1.36295413921583	2.88985852645558	-7.51565594752969	3.85882141945548
luok1236	4.33762354186335	2.58069991615038	-0.0210499037578689	10.0378004661813
lush1249	-1.78640100110913	1.60026698387174	-4.99602036546458	1.33292914225808
lush1252	-1.42301270124819	1.8825332815083	-5.23156956958176	2.21556416173119
luva1239	2.48068633060011	1.45023595814834	-0.324589281391838	5.40075011872
luya1241	2.84987644035154	1.48967460426711	0.0484698439334904	5.82520559427462
maan1238	0.651940065780359	1.47929205949533	-2.29149880590431	3.60756264436254
mace1250	5.06399918819937	1.7353194957942	1.90785735732527	8.66511245718097
macu1260	-1.87935395219953	1.95011358378383	-5.90054214095019	1.79078735261778
madi1260	-2.16353241109356	2.81605821189133	-8.34748017385855	2.78962749567581
madn1237	-2.04390770748664	2.34103951246186	-6.88483997197419	2.33504281142943
maee1241	0.955232839584951	1.49462998425602	-1.97800712097172	3.86627596432642
magd1235	-0.485443213481562	1.95132842438108	-4.40949198490372	3.35663525053475
maib1239	-2.5896804704682	2.79396715081255	-8.61972134195837	2.50241299409308
mail1248	-2.17656051490264	2.26674069816565	-6.89119420357501	2.004777271665
mais1250	1.11906587679552	1.49886155397573	-1.78625627346535	4.08643769329947
mait1250	4.7930584562677	1.71814067286323	1.60162162481429	8.45015427748292
maja1242	0.0642083043882703	2.10201552194814	-4.06551771750528	4.26173131145521
maka1304	2.87569584452547	1.4784181395051	0.113647160501626	5.86894451194185
makc1235	-0.797722104368423	2.11219286120925	-5.06874980751004	3.32004617746154
makh1264	2.92596434599564	1.43201217244173	0.214096956405379	5.90796200697281
mala1464	-1.6381442242458	1.92161421044685	-5.53911054842171	2.10940184240957
male1284	-3.27015813172879	2.61640854757509	-9.19894441072576	1.14547071944113
male1297	-0.776869603613229	1.98546436985173	-4.67933559106952	3.26318068943043
mali1285	-0.323732499839384	1.95409999963193	-4.11926411733077	3.56451837771215
malo1243	1.43007028374499	1.51985779298905	-1.44789788033464	4.45865537047045
malu1245	1.11807640148645	1.50045450583273	-1.84789302399264	4.10137258862392
mama1275	1.03748324179681	1.51658228945789	-1.97204786089614	4.10158772099273
mamb1294	2.37904112162673	1.49023132201223	-0.465507371096957	5.47345171766368
mana1288	-2.13225407199445	1.61887915269583	-5.36537253356393	0.986300852424167
mana1295	1.00832383392546	1.50392095145229	-1.94000790958464	4.01075412567257
mana1298	-2.72871174588766	2.28165916346873	-7.61206855402095	1.40796438305138
mand1415	-2.22386130431071	1.66617761807223	-5.51186756449685	0.97043515605843
mand1440	1.01807201790192	1.4986002641698	-2.01458561682898	3.95646764972301
mang1378	0.158242341998796	1.59285353175928	-3.01393145140057	3.34454808832484
mang1401	1.13837312741432	1.46952768372902	-1.76188809533057	4.00312548571174
mang1403	1.21116320770641	1.50909625356483	-1.66445545031484	4.19737646678318
mans1262	1.03912605596971	1.5139088318114	-1.94389568519828	4.04131980253464
maor1246	1.25268224181387	1.47597747024584	-1.63909531531399	4.20797975195411
mapo1242	1.02083269478192	1.49917513217197	-1.91868711479844	4.04287624962558
mapu1245	-1.77925400744053	2.06003433556067	-5.97539523710665	2.15655785941109
mara1378	4.66399986866574	1.70906065464875	1.48650641838502	8.24467650896525
mara1379	-1.93676976293879	1.61858827915331	-5.19732965728694	1.2444014491246
mara1382	-1.82610193570989	1.60379232852227	-5.03390443379365	1.32927385768395
mara1386	-3.47920271172906	2.58492973926391	-9.17628028878352	1.06597591057149
mara1399	0.961673795635823	1.49810695322534	-1.98329043565845	3.84216717004587
marg1265	1.2240189400008	1.58575533950028	-1.74582532011286	4.40754183507957
mari1416	-2.062328274904	1.62412949083421	-5.41256431012607	1.05986023752452
mari1440	-1.78321198665951	2.04737991753153	-6.02400993686747	2.15294103221951
mars1254	1.65737048534775	1.52825136547174	-1.28927376333932	4.70313344239582
mart1255	-1.9560629575195	1.90397395323636	-5.77769820877454	1.71055591717153
maru1249	-1.66646918023111	1.59783482894911	-4.79997931458377	1.51708853469419
masa1322	0.697898641600681	1.60300150363041	-2.42078207411961	3.93434240084413
mask1242	1.16534830791492	1.49156261894488	-1.78508496895834	4.12976130850494
mati1250	1.05100245291019	1.50856273038276	-1.90393288829721	4.07211295756208
mato1252	1.24019209395906	1.50958611799945	-1.71443994030271	4.29123151548872
mats1244	-2.32373362651155	1.93664085969854	-6.29034872853026	1.30092745037937
matu1259	2.95106696609311	1.43939665980911	0.16281537478559	5.8384696917196
matu1261	1.05377572080281	1.49711148843388	-1.82175055433393	4.00954396955797
maun1240	-0.204877472249389	2.18751799207739	-4.47302442020868	4.19447020557107
mayo1261	2.70803524149884	1.49457416287218	-0.0799315358585597	5.80048494634908
mbol1247	2.51105989875404	1.44813047480596	-0.291169418406254	5.38855602815597
mbul1263	1.23161606353197	1.51931905402263	-1.7674644494	4.27252366057499
mehe1243	-1.07413175470827	2.03071505643705	-5.06037031156765	2.94737405039065
meke1243	0.736024000022875	1.47955478971249	-2.18834234371291	3.61306007942445
melp1238	-3.40916454262258	2.08596487606087	-7.76224238929006	0.442801553915982
mere1242	1.1836692486964	1.50045137681851	-1.77403158998186	4.16635193113377
meta1238	2.83547103317246	1.55148621267625	-0.0517337435953145	5.97120068499846
mezo1235	-1.10074921841173	1.90466280635433	-5.00016914574173	2.52260840389787
mezq1235	-0.240103377753098	1.92283716226764	-4.05200623924772	3.52683080722465
mich1245	-0.166113737698204	1.79751943107394	-3.66847555516798	3.38506258149848
miju1243	-2.1150982043459	1.6434491965829	-5.45233437635847	1.13873535198351
mikm1235	0.241978607862124	1.84246772577844	-3.3073564942064	3.87213760593386
mila1245	-1.72708100388078	1.61251705035897	-4.93235209400995	1.41178488422382
mina1276	1.18290406970599	1.58431350503717	-1.82388015136654	4.4012177553941
mini1251	1.16135902482369	1.51043076826422	-1.76628075369109	4.14029054926516
minn1241	-2.19730664379735	1.66537786365016	-5.65022622320174	1.00279275899985
misi1243	0.698605112201912	1.49595525219565	-2.28196875402982	3.57712576131231
mixt1426	-0.722109915426781	1.90605809870244	-4.45332026825048	3.05235101110835
miya1259	-2.12100956999681	2.28755934164409	-7.26669403660148	1.91702936340727
miya1266	0.830765916695108	1.58662094298186	-2.15832722057014	3.98224842080219
moco1246	6.46215615812997e-05	1.92117280466921	-3.67111656205718	3.95864073772595
mode1248	4.59800823612892	1.79106848342344	1.24206534339372	8.21071531901963
moki1238	1.6753288203642	1.51790108400795	-1.23023291955079	4.72675196623155
mokl1243	0.667633057116197	1.5319467090789	-2.39603336948415	3.725288977466
mokp1239	2.93786627733648	1.49933122229611	0.15859145979728	6.06192212715852
moks1248	2.23281255403891	1.6031183906675	-0.822377236210652	5.51743665337956
mose1249	-1.66354669907443	2.02612558556932	-5.90058460483703	2.13007062678855
motl1237	1.31417174584537	1.51726303613692	-1.6062502310533	4.35977512215647
motu1246	0.821056793190136	1.48289321828932	-2.03898455999845	3.74807298216086
moun1252	-1.04339662222194	2.03221391006558	-5.09966055567748	2.95101662647974
movi1243	-1.59804798599787	2.00484319419039	-5.64329149563357	2.36236657199958
moyo1238	-1.75428544622487	1.59402038812856	-4.92600546602802	1.3850312991867
mpad1242	1.21099536506454	1.5854766373388	-1.77163447811345	4.46947224752161
mpii1239	-1.50233918957221	1.59210716232414	-4.62753842057231	1.72718156558913
mpot1240	2.86232880838272	1.44323852993505	0.0898762521767097	5.76969497802277
mpur1239	-3.34884435091005	2.62708932350201	-9.03457163912074	1.49576236212597
mual1241	0.616590652745661	1.49356726332302	-2.41661762261826	3.46505630635452
mudu1242	1.129845268645	1.49799183026884	-1.83229092294768	4.11321771663814
mull1237	-2.42155440327406	2.35588379326506	-7.2730013332963	1.93428765071642
munc1235	-2.04791882670916	1.60669685209737	-5.26606897076167	1.05973778594736
mund1325	2.47004160690256	1.5105192197058	-0.403344657051594	5.57023848349217
mund1328	2.75935722963396	1.57249209517714	-0.164821413940054	6.02110091959083
mund1330	-1.66707016557606	1.87170821995399	-5.45122058777639	1.96263640295948
murl1244	-0.300012659309216	2.08547799568725	-4.38429317018953	3.85977249975074
muru1266	-2.33293605257293	1.95485531393552	-6.34534379585552	1.39521300517503
muru1274	-1.66341151792795	2.00335813200639	-5.75475700941671	2.19369480172305
musa1266	-3.27173897712501	2.111351449155	-7.75059727810254	0.693844070797719
muyu1244	0.676675204531353	1.49678979767609	-2.29233118182677	3.57775479456141
mwag1236	1.19666675542835	1.58162984579855	-1.76317789262598	4.42809847974994
mwan1247	2.97268679167149	1.45082948631498	0.287009745307643	5.95683207996817
nama1268	1.33060477120924	1.51747452355064	-1.59433676663391	4.3679507976007
namb1293	-2.66828212808446	2.28858518306337	-7.51661826396234	1.53613172545184
namu1246	-1.86790365170269	1.61656079905657	-5.08137536424965	1.30674900189234
nana1257	-3.4790251285682	2.51746698896813	-9.08703740276718	0.847263914496503
nang1262	1.21257055459064	1.53587828339351	-1.77792488600079	4.25309717670032
naru1238	-2.25848321012048	2.00645247133328	-6.51737901283517	1.50713401330354
naue1237	0.996252751265298	1.51847007721589	-1.9573459838991	4.01740635458313
naur1243	1.49208564313155	1.53288524246499	-1.4724271352888	4.59596084500726
nava1243	-2.74836758531018	1.93461568968596	-6.77635800712053	0.892787916624012
nawu1242	2.96397942293504	1.55079439785167	0.0596463314740837	6.21125255953518
naxi1245	-1.85886483670559	1.62893411167965	-5.09761195128935	1.4383793740766
ncan1245	2.90414899992584	1.54980308623909	-0.0142898169410608	6.06248874169714
ndam1239	3.11339806753995	1.46979276062795	0.414886833926131	6.15959126252581
nege1240	0.649563508635802	1.481001817201	-2.35234350668346	3.51630777775564
neha1247	1.19574785923356	1.50810211900556	-1.77253400631826	4.19698811378259
nend1239	-3.25158067838903	2.11578433546245	-7.65392943973757	0.744223636985412
nene1249	1.7831457152617	1.6498820732996	-1.38996119287582	5.1165385219594
neng1238	1.34895555067533	1.54234620542389	-1.61116972761295	4.4299206096359
nenn1238	-2.66495667709667	2.27799222650802	-7.43646689824897	1.49047179258605
nepa1254	4.79701004955529	1.72055495088316	1.61790700679651	8.42727536834506
nese1235	1.24503925486467	1.50631177947199	-1.68009594265031	4.26093523149661
newa1246	-2.08109601244651	1.65070513981765	-5.44875332217707	1.01979831483723
nezp1238	-1.96777702205603	1.99910044292922	-6.14604172093947	1.76479699802581
ngal1292	-1.04389860578177	2.01781351268181	-5.15339455822959	2.93923153235277
ngan1291	1.84124965892688	1.67304587144676	-1.40892234809516	5.12877209251219
ngar1284	-3.20008625864611	2.64112269745035	-8.9267258621956	1.58419702571315
ngas1240	1.17640537028896	1.57827009204208	-1.76426287250049	4.38426564145096
ngba1284	2.69953256624494	1.49591075367977	-0.0205686664548131	5.80644678546601
ngeq1245	0.324140026301652	1.57851731372923	-2.80108457546769	3.49287041078036
ngit1239	-2.16753107694933	2.79046759410782	-8.38837578039827	2.71695500721802
nhan1238	-2.21062006935126	1.9542937403549	-6.26987152053196	1.47870234777944
nhen1239	-1.42288758545461	1.81394043990967	-5.10467196462211	2.1441880757613
nisg1240	-1.13660436984848	2.00585176961105	-5.20086145620454	2.93784944268696
niua1240	1.1735861457149	1.47538026019426	-1.69108893387644	4.15065310804752
niue1239	1.21917957157682	1.48543105432794	-1.65138223655108	4.24346475422237
niva1238	-0.654110199286767	1.9793233380655	-4.5685178000317	3.28951371634112
njan1240	2.16446934050232	1.53815037964702	-0.852125074765196	5.15787772502754
nkon1248	2.96057711281518	1.556342900824	0.0669711728540621	6.18430777352977
noct1238	-2.26874515624007	1.6547474362232	-5.70086187971902	0.875718527526219
noku1237	1.35891235035866	1.50982157516162	-1.57282735134008	4.30109629196394
noon1242	2.50732414801054	1.5911660529704	-0.493183548376594	5.7357643610086
noon1243	2.90142744312739	1.55349743139876	0.0162106289709707	6.13202576419247
nort2684	0.398633312143241	1.60591182485977	-2.7249050747768	3.63564078714569
nort2690	2.9749849549264	1.84882602398834	-0.50212738679159	6.72237689850135
nort2722	-1.90547262871692	1.62291532874299	-5.1378716250107	1.33439582107606
nort2723	-1.91350708727557	1.62400274520295	-5.12736827531909	1.31901824680022
nort2732	-2.11062825325677	1.64913827318888	-5.47170644801056	1.03910955522647
nort2745	-2.27146092112367	2.52660062705593	-7.63199692388428	2.40002026353892
nort2747	-2.98181563218611	2.29994290046398	-7.97310294774424	1.1797925624991
nort2839	1.26605596396874	1.51574166260349	-1.68459246352808	4.31071848561216
nort2845	1.1331071095369	1.47283836730918	-1.78391694942274	4.03996157547876
nort2885	1.08860911127085	1.52533004694631	-1.85664694857306	4.16583943504766
nort2930	-1.63880494298472	2.24813422190382	-6.28020272405487	2.75115458445561
nort2938	-1.99794526672743	1.99145473981948	-6.08482858707884	1.80079100154001
nort2942	-2.79145701637615	1.91417029598633	-6.85990334012306	0.725139104543428
nort2951	-1.7696512588166	2.05540903089878	-5.93912082671209	2.21040657902443
nort2954	-0.964523118154479	1.75823119206879	-4.54247630939711	2.36600274032684
nort2959	-0.375742583254164	1.79159618743818	-3.86867766283577	3.16057962302162
nort2961	0.27677771954363	1.82200662529303	-3.20352032911722	3.96608242725393
nort3047	0.913361093522723	1.55625642700676	-2.05436593122414	4.0584020220301
nots1237	0.942882774740444	1.50460382178172	-2.08443937159859	3.8283800789609
nucl1235	4.12954829641	1.74250883884882	0.695445301025823	7.62761738129944
nucl1301	2.98888593070852	1.8331034886749	-0.528559676908836	6.68443159812725
nucl1302	2.43350034247715	2.60477825757353	-2.32554916215425	7.90848352648231
nucl1305	-1.62459967150729	1.93763356153907	-5.54694003518371	2.16198443699934
nucl1310	-1.46299984270065	1.58480493516341	-4.57198526744226	1.73714440145386
nucl1417	2.29447582329412	1.50598329690291	-0.670611092740841	5.29942452887553
nucl1593	-2.25572761116095	2.23767228509389	-6.85379101419243	1.97111372638533
nucl1622	-2.24840101022987	2.28886833353089	-6.99147827247417	2.07044835466288
nucl1630	-0.770339931990474	2.03039012155487	-4.73999234083686	3.31600355520712
nucl1643	-2.10156971438226	2.29024561634379	-7.20033950087644	1.90829397643142
nuer1246	4.31984278544192	2.59082336885686	0.0429212826114911	10.1133003069381
nugu1242	2.90009017656331	1.4907041081133	0.127412977772788	5.90397419575629
nukn1238	-3.440639734924	2.02707777622644	-7.7870887377809	0.290122959730835
nuku1260	1.26075969918359	1.49191493148786	-1.56912442079888	4.2123506949518
nupe1254	2.31877038843987	1.51758905180856	-0.592623319507208	5.38692387586088
nuuc1236	-1.22479765794538	2.02957250160363	-5.28688938739073	2.79808852769332
nyah1249	0.219601400147025	1.56811804969167	-2.83348385186633	3.38321360756745
nyah1250	0.53190690357447	1.61438232065869	-2.53991954307008	3.73547237931407
nyal1254	1.39717040089362	1.51209772590592	-1.54729999149725	4.39348542993796
nyan1307	3.00793849709189	1.43416508763053	0.317082276935783	5.99971731139541
nyat1246	3.07865728617939	1.46524134914995	0.364501474443831	6.10588116325402
nyor1246	2.99465975049635	1.43083593689551	0.305623721417287	6.00787424507064
obok1239	-3.49527457099601	2.59045905815664	-9.01722339465038	1.17022336342248
occi1239	5.11418173571144	1.71994460228468	1.92998478200866	8.71773955384528
okan1243	-1.1996371385414	1.85938425268573	-4.8899190750592	2.35467044651727
okin1246	-2.1291832970552	2.28635794108348	-7.28730528885636	1.93633305194975
oksa1245	-3.4791389613409	2.04701261938178	-7.78267997818859	0.235682052839887
oloo1241	-0.861455528333853	2.06431851000174	-4.97626318424884	3.2644465269407
olut1240	-1.63179405333046	1.93185481362802	-5.6059786413125	2.05384379021314
onon1246	-0.408304801347112	1.91264299972421	-4.2020569165699	3.34807063786114
oriy1255	4.78613140681475	1.71931118242095	1.66377504957265	8.37163318155488
orok1265	-3.47952355277126	2.51351605290005	-9.13656429699404	0.796961659680537
orow1242	1.40264305365306	1.51775408494548	-1.50413998643154	4.4218201017858
otta1242	0.252945390142886	1.83074629873815	-3.21321037104458	4.00345260664016
paam1238	1.05156489636489	1.50961898644724	-1.94272524648513	4.01327205840199
paas1238	1.97676831239228	1.4791349324004	-0.824322725376256	4.85312202459419
paco1243	0.330111124802107	1.56277934189865	-2.75509119471273	3.48943545770036
pagi1243	2.92190095971734	1.49962094392656	0.140704086312596	6.02940441604731
pagu1249	-1.53218356539518	2.02760023309569	-5.65339164024566	2.37924510455038
pahn1237	-2.98121176151399	2.29361839495766	-7.91460982120609	1.20790407903204
pait1244	-2.05404623558606	1.61751468290524	-5.27793669475162	1.07546257229219
pana1307	-2.07862229112917	1.95547469293875	-6.07971444512492	1.67425235483171
pang1287	2.82837145189275	1.45113645915721	0.140550346098369	5.8364505571287
pang1290	0.873680078313183	1.52551105001607	-2.16207065823028	3.93398000604776
panj1256	4.81137713972279	1.73092438545138	1.65550963387624	8.40688394730525
pany1241	-2.11107370792651	1.90992624353311	-6.04303827676566	1.57573488299999
papa1265	1.19492787902888	1.51467069649816	-1.72912900379849	4.21496909622008
para1301	-0.0600202931691323	1.53821591862594	-3.1524370652508	2.99717673180746
para1302	-2.04663098365427	1.61979908576086	-5.30276379809714	1.14227693478243
pate1247	1.1655249047586	1.51951786693664	-1.69250124816423	4.24407367862092
patp1243	1.16277514866977	1.51549991828308	-1.81710810913258	4.20648591289727
pawn1254	-1.95377020538095	2.01642198731697	-6.16653891386269	1.9083462721078
pela1242	-1.66610952256173	1.59488294533505	-4.82366585293953	1.50485170200796
pemo1248	-1.97905155122652	1.95855079620667	-6.02329001385464	1.79214002486868
pend1242	0.624458343742475	1.50922845647998	-2.33513393029572	3.56124213057885
phai1238	0.314790610506837	1.58677062490236	-2.73681876484114	3.50557040252614
phom1236	-2.28588474667771	1.6421304997763	-5.64425437681656	0.756847976354213
pila1245	-0.0155341069034095	1.93570388979968	-3.72477125515558	3.99999951225359
pile1238	1.20404932581298	1.48575389802189	-1.7285692194668	4.15267810170704
ping1243	1.60546343477499	1.51897064377306	-1.25622915251914	4.59026391194259
pite1240	2.60826702112624	1.60446324969245	-0.480283702532162	5.87778941532146
pohn1238	1.63322964223405	1.51857751373479	-1.26188482615104	4.61103511036009
poli1260	5.07830630739704	1.73313609198401	1.87602453536486	8.64604432504193
popt1235	-0.165110021203933	1.98993473934635	-4.01027585492889	3.89166337196977
port1283	5.12702156291653	1.71750441541819	1.99640204273896	8.68983528155649
port1285	1.08975152534704	1.49229899227255	-1.882118344949	4.04373390784176
psik1239	0.933810418849971	1.56999046832332	-1.95046497749687	4.11397092229164
puka1242	1.11625441841191	1.48556365819381	-1.7851572596788	4.06267441743379
pulu1242	1.74272449438637	1.52322153066057	-1.15265505760201	4.84033226655774
puoc1238	0.364965025243503	1.59219882530044	-2.72553247163578	3.56700432557875
pura1257	-2.90375672893919	2.80070890319349	-9.02863206357971	2.18845384770852
pure1242	-0.621104326857535	2.01961653269522	-4.62785369689105	3.43395516919634
puri1258	-2.1737142750559	1.60215653358427	-5.44334513837925	1.00089464571144
qima1242	-0.516576199686407	1.58253263847914	-3.79731691414705	2.51457696185009
quer1236	-0.239745372515999	1.9256738244981	-3.96076817915331	3.59456360802582
rabh1238	-2.32182209374838	1.64231203586218	-5.67770245870226	0.795388749948813
raji1240	-1.66382641462068	1.61757364051244	-4.82768409349801	1.63328874574406
rapa1245	1.18399255611562	1.47408237299422	-1.72284924339971	4.10850755211839
raro1241	1.23111701013377	1.4810367515869	-1.64615866787432	4.19996352337632
raut1239	-1.76260491908291	1.61915796789021	-4.97801536488859	1.54547004440056
reja1241	0.560950569097572	1.50502996343555	-2.4993927085265	3.5142250409447
roma1326	5.11132977996991	1.70859897817557	1.99695945061059	8.68746257427755
romb1245	1.05368883725555	1.52407959595162	-1.97394010939833	4.0387780911004
rong1266	-1.83199624699427	1.60384595734004	-5.00315010930865	1.3252639108383
roto1249	-1.2191797429639	2.11442621380257	-5.4271617887397	2.97566241133766
rotu1241	1.33474846057082	1.49239176794705	-1.57706713429322	4.28129016029603
rovi1238	1.2903416952441	1.50755590547347	-1.62633133254534	4.36423059794368
ruch1235	-0.0479018426924943	1.55186501068936	-3.19429947341081	3.1024531095664
ruka1240	0.533369308325692	1.64180695779532	-2.80074998385565	3.7571418185805
ruma1248	-0.0507502417958387	1.54170373540563	-3.18108502914509	2.95659927414208
russ1263	5.07751896211931	1.72684776408123	1.92634030990656	8.68873703353911
saaa1240	1.31728620374757	1.51594112148703	-1.66302244778095	4.28169687814401
saaa1241	1.34667142924447	1.51637206055555	-1.63968680008456	4.42231184118987
saar1237	0.531832973037437	1.62166665295487	-2.74108941374	3.74977992943447
sabu1255	1.02919025327962	1.51970654935986	-1.96492727755119	4.0312253988417
sais1237	0.527884275947009	1.61313458397899	-2.68505002402201	3.65308202296134
saka1289	1.39822268799118	1.52457908589045	-1.57878314746936	4.40400857673757
saka1291	0.664935755412132	1.46905588482444	-2.23319514563983	3.61839940530058
saki1248	-1.69575818918317	1.87320510620931	-5.49793059772164	1.95307005453337
samo1305	1.09731149090586	1.48257664243742	-1.78308428514732	4.10502735409688
sani1269	-1.62232012356837	1.6017246768757	-4.78781493215151	1.53036605203701
sanj1284	-1.09234852650987	1.89437237663478	-4.97057155044952	2.58430839970543
sanm1289	-2.11157619231356	2.00686958328497	-6.30749628748282	1.69636106661834
sanm1295	-0.494399443130228	1.94136513098843	-4.36066676352071	3.33136638151265
sant1436	-0.496667512510674	1.92262146397494	-4.275847817784	3.28388177596325
sant1451	-1.06591482024162	1.89626346663421	-4.9032177239845	2.5889373028498
sanu1240	-1.9049250385652	2.03528456029066	-6.06085052188873	1.96333554784188
sars1236	-2.78130173712381	1.9118839108491	-6.85419049477584	0.759970137230641
sauk1252	-3.43361636388147	2.0354778446208	-7.82388656156343	0.266934174624113
saur1249	-1.57029715879902	1.96344417153975	-5.54468242761573	2.24365286874728
savo1255	-2.23561272227087	2.34511570764682	-7.09481134266125	2.18491698662532
seda1262	0.21461140723556	1.59605019945427	-2.85950902286062	3.42490620489864
seim1238	1.22718364728705	1.51984718695226	-1.66631467703885	4.23281407144541
seke1241	1.34713609050253	1.5199186369088	-1.61971243385124	4.40380929798295
sela1260	0.636632187201387	1.51286595017689	-2.34550771894154	3.60964464464663
selk1253	2.00362057725684	1.64819595604214	-1.11168561986516	5.32094148865686
sema1265	0.128760547052856	1.59841150338693	-3.02589300352068	3.25232516132977
sema1266	0.1317515756379	1.60166680090032	-3.04442171118287	3.31890110038629
seme1247	0.129715085409203	1.58594544212965	-3.00816740347368	3.23860305538388
sene1264	-0.716682895887985	1.89644251336505	-4.45918912196949	2.9731523611238
seri1257	-1.78473710818139	2.02334056718858	-6.05601996659914	1.96287262931539
shab1252	-2.24412819620439	2.91949692011565	-8.73611909632957	2.90821254370466
sham1280	3.03682889578652	1.46000000443995	0.295003944179185	6.03711545358499
shan1283	-2.35782403603473	1.93403717245736	-6.20514957551231	1.39238003129583
shaw1249	0.0344574632587481	1.81767473066042	-3.5785174690533	3.61301412453387
ship1254	-2.34964910723835	1.93350761838712	-6.23461329832561	1.32734555143168
shix1238	-1.86437547137453	1.61421357141126	-5.08087497768371	1.35558354306714
shol1240	-1.62990875770283	1.92701325945712	-5.64457475473811	2.09855069315634
shon1251	3.08386841387942	1.46355905165376	0.377772701779442	6.02534851363347
shos1248	-0.966635991604801	1.76310105013418	-4.53059528400656	2.43552753516315
shua1257	-2.03644017991466	1.98531931877487	-6.2571296528346	1.67217257799021
shwe1236	-0.0467992197962732	1.55370116801959	-3.15953361167989	3.07207824895324
sich1238	-1.4673995279889	1.59281335961417	-4.6273127543124	1.73569662134347
sici1248	5.10614698895745	1.71459628235155	1.95714553701189	8.68573174852752
sici1249	2.31139550764148	1.52010966933289	-0.615445026411847	5.42627911470527
siee1239	1.22266333412589	1.51654755960198	-1.71101325953281	4.24639380378337
sier1250	-0.73417621340145	1.90214358435906	-4.57680449484196	2.948570420592
sika1261	1.25762147747442	1.48842893786599	-1.6758837880639	4.21616486533393
siks1238	0.137033128691071	1.82548077604015	-3.4441468035362	3.88289200356365
sile1255	-3.25235619348077	2.12186900853862	-7.68006183731074	0.68598058549664
sina1266	0.796425839528835	1.49176850874796	-2.1890704729956	3.69371289839535
sing1264	-2.26971044358693	1.64748074301124	-5.63104348661465	0.827903360856009
sioo1240	1.23851798742406	1.50054471101521	-1.65903497942671	4.27180539204934
situ1238	-1.90465977888355	1.6323672325084	-5.11427250332733	1.32969752118949
skol1241	2.61064298390224	1.59276979693274	-0.338547796906121	5.91792370812382
slov1268	5.0778220621258	1.73771201880582	1.90627655410934	8.70657249206097
soch1239	-0.309470332976	1.93916199963902	-4.17624092884119	3.5223104170404
soga1242	3.03559327851146	1.43803374462426	0.351914905601062	5.94777826932921
sons1242	1.73818506447982	1.52354904031002	-1.20494015322181	4.8529038460223
sooo1254	0.427022567630465	1.57263696212171	-2.67054370700167	3.62718830052252
sout1528	5.06878205334915	1.73645483993459	1.86592965350506	8.69734398126764
sout2649	4.83905488912701	1.74774391426539	1.60468631885809	8.48672948188997
sout2674	2.58453605385275	1.5992741912628	-0.441753154765303	5.84024028759613
sout2679	2.67020591847128	1.62072006917519	-0.333504440365551	6.01262688132268
sout2728	-1.90835023993961	1.63013361987378	-5.21151485579666	1.32850501063873
sout2729	-1.90935018255078	1.62325951758508	-5.155516685593	1.30247799176405
sout2797	1.91987482634367	1.49594601453247	-0.993424189464854	4.82661627397922
sout2807	3.05677684938531	1.44949138026091	0.449317031038214	6.09917739348816
sout2856	1.22530646020479	1.51589497385891	-1.78627044560152	4.1608826276427
sout2857	1.12401082228628	1.50652251761538	-1.82438304105332	4.15664864967621
sout2859	1.26800766617815	1.51945748495355	-1.65206013027652	4.38083446437493
sout2869	1.36064285336594	1.506973784262	-1.60268487935364	4.37428155131359
sout2895	0.775339625894818	1.52474117238044	-2.26852657472862	3.666339923902
sout2954	-2.12753625641535	2.26754680026714	-7.24207350478022	1.88080181210659
sout2956	-1.99091697731699	1.96849921664665	-6.01947977497661	1.78236144223704
sout2959	-2.78725948626723	1.90311726397317	-6.84185167893725	0.741765035019649
sout2976	-0.376902147290465	1.79645249215673	-3.84908100560517	3.14749341098841
sout2985	-1.83574899039617	1.98395486610654	-5.89769186732562	1.9471110611907
sout2994	-1.82978891573275	2.03920626884893	-5.96171567856099	2.08155444909309
sout2996	-1.63337230881988	2.03694735237493	-5.70566994462977	2.25152548978085
stan1289	5.11361581965411	1.72057879212004	1.94444589189365	8.7211942714652
stan1290	5.10117183713298	1.72499022636528	1.92341467228548	8.76826736389135
stan1293	5.07367821500874	1.73068196273532	1.89709412576112	8.67750485903608
stan1306	0.659378528473078	1.46847342016145	-2.29464331797924	3.55113137547814
sude1239	0.791247023922902	1.48354367660776	-2.18791660156664	3.71549598868299
sumi1235	-2.06373228045356	1.6318616536277	-5.39746411391903	1.12703483031924
sunw1242	-1.98732246228651	1.62553670566074	-5.17931515186135	1.17064169051249
supy1237	2.32811166536572	1.52656782061964	-0.592372522086436	5.48452627837051
surs1246	1.15880726737277	1.50542968879983	-1.76422134714005	4.12689768939708
swah1253	2.88280277526695	1.44897223400687	0.182542541926824	5.75293416720787
swed1254	5.06279137531139	1.73527839394057	1.91546963277212	8.62553483486001
taba1263	-1.53327324743232	2.04986886698513	-5.67272405063906	2.39647212589043
taga1272	1.04089749927032	1.51223451873667	-1.88090348355735	4.02238710663356
tahi1242	1.25080040826473	1.47066215444288	-1.59134808180541	4.15811942965999
taia1239	-3.0162816176305	2.74656457409948	-8.94000194050841	2.0166313699198
taji1246	0.698120004626879	1.51034553362091	-2.29458264714343	3.64506120522175
taku1257	1.25622574241305	1.4768100883493	-1.63213080900471	4.14178746044519
tali1259	1.04984087148318	1.49450101270138	-1.93885762324195	3.99259304474249
tama1365	1.15028839776855	1.65289995570394	-1.95148713337457	4.48156630678518
tami1289	-1.6333838222699	1.93630636908289	-5.62174845073026	2.06252903549896
tane1237	1.26729796560144	1.51036816321442	-1.661955520044	4.26491661670479
tara1313	-1.56210971492024	1.60314283945978	-4.72957525469066	1.64537926439196
tari1263	1.06496560181768	1.66840605955855	-2.0847138552847	4.43183888340256
tata1255	2.99699903106286	1.83148186050913	-0.428244356247039	6.71023535532336
tata1257	0.513399922906326	1.51105540647249	-2.49349330667567	3.46774992441001
taul1251	-0.725474676547824	2.1836361123904	-4.84991393387133	3.71765057031855
taus1251	0.933004842053394	1.51724605870943	-2.11087784454807	3.95679701774764
tbol1240	0.73871968787631	1.5130243595388	-2.3177034837274	3.76711041645099
tean1237	1.25443579783469	1.49727740819384	-1.63724045292772	4.22103168282439
tedi1235	-2.04983939137574	1.61534040019026	-5.25600060222455	1.11863783467388
tekt1235	-0.163265458472203	1.96955548224007	-3.95414930497114	3.82376671376824
temi1246	0.131170831850433	1.59826011447183	-3.01120269409061	3.24573461353805
tenn1246	-0.300965286820889	2.07782630056797	-4.34087836528181	3.87367660308597
teop1238	1.16385098718386	1.50240736598004	-1.75661221897348	4.13354574636389
tern1247	-1.24742872091585	2.0458388930963	-5.35547631587828	2.77585215565648
tete1251	-0.17669677148629	1.77186777329157	-3.66690490349142	3.26230030743557
tezo1238	-0.503695612474698	1.92654124694052	-4.25055957153036	3.35070537724105
thad1238	-2.05608511501117	1.62415073477647	-5.26992155265604	1.0759871579458
thak1245	-2.13220340260498	1.61559180083433	-5.43345461784538	0.970647073516842
than1259	-2.07526094078614	1.64468778474247	-5.3744170059736	1.0500037006022
thul1246	-1.96623178880432	1.63531162340327	-5.1731793626031	1.19054242397379
tibe1272	-2.19400149504688	1.59922869812033	-5.46055601609865	0.926942547919234
tief1244	1.94286662595507	1.49727530336243	-0.922667184071605	4.9441646881514
tiga1245	1.20664267957981	1.51523071466727	-1.7949681588438	4.18972139738464
tika1246	2.39629439323227	1.53250023954231	-0.517781205712984	5.52215748817916
tiri1258	1.40621864832107	1.5282977341759	-1.58101616614461	4.46752467872076
tiru1241	0.862205767702396	1.52092412072473	-2.13399863925048	3.94535905142868
tita1241	0.916796394370884	1.51490784680574	-2.04228293802543	3.92049605562763
toab1237	1.3456697749193	1.51169055108472	-1.60716330102473	4.31396255412945
toba1268	-1.7386194367629	2.05766025022639	-5.87845201241706	2.2156361012073
tobe1252	-1.52284327890771	2.03682254424018	-5.65675478093352	2.44599962093908
toho1245	-0.468731962358458	1.78073924338723	-4.04967097598677	2.92159231412723
tojo1241	-0.170498625027369	1.95176066754092	-3.96224366440046	3.76412343513618
toke1240	1.09795563203181	1.47663216877304	-1.74441921612521	4.09174371425163
tong1318	3.10110946704221	1.48168000730789	0.387869703537013	6.20849227379854
tong1325	1.16666142121065	1.47539058567015	-1.69131640028211	4.14294296336714
toor1238	2.96058630742683	1.42861653596428	0.266736589539353	5.94557480638737
tosk1239	4.68047050279275	1.80071202231409	1.30389026379898	8.52846960506093
tote1238	3.09868363437577	1.48383833893639	0.410069781975431	6.22168969129634
toto1302	-2.02793498492285	1.65252340914786	-5.24980042113529	1.18022216765541
trin1274	-2.10958115822958	1.98804589083739	-6.1997142274708	1.67883323861856
trio1238	-2.00319040224691	1.94359523347999	-6.03431626007932	1.70686494241723
trum1247	-1.75916940463992	2.02067340033688	-5.90578854461132	2.13680530913662
tsha1245	-2.14352941336447	1.62611424370566	-5.45143537229942	0.99123037545366
tsis1238	1.83959883724128	1.49787155571869	-1.10963154830711	4.83833711605047
tsix1234	1.01982541975816	2.14196148219006	-3.16993305013653	5.31921700583698
tson1249	3.06586626782426	1.44585628456566	0.367370069213567	6.04167744560326
tswa1253	3.05298491097286	1.44782328390755	0.392502795880154	6.06013527237851
tuba1278	-0.834045990082064	1.77034597379627	-4.41415778677368	2.57883755329038
tugu1245	0.86864634520697	1.50973762677259	-2.12796893928623	3.8862820012603
tuka1248	0.837278727369307	1.53396877586311	-2.19850203310743	3.83904641040058
tuki1240	2.91206170318468	1.48629904836296	0.189502044928426	5.98654743945894
tula1252	1.82738294093146	1.47220464895277	-1.06060286257447	4.77659655082667
tune1261	2.90308274773612	1.50354007737385	0.052509633268523	6.02772523661223
tung1290	1.20946421610952	1.4941070182021	-1.71114224051536	4.17194373022245
tunn1238	-0.258887708194817	1.57032607905022	-3.3447871726662	2.8223411319914
turk1303	2.96731183777068	1.84201462473857	-0.501340505517307	6.66788935035508
tusc1257	-0.402700785721927	1.91401884155687	-4.20308655112583	3.38922517103127
tutu1241	1.41448433048886	1.52714586922163	-1.52502370722486	4.4117663367963
tuva1244	1.17317041059319	1.48807692257708	-1.74387093230104	4.1566160529748
tuwa1243	0.891552934795097	1.52935868635184	-2.13556980470742	3.94585557701999
tuwu1238	2.89556364088316	1.54556894953643	-0.0249926300312065	6.08323290353667
udih1248	-3.47853766517055	2.52245102137829	-9.15760026000795	0.890698839683805
ughe1237	1.23923901632835	1.52054239787272	-1.60786296613795	4.26430516248235
ugon1239	-1.74124235816474	1.58874412862521	-4.92867129320039	1.43210848856307
ulit1238	1.74141067696575	1.52106697801831	-1.18837253482827	4.86306068803249
umaa1242	0.578321109832845	1.51720562620499	-2.44515900521023	3.56531996207573
umbu1258	-3.40556151193954	2.0725588760636	-7.69595813411606	0.399821476610026
umes1235	2.55836569164484	1.59546637030348	-0.43244568569042	5.76509753519744
unua1237	1.06122243732936	1.48374925445951	-1.90736982603784	4.02993746936458
uppe1275	-1.35943470485865	1.94973730737553	-5.27551834284194	2.51724319425588
urar1246	-1.7634227126385	2.03947044691867	-5.95797808410664	2.23323709532225
urav1235	1.2863735403038	1.52286098079287	-1.64244434339751	4.31695943079291
urim1252	-1.38440210210689	2.06749348838237	-5.58108059856702	2.71436574209273
urni1239	-2.45157472562682	2.35808611414466	-7.22596453860211	1.99571276503758
utes1238	-0.96576797729277	1.75870288195344	-4.50767947638277	2.36732712434285
vano1237	1.26357217760979	1.51924355725591	-1.68698678976611	4.30283405758742
veps1250	2.80260095478775	1.5835314430373	-0.141533867103611	6.07063792653986
vera1241	1.19407311943928	1.51230406749888	-1.71792967735514	4.2409998786871
vinm1237	1.16231110790453	1.49267925516422	-1.76318896657448	4.16288111710976
vunj1238	3.02801935248672	1.45685484830639	0.280520580752609	6.02220031770566
vure1239	1.31810220261696	1.51665861126952	-1.6294547416625	4.38402204000757
wage1238	-2.27910828219214	2.36295392066772	-7.22554200996711	2.13363895210147
waig1244	0.814305201520104	1.53606542582067	-2.27951889882173	3.81429480970341
waim1251	0.731512402154895	1.48675343202975	-2.19684375893906	3.64187158031352
wala1266	1.35476614008321	1.51607561596044	-1.56941716035399	4.38307929750061
wall1257	1.14662152191476	1.47543164971014	-1.740303436879	4.11082913218431
wamb1257	-1.80133144948234	1.63075786434604	-4.99720960279182	1.3555960052319
wand1267	0.871283044269327	1.51982101045946	-2.12051619108349	3.84649391551589
wand1278	0.960941022097033	1.56942094413275	-2.01888199354306	4.13953740615806
wara1294	-2.65101747557442	2.27490434996838	-7.23572527940665	1.49856809533942
wara1303	-1.84640442388103	2.02116500138819	-6.14790068105455	1.9849342226889
ward1246	-2.94564636948003	2.73538299118136	-8.89913782538824	1.95871076498467
ware1253	0.804632797913593	1.49559995502498	-2.11906935072077	3.7443057524374
ware1255	-2.08480822691572	1.99609614501275	-6.21033739927797	1.6903936565423
wash1253	-1.80169998582951	2.0081124218599	-5.95497678094742	2.11678936842412
waya1269	-2.00761917028372	1.93606962151611	-5.93442964971856	1.78456180568805
wayu1241	-1.98336899359826	1.62360404262915	-5.25339211595756	1.12853656541903
wels1247	4.5965174517136	1.7084634568186	1.34166358297075	8.12784117138407
west2354	5.0672795435474	1.71771890612006	1.92639496319775	8.61386130896216
west2369	4.82878552532092	1.75330000218845	1.57712829489553	8.41548304176653
west2396	-0.0648491205299735	1.53868484785309	-3.1316948970043	2.96357468872483
west2397	0.424164930236614	1.57211186019017	-2.6132294260123	3.61890118553035
west2415	-2.13225393629549	1.60915793822332	-5.36084260667168	0.944891358879418
west2418	-2.07967567152145	1.63773104552606	-5.32102364360693	1.06725655945543
west2430	-2.96785551729066	2.27402083295901	-7.97948171793951	1.08458664207692
west2516	1.20088561116805	1.48151439985884	-1.65677011997997	4.15839160845599
west2519	1.33042966772345	1.51152087840701	-1.60609959314388	4.38811886697403
west2557	1.0898708020308	1.52353563696638	-1.846371592845	4.12551542633728
west2560	0.963250786257644	1.49993134464541	-1.98397351333489	3.94034842087106
west2594	-3.39522947778843	2.04559920673806	-7.58333118098232	0.42609167754343
west2615	-2.74545419901442	1.93126744023901	-6.83164040075757	0.862577937282903
west2635	-0.157132957291994	1.97994760730542	-4.0324178355521	3.83530575183596
west2644	-0.715145407690537	1.90515976930323	-4.5054027756087	3.04334867599704
west2650	0.708877997732069	1.49122103768746	-2.20009471622509	3.6145270542298
whit1269	1.3991060409576	1.51102758673032	-1.58725099690635	4.42882336391577
wiru1244	-2.02376820620635	2.38881962630656	-6.95495395413927	2.44843071836498
woii1237	0.968676289585837	1.5122179825998	-1.9827516125767	3.99844927600698
wola1242	-3.2768066621912	2.62254899576194	-9.25726128281977	1.14340885260801
wole1240	1.74395276097685	1.52602110276085	-1.20430535197768	4.82282535712352
woli1241	0.570289582947718	1.5174698282711	-2.50876489084256	3.49945126561487
wuch1236	-2.21637049472021	1.6692886689111	-5.64081393761908	1.02006913063182
wusa1235	-1.54868418461265	1.59379372968872	-4.67770798685613	1.68369597003298
wutu1241	-2.20871548816042	1.66523631479012	-5.5138682719042	0.980472134812992
wuvu1239	1.22614951299045	1.5164157721446	-1.65647918674304	4.20221685733417
xamt1239	-0.512588735983128	1.58486063733344	-3.73680960506365	2.47178019116918
xara1244	1.40433761803063	1.53522760257871	-1.57546527327229	4.51173440142172
xava1240	-2.06347375804793	1.94678475456839	-6.09816085701764	1.64809677916745
xish1235	-1.67819344097801	1.59343481874997	-4.85174586626399	1.4576490382799
yaka1277	0.959267737304848	1.50887642249413	-2.06239620281171	3.90871639376068
yaki1237	-1.9667587117947	2.02406767596467	-6.16052628720757	1.82386779959632
yako1252	2.67741377720396	1.49685584160932	-0.0990766903502458	5.74908213366811
yaku1245	2.76049423641169	1.79825143622811	-0.620979114076327	6.33778383206683
yale1246	-2.31737703122813	2.30459284622371	-7.0474385764029	2.03834044157906
yami1254	0.654470925940052	1.52418244267401	-2.365366236009	3.68403606475257
yami1256	-2.36042572102349	1.92784454544264	-6.24746642059566	1.29135791800256
yamp1242	-2.04729351240782	1.65000043985222	-5.30042632909011	1.19504975279048
yano1261	-1.90278111792945	2.02803935914069	-5.9944291879469	2.07235763093802
yape1248	1.20719233572439	1.51095072668445	-1.74462915664398	4.18369365180623
yaqu1251	-0.578695813183331	1.79409832394536	-4.17156028643991	2.91041375607329
yare1248	-3.2917147102665	2.67231368507386	-8.96937634197059	1.49868305462322
yatz1235	-0.71728760749107	1.91066494347363	-4.58937481049789	3.03251721324239
yaul1241	-2.36988220239943	2.3456618025195	-7.05943332533832	2.02489955738879
yaum1237	-3.4402470518043	2.02268237356323	-7.75071169875351	0.25106815140563
yawu1244	-2.34236031083385	2.32084711626502	-7.15583058232125	2.09075499161781
yecu1235	-1.47978554955486	1.96140217549987	-5.38085580066415	2.35189598530039
yems1235	-3.26347240800764	2.62783800342587	-8.93651826609923	1.27575661383115
yind1247	-2.12434567133961	1.91755236210939	-6.06960372328989	1.52082368274482
yoga1237	0.636619937281857	1.50696557652045	-2.33187638614286	3.64789250465486
yona1241	-2.12005482597807	2.28999076720515	-7.29588671907493	1.87963606835299
yong1280	-3.47807413222182	2.01460710050978	-7.73450399080392	0.170137622504297
yora1241	-2.3608509785405	1.9487771304952	-6.33417750938881	1.3123199835733
youl1235	-1.64038222609232	1.60852306155687	-4.81902370845656	1.52049239323852
youn1235	-2.9812002205817	2.28265374900944	-7.89478321571231	1.1326404239728
yuca1254	-0.430737183492444	1.92932685929255	-4.23446708813797	3.40161829649017
yuch1247	-1.52726543954421	1.99283020734107	-5.61852176285678	2.30766681356442
yuec1235	-2.21374322732512	1.66319183740892	-5.58671122324783	1.02243528380293
yuqu1240	-1.26922776659244	1.80133333882442	-4.92676551588494	2.26795924716418
yura1255	-1.88062119806993	1.9949659552329	-6.03385096646966	1.85719493626278
zaiw1241	-1.6616780053436	1.58813640589037	-4.79939868651421	1.48501383099901
zakh1243	-2.1067973264491	1.65003202821001	-5.42547362521122	1.11755827724582
zarm1239	-1.80054309212976	3.05772080440534	-8.46415872984457	3.62810998194443
zaye1235	-1.92955191831572	1.61831172565717	-5.20752743626357	1.23089531435525
zays1235	-3.28655160637329	2.5716311874117	-9.12361435423623	1.08001714539961
zuni1245	-1.81949754906149	2.02771697405936	-5.97470798535909	2.0487720399123
