Estimate	Est.Error	Q2.5	Q97.5
abar1238	1.61455034303932	1.28667555285348	-0.431965875915344	4.49094201096528
abkh1244	-0.399509239869938	1.40738890388317	-3.48471271520354	2.34238683047909
abun1252	0.651089669757719	1.40776510689553	-1.95648816196445	3.80818068769834
acha1249	-0.736393208393778	1.27759881755822	-3.53792661459842	1.56976233786413
achi1256	0.849415519652534	1.38092952579664	-1.687405207669	3.88859628228997
achi1257	-0.0826349349266763	1.24836989366708	-2.7336917062269	2.35798873356323
achu1248	0.336793131284829	1.36229585741033	-2.30277282771738	3.21527913518308
acol1236	0.813808082412863	1.33788045599269	-1.60960037379789	3.7408894716193
adan1251	0.507208898078809	1.29108723506405	-1.88992906430108	3.33562544252904
adze1240	0.890433725302131	1.3204944597046	-1.4448522798166	3.84096282969155
afar1241	-0.237623762008192	1.33928007567489	-3.05391782651032	2.42373555843847
agob1244	-0.713609338957004	1.3724975126842	-3.71598229554961	1.78355288258002
agus1235	-0.291657964409323	1.20262888479936	-2.88525013818108	2.032904476969
agut1237	0.102388039872894	1.14853571593136	-2.23436527941743	2.50610370226521
aheu1239	-0.672169292745248	1.32800879300701	-3.6023796942106	1.75847203094891
aime1238	0.255130287946945	1.43309204037187	-2.47275410623904	3.36336917834223
ainu1240	-0.213604923154949	1.4278159819857	-3.20974467173874	2.59022770237754
akei1237	1.50415515524935	1.3564074566861	-0.770826262264614	4.49255825873126
akoo1248	1.27159071546851	1.30900561610253	-0.995122211638746	4.12738894008993
akun1241	0.458293713331915	1.35704769576116	-2.04373155346084	3.31546951232623
alab1254	-0.551985705852235	1.34957318120378	-3.50047594252952	1.92851004353325
aleu1260	-0.168599760603333	1.37367617249293	-2.93123523315291	2.54517618537606
alor1247	0.574475442087731	1.2899615796849	-1.79931410323996	3.32106288931843
aluk1238	0.919430876706202	1.26309414571859	-1.34343130163803	3.58500033865502
amap1240	0.752428680606889	1.41379659541365	-1.83344041355782	3.88389801485917
amdo1237	0.931941713789124	1.39255806646174	-1.52760714565291	4.0462535540581
amis1246	-0.0943771268479873	1.15539386567087	-2.51557986135164	2.17450625452241
amri1238	0.0441103103564238	1.1390294260978	-2.17749538407616	2.40967167817626
anei1239	1.10559643552152	1.37321341715658	-1.23359797609085	4.2210413005828
anga1288	-0.186987595630877	1.16952607386901	-2.60437562629509	2.12273570180216
ango1257	-0.406249742570845	1.34968637081819	-3.32561648835307	2.14697774405727
anuf1239	0.722141125563558	1.42315153062711	-1.90459066406663	3.89230430608469
anut1237	0.460337185438062	1.2516381766296	-1.8685005291576	3.13049077773922
aona1235	0.0408502102403222	1.1502365283477	-2.24720696006426	2.374848113286
aoua1234	-0.257009787023272	1.43075139570484	-3.29456420636441	2.59135813279054
apat1240	-0.484172023526538	1.23873209955924	-3.13558242361873	1.87046878618744
apin1244	0.701818559068557	1.36332460051675	-1.80326395765255	3.76095575168535
apma1240	0.45131462275603	1.06840366401005	-1.61375867246681	2.68474231410334
apur1254	-0.269971504078863	1.34501936105729	-3.16989882700415	2.32291257357834
arak1252	1.55350266537645	1.33704860231045	-0.673298545610675	4.51732619003311
arao1248	-0.333852792018151	1.2300517650067	-2.81091724839968	2.06030667969917
arap1274	-0.0927132813182448	1.39275600381352	-3.02898611139491	2.62346686746961
araw1273	0.288927683732175	1.38638739740994	-2.38302347962713	3.21812702274354
araw1276	-0.378325236629794	1.36567770849794	-3.28769992271813	2.21732561755142
arbo1245	-0.543021469895765	1.36840024166609	-3.58380959708672	2.00216954539865
arch1244	0.415200990229323	1.44532342720425	-2.41921992057983	3.54578778023087
area1240	0.860917958582923	1.25990759760779	-1.3539307237359	3.57482177536797
aree1239	0.52376606543266	1.28863627512554	-1.8763372086755	3.27232790188816
arhu1242	-0.566020755293119	1.32159123145787	-3.41607491165379	1.89156122639265
arop1242	0.844862303686065	1.34639450171434	-1.55192996902299	3.86371657494362
ashe1272	0.99456937698386	1.3590636622941	-1.38313731215727	4.09940494085514
assi1247	-0.192644971428974	1.37129303121054	-2.97345397203376	2.50561492708423
atam1240	0.441755033694411	1.12890276707715	-1.71046953904949	2.82589101764378
atay1247	-0.697949027817265	1.31967523722175	-3.63158582525713	1.60659785421489
athp1241	0.53191670303277	1.20984390660477	-1.72231256210507	3.01955644390178
aton1241	-0.00886103963571153	1.15765569621345	-2.33673278931853	2.33817394890607
aulu1238	1.14396702135013	1.15092663633754	-0.866684526006809	3.61886035337271
auuu1241	0.894576249161939	1.36534123366541	-1.48275106229785	3.9344598720358
auye1238	0.227923459733492	1.4558943404933	-2.60800903075011	3.34252288182622
avac1239	0.240651991624633	1.36553019243424	-2.40786673433262	3.15801899955586
awad1243	-0.231578633816157	1.30685818417586	-3.01972681981935	2.28790585373079
awet1244	0.93873644638005	1.31583373935323	-1.35689784491527	3.89059643617389
awji1241	-0.307881519112206	1.33065440835645	-3.20545135990312	2.25532973679222
axam1237	1.16220943402927	1.16590431780039	-0.899655142978188	3.6903558241258
axiy1235	-0.731113742901819	1.26828819381944	-3.50059640245251	1.56470403013286
ayiw1239	1.12324333079353	1.27179122478742	-1.00649888875223	3.9039668384302
azha1235	-1.00203161515784	1.31261599837899	-3.99043633003635	1.25655365488274
bafi1243	0.775570617301474	1.24993047746956	-1.5367517340121	3.47718082629629
bafu1246	1.7161678392481	1.38263813255964	-0.484149230933484	4.77601712994743
baga1272	0.525504002493467	1.35070233588084	-1.98121474559181	3.43459264941555
baga1273	0.551359811071649	1.3501733082329	-1.99638356695065	3.4751271147719
bagi1246	1.60666756632024	1.41141230338749	-0.655193758479681	4.7522284128501
bagv1239	0.419412492848871	1.41588289202584	-2.28720939867821	3.40174182518369
baha1259	-0.183669608734421	1.3979484365546	-3.07544539528265	2.62378817024654
baim1244	0.604968398330529	1.31947424237621	-1.82211861263372	3.47117874055587
baki1244	0.958436988795841	1.17264047954253	-1.11208277821272	3.4895509374788
bala1316	0.923599283249286	1.34206342145359	-1.42136998540628	3.85914831126827
bali1278	-0.653955742360934	1.38757029272656	-3.73746929191809	1.93042769801071
balu1257	0.878885694326662	1.28887476829436	-1.28448323127466	3.76210512995175
bamb1270	-0.70762283043499	1.35589006888985	-3.74748094124035	1.67393045975878
bamu1253	1.32738078735579	1.31833447517086	-0.949228877771822	4.2528615364952
band1344	0.193180921359236	1.27918086305814	-2.2843394212569	2.89023901706699
bang1354	-0.453403065484799	1.37246189139273	-3.38919919574571	2.12958106998457
bant1281	0.918643078813658	1.26561691124874	-1.28162901148344	3.67864749973986
bant1288	0.264377927240363	1.17293600225222	-2.01561129284299	2.74004675142504
bara1369	-0.37736744269869	1.35262097216432	-3.1957009450753	2.20276829605481
barg1252	0.73099275425531	1.35325813053145	-1.72030380995672	3.6946895987842
baro1253	0.0809230913621916	1.05199014253671	-2.01230514033106	2.24536405217084
basq1248	0.381591871882211	1.41471700544439	-2.31151406439581	3.37706027962737
bata1289	-0.614642656393733	1.28183046085839	-3.43712382910275	1.76469784379495
baur1253	-0.39080585889038	1.3672245510027	-3.34120429251563	2.15366983274483
bebe1248	-0.147773817956082	1.32398439461448	-2.96198505640665	2.4287275740386
beka1241	0.444988098230883	1.27869501862893	-1.92814115939536	3.18189021755412
bela1254	-0.0809788407740721	1.38614003033141	-3.02582015927461	2.67046130305868
bell1243	-0.115177412722492	1.37745674455167	-2.99932056763751	2.60915728125258
bemb1257	-0.172690992054845	1.40024422869614	-3.05194167522951	2.63075276432359
bent1238	-0.193253747067382	1.36704894450228	-3.00797378285744	2.52886019884829
bert1248	-0.144016500186697	1.39384734576838	-3.06178540061234	2.57103237912665
bezh1248	0.365832777410351	1.41395257573837	-2.37493051104783	3.40424832783642
bhoj1244	0.315988270194047	1.30273538178594	-2.30286991898313	3.02226993661942
biao1253	-0.505894652191486	1.38091625820972	-3.47286468649261	2.09671008645654
biao1254	-0.364968630550278	1.37557748290584	-3.32119488291285	2.2572642656493
biao1256	-0.454810065280538	1.37004250534433	-3.36731483015524	2.16022222779961
bier1244	0.946603671784291	1.16331465799208	-1.12679082433168	3.43166696435615
bila1255	0.741629686618975	1.31753163202046	-1.6307553035256	3.66278453884853
bimi1240	0.463800348662021	1.42981351796363	-2.23399322582717	3.58655732892165
binu1244	-0.0131300967064593	1.11866323604772	-2.31829679366102	2.17584962697613
birr1240	-1.05470336120576	1.3935374036012	-4.20133368183665	1.40443387040286
bitt1240	-0.747840199013047	1.19142134294467	-3.37773776083797	1.34540306253826
biwa1243	-0.316111674245001	1.26942143197265	-2.99242345953619	2.11008777045023
blab1237	0.644982783911694	1.26650060593808	-1.70399849496115	3.47410683783045
bodo1267	0.00843166281957344	1.17172248615961	-2.30632256628175	2.42624724138102
boka1249	-0.32775685844374	1.28885761162342	-2.9992647764988	2.17796866178227
bola1250	-0.249546088539996	1.11958734059209	-2.57504152585409	2.02100917605223
bolo1262	-0.483192766739573	1.35792910969592	-3.38766555039394	2.14367382230601
boly1239	-0.856205353273049	1.32583303950278	-3.76313233001471	1.42415132790053
bomk1234	0.536259187964736	1.41307617918569	-2.1374155613731	3.72479338812728
bona1250	1.72615579273769	1.42105168068766	-0.541666280023653	4.88422051535557
bond1245	-0.373516974127398	1.10441430303826	-2.71751436857359	1.72168320167974
bong1284	-0.446525343147645	1.39864254734941	-3.53003634260853	2.20282935027736
bong1285	-0.886775888225809	1.35410376195498	-3.90218138948574	1.55784870173934
bord1248	-0.553958265907468	1.34555181311011	-3.42640209600855	1.85301474303387
boto1242	-0.497076948194885	1.17357811781149	-2.99751311987063	1.71649698542827
boun1243	0.451704074792753	1.37526327902048	-2.10750475328491	3.43674683444161
boun1245	0.315295635727947	1.30309856680283	-2.18849476110831	3.0448152371604
bret1244	-0.078933489234591	1.41120837592385	-3.00139442664129	2.76585390246621
brib1243	0.236975979214836	1.23024740331364	-2.18157855904707	2.82683509165219
budu1248	0.277398756475255	1.3782709648069	-2.35742713257396	3.26645464287595
buga1247	-0.991450937771508	1.32484080566822	-3.96020837604698	1.33294947638892
buga1250	0.87996452844638	1.3057319090126	-1.37932138770921	3.82533815161316
bugi1244	-0.947946377486223	1.34761182214088	-3.92160789655588	1.47778694775781
bugl1243	-0.278063973708226	1.33159533198251	-3.0679960180072	2.30254855589398
bugu1246	-0.456561767714341	1.22165258751516	-3.10160947409197	1.86871882380773
bujh1238	0.779262519494194	1.14591081019145	-1.35328999319935	3.32271278446636
bulu1251	-0.0986863315978646	1.34039164352608	-2.94648595640548	2.49908779203277
bumt1240	0.491935658687116	1.28187798806003	-1.8085265948072	3.35735515431558
bund1253	-0.163139634083025	1.35446189202258	-3.01114640036343	2.53991892598857
bura1292	-0.236057686660476	1.17803628440512	-2.61385318596215	2.20996067574156
burj1242	-0.361779622432434	1.41111362936734	-3.35015371113412	2.38066638655739
buru1320	0.929377323055938	1.33577743007909	-1.54458618965903	3.79793263078054
busa1253	1.10877364612958	1.44534755843648	-1.28740861361886	4.31411706410632
bush1247	-0.191702877223013	1.39888798704088	-3.15857719852163	2.50071221097972
buwa1243	1.09766029659563	1.24945990518016	-1.06266955758746	3.80962508605743
bwai1242	0.649240636325737	1.29185402083757	-1.71393753664669	3.5214158103218
bwat1240	0.702086694555402	1.2381043121202	-1.5122128737935	3.38169534681336
cabe1245	0.101768858047375	1.26119394636549	-2.49711027115162	2.58865066121966
caml1239	1.20230646642595	1.32132443239134	-1.03085531165	4.12544764897588
camp1261	-0.0776680786332229	1.4006347419585	-2.95401978995081	2.72232886278869
cane1242	0.710085700502182	1.34279390376919	-1.67256218580663	3.62145138353882
caom1238	-0.13443825011921	1.35085366654303	-2.99494906006284	2.50567306131044
capa1241	0.336672032513522	1.25877336318579	-2.05743403407604	3.01462659831988
carn1240	-0.481156718503165	1.35215829894526	-3.42586730311977	2.05814482547276
caro1242	0.310379324809575	1.30071701558766	-2.11484871386734	3.07486294236851
cash1251	0.525665189342717	1.28200187426863	-1.79346647545391	3.33747959938144
cavi1250	-0.662009165937583	1.34904710807718	-3.58773807947428	1.85390246825929
cemu1238	0.910225801194707	1.29795385733367	-1.40317626511851	3.78070228994901
cent1989	-0.461135911920728	1.31501173758798	-3.33727364006601	2.00870458641481
cent1990	-0.456357103994649	1.3492641508385	-3.49978751937491	2.07477931555757
cent1992	1.06410474504672	1.29867774947731	-1.16890689959244	3.94815550201332
cent2084	0.230736249725375	1.12920954826077	-1.97029903622924	2.67638884690893
cent2087	-0.588091020988042	1.29157885544043	-3.49128425999657	1.74392444536325
cent2126	-0.136056679302839	1.40797201506778	-3.11435354544931	2.63997251524551
cent2127	-0.100844455388386	1.46877002404498	-3.19150247491726	2.85971493487842
cent2140	-0.0401776064633092	1.35732341198818	-2.76988608416086	2.66776793740442
cent2142	0.590086543026879	1.41498837326668	-2.06874052935165	3.67625851274854
cent2292	-1.41010422845038	1.25040289767422	-4.20103055501513	0.668976318936261
cent2314	-0.010212875434597	1.2058122823463	-2.47026118004701	2.43027672175172
cent2322	-0.114550348275051	1.39379232588551	-3.01836414217896	2.67155812722647
chac1251	-0.972969788783865	1.30995756087925	-3.88575486764861	1.34353621065857
chad1249	1.55243610782886	1.51069996668202	-0.96043900730066	5.08362360670169
chak1271	0.71208975562983	1.35440216731468	-1.76067909130546	3.65419365261594
cham1309	0.417518300300819	1.4155009756969	-2.32187909315994	3.45234566395161
cham1312	-0.475023919716769	1.30271826259814	-3.24637856026101	2.01531644094891
char1269	-0.475061377706125	1.45915182779092	-3.64572604696826	2.32009045461404
chas1234	-0.990073374950198	1.33825395085254	-3.87719493847832	1.32260350807612
chec1245	0.389129238140395	1.41809450948895	-2.32147602492134	3.38217930548362
chen1255	0.580118225693841	1.3417094952866	-1.95071479670939	3.47562408025806
chey1247	-0.152354178372645	1.41014520464763	-3.13538591590312	2.68465041826616
chil1280	-0.176869836381902	1.40980737735174	-3.18575472715598	2.64871098583631
chim1312	-0.106495911000794	1.3990426910727	-3.07610380780475	2.70786742963558
chip1241	-0.0931377229822969	1.42123894283578	-3.04071668939698	2.74826646728471
chip1261	-0.0828101284572398	1.37825615365487	-2.9799156698304	2.67929427862512
choc1275	0.389857459321296	1.26275417442051	-1.94130267009396	3.21777591306651
choc1276	0.434166249173016	1.35610944964393	-2.15169647276435	3.30551707866578
chon1284	0.115455535845894	1.20324979246415	-2.30224304582568	2.60623874677531
chug1252	-0.294966283339972	1.19171487946472	-2.82117695196309	2.02168064665266
chuj1250	-0.342092171232742	1.34379224928364	-3.2282002240718	2.29917577384047
chuk1273	0.510352496675442	1.41526289137764	-2.11119099544987	3.60469972069762
chuu1238	0.503238323891669	1.33732360839898	-1.94746022363194	3.45934907688668
chuv1255	1.29584003510425	1.50346038981281	-1.26460662286402	4.69300030033071
chuw1238	-0.146631099099768	1.3969775094942	-3.0911673044439	2.58700844514968
coat1243	0.88042603166138	1.31646544292355	-1.46034711688627	3.80549455945939
coca1259	0.221210807004802	1.31880074153352	-2.30959884201906	2.99646655540374
colu1241	-0.179511226304281	1.41964064352197	-3.19504679566697	2.56873507207998
coma1245	0.0218351741068077	1.42928215047151	-3.05181412684761	2.89917960997686
como1259	-0.235416668991187	1.40389954547419	-3.18548910389979	2.54260868273951
cong1236	-0.141288454953871	1.37397363677861	-3.01586758177029	2.60557489968851
copa1237	-0.101293353035748	1.25108988592663	-2.58816150196419	2.40721147158049
cors1241	-0.111857032405687	1.4027395388121	-3.04899817879106	2.73936760333971
cosa1234	-0.475814833199404	1.16398852572973	-2.97351709807608	1.69751676614702
cree1270	-0.49159280943518	1.38242207024333	-3.39680106196661	2.09170755423506
crim1257	-0.168099168163468	1.40699588928969	-3.14546151986953	2.65887927009243
cube1242	-0.615310507831478	1.38087245231294	-3.64696227449935	1.96147916192422
culi1244	0.600732353818671	1.35728437326236	-1.91429998487935	3.60587562605993
czec1258	-0.0536349821530123	1.39073324961977	-2.93119228060921	2.70012976843932
daai1236	0.114286067350256	1.12192724300314	-2.11659865926162	2.41134081884853
dagb1246	0.776370010987162	1.41675544514802	-1.81246192680692	3.99892275284608
dagi1241	-0.368201810884834	1.43925048948864	-3.45277738925451	2.40274011427187
daka1243	0.770436545439758	1.06122239119531	-1.17599685637363	2.98090392955968
damp1237	1.02886495627538	1.34701200048411	-1.30431756499057	4.01093001594531
dana1252	1.33246459182349	1.37131874384917	-0.957417864832143	4.38781051098829
dani1285	-0.0578703734868339	1.42275042791376	-3.10238505044339	2.78067359105285
dara1250	0.416332139174237	1.15699016276709	-1.80969070560283	2.83162713871047
darg1241	0.402574914231312	1.42806961686643	-2.29731782438092	3.3487126283818
daur1238	-0.368271695112576	1.30107185194617	-3.180261110507	2.11154606459644
dawr1236	-0.518047857115298	1.44487096302929	-3.67416664228254	2.21857303999151
daza1242	0.734650618480668	1.38220869472589	-1.77723113497327	3.77777406455377
dege1246	0.803449187788401	1.34823680512737	-1.63083905710594	3.78974139487456
dehu1237	0.971209722471014	1.34587682132278	-1.34405981981995	3.97086213245034
desa1247	-0.749101748413243	1.36926055926732	-3.71544256804163	1.73954351084903
dhao1237	-0.065135464932825	1.17044499587956	-2.4333324367055	2.32132134668424
dhim1246	-0.323265960480468	1.20186744075392	-2.85596912808355	1.99860158224428
dibo1245	-0.482793136531868	1.37087666132727	-3.36474503912989	2.15468439974486
dido1241	0.363130889981118	1.41169126065649	-2.3921077970495	3.33841750140324
digo1243	-0.189292561749181	1.43512227222024	-3.23541854283888	2.62809059650928
djam1255	0.524747893146766	1.38631244073831	-2.05039706678541	3.48838649161086
djee1236	-0.252407186075969	1.34386470968526	-3.02975907917979	2.46742194290126
djin1251	0.212325543616071	1.39504379986696	-2.54284074625085	3.08588685247708
domm1246	0.431245402628242	1.34046624112232	-2.12743829502151	3.3234626596134
drun1238	-0.844065277323529	1.34226321061662	-3.85466398860551	1.58463609007971
dupa1235	0.292066124269268	1.17114240863192	-1.88938394696421	2.8164400699528
dusn1237	0.868082126743037	1.3165126257376	-1.47462921264664	3.92889195787866
dutc1256	-0.0959799310045825	1.43820655402599	-2.99722167005702	2.86868793655347
dyul1238	0.135143500599638	1.21368508267861	-2.26790421714819	2.6084483732628
dzao1238	-0.434341596522686	1.35678353132925	-3.37079821225928	2.21823208416091
east2342	1.49191276036764	1.41297808591388	-0.864073018733314	4.71369709051529
east2443	0.873457311988112	1.20244005414232	-1.36168713016402	3.50962938377504
east2447	0.763455149465756	1.29758978274673	-1.5205145384217	3.62639426289702
east2555	0.252318854168828	1.32777806432911	-2.31122988838056	3.07796557278498
east2556	-0.496882456433557	1.3151742166476	-3.35182066158575	1.90782060361231
east2773	1.40958426457939	1.30919788933949	-0.782709834555325	4.38979688501857
egyp1253	-0.194786149890037	1.38070482831633	-3.12167725722738	2.48986940366414
eipo1242	0.193446736621589	1.40914909491796	-2.55318035905392	3.18783411030531
elem1253	0.914931113421155	1.32777836240566	-1.40295787622198	3.86052844512258
emai1241	0.557171508295932	1.38116018797396	-1.99387533524737	3.65013239612463
embe1260	-0.648986346175867	1.3346211616775	-3.56214288026866	1.82598150881572
embe1262	0.537389683697197	1.37590148404724	-2.01963685805934	3.54747157205605
enuu1235	-0.591603035234085	1.25957717702158	-3.35971022418291	1.71116207248737
ersu1241	0.438310586873068	1.25278908526324	-1.96214488241121	3.10345851570891
erzy1239	0.0539934564680885	1.41788442633474	-2.87324226288801	2.98825309536573
esee1248	-0.853917486975992	1.27227464401326	-3.60915949182077	1.37955645748937
esim1238	1.61006842073289	1.38587495387195	-0.580741015953921	4.73590223269798
esto1258	0.33937123617999	1.38316723491889	-2.37260343873186	3.30659779908661
even1259	-0.216064891129241	1.34233388741106	-3.05661318656327	2.39440976705762
even1260	-0.113723303117314	1.36849699909586	-2.97059152749962	2.57383444308366
ewee1241	0.242778871386622	1.34149618115429	-2.29981109569326	3.0923513150983
fare1241	0.649815736440101	1.40954954107404	-1.85226806876436	3.81749325518532
faro1244	-0.072351778504792	1.38999841935153	-3.00547821715178	2.70394379930308
fiji1243	-1.05929976510233	1.31750912583624	-3.95263926294061	1.18837665802239
fili1244	-0.708149528630527	1.30961081979891	-3.71064990198342	1.64662028890834
filo1235	-0.235470413763567	1.26560629279931	-2.94413787406422	2.23044973038376
finn1318	-0.129577349657889	1.43414572327313	-3.16134151171615	2.77422372473019
fonn1241	0.546027096395451	1.39579852682355	-2.03545413759549	3.66317471362172
fore1265	-0.102965367966714	1.44821633806882	-3.12939273896227	2.83830583523215
fuln1247	-0.450991608990566	1.40728600106208	-3.4524901563709	2.17814700536848
furr1244	0.0856796666647471	1.40803625490906	-2.76627516891216	3.03301851507872
futu1245	1.17132595705032	1.30366131546278	-1.04485496695676	4.01972508059265
gaaa1244	-0.746676691129564	1.35255059337904	-3.71497785417584	1.7272005728987
gaan1243	-0.0674939978537125	1.18686707405986	-2.4477037551197	2.4310572016121
gade1242	0.777352001929126	1.42518921836035	-1.71995385993235	3.89950144272171
gahr1239	-1.0820126325759	1.37831751225958	-4.27754779524265	1.31697451519271
gali1258	-0.104100779654117	1.40673221081602	-3.08187723738394	2.71229515177226
galo1242	0.482246129408948	1.26172457952487	-1.88328495251418	3.17776228567545
gami1243	0.270554127126205	1.36658391700412	-2.33735789449842	3.15343481291238
gamo1243	-0.553023504097766	1.41232531595548	-3.5978046087887	2.0809066950346
gand1255	-0.116901357460686	1.3557377790999	-3.01256451286336	2.50763889125907
gang1266	1.1289403482488	1.27259162613241	-1.03003484764645	3.96620356083112
gant1244	0.448777096921444	1.32774879158671	-2.09453887167422	3.29636872690006
garo1247	-0.0646322954490521	1.18768450673699	-2.48823495741454	2.30171970173401
gata1239	-0.146310182636206	1.1432972365571	-2.50265737362877	2.14932353886787
gayo1244	0.477631987058197	1.24121933579641	-1.90356843473474	3.06344410736778
geba1237	0.655566868632565	1.20874074698395	-1.64517695708252	3.23245317511201
geda1237	0.791875563793578	1.35480451356305	-1.62679227725797	3.79217641202358
gela1263	0.722621567272733	1.23301266230247	-1.5260493450674	3.3509013126493
gese1240	-0.48203165996743	1.25467193675794	-3.21341351962739	1.86174065999997
ghan1242	-1.28257011076127	1.35130747181204	-4.37396682766083	0.995321253792461
gheg1238	-0.163379340830457	1.40437458243718	-3.12428688571006	2.5911211559514
ghod1238	0.417659102805021	1.42787672435649	-2.32453357492856	3.4861305102442
ghom1257	0.689809354573833	1.35877870630721	-1.79360406858335	3.57679119524442
gilb1244	-0.866860182155893	1.33482309008774	-3.7666067197455	1.50939835046074
gily1242	0.163325394671477	1.40237634887213	-2.71625897656668	3.00936929161245
gira1247	0.702448039131532	1.35539678276766	-1.68215602094374	3.66562196459582
giry1241	-0.199945015841648	1.39988040101966	-3.13348429248996	2.58745171039321
glav1244	1.35501140223792	1.34758127708439	-0.88876287808316	4.29506804079134
gogo1265	-0.164694444826549	1.33983339601557	-2.93964308075811	2.43710488296061
gola1255	0.429161968576758	1.3694628785758	-2.14950699229132	3.32631229910471
guah1255	-0.43826478353048	1.3678648856545	-3.28901905003606	2.1816295960526
guan1266	0.0376224835794511	1.16631659976827	-2.32927713208188	2.36226201599435
guat1253	0.616288526414966	1.4107977487198	-1.95972970087998	3.72677297147806
gube1234	-0.819870639156101	1.36481633409141	-3.88323651712014	1.64702274884237
gude1246	0.316420697428297	1.15703500596676	-1.86961836994125	2.71496545645962
guer1243	-0.233717557245016	1.26621396389162	-2.85745363925528	2.27252406806709
guhu1244	0.0143015286090094	1.24599234410819	-2.45493268420549	2.54788544527077
gumu1244	0.0712368159263602	1.37284351789207	-2.75091696333402	2.87652893768874
gunw1252	0.0432818703014619	1.37829032852148	-2.76120458693533	2.86362212846491
guny1241	0.358035960541132	1.3649375341824	-2.27855313079718	3.24202632348345
guru1271	-0.122305092784	1.25387850094177	-2.71245368848745	2.48119165212545
gusi1247	-0.0413297282664764	1.37235382828581	-2.94047164468951	2.66688330208364
gwen1239	-0.113653118114445	1.37144534396108	-3.00024059648739	2.61520547871684
gyel1242	-0.117458280938719	1.36569576457424	-3.00545569892661	2.56953821538802
haaa1252	-0.120451449076066	1.42206516935035	-3.05649762569445	2.6130223416719
hadi1240	-0.581017478845479	1.36232819670309	-3.54841920887882	1.92517392894863
hadz1240	0.00159489859909246	1.38582080244475	-2.82832885068706	2.82728466824342
haka1240	0.556102794052406	1.26060977938695	-1.84010915804975	3.36444331615551
halh1238	-0.359757338310445	1.36536536788102	-3.26708313873859	2.2244697539413
hali1244	-0.784142812097592	1.19493064102801	-3.30239378340379	1.42861829868086
halk1245	-0.241136715651494	1.38040099878316	-3.16162703831707	2.50979778307155
hame1242	-0.534237317740627	1.35659326159552	-3.44580512307987	1.99725194844758
hang1263	0.572154259181011	1.35431472914158	-2.04726087259557	3.45278922805844
hani1248	-0.941622270121319	1.33034406214651	-3.836789681277	1.45894071240453
haru1245	0.205583652115695	1.29909278167587	-2.35033066399086	2.9345198302682
hawa1245	-0.492351949756001	1.31120751261872	-3.29634132409428	1.91735911954722
hebr1245	-0.171887453721429	1.40442750013378	-3.19933485601401	2.55466411383898
hela1238	1.25412632506154	1.29539623252056	-0.95094731147555	4.15188827597655
here1253	-0.253321891732057	1.33876622467028	-3.10471696916244	2.37910438737292
hida1246	-0.221732843452333	1.38471483231799	-3.10145562044444	2.56044329608707
high1276	0.0467972090661647	1.32749022997822	-2.61451548286052	2.75002323136865
hind1269	-0.156347042932447	1.39582487506747	-3.14334585605667	2.57433208050003
hoaa1235	-0.252064200258929	1.43861818805003	-3.32698086451723	2.52658584067602
hoav1238	-1.31766267083871	1.25577647164021	-4.04734028824624	0.779119052535415
holo1240	-0.186391588488732	1.38801944516903	-3.14188364186753	2.44146220970176
hone1235	-0.14176951618819	1.22954666025294	-2.63218447270288	2.30455982438554
honi1244	-0.550870072867723	1.25995797553973	-3.26452948782648	1.73118468908061
hooo1248	0.437113228623942	1.26432786784208	-1.95359572358218	3.1001079870313
hopi1249	-0.283293196800183	1.42134418742269	-3.33683092518103	2.46262814072244
horp1239	0.592639895290142	1.22171857032082	-1.70034458937631	3.21858325192557
hote1245	0.72264714603599	1.24441229591035	-1.47981601346397	3.48432342551771
huaa1248	-0.193295690488215	1.4475028752888	-3.25209554038894	2.6476537533124
hual1241	0.167985210112003	1.25177757666566	-2.36622766299386	2.71436819921887
huar1255	-0.147803290791574	1.4100728221808	-3.01673591541275	2.72681882706425
huas1242	-0.41845464596443	1.37370882598633	-3.37128949680237	2.24858137473714
huba1236	0.097238239470959	1.18057655476057	-2.19379476583749	2.49629183998902
huic1243	-0.108590715906754	1.43814556068141	-3.16005993157126	2.68638336233794
hula1239	0.538754889467952	1.25007106365459	-1.77782071035658	3.27738271854418
hula1244	-0.203855307563458	1.35881118796783	-3.13942989687634	2.4092354949553
humb1243	-0.496597394313415	1.36251543074893	-3.430659553433	2.02449311597752
hung1274	-0.102266539933017	1.39507873907148	-2.94602266557287	2.69681579687772
hunz1247	0.36391311922742	1.41114109087209	-2.38755383418868	3.36706621837859
hupd1244	-0.818582462850081	1.37009703399164	-3.80578089586462	1.63374960081847
iaai1238	1.11049596995265	1.29700446191816	-1.04252698720738	4.05598039809244
iatm1242	0.0791388364083935	1.33056969664408	-2.63604829310835	2.84719597430789
iban1264	-0.592136585446138	1.32021156622688	-3.52035676968867	1.76427614233638
iban1267	0.0616652313598603	1.12590773217143	-2.11280658284393	2.43867500278877
ibat1238	-0.138429175006655	1.21505097808759	-2.70706719000822	2.26274982542882
ibib1240	0.920484340165327	1.36130574192122	-1.56553450452211	3.91506979817081
icel1247	-0.0631064840873438	1.43291589441551	-3.08703800553394	2.77442628439046
idii1243	-0.546725734431589	1.34448115816377	-3.46219470089205	1.96855428171493
idom1241	0.798010052323394	1.41459380649281	-1.73972848589984	3.94411683902593
idun1242	0.689696727336995	1.29227474438769	-1.65247326005696	3.58453441771217
ikkk1242	0.0938746272442438	1.38529952224023	-2.68836475581899	2.9238247402343
ilaa1246	-0.189353767904232	1.34496845686697	-3.01446036295575	2.38907653889751
iliu1237	-0.573584165740306	1.22534123310182	-3.14595008684381	1.77921160527621
ilon1239	-1.26510760164566	1.25492599570283	-4.06876727057487	0.864839266164355
imba1240	-0.474133388651584	1.36012913826942	-3.39821182086595	2.06168543882219
indo1316	-0.418797510966911	1.37126809959061	-3.51467356387687	2.11557427630618
ingr1248	1.05699609870288	1.42782781574024	-1.44455969001692	4.24396128244796
ingu1240	0.393243973612647	1.43445723499798	-2.45217947897187	3.42573133519749
irar1238	0.846337925591352	1.32239606339946	-1.4301168513333	3.85270655493621
iris1253	-0.0680148298870152	1.36499721531519	-2.82730641220933	2.71269315679331
irul1243	0.740811952108782	1.35966081808013	-1.73072467945272	3.82146902088454
isco1239	0.50601406774933	1.2388269851849	-1.80993161256259	3.20379427368826
isna1241	-0.0828601361007108	1.14278885037333	-2.39552110198751	2.30469799163336
ital1282	-0.1595284145401	1.3972126551589	-3.08045694617527	2.62265721932032
itza1241	-0.0714170186924308	1.40415637465369	-3.04448678520126	2.73204030405741
ivat1242	0.761186438716164	1.2781486400402	-1.57415227779919	3.52104008138864
jahh1242	0.436269684123027	1.19153531046442	-1.83644202275182	2.9589546706375
jalk1242	0.0263235128999187	1.28650837037094	-2.59079072422528	2.65480050246507
jama1261	0.0314116028181486	1.355946352343	-2.73717770876096	2.78721517667973
jamb1236	-0.411826086279777	1.32387725112925	-3.30097087750599	2.07205194394256
jams1239	-0.38482158035837	1.3704465002308	-3.226134188651	2.36397944607397
japh1234	-0.0763093392178804	1.17276422119851	-2.4822469393647	2.25778033727865
jara1266	1.68180092423515	1.42620104997182	-0.620434696251241	4.87788372526766
jeha1242	0.735844768206799	1.25289745603927	-1.51988278581324	3.46242351053202
jeru1240	1.35046577753028	1.29175155617226	-0.783256161857509	4.22818555145458
jiba1237	0.0385963815967547	1.20791003586962	-2.35535669451452	2.58182263312755
jina1244	1.51896977138011	1.38601595629207	-0.740618897976087	4.62008585193533
jjuu1238	0.731344024988315	1.3741454670982	-1.70485431585492	3.78859746179049
juan1238	-0.797525221398561	1.28677402447468	-3.69284457956994	1.51663612912059
juku1254	1.14223374518165	1.28801766041017	-1.02032919096286	4.08698503695536
jurm1239	0.326369181056703	1.31688383467572	-2.27875043071769	3.08686367922129
kaba1278	0.534558327463932	1.41915728263411	-2.12229176636368	3.62414735589817
kaba1281	0.73599818275315	1.34039453094123	-1.64921609674678	3.73912233049607
kach1284	-0.511798024435585	1.40211548303337	-3.5890874671281	2.17288279120256
kada1242	0.968605428924211	1.26751053854046	-1.24247633186141	3.75329673298057
kado1242	0.649576185418548	1.23677255311661	-1.60008480243889	3.38298836924311
kaga1256	-0.0122172467465967	1.14764022855767	-2.41135044710942	2.24703414514467
kagu1239	0.0987282741968072	1.34740864314189	-2.62509480949632	2.87015374224543
kaik1246	0.178406296721479	1.20586725364234	-2.19758392241683	2.70040379775507
kala1384	-0.15697074333469	1.3948061002921	-3.0836855948772	2.54266590693652
kala1388	0.144145965629481	1.04915966532174	-1.97990237921015	2.23470195082024
kala1399	-0.15163077365338	1.38072903638936	-3.10384773414994	2.56093023893024
kali1308	-0.107143065595425	1.43604806170513	-3.02305124795815	2.79921782427031
kamb1297	-0.20820225333282	1.40823063980239	-3.23294390957939	2.51276471247992
kamb1299	0.782990622951948	1.34757830077683	-1.60399085950681	3.75744347351975
kamm1249	0.542978221128239	1.26535331561718	-1.78273640095182	3.2467952748159
kana1286	0.0510244061107532	1.16152632877337	-2.27905841322171	2.41167438036821
kana1291	0.591768785745703	1.39635415094584	-2.03170184123954	3.64376326529072
kank1243	-1.4849885794829	1.2710941685928	-4.2832547344032	0.685191678222474
kaqc1270	0.0763733060129778	1.30864812625191	-2.53750382669109	2.82974726824606
kara1482	-0.992061149208304	1.34270838903097	-3.96111239906174	1.31809304910411
kara1486	0.130652705893644	1.09424049471824	-1.98218676247823	2.3939387102415
kara1487	-1.55578169561742	1.26707658751324	-4.353689067831	0.521490205863508
kara1500	-0.400436893894138	1.34670166584381	-3.34848798657128	2.20597937990321
kare1335	-0.110731077425606	1.39616318152969	-2.99390836724131	2.61378828626083
kare1338	0.709296392975585	1.32747736344088	-1.66982657652896	3.61387894868363
kari1311	-0.825247885464318	1.37318708559678	-3.81326527125057	1.57256341051871
kash1277	-0.160859976728634	1.40593913262168	-3.20208830011716	2.63801360961104
kask1239	-0.136013834050352	1.39625285243271	-3.02297457623581	2.60066960783578
kats1235	0.227049618102448	1.24415630843939	-2.19446689170647	2.95203592628078
kaya1315	1.02273481724067	1.30275603793836	-1.26439191904239	3.92440615034648
kele1255	-0.169745965827159	1.40660746840313	-3.03432250275958	2.62971958212982
kele1259	-1.56164131983273	1.25424595507463	-4.35196260061895	0.492859055865874
kemb1249	-0.431819684721059	1.24858684617218	-3.08187552340244	1.94799852963148
keme1240	1.37449747680365	1.22613174582045	-0.713872837126307	4.07025284825437
kens1248	0.298536869482035	1.21046654015392	-2.11938761206303	2.79219673500033
kenu1236	-0.160905241385068	1.41229492026776	-3.07842859742948	2.73955447954825
kesa1244	0.716604967667208	1.36047361154057	-1.7809746810592	3.70932134431567
kett1243	-0.254129773009409	1.48676600255986	-3.42902563795764	2.64710643551958
kgal1244	-0.177693288509858	1.39909297956728	-3.08730600559659	2.55509676742062
khak1248	-0.21579552104019	1.3639490673165	-3.12920811531105	2.42389557885675
khan1274	-1.02619869623559	1.34594716025839	-3.94344522902136	1.33286436888265
khan1278	0.913548588512914	1.33198230740999	-1.43162938106134	3.84286380669818
khas1269	0.173497921254459	1.13428345132543	-2.04586603822646	2.45882764525148
khez1235	0.219915959069699	1.14281761889914	-1.9780869719683	2.64112145155977
khin1240	0.297654260693751	1.38775233677026	-2.41273424384339	3.23368516432544
khva1239	0.395085558473927	1.41275414332613	-2.32503417482486	3.40241798138406
kich1262	-0.0275896928859621	1.30947714790163	-2.74843346036959	2.68567693336611
kiku1240	0.00514391816761165	1.34181905847992	-2.78141058640327	2.71059963332022
kile1243	0.105130730694043	1.38271158018821	-2.83654759114839	2.84924184598367
kili1267	0.70194835374196	1.31886284458604	-1.7367239950537	3.59909801125716
kimm1245	-0.858248872039515	1.36548351271126	-3.84819148609404	1.53278034581653
kina1250	-0.546868280090344	1.28757569154397	-3.35952037037347	1.81554491046501
kinn1249	-1.24372240906144	1.39650466363525	-4.32043790903364	1.06593579402868
kiow1266	0.496893492013805	1.38190956927299	-2.02941634360129	3.45544092381138
koho1244	-0.0531735770659169	1.25660001636151	-2.59876722009068	2.52363154081887
koit1244	-0.00363917923443795	1.20059874279406	-2.46583135055564	2.47173212884756
koko1269	0.556290730008083	1.24317354723494	-1.71825199190015	3.29616490211505
komb1274	0.195088461382888	1.37026712519062	-2.47819992743169	3.07060325173986
komc1235	1.71144341398134	1.3339295251657	-0.40643120473668	4.62727651410106
komi1269	-0.0629321723994197	1.41285987094894	-3.07152726914598	2.74782552404208
konk1267	1.33494992930992	1.50096514090162	-1.18033158793493	4.71116384202375
kony1248	0.22654882091751	1.1984826794037	-2.14850956700468	2.71979319239824
koon1244	-0.257990601211037	1.41135099069325	-3.32091205033203	2.43329860181746
koor1239	-0.497901919340293	1.39903207573902	-3.46487393893831	2.08614303164618
kore1280	-0.204475301830368	1.44102548087743	-3.24048747014061	2.75971090844729
koro1298	-0.216942903745661	1.31259681498203	-2.89520507654487	2.41005236793559
koro1313	-0.59337185764475	1.20111464592936	-3.12987775813188	1.7684073398858
kosa1249	-0.0206375174527231	1.37632043978159	-2.84817301117391	2.74724130374204
kosr1238	-0.841808991700564	1.29606112697544	-3.71522730098971	1.43119656213823
kota1263	0.879790770043006	1.29589087913181	-1.4246869315643	3.69270547215853
koti1238	-0.160055616362044	1.39591001795209	-3.08754412000842	2.67353635283635
kove1237	-0.0409650400512069	1.16082886703352	-2.34132486499956	2.38907178313744
koyr1240	-0.403159619313512	1.41407585694926	-3.46120464670109	2.23625296983145
kryt1240	0.287549552820202	1.37635976514412	-2.38226155259805	3.2068093382597
kuan1247	-0.216402520633999	1.35719130211881	-3.06244598468434	2.37782351456832
kuan1248	0.525660077612327	1.13245195975674	-1.54634815084164	2.96923519478392
kuik1246	0.948005519596199	1.31299584797785	-1.30792349744823	3.94319565250324
kuku1273	-0.846485196217575	1.38050732266893	-3.82775882640553	1.58437262019859
kuku1280	0.40118017449454	1.36001067318846	-2.19741496270827	3.38033567881292
kuma1276	0.922005579757732	1.34224757047414	-1.42703360489586	3.89299131148529
kumb1268	0.210467057555488	1.34163382432802	-2.38651473644474	3.10596358380159
kumz1235	1.24339811048329	1.47997945279029	-1.27012917966457	4.5162986116926
kuna1268	-0.287708085386114	1.4007472585788	-3.17824247844424	2.41085646246528
kunb1251	-0.0853051686588917	1.34488506509893	-2.90424162070997	2.63532337645827
kunj1245	0.112737438406439	1.39621989894274	-2.62019559837326	3.10268004553715
kuot1243	0.289102868796139	1.11231037482944	-1.80419123165951	2.65020571173071
kurr1243	-1.1417386783982	1.43765821146202	-4.38904400792396	1.2782419321838
kusa1251	-1.37948712807231	1.27115234511826	-4.17823409212252	0.764152433609393
kusu1250	-0.100599217254825	1.26099122594065	-2.7651688557709	2.32067925325643
kute1248	1.25805317581122	1.3051400619591	-0.910398555205181	4.14802414616488
kuyy1240	-0.47107946260642	1.28185666055311	-3.2030712458011	1.93983059948055
kwai1243	0.932177579207365	1.2525314477284	-1.30699394743974	3.68627643184666
kwam1252	1.34399408365751	1.33507347423893	-0.83425023417145	4.33137787402842
kwar1239	0.939815289697528	1.24703090676596	-1.23401311834464	3.62444817471794
kweg1241	-0.477596826578744	1.37420744211655	-3.44583759175448	2.10269678029689
kwom1262	0.638973907679893	1.35787850546329	-1.95664766524507	3.66906030218978
kxoe1243	-0.0896941854695241	1.42266338045141	-3.10686476831931	2.7059043359451
laal1242	0.121703431918765	1.4280278192608	-2.77297744403466	3.03658563267756
lach1248	-0.889169854454118	1.37660480529656	-3.94336614320681	1.55266726591734
lahu1252	-0.0131972106551207	1.15434311833507	-2.39370444120934	2.21407022658635
laiy1246	-0.77206952870177	1.31103982542614	-3.64779111521218	1.58607746722306
lakk1252	0.40088269033582	1.43379475742416	-2.41639422256934	3.4726575352606
lala1264	-0.145521007148038	1.40614696097008	-3.08841678937385	2.688618497789
lala1268	-0.521488178350662	1.19935401708376	-3.05537897786219	1.73216217384884
lama1277	0.788412075143137	1.31268693946733	-1.51061461140237	3.72904418410798
lamb1272	-0.176371242267605	1.3905281866701	-3.05814222316424	2.55042290057626
lamk1238	1.22908208471721	1.33214409485804	-0.996856430543791	4.15131777731817
land1256	0.522190983732343	1.3637536324749	-2.02327257150915	3.43074016219691
lang1320	0.62228380339399	1.27622277927682	-1.78101209178168	3.34241130146252
lash1243	-0.977347904205476	1.33931916874685	-3.90959414661996	1.36738163992403
latv1249	-0.021337981579685	1.42442402595286	-2.99101338147814	2.90467829989233
lave1248	0.937045351108774	1.36640259511743	-1.42580147087171	3.96788399612738
lavu1241	0.244018572716759	1.29059248807587	-2.29876208276829	2.97204863699151
lazz1240	-0.457999139185041	1.43472090884556	-3.50111727402601	2.34539474869992
lega1249	-0.195891793712329	1.38232623329385	-3.10225925846508	2.53765895659513
lega1250	-0.201006032305432	1.42471837760831	-3.24326981029015	2.6139746093635
lele1267	1.07094213306134	1.35557453132595	-1.2910141036425	4.05413345112745
lemb1266	0.0301366266328542	1.29284294506507	-2.54777929522	2.69120049293837
leme1238	1.07828136877148	1.32302920367307	-1.19503441110898	4.01143562295733
lena1238	1.33707986963819	1.32746910297825	-0.801099520740565	4.3910795786948
lend1245	-0.275032137007965	1.27100049319897	-2.93355684416073	2.1685738481311
lepc1244	-0.165350844327656	1.15313098094674	-2.53234460208877	2.18598560964155
lewo1244	0.80728950386604	1.31116830385279	-1.45773967786391	3.69640832090576
lezg1247	0.330546256651546	1.40959996388868	-2.42001055283023	3.33337654128991
libi1244	-0.237146917723035	1.34102296992203	-3.05058038096079	2.37281450491175
liby1240	-0.161829787852952	1.34033973357104	-2.99073569765862	2.50872199407727
lihi1237	0.196808566210198	1.12892154163146	-2.01482290976607	2.57455926688621
lika1243	-0.293598193861496	1.21968748675033	-2.84221760692431	2.04348118993434
lill1248	-0.197340575407653	1.42075429331485	-3.12465302291681	2.56880727049005
limb1266	-0.217596264322157	1.13396931858353	-2.54386631158724	2.01370490528717
limo1248	-0.558426148499261	1.1086819902978	-2.81804412327997	1.54973621145138
lipo1242	0.095173569140743	1.19401358398889	-2.32936967138839	2.53196881286478
lish1245	-0.232876228284459	1.35939733648403	-3.16250643693054	2.39892353969881
lisu1250	-1.01516394323933	1.3535005797566	-4.04247306776826	1.32157466673229
lith1251	-0.0746752334204267	1.40151305070057	-2.99055968601612	2.75864591604975
litz1237	1.36667681977539	1.20874178647777	-0.641480990946246	4.03006319265008
livv1243	0.134519345575666	1.39858256786488	-2.71461460252619	3.07932922382122
lolo1259	0.204243301877361	1.18888237087238	-2.14392794703275	2.66023769258162
lomb1257	-0.188559546495073	1.37902470263468	-3.12010098832434	2.48244388035842
loni1238	0.868029146861392	1.28964205986814	-1.40546018650522	3.73763291582981
lonw1238	0.738977571889453	1.05615297463175	-1.19225121613638	2.96511735782289
lote1237	0.0850724526455403	1.11647002604881	-2.06243784348977	2.36409798305182
loth1237	-0.246948514610911	1.15897520826287	-2.67036983334811	2.04442503236289
louu1245	0.89489722892486	1.27939971921517	-1.31314322926634	3.76728968078409
lowl1260	1.12576372308447	1.36240860693478	-1.2387327318268	4.14360076568632
lowl1265	-0.180245200203039	1.37296140988219	-3.05445042958794	2.53181198977233
lozi1239	-0.23672748653998	1.39284927114892	-3.20364116547287	2.44746175862074
luan1263	-0.983970406043373	1.31743836119357	-3.95540362088957	1.3160677495736
lubu1243	-1.07317678000908	1.22137521725453	-3.72398304421825	1.09175986928362
luch1239	0.872520626941129	1.32115820825105	-1.4339123294664	3.71568638852163
ludi1246	-0.0243102995767243	1.37366582270388	-2.80018617590295	2.74181641802295
lugb1240	0.223650348016068	1.3096210597654	-2.359139117215	2.98583919636769
lugu1238	-0.0892574437407765	1.35103412003108	-2.8686570001529	2.63949726404454
lule1254	-0.144518016124599	1.38680962970951	-3.02039696497221	2.56649940765898
lumu1239	-0.386167532226258	1.42356769165056	-3.4197056948213	2.40081435601698
lund1266	-0.204226113895838	1.38389187936385	-3.09366861210061	2.44382421269015
luse1252	-0.511996056417975	1.36380979729533	-3.475888316168	2.10622007125646
lush1249	0.353097980380689	1.23494177381528	-2.04958288068079	2.96363027252917
lush1252	-0.229661410814288	1.42922577730249	-3.18308838867293	2.59230873814729
luva1239	0.546307682497848	1.25925390400987	-1.84962699634512	3.19769613279265
luya1241	0.244136881345978	1.30194806410766	-2.31622651660013	2.98296717687434
maan1238	-0.488518885054143	1.35551493940861	-3.40319605286259	2.046293296789
maba1277	0.598735879495467	1.43666315931789	-2.03578995819994	3.78132293945561
mace1250	-0.173629073190916	1.37213348263838	-3.04430655562122	2.54552541776749
maco1239	0.412396828741886	1.37745945958652	-2.24679925090946	3.34397945492482
macu1260	-0.648741752102325	1.38978572237582	-3.70809890947407	1.94555339171831
mada1285	0.218502894765891	1.07499565348916	-1.91062907750664	2.44968164201975
madi1260	0.740944251821682	1.31492740912556	-1.67960704036597	3.67114428198209
maee1241	1.44945912638033	1.23256726409667	-0.616825923608001	4.15280855604059
magu1243	-0.143917869049079	1.09767517834404	-2.42757445792354	1.9721137484049
maib1239	0.695555958944934	1.38357668840603	-1.80815586988037	3.65746859598265
mail1248	0.0175572968422406	1.31329681548869	-2.59396496281086	2.68722432739856
mais1250	0.607432462454298	1.34303933312303	-1.8545672530205	3.58737216775397
mait1250	0.640779999198112	1.2663283476324	-1.79998955590202	3.28649615929222
maja1242	-0.367664955126214	1.40109052432903	-3.33823468920257	2.40592249950243
maka1304	-0.23936361802975	1.33100558232584	-3.05338071908895	2.3140402555844
makc1235	-0.289108757258494	1.36725223598121	-3.14930104206466	2.38668693638349
makh1264	-0.190148687915012	1.41532775793483	-3.21954192839027	2.61038266175512
makh1266	-0.169445283362403	1.38583050083618	-3.10814862890788	2.50548493216302
mako1251	-0.193352593185245	1.40295180311077	-3.10305516421124	2.60504505186421
mala1464	-0.244932364280999	1.28908574126767	-2.91972966824723	2.28599099578578
mala1479	-0.578615157485436	1.31822610752041	-3.42008880726948	1.89192416481162
mala1522	-0.550581316979301	1.32385550893952	-3.44201346208544	1.90011830444129
mala1534	-0.329702507117835	1.09792511122059	-2.54370760699506	1.82736793094144
male1284	-0.563771227157276	1.41291738480452	-3.63135926082625	2.09348752581061
male1297	0.0422520725542335	1.31857572330884	-2.71686235350768	2.59738557243075
mali1285	-0.440691095351128	1.33080842584071	-3.34980447799961	2.07441787495486
malo1243	1.5149497176601	1.28112719019206	-0.640824632856772	4.35971950521055
mamb1306	0.521409191902967	1.33607605767166	-1.9344037817445	3.4312094972583
mamm1241	-0.260431405209314	1.34727460480406	-3.13423917107839	2.38226458862098
mana1288	0.501116835301052	1.19875127260796	-1.724334444701	3.12010824327385
mana1298	0.48205927082445	1.35726277452996	-2.17111047440141	3.33918793100831
mand1415	-0.344588568219283	1.35579032833104	-3.12976020435423	2.30883224183702
mang1378	-0.852806523103379	1.21888509253332	-3.5060225712587	1.30671484628913
mang1381	0.350906282773341	1.36881668809814	-2.19187588181759	3.31372332226459
mang1394	-0.0534097141908562	1.19243364969018	-2.42961236903325	2.34540741310205
mang1401	-0.530317602207594	1.27580472372691	-3.301474971158	1.75503930408323
mang1403	0.0346911519759064	1.09122214380358	-2.09297204489952	2.20611353728777
mang1405	0.721127389589779	1.3129826535994	-1.69240183917843	3.62775576683055
mans1262	-0.141852491686894	1.21963251326234	-2.75268426022125	2.19250987410719
maor1246	-0.496849269386836	1.28090072253739	-3.31633764578138	1.82673421860438
mapu1245	-0.286021074897033	1.39492017113764	-3.2017787719533	2.41084027869602
mara1378	-0.0584757616839627	1.37037251376018	-2.95993807244444	2.6949598313671
mara1379	0.357601099985674	1.16123683012026	-1.90357304525084	2.83245048915167
mara1382	-0.17824774440897	1.22504982410485	-2.66832723977451	2.26441479838463
mara1386	0.36732086748339	1.39876987562153	-2.30735965391617	3.40788658985292
mara1404	-0.307261816471174	1.16892616502119	-2.83163912706122	1.83087831358099
marg1265	0.171522769544019	1.23790189831917	-2.23421447628277	2.78550973174736
mari1416	1.23378154914743	1.30297370352355	-0.95002827892165	4.17166272567491
mari1424	0.402104080159002	1.39316651952229	-2.15382605700968	3.47030345625837
mari1440	-0.385888332992546	1.39513181802556	-3.40410131691479	2.33741178989955
mars1254	-0.909583679695189	1.33676979310166	-3.86524689107063	1.54523709774724
mart1255	-1.02866164849362	1.38248489721476	-4.15815909357725	1.30340509269929
maru1249	-0.605459176568174	1.33761256780557	-3.53646621336889	1.82643663467321
maru1252	0.384865623245783	1.31346470313476	-2.13191303398002	3.21258425243171
masa1322	0.48610158590783	1.27861097386513	-1.99292947747526	3.26345461984223
mask1242	1.08425681668477	1.14709109569408	-0.958266832145635	3.53178616978565
matb1237	0.636398276869035	1.33132522824229	-1.78412142383469	3.53263182937863
mati1250	0.459839217928494	1.07703666221123	-1.59664136797859	2.71283116159845
mats1244	-0.0931672116816156	1.273986653713	-2.76709273699786	2.40609835592815
matu1259	-0.226466699413585	1.39435897466061	-3.15888132657728	2.42937763428518
matu1261	0.744579251148312	1.35675240741149	-1.70649002192905	3.71598896699963
maun1240	0.0696402148689506	1.37929338832079	-2.73311312133277	2.91636334620294
maxa1247	-0.542392542996804	1.34788314829692	-3.44122475026628	1.95515939272237
maya1285	0.844301822567657	1.43960200768608	-1.67166773888324	4.07782292017657
mayo1261	-0.599641110512059	1.22056604814848	-3.2125686169697	1.596559596474
mayo1264	-0.158460499326831	1.42509407531524	-3.14140746541115	2.65820872111454
maza1304	0.524404539578213	1.14886716188736	-1.58772719762465	2.9186334758119
mban1263	-0.138185153148751	1.24528805550166	-2.63528367272243	2.35086553625651
mbay1241	0.952280314098052	1.3026412021533	-1.24570028335394	3.91715268964661
mboc1235	1.32560839791602	1.30418336146738	-0.934556515987389	4.18244477199059
meen1242	-0.390700054026791	1.42784805798944	-3.47040737071495	2.35977190522298
mehe1243	0.794071272723341	1.35534780761852	-1.64788593687773	3.77771899667636
meke1243	-0.531191230330295	1.1876661008041	-3.02045983717722	1.72190080030402
melo1242	-0.516664001817329	1.45183245240809	-3.71548176365992	2.18869194300179
melp1238	0.359752320468857	1.30017463445522	-2.20564587964833	3.08375363464758
mere1242	1.49053518830525	1.34091181039227	-0.72706143386788	4.47310024160335
mezq1235	-0.664957502813539	1.3821102391999	-3.72502384700769	1.86555317778939
miju1243	-0.455413984042632	1.31159956030282	-3.28416140011583	1.96756109123857
mika1239	0.625947386628494	1.34512741789225	-1.77315667352768	3.56012565150336
mikm1235	-0.11399841637175	1.37540222673683	-3.01343420704259	2.61031096937219
mila1245	0.316012458032771	1.23148120047548	-2.03813707712322	2.97993589622892
mina1268	-0.449476065137496	1.33419768373083	-3.39416653051265	2.06213997359261
mina1276	0.852687148063908	1.18983878235211	-1.29466590645598	3.3549363566052
mini1251	0.521374098381549	1.14108402795644	-1.54878625442274	3.01022509183881
mini1256	-0.418607651445714	1.35776574310075	-3.3342378831279	2.10283974795718
minn1241	-0.364969314800337	1.37208487296446	-3.34981961738858	2.26554926788032
misi1243	0.41696531458459	1.34451558207751	-2.16759967633033	3.35883552084312
misk1235	0.853707002379398	1.39692734929439	-1.57552343501604	4.02581916982421
miya1259	-0.168664266010883	1.38509156501478	-3.09683287472343	2.62581669855738
mlab1235	0.878224421190309	1.26612396089964	-1.38035005299195	3.67549543057097
moch1257	-0.414177416674922	1.35810877213919	-3.28178409408458	2.20402696825853
moco1246	0.495462445332552	1.37386203747706	-2.11819279612458	3.58928615320595
mode1248	-0.144467133067661	1.38517324434095	-3.04078365412241	2.59495384378842
moha1258	0.746707846287309	1.40517577593476	-1.89834512121757	3.90274844068496
moke1242	-0.368172943514146	1.32303321216107	-3.20472765342448	2.12629639314798
mokl1243	0.141252716991075	1.24509948536699	-2.35821908845975	2.64175001719615
mokp1239	0.593185335524692	1.3253794745129	-2.00047342756743	3.33633751376148
moks1248	0.0331118841472525	1.39605038937922	-2.84998510211086	2.88332032734049
molo1266	1.55893633087236	1.35043234046203	-0.671587968682362	4.42465331452493
monn1252	-0.453350034724058	1.37594608187793	-3.46259299326863	2.08542331373482
mono1270	-0.601722169331116	1.26415704375424	-3.30701675590032	1.85654177447789
mono1275	-0.0466566351075324	1.37457473901405	-2.93556553006624	2.71038423393477
mopa1243	0.103078597260253	1.38584352546224	-2.75122299682622	2.90486344082859
moro1287	-1.01586304687078	1.3904440515496	-4.17444029175638	1.37220317239865
moro1289	0.194728790837262	1.32951415418236	-2.43571855178263	3.01332023699817
mort1237	0.431797739779806	1.3247660482276	-2.0323425634639	3.33125838324223
mose1249	0.0542067711159653	1.30346762687009	-2.56356027253568	2.73957756047714
motl1237	0.947228344036063	1.31117169477746	-1.37991744191035	3.94041818276366
motu1246	0.421148263500414	1.18105774199446	-1.75066907262477	3.01160700165921
moun1252	0.0901420748510387	1.22454760201762	-2.36923255165331	2.60249312383122
mpad1242	1.38639756878519	1.47227452739122	-0.96300380491343	4.84638213716801
mpii1239	0.270168658709442	1.2327981247179	-2.20552145655162	2.76573468713476
mpot1240	-0.198378548939679	1.37486198676293	-3.04141282952087	2.47257694288522
mpur1239	0.641589681986567	1.38829937090887	-1.90658717922645	3.66099668477618
mual1241	-0.563494336799811	1.30782238762977	-3.40281057244442	1.79964896301998
mudu1239	0.969577759143118	1.27912275774538	-1.26873284370986	3.77601663399756
mudu1242	-0.471791419874958	1.27031531946046	-3.19666579117365	1.95444904122704
munc1235	0.571956959675877	1.20795283193341	-1.68224089741741	3.12812658451817
mund1320	-0.513727872614142	1.31303489504533	-3.38244115717488	1.96125728247475
mund1325	0.867087607169739	1.25720983433538	-1.333482008474	3.58821913700388
mund1328	1.58705015440252	1.27346440367408	-0.450794569414808	4.42903679518748
mund1330	-0.879671681360738	1.3949914153925	-3.96200136761897	1.58805073433671
murl1244	-0.248541823166751	1.41618315152602	-3.27264973402294	2.50470716377049
muru1274	-0.467435999705292	1.40032959080309	-3.48512368180504	2.12886149913839
mwag1236	0.678700210673998	1.31985793960044	-1.72384778684651	3.57803922994466
mwan1247	-0.16186544685649	1.4321376356789	-3.30161410235159	2.66648216669736
mwer1248	-0.220162704022797	1.4040442408387	-3.23126180992041	2.4950932476063
naka1262	-0.140285823055709	1.09592572150196	-2.3533574104677	2.02347814754654
nali1244	0.22579231296217	1.10574009531526	-1.85885889679836	2.57289699607904
namb1293	-0.479068165036097	1.33185280247461	-3.27818065882361	2.0605758208295
namu1246	-0.136784401762367	1.18298062608197	-2.6678896654796	2.16873264485946
nana1257	1.23519158898148	1.48594152896904	-1.29221834017018	4.58150694041253
nand1266	0.515867863004803	1.33316990619995	-1.94718535650434	3.50940446243404
nang1262	1.03183437276302	1.3035622556292	-1.19019909329591	3.89951253531115
naue1237	-0.0283472829316384	1.19866997726237	-2.43078129588213	2.43719160156594
naur1243	0.472017156948833	1.32746306546685	-2.05419495261586	3.29099123264519
nava1243	-0.262510159214961	1.38861862165156	-3.14024611374349	2.49406834507976
nawu1242	0.672282563785425	1.35745889049698	-1.83079334839712	3.63445854103773
naxi1245	-0.554342260296113	1.25133751379759	-3.23411127949529	1.76342736848054
ndam1239	-0.163937743949896	1.35435811079153	-3.05496496078423	2.54686440911444
nege1240	-0.556834006881453	1.20868469717288	-3.15410268701696	1.60735050802071
negi1245	-0.0802190629272017	1.36172150656269	-2.99150305789834	2.59980604784514
neha1247	0.0980736628941641	1.22114928517657	-2.24980931932024	2.68684375432368
nene1249	-0.105180730390246	1.41640740131843	-3.04987677813546	2.75754886089799
nenn1238	-0.480218352894434	1.33449950110228	-3.33253965419197	2.05711891092883
nepa1254	1.03922578230898	1.19519198090662	-1.066105203521	3.69107905988013
nese1235	1.48195516699845	1.25338305565317	-0.64775032864021	4.22893882230387
ngab1239	0.103467966927162	1.25475713473266	-2.36186347634356	2.68053242077941
ngal1292	0.204256701453237	1.37477252668261	-2.58094089727415	3.08345648270178
ngam1268	0.89276650945662	1.30159194570614	-1.41571681806159	3.76650241102129
ngan1291	-0.111570810770487	1.40172509778558	-3.12016976650176	2.68433753847724
ngar1235	0.626027809882961	1.35293421519392	-1.83828191986114	3.60200041712025
ngar1284	0.269813394408962	1.40156012901764	-2.47409321801199	3.19860612310408
ngas1240	0.266087953012471	1.25746366969148	-2.18323127326094	2.95674925241086
ngit1239	0.341105999837166	1.27031353811437	-2.14025352153326	3.05834372029636
nhen1239	0.20837285315839	1.31091761021938	-2.36101263527169	2.99827575995178
niha1238	0.392206635609037	1.40091839715468	-2.33322850326301	3.40459709803046
nila1242	-0.0366569415230411	1.34328299710573	-2.83705252898054	2.63536081493704
niua1240	0.72799760255038	1.33096295388071	-1.67525839881752	3.66645685022038
niva1238	-0.268188048742452	1.36179929114746	-3.16725743482719	2.38023900276323
njan1240	0.73577129800086	1.25261423496408	-1.58200639320931	3.41455006852408
noct1238	0.67332276644104	1.2056222281084	-1.53022579722332	3.28151724330356
noku1237	1.29789240983899	1.37929269411891	-1.08335948649116	4.3334231382637
noon1243	1.58676147653339	1.28042312613572	-0.479248912288996	4.43079691411599
nort2671	-0.0863367971593654	1.38008146088202	-2.9534714630503	2.77990546308826
nort2684	-0.658037283314394	1.35685146409306	-3.59954309071677	1.85147002434963
nort2690	-0.196793043319083	1.3995019272689	-3.16809429333564	2.58330367130338
nort2697	0.065110059749052	1.38019935379756	-2.82232919079667	2.79302052711702
nort2702	-0.36138766331984	1.30026185474915	-3.17000862922955	2.13654329220222
nort2722	0.481898147494074	1.23763325473245	-1.85953899665048	3.10687098844027
nort2745	-0.449066449304762	1.42420850071534	-3.6487194440695	2.2453765763604
nort2747	-0.155867281767851	1.36104639704773	-2.98728153896036	2.60858748083775
nort2774	0.730938321883944	1.27950949896125	-1.57466530818056	3.6438495389042
nort2839	0.623036345045226	1.05312787444651	-1.34111845216111	2.83127196839467
nort2845	-0.51544259145397	1.29236492627089	-3.39137501671017	1.91367402922528
nort2864	0.758968405853178	1.28707609542343	-1.54244079735871	3.58558273371121
nort2877	-1.39246766059394	1.25753779433877	-4.16726959910994	0.744179181969873
nort2930	-0.42655754033891	1.3756777242058	-3.36221603773896	2.23656489401294
nort2938	0.124625627787905	1.34911288620526	-2.54280709784386	2.96196124661984
nort2942	-0.117416314926487	1.39910910612079	-3.05486906412188	2.62261105494273
nort2951	-0.157337680068104	1.38564268299757	-3.11197558649065	2.5890662297567
nort2954	0.0782690200636134	1.38200398087776	-2.81289069060285	2.84508687581708
nort2959	-0.143692372247005	1.41353415120486	-3.09293100166334	2.74964959817562
nort2961	-0.096539642094556	1.39416483276918	-3.07090657921745	2.70361911788774
nort2972	0.072951651231627	1.31345224854826	-2.54506322152446	2.8452678093536
nort3047	1.47289503462376	1.31818235709373	-0.755519950244238	4.303655221626
nucl1235	-0.129268530343947	1.43232526162703	-3.06171204362536	2.63199347849394
nucl1240	0.275500501373573	1.2288660748745	-2.05320825315074	2.92751570981246
nucl1301	-0.175381181197804	1.37060196452476	-3.0243599668678	2.56421005416884
nucl1302	-0.179836843688683	1.42886031662346	-3.19294198210232	2.60232023606794
nucl1305	-0.323280863758613	1.32848010735963	-3.15115793219196	2.22267879230271
nucl1310	0.275123963634149	1.12830921016527	-1.91368751557853	2.55961800224179
nucl1417	0.892269351635508	1.31762258863361	-1.40307695401472	3.84517939528934
nucl1454	0.205302451921602	1.25983324720723	-2.30497421382969	2.88102590278992
nucl1458	0.274772323522868	1.34924862918397	-2.36192986701542	3.10771369157094
nucl1622	0.258240922921425	1.38739445035198	-2.44128573562672	3.16936786929901
nucl1630	0.553902503437006	1.25311698917549	-1.76640826861364	3.30532393869227
nucl1632	0.35447540080956	1.41269905429454	-2.36376092994099	3.48922855987502
nucl1706	-0.126795318848959	1.36355948355199	-3.01416891648582	2.56646441058917
nuer1246	-0.741766923856384	1.37500452406846	-3.66267203077007	1.77443979168256
nuuc1236	-0.216760187314579	1.39021097021348	-3.07331290238596	2.48172053736134
nyah1250	-0.48759425942811	1.36519690683303	-3.53707709026512	2.03945387274348
nyal1254	0.732926193142304	1.36706686484648	-1.62604345535385	3.82357855039147
nyan1307	0.0469511652712161	1.38528262134157	-2.80811185759557	2.82431566292745
nyat1246	0.158045434087331	1.33092153574451	-2.59427331668132	2.81714685417979
nyor1246	-0.0720626087424722	1.35518064239306	-2.80867656632167	2.66398944449318
nzak1246	0.915286088732032	1.34049888719606	-1.43400379761794	3.95190106044819
nzak1247	-0.732259644573299	1.32835478179867	-3.65550726714909	1.65273720241405
obom1235	0.27054249007313	1.03444159918581	-1.74663829640654	2.35083832190348
ofay1240	0.709949996387854	1.35886130915211	-1.81389010678579	3.69373679243093
okan1243	-0.180938277341339	1.40134637298598	-3.11425644170571	2.6566130283902
okin1246	-0.158989977180521	1.40897755074339	-3.06081606985115	2.65642225955143
oksa1245	0.498621607725609	1.43130081344643	-2.12031057497689	3.65876256187711
oloo1241	0.888135380634524	1.34121086422015	-1.46256606587116	3.96572169993251
olut1240	0.0946928842651421	1.31945619339822	-2.57085326897577	2.77886938670528
omie1241	0.498294741500043	1.32341283369528	-1.99390628130471	3.4217386243888
onon1246	-0.11029634561836	1.36059289223731	-3.0114775046125	2.50832312104342
onto1237	-0.584824743600911	1.32029970497308	-3.4426586192971	1.82503149521854
oriy1255	-0.689055433620189	1.32293696341131	-3.57149129349031	1.67778200842925
orma1241	-0.282693726349807	1.39863651359654	-3.30185048675964	2.44709974932006
oroc1248	-0.0601003552010221	1.32026673632052	-2.82949192646421	2.59401390160809
orok1265	-0.247161387603936	1.36199343929918	-3.16790320499534	2.41088092412132
orok1266	0.923223954441338	1.28687619800923	-1.38533068258062	3.78866985148952
orok1267	-0.254475153406378	1.36816994190037	-3.13263740520621	2.4167219609
orow1242	0.449281879308939	1.18665658643051	-1.79592052423086	3.03409510027442
otta1242	-0.0919585123107841	1.3748973054036	-2.98818734289336	2.69323658141566
paas1238	0.707341675682352	1.35473815070684	-1.78715387040105	3.66651521197709
paco1243	1.04268557796499	1.35707492438243	-1.32578230543361	4.07869090689426
pagi1243	0.908348205543945	1.26798862161421	-1.29851838823348	3.72022917819978
pagu1249	0.445215353036535	1.37941293682275	-2.17020720683637	3.45052301266089
pahn1237	-0.760196904296001	1.34702415285079	-3.65562608692926	1.68945935924252
pala1344	-0.526485122848493	1.33263252214002	-3.43763077769806	1.9587636227175
pamb1243	0.186253088836909	1.28870830549521	-2.28220366638845	2.91347377035505
pamo1252	-0.49489448480364	1.33135574286963	-3.46860385631733	1.92024553433736
pang1287	-0.234265824187713	1.35994091680986	-3.15563805671822	2.4732087822515
pang1290	-0.920273026787284	1.20120422725733	-3.59392190543477	1.29952116074015
pang1291	-0.17810993798115	1.23618871490166	-2.81265644936762	2.19677822691577
panj1256	-0.333511804705694	1.38645014214139	-3.22509474550238	2.32625652745003
pany1241	-0.906855778555065	1.4194725268697	-4.0802634542793	1.55648319935625
papa1265	-0.9043178943196	1.11151223989743	-3.29888883684381	1.08055654457461
para1301	-0.337202889197793	1.26177787106604	-3.01433157670047	2.09239337267874
pare1266	-0.438422682796984	1.12011451379533	-2.80935614661743	1.68650522670321
pate1247	0.791710118387294	1.23934164195567	-1.37631796158514	3.51274180379129
patp1243	0.0813884344078525	1.04865135217228	-2.02196561507392	2.29609844915329
paul1238	0.71718281629142	1.27150191999845	-1.56715361616836	3.47700275440688
pawn1254	-0.123845840555593	1.41457528804032	-3.02493906478204	2.71728386949491
payn1244	0.408591153877078	1.33885277029782	-2.12227386420623	3.24075279290113
pech1241	1.07515627592117	1.38798632230878	-1.28758929013021	4.11917355208224
pela1242	-0.761881526528963	1.28837601758418	-3.6104417192556	1.51668747708162
pend1242	1.13183809993016	1.32999737242567	-1.18640957364687	4.12418141916806
peng1244	-0.393268392429044	1.12480525264819	-2.73373786864837	1.71588259432001
penr1237	-0.497661629590692	1.31494902178695	-3.32302507138275	2.02765649392695
peri1253	-0.311766949408322	1.34755629752379	-3.12740461167318	2.30190690726382
phai1238	0.94773410641097	1.28803052894953	-1.30378280725961	3.79007638877828
pila1245	0.410423030196188	1.34641264297451	-2.14215131023283	3.29173166771283
pile1238	1.09985381957912	1.26569928738984	-1.04722566699194	3.92327276609737
pipi1250	0.312817324073545	1.39613673644391	-2.43579190584547	3.28688680626411
pite1240	-0.15311357369989	1.37137254718792	-2.90906003428219	2.59692904949002
pnar1238	0.167463121557526	1.15521709138757	-2.10613082777741	2.5721378254626
pohn1238	0.466034471990446	1.28682721536571	-1.91180731854764	3.19872496178869
poli1260	-0.0554174967296466	1.39255534970288	-2.91036900886259	2.79635843332579
popt1235	-0.305873462527179	1.33606120241065	-3.12463731060464	2.32588279135063
port1283	-0.14279376445141	1.37669297110675	-3.04377728646968	2.54550185474208
psik1239	0.608941464181867	1.22094454347561	-1.67532199520105	3.24315769154982
pulu1242	0.452104028123342	1.34260968054861	-2.03972247977989	3.35902513675613
puma1239	1.09513051847745	1.30133091266874	-1.14298588744302	3.94036385251302
puoc1238	-0.861502833379726	1.29566314209055	-3.67394110860481	1.46816751065655
pure1242	-0.446294764792847	1.38783593773545	-3.43083678645012	2.17979229502088
qanj1241	-0.0991128792291892	1.36369685287403	-2.96878378690373	2.68036460170866
qima1242	-0.333648359398119	1.34808652075326	-3.28109690485049	2.21000337739939
quer1236	-0.6312848425208	1.36477830805667	-3.61744570648625	1.8606683009678
quio1240	1.13775861549252	1.29352172888432	-1.07159899123499	3.99419439016334
rabh1238	-0.0622240102140012	1.12575353335874	-2.32063589053736	2.22097597866077
rade1240	1.36148577120671	1.36118032655758	-0.862198335255857	4.29406677835437
raji1240	-0.481689606393426	1.26988495870388	-3.16555672964042	1.93195418402783
rama1270	0.932811347373016	1.33966175062547	-1.45625552494448	3.8607860472285
rapa1244	-0.558163484034671	1.3009663079291	-3.45135433027166	1.86372537011012
rapa1245	-0.482832604244396	1.2750455380731	-3.23217483074295	1.94767092110585
raro1241	-0.501306199659715	1.29365507283538	-3.29618034312907	1.91524485358755
rata1244	0.690252974269722	1.32787164030236	-1.7253860331492	3.52921628454509
reja1241	-0.756849214718554	1.36187654637125	-3.64530135058666	1.69086529364201
remb1250	0.798148736894963	1.35325269151179	-1.5817889449062	3.88562753139258
reng1252	1.48393193742117	1.44486301013322	-0.937292447311304	4.69648405308566
reye1240	0.356363220674484	1.26448202223912	-1.98040651123168	3.03381199777128
rikb1245	-0.481878759227207	1.34140887351613	-3.41063958216878	2.07475063186374
roma1326	-0.177293736255141	1.39151643026551	-3.05341959838331	2.64891027344353
romb1245	-0.234194499538425	1.17426763397331	-2.75074653367895	2.04133139054062
rong1264	-1.03349646611893	1.38951791027895	-4.19882915965486	1.35708330679083
roto1249	-0.907697102715199	1.12378105159025	-3.3205736068489	1.14068142462662
rotu1241	0.605706458671413	1.30156826477373	-1.79868081632702	3.44652351476946
rovi1238	-1.44624176318703	1.27032544900601	-4.24033664780545	0.67920175271496
ruka1240	0.0292318646046369	1.15818444415675	-2.29895159335639	2.40358150758496
rung1258	-0.679700065580179	1.40713819888531	-3.74484513890303	1.93001929878011
rung1259	-0.543250294846493	1.29216282248368	-3.36071603497818	1.82797142497823
russ1263	-0.00623602039354655	1.4266737452949	-2.93827780815546	2.85700578878897
rutu1240	0.340094996164252	1.42557699467633	-2.40572837467995	3.39767943582884
saaa1240	0.70441434881427	1.29210628545059	-1.66231714386218	3.55209617305304
saaa1241	0.458339743174673	1.06096724199874	-1.5879347449588	2.67188409735456
saam1283	0.0102115379470141	1.35359636140407	-2.72677594734716	2.69153021992784
saar1237	0.111473631522343	1.17051186206869	-2.18894342207725	2.5190272306044
sabu1255	0.468641629757162	1.27477401730081	-1.96405936044125	3.31700311705762
sais1237	-0.687754717180797	1.31827580485039	-3.57339807450069	1.64639220465672
saka1289	1.4118086880319	1.33336129589171	-0.869335502202739	4.39338340579756
saka1291	-0.421827916882007	1.3263315076978	-3.2438880240331	2.01017147741057
samo1305	0.655753250912169	1.29224821049022	-1.70560429035016	3.4834761977588
sana1295	-0.168393094184239	1.36680846302746	-3.0967218776527	2.5443122603685
sanb1241	0.900166758092802	1.31465190743783	-1.43207720422372	3.85402310474952
sanb1242	-0.431525837042902	1.34490922913627	-3.29668605565807	2.09849396906535
sand1278	0.284842422707304	1.32880263132745	-2.28995633739203	3.21396501946781
sang1331	-0.250746202502663	1.33820054977032	-3.0524111579807	2.40470706323898
sani1269	-0.827381296465443	1.26172389761178	-3.62024743561501	1.38893760493758
sanm1289	0.911078996764369	1.34252881049236	-1.4715325654014	3.90035303736045
sanm1295	0.322281592622168	1.26858384983487	-2.11622437995866	2.98634072782296
sant1410	-0.292362647573856	1.26708013725649	-3.00555093391536	2.09590036630695
sant1451	1.20913835350681	1.3542828884333	-1.11743459301333	4.25644395509796
sanu1240	-0.255175550992965	1.3780167096578	-3.15968117364802	2.45280449719864
sara1321	0.298757864184297	1.28497393197022	-2.24430283999654	3.02754325994587
sars1236	-0.09732318017964	1.35461924623514	-2.95705170113416	2.57253290055405
sasa1249	-0.568113565599625	1.32390372844369	-3.46021082146663	1.83919338839539
sauk1252	0.977351275248147	1.31517452793663	-1.28119105186052	3.91569147815701
savo1255	0.45153668518916	1.23090130067324	-1.90623401236399	3.01682813880424
seim1238	0.52223195687428	1.36122774431583	-1.92236680269794	3.60590298639422
sela1259	0.386013430256809	1.30664983843657	-2.11091565137322	3.19098754147985
sela1260	-0.920716235942504	1.31979689609196	-3.92603622227656	1.35182984351911
selk1253	-0.0713205769960697	1.40562506997176	-2.97207298395551	2.75914992076074
sema1265	0.807013397504722	1.28839873384752	-1.53839024525678	3.62923855022834
sema1266	0.0334201172188519	1.20675111067586	-2.39533692140973	2.45888993596778
seme1247	-0.476941598277183	1.20442688810257	-3.07362197503858	1.72850942918352
seng1281	0.240006107131265	1.17356459698684	-2.02466930008238	2.67617422712126
shab1252	-0.381269263739332	1.39918137139206	-3.31129745679163	2.39028431745611
sham1280	-0.102260275624642	1.36799947345058	-2.95182183588903	2.60172744170538
shaw1249	-0.132360222633406	1.42407476149916	-3.04689617323112	2.63129230515188
shee1238	-0.362894800665063	1.38639553000703	-3.3112672016288	2.31749413989144
shil1265	-0.801677114203371	1.34224267764463	-3.75927105495966	1.61142086289421
ship1254	0.0879359786101766	1.21198140709646	-2.25698435828111	2.65136272088281
shon1251	-0.137373633971248	1.38246889278066	-3.03606837639954	2.58219649396076
shos1248	-0.0807191647215891	1.45166166551346	-3.17622087585596	2.85611082558232
siam1242	0.305384009054464	1.28592811707655	-2.20051791061918	2.96677571157524
sich1238	-0.235719933107418	1.21124055921267	-2.78461831574674	2.08810403052204
sici1248	1.56258855236465	1.54058010519962	-0.939105504992292	4.99650606419265
sier1248	0.368085710168564	1.32772571424322	-2.23498203973465	3.1766774031432
sier1250	1.20294436024689	1.32500353957579	-1.07960253422219	4.13017607440484
sika1261	-0.355714892422806	1.21288739717071	-2.96495610167191	1.93925760275132
sina1266	0.592241524859406	1.24447111551938	-1.68890372773964	3.3328763907806
sing1264	0.717968269581561	1.2324449072761	-1.48165651842234	3.38504104138193
sioo1240	0.858614075699062	1.3455936039036	-1.54970754510758	3.83687855168837
situ1238	0.0178820505525646	1.16080274901499	-2.42383469597849	2.32268166276111
siyi1240	1.15272189496828	1.34728427447248	-1.13128427927508	4.17200158579991
slov1268	-0.0725451847794087	1.36992986190379	-2.93323263510592	2.6395190331608
soch1239	0.902942314185522	1.25077967112299	-1.35195083552607	3.60871259666295
soga1242	-0.0774379953841479	1.35067040511437	-2.91023328892965	2.68131086703021
sons1242	0.400600237474394	1.31107403161863	-2.0116308250484	3.26457960497802
sooo1254	-0.527974630533052	1.30333936780572	-3.38900200937586	1.81524794027501
sora1254	-0.51581456432677	1.13994115422149	-2.93655274170556	1.57869414510987
sout1528	-0.11230701732672	1.37765988597857	-2.91165321601892	2.60839702873802
sout2674	-0.120390484527354	1.37342036285783	-2.99566758910798	2.62008603265372
sout2715	0.970800352184454	1.17666562960363	-1.13145729433861	3.57948340499608
sout2728	0.48928411376392	1.24663796024232	-1.84846530235831	3.19427305160139
sout2782	0.494670982626901	1.24500601407341	-1.91303384564428	3.19879067604999
sout2807	-0.114502887751288	1.41598799376765	-3.13467916084308	2.66819395083597
sout2856	1.0387977177491	1.36398644769946	-1.29574969067095	4.01425083881571
sout2857	1.29372435544697	1.22912142624146	-0.81147940330204	4.02732126402982
sout2869	1.34378000174719	1.3311152342406	-0.823308898752096	4.33693450154929
sout2918	0.097648030779504	1.22793318989406	-2.4297017381413	2.54888323346665
sout2954	-0.136300634300206	1.40159268057962	-3.09496571722116	2.61722709941434
sout2956	0.620659146782315	1.33840778232157	-1.78055229177552	3.58870264752427
sout2959	-0.0972137819308906	1.404875057686	-3.03679331156679	2.69292896519787
sout2985	-0.0513513075577038	1.36532932149977	-2.84575900851621	2.77831846337811
sout2994	0.547841910868146	1.39714599975528	-1.98197259743959	3.5184859852726
sout2996	0.450220913384161	1.42406487694413	-2.20564698008702	3.592114200941
sout3261	0.394829205835999	1.43234596176843	-2.40804022042622	3.40478082653447
stan1289	-0.0573397960190147	1.37042445606113	-2.95618658162487	2.75624769592698
stan1290	-0.0873004484755916	1.39969892419261	-2.96919147712365	2.68218225971453
stan1293	-0.0892431189525994	1.4059956199588	-2.98149558630263	2.67063286524451
stan1306	-0.352641720891204	1.22395908652034	-2.96466566269047	1.94565029505591
stan1318	-0.179643100398121	1.42382342178986	-3.14643873468699	2.57045687134059
sumi1235	0.156428252731944	1.12803653949793	-2.09219623292668	2.47731762115357
sunw1242	1.41559158092436	1.32228032817687	-0.811983937887993	4.42087659687333
supy1237	0.259436785137804	1.36741221157614	-2.4029686069939	3.22092533356665
surg1248	-0.0898729301699069	1.39043041369635	-3.02335350716701	2.71686630866253
surs1246	0.295776685214221	1.12024858030359	-1.86995446102852	2.66837087579244
swah1253	-0.18868829640512	1.34188249066446	-2.99917004044163	2.4362635498681
swed1254	-0.0886542402049662	1.4107381459564	-3.00560937934995	2.72901793622322
taba1263	0.426125763510103	1.3914749664733	-2.1956723791578	3.47039160413352
tabo1241	-0.179373077404208	1.38368183888992	-3.09784129487226	2.5203664118486
taga1272	0.219279703903511	1.02313234012898	-1.78655768154257	2.32386164873029
taha1241	-0.260204016737762	1.32303436391139	-2.9868405163104	2.29350115652973
tahi1242	-0.501553696621812	1.26347863319124	-3.26661625238912	1.81992767728442
taji1246	1.03596739380177	1.31059657776103	-1.25736790856733	3.82930142975505
taku1257	-0.738116565324239	1.30351457983991	-3.65607487897014	1.56735053290623
tali1259	0.64170927359926	1.30215263966523	-1.75700547513637	3.46412005002567
tami1289	-0.316471087325874	1.35276849552946	-3.2625693139448	2.34726087354697
tane1237	0.950196441492273	1.31734926644998	-1.32617930158635	3.90502728309612
tang1347	1.5478981283219	1.33849872760292	-0.680101820541062	4.51825607301252
tang1377	-0.116665822556861	1.21606276638043	-2.57635830565461	2.35911981796794
tara1313	1.1963575767028	1.28393674924885	-0.973054812437271	4.08852514944862
tari1263	0.120561538387774	1.30063202520085	-2.48068092489426	2.79526655172979
tata1257	-0.818028374207791	1.28641947161936	-3.69757036690528	1.44393633925593
taul1251	0.53389365313648	1.15859126791023	-1.58865421530097	3.09317556633531
taus1251	0.627917491665221	1.24522719044162	-1.64140650074515	3.32490882346353
taus1253	-0.332335116018557	1.350082390306	-3.28391212686852	2.29601706132765
tawa1286	-0.044057472020331	1.32285923027062	-2.76689505245754	2.61642709235849
taya1257	-0.263844599421189	1.40392112854657	-3.25265794987032	2.38625877432044
tbol1240	0.265320346885213	1.17547175412314	-2.0519943429829	2.68213903423913
teda1241	0.587008501338505	1.38940374408017	-2.01577770228611	3.59296753269102
tehu1242	0.570989331337873	1.35885246316011	-1.99788429168775	3.51733896400414
teke1275	-0.324363091832409	1.36141563708543	-3.29355589810728	2.35515227064152
tekt1235	-0.413055839206345	1.35085751066096	-3.20042226741981	2.20006792157809
telu1262	-0.0129236817519001	1.2886296174471	-2.63116666099216	2.62756107732992
temi1246	0.712782814370702	1.2578170701181	-1.57036438567847	3.48971563613866
tene1248	0.148735546407048	1.41103956738835	-2.63330716457236	3.0974132179441
teng1272	-0.673061161412876	1.3385945585005	-3.64049470366181	1.71518779294189
tenn1246	0.268923809880158	1.42374570473546	-2.62103851331963	3.22115139780811
teop1238	-0.991146391997445	1.16928092238293	-3.50718984615225	1.05691114158534
tera1251	0.137522196890792	1.25102451680987	-2.28987117443094	2.76819840783093
teri1250	0.408140662080207	1.23697666350845	-1.92897806502496	3.07487976354052
term1237	0.18512636386546	1.22119397388209	-2.19434996119058	2.75398207453794
tern1247	0.456261453916664	1.37742736091863	-2.10660231136249	3.44804684986792
thak1245	0.31809116468859	1.18750927352535	-1.97784623422374	2.81359497856057
thul1246	0.219403994892415	1.18740035522923	-2.13208066703276	2.72897591077666
tibe1272	0.438226953012175	1.31804332709173	-1.95346621637018	3.33468616024695
tief1242	0.31894991136936	1.21853308196645	-1.97311728068285	2.91682754235433
tief1244	0.368640788789786	1.24595175472887	-1.97206069937159	3.05616883436256
tien1242	-0.320682859775589	1.36332651318543	-3.21926151748487	2.29114700751238
tiga1245	0.145842673960677	1.13425532270864	-2.07074724967123	2.52084176907413
tigo1236	1.08501571821047	1.25175279258711	-1.1093465121118	3.90942719639949
tiko1237	-0.154128415237026	1.21061484214928	-2.66973898140396	2.26232308542705
timn1235	0.557909889604081	1.37908941573328	-2.03154236992865	3.56350556859695
timu1262	-0.688784538681473	1.28184956402562	-3.52228891232973	1.64991781833158
tina1248	-0.482936638538733	1.12451030661107	-2.81681934426784	1.7369586358436
tiri1258	0.180364556579897	1.14449318161486	-2.07674655469308	2.62129978703565
tiru1241	-0.276675345233822	1.17188285691411	-2.76260014501929	1.9611596335223
tita1241	0.87618887223198	1.31074309662786	-1.42249034157528	3.81382020619105
toab1237	0.825659599264922	1.26841848892736	-1.45584843746468	3.5625322800705
toar1246	-0.367107882227829	1.23252885293568	-2.91650523001253	1.97757156275843
toba1268	-0.229538884497674	1.37162605000301	-3.20590223673951	2.39042448547338
tobe1252	0.405263334880919	1.39048000630162	-2.30900544493454	3.37370664406639
tojo1241	-0.314036874140512	1.35520574558739	-3.25647034545198	2.29306910765276
toke1240	-0.768814825252863	1.31405392325247	-3.64070916037778	1.61119744775232
toll1241	0.798125993265829	1.43480358730119	-1.78403571836819	3.99890987452874
tomm1242	-0.0323526221740249	1.40151598241517	-2.83734305907434	2.83037536754694
tond1249	-0.443428744333828	1.36008989020238	-3.3770786409025	2.11962216424954
tong1308	0.973069179424478	1.3226793557136	-1.35369745732173	3.95355435993697
tong1318	-0.181604180526091	1.37998362537583	-3.15972038034947	2.44585192745195
tong1325	0.643946105301655	1.32397626759278	-1.72864240302745	3.57148075395561
tora1259	-0.6926383302343	1.13848129892244	-3.06519488785659	1.45967740844403
tosk1239	-0.149357427914156	1.36648167781205	-3.02395796255058	2.54712338493596
tote1238	-0.220252340993445	1.3586487979487	-3.04244660245467	2.43758262614569
trin1274	-0.095291024876504	1.29800126230481	-2.84146366732441	2.44499403965879
trio1238	0.506571963855681	1.36722659689564	-2.09455632635187	3.44245448817911
trum1247	0.933764163474524	1.35316912716176	-1.46165145834805	3.97023037191807
tsam1247	-0.581965291957425	1.34418198436868	-3.47049685869562	1.92883321447535
tsat1238	-0.317916940948589	1.34637839458634	-3.13929797958046	2.28566601301332
tsha1245	0.0688041018849557	1.20251480640644	-2.25678456405045	2.60461268511284
tsis1238	0.897931018143495	1.40042243708829	-1.59355409500904	3.96391648900941
tsix1234	-0.20404008694177	1.42450549332592	-3.19637961837121	2.6119428523362
tson1249	-0.155898635279926	1.43145238601005	-3.16056617022365	2.73309295627195
tswa1253	-0.248703865315486	1.42136448790358	-3.30864204418906	2.46212153410638
tswa1255	-0.143362594956373	1.3921845183649	-3.12739627097996	2.5562478357938
tugu1245	-0.861216376877687	1.25586351818564	-3.60179715609266	1.40123152899697
tuka1248	-0.760429344773896	1.34354969280972	-3.74079968940019	1.68878630162285
tune1261	1.12229793582189	1.26615613960879	-1.0276154925655	3.87825259154888
turk1304	-0.166787177753759	1.34959758725257	-3.0078509499103	2.40267750792931
tutu1241	1.45266178559678	1.27272528489531	-0.691568511451307	4.2384411449419
tuva1244	0.644105049393141	1.29031482073062	-1.65152912921222	3.46686701245366
tuvi1240	-0.161627776059334	1.36401815842752	-3.05320592798661	2.59553414450169
tuwa1243	-1.53977729212787	1.25166063844727	-4.34462698962789	0.498239095432338
tuwu1238	0.509066535496447	1.34188292860036	-2.02787389358382	3.40809661787389
udih1248	0.0654760068637597	1.30854995630078	-2.55195959181433	2.74838743027682
udii1243	0.236633587549046	1.38196961625416	-2.46795330652591	3.15813815563594
ughe1237	-1.40129472109722	1.27372306498319	-4.25924354775952	0.721481997720725
ugon1239	-0.571031689265447	1.34052039385872	-3.47798581322274	1.91119285468865
ulit1238	0.53461240043609	1.33339458599316	-1.91225472694969	3.47148243338839
ulwa1239	0.786789164978971	1.40446526918308	-1.73459785606097	3.88871138279031
umbu1258	0.294566274711105	1.31949158652946	-2.24753515272977	3.03962759010775
umes1235	-0.160161495956205	1.44254627656715	-3.27515569227414	2.7250493097009
unua1237	1.22001520221958	1.16716475737575	-0.780050838631147	3.75604916508528
uppe1427	0.335656278380026	1.25442857283852	-2.06109980431492	2.95467302222247
urak1238	1.13290841065802	1.29713474926483	-1.11622127454585	4.05211946821244
urar1246	-0.200751027672525	1.3272125831779	-2.98772100757266	2.42816225781717
urav1235	1.14901300662605	1.39627850511179	-1.19202082226276	4.27801920212704
urim1252	0.739568608608973	1.35478309189045	-1.74752652806405	3.683066235796
urip1239	1.41376007787266	1.21798579129172	-0.647389337986727	4.06405587042438
utes1238	-0.0720392128083475	1.38892968146323	-2.96115499270287	2.79579371613269
vano1237	1.00022061984824	1.32397830544052	-1.26162917250826	3.9596632545052
vera1241	1.1181055273334	1.31839809386154	-1.15033214890649	4.06998587195304
viet1252	0.525924793744374	1.31509219528954	-1.93001717255825	3.36851834134231
vinm1237	1.35343413968492	1.20818804857092	-0.664429712427426	3.99217024439753
voti1245	1.48424640726357	1.51715953870903	-0.973985408067538	4.91788508454153
vure1239	1.11646064866403	1.31790730090514	-1.13113351074526	4.05295300674123
waig1244	0.662155575353604	1.37504122858191	-1.87327731670239	3.73171992169009
waim1251	-0.545349642868771	1.18492014783384	-3.03840881935192	1.67972857483046
waiw1244	-0.539340282852873	1.3575621378815	-3.64512422305329	1.98512936953329
waja1259	-0.488944734003526	1.1726692561792	-2.98409627195469	1.72979965720803
wala1266	0.951564726444948	1.23845192140401	-1.20693173752073	3.60464618096768
wall1257	0.773245284152233	1.34249534428363	-1.63376899542954	3.81617058814866
wamb1257	1.30709787619478	1.29962088367337	-0.834733450502231	4.19553434645442
wand1267	0.935197986568109	1.3300682359214	-1.38563080481619	3.96413764873548
wand1278	1.43134821839042	1.38190413564595	-0.823926959110277	4.47304936019588
wara1294	-0.116205165860264	1.31647337133324	-2.86120655629892	2.5415187311349
wara1300	-0.65020072795473	1.32056565899588	-3.66797345449754	1.73893446552703
wara1303	-0.429379348606314	1.37742490726041	-3.30126696994614	2.20673175184724
ward1246	0.415809834731396	1.38966132283362	-2.27797640869999	3.34901277575523
ware1253	0.32129525776749	1.27891572072747	-2.14092959613017	3.11809480749922
wari1268	-0.706901658869984	1.40242542186668	-3.84777225682482	1.88459486525254
warj1242	0.020856385788437	1.13858973636234	-2.3103910371549	2.26892278528668
waro1242	0.301788527675998	1.28287488691878	-2.15239225340411	3.06007263611418
wash1253	0.384224138117247	1.35471671564159	-2.24407781071858	3.26540790370404
wawa1246	0.325438496746071	1.22299295635954	-2.07903152585184	2.86815288734174
waya1269	-0.333760969679355	1.3250815823179	-3.15740686527754	2.22741150129466
wayu1241	1.39378268504633	1.29699186278885	-0.744215894141349	4.32589914680964
wels1247	-0.126992242358829	1.40725487764148	-3.02657533502798	2.61611772434622
weri1253	0.100915136419972	1.21931670447364	-2.27985366485999	2.62154388300902
west2354	-0.0998597691086704	1.40741842993116	-3.08624990733436	2.70061406222973
west2369	-0.230030794785037	1.35831730797517	-3.09451545809554	2.49770681859162
west2396	1.42590559100844	1.3350390348207	-0.828200204482301	4.4021095256952
west2415	1.06315769493357	1.20282393689137	-1.01864104057663	3.77071118033135
west2418	-0.0140972949257952	1.14704845887646	-2.37417368370931	2.27923250211092
west2430	1.22522068870092	1.47004379594319	-1.23234874016313	4.58876375953499
west2441	0.294205392802873	1.35575661631376	-2.31353472915979	3.26269939485092
west2466	0.207904952898427	1.21666908937991	-2.19729989833057	2.74484390577611
west2516	1.15094875315226	1.31473102727746	-1.0448906266758	4.08152104050318
west2519	-1.07082625154936	1.3202908716764	-4.06291973525823	1.16047753829929
west2548	-1.02662090057868	1.32931265399238	-4.01316659918907	1.24168758065503
west2555	0.279903509617717	1.04834093414897	-1.81910934558955	2.3922465270015
west2557	-0.407360640850765	1.30631889489774	-3.19816000971485	1.99187931950168
west2560	-0.63928170856394	1.27316346448218	-3.45626062811112	1.65332174822029
west2564	-0.785646591930512	1.34060552638308	-3.76106903096741	1.59353563741701
west2594	-1.04425891926686	1.44174669768563	-4.24864397325501	1.50910044977673
west2615	-0.361805649101812	1.39884672453429	-3.34303228182576	2.34871333485786
west2618	-0.11573993565386	1.37273547267792	-2.96779510176625	2.62775665292417
west2632	-0.367970746540539	1.43710587618814	-3.50483449965565	2.41948231622546
west2635	-0.375511118570852	1.3395324349182	-3.18262461813028	2.22002482325184
west2644	0.599364401535194	1.3068511810736	-1.83423390652671	3.43651983354837
west2650	-0.488508974723661	1.28156586956309	-3.21379674434566	1.93940774197126
whit1269	1.34947016209793	1.33267386934889	-0.811878893632876	4.36216346970056
wikm1247	0.401119449880631	1.36802718138858	-2.20790203307758	3.41134331098184
wiru1244	0.226326138999666	1.3537878344899	-2.38255968779974	3.06864248434362
woii1237	0.496535584738329	1.30130221952784	-1.94223723047877	3.40630955987546
wola1242	-0.52821692827073	1.39250049220813	-3.5777436094966	2.1351791975641
wola1253	-0.491855658676659	1.36123421660782	-3.57661571781032	2.03996116792704
wole1240	-1.01221531751467	1.36393425060418	-4.03816304884138	1.34638535303133
woli1241	-0.903443394300535	1.34584896655025	-3.87166879366014	1.42538142214624
wotu1240	-0.783041728901163	1.34330843624199	-3.73020991464946	1.62384011626727
wuch1236	-0.32274533511054	1.32705824374255	-3.15807351307536	2.13960229108971
wudi1238	-0.181247403757695	1.2420457148663	-2.85325385854453	2.23934676666474
wusa1235	-0.203197849851359	1.25161414735115	-2.85757364097381	2.20778471095804
wutu1241	1.72424232048823	1.41466406036912	-0.536204897475319	4.84870939583493
xamt1239	-0.313340060254064	1.34083296948043	-3.14904473545476	2.24100664819569
xara1244	0.312614657268301	1.14640746508835	-1.84409287736431	2.76089944910031
xava1240	-0.412879928282057	1.34385767430063	-3.27388853412476	2.16531960239396
xhos1239	-0.110425107899462	1.3611967811348	-2.92382035986286	2.66346530973882
yaey1239	-0.246477316406614	1.4234413558455	-3.23194097612895	2.52704478488935
yagu1244	0.479267307037202	1.38431507827945	-2.03743124893114	3.5033116064834
yaka1277	0.517509759086795	1.26335319294775	-1.93034659339609	3.23424018939438
yaki1237	-0.217858922942759	1.40051200335837	-3.16902151762938	2.5484897778429
yakk1236	-0.231829339736298	1.13626372603875	-2.5767126677206	2.00214551496375
yako1252	0.24559771663993	1.22688340204523	-2.21705930749089	2.84397800297654
yaku1245	-0.180436675867803	1.3603546192112	-3.07830359115159	2.49460916004602
yale1246	0.801775073891345	1.40094313630273	-1.76184715729124	3.85294015170026
yama1264	-0.312648510797538	1.37480570098244	-3.21693458802373	2.38318587779577
yami1254	0.61271866692299	1.25357804538679	-1.69048615370619	3.37023844683899
yami1256	0.67862892555234	1.32303694028097	-1.71987109407416	3.63450593594981
yano1261	-0.280273243950293	1.35292126463409	-3.23275726502928	2.42074973543509
yaoo1241	-0.145452395441162	1.40149707640553	-3.09770479327365	2.62192518065152
yape1248	0.523216421827573	1.30581638983157	-1.88479347751121	3.34939590287355
yaqu1251	-0.110958264841024	1.42029304799715	-2.98219827775584	2.76064810615669
yaul1241	-0.317482252706426	1.27114712280364	-2.98081536777447	2.12918444048921
yaum1237	0.968352106678773	1.33736498955135	-1.32360494566166	3.99267380771029
yawu1244	0.261934780479093	1.38402555233696	-2.44353361886348	3.15923044321917
yecu1235	0.387257994813568	1.33094226055961	-2.184175407176	3.21450913699847
yele1255	0.235170551337077	1.39560384731762	-2.46123190762619	3.20792151738514
yidi1250	-0.056516873104484	1.35184809720242	-2.82449546388454	2.65819166717672
yind1247	-1.19322924442322	1.41810205332093	-4.3839297534992	1.21125375869793
yoga1237	-1.00957177844151	1.20281127989946	-3.58478919626432	1.09247237485225
yona1241	-0.370126621539414	1.39581972149831	-3.34299779112421	2.33627420312181
yong1270	0.163058460643614	1.21808423283642	-2.25593432833143	2.72149252328565
yong1280	0.294823538484209	1.41537850738218	-2.45789266117332	3.41071711043087
youl1235	0.212418493513761	1.16698389838324	-2.07539805521883	2.6135292331182
youn1235	-0.314723240009397	1.3750425719238	-3.27993999799718	2.27715927032124
yuca1254	-0.139194693568991	1.36818543542197	-2.96086405980303	2.59466921720976
yuec1235	-0.499349519626702	1.3634393564595	-3.46555300864091	1.96239913420857
yura1255	0.539756372260059	1.35633462210703	-1.97576614992963	3.44522257534569
zaba1237	0.200256289426134	1.22211851375269	-2.13472273774584	2.74277590161244
zagh1240	-0.709960722104174	1.37569981440197	-3.76678671247658	1.75239955127439
zani1235	0.522791711528329	1.29319280399884	-1.93516197399735	3.32863756460823
zarm1239	1.21377163734011	1.43520417200896	-1.24532362861328	4.51802633979217
zaye1235	1.21390395033665	1.31005765525075	-0.998702262691863	4.09037582547603
zays1235	-0.559935630018069	1.40306301406374	-3.63683264654738	2.06455270497484
zhab1238	0.920090533368345	1.30814324797768	-1.44891574399605	3.76458727734538
zoog1238	1.25925955856265	1.36330801513515	-1.02748638218276	4.30515153944027
zuni1245	-0.457871354413215	1.42231275604667	-3.47029034405371	2.22379897034211
