Estimate	Est.Error	Q2.5	Q97.5
abee1242	1.14910515191317	1.5716061910488	-1.83591003747151	4.31494835912613
abun1252	0.252883173513518	1.55537283854586	-2.81099522042797	3.32484340579855
acha1249	1.89742966332593	1.38394918581231	-0.611858459143055	4.76124276965653
achi1256	-1.72475734105121	1.68937482096692	-5.25499002594442	1.35993942997103
achi1257	0.751713321922728	1.49087539593292	-2.02902576623709	3.75892783709041
acol1236	-1.25928250009328	1.66339580935893	-4.60068842163617	1.92507190467294
adze1240	-1.80093161163664	1.30071277637546	-4.46154087331603	0.587071509318824
afar1241	1.37537195943768	1.59345468816911	-1.67712397356836	4.55687801164548
aghe1239	1.82905734233184	0.949803271368668	0.0755531965068987	3.75652945184492
aghu1255	-0.356476481397455	1.83594391159805	-4.07571609419253	3.05271058224899
aghw1237	0.796595500658466	1.62370205531295	-2.38118827200963	4.06288166311009
aheu1239	1.37557485045386	1.77547884028291	-1.92144985798095	5.04483791736009
aika1237	2.16431628326328	1.51219174546137	-0.579154476549125	5.41280286107363
akka1240	0.128881965349214	1.63026520442369	-3.12814037068896	3.20848466531018
akoo1248	2.45324051470785	1.29192022308103	0.116614355724965	5.18269146387438
akun1241	2.25858024669518	1.51241730030635	-0.514740380027457	5.52260222430047
alab1237	-1.03251095970039	1.60750376181378	-4.39216967508644	2.03122295862776
alab1254	-1.332171519797	1.43732700018312	-4.38266223126544	1.32235356900174
alac1244	1.31648034036495	1.43338077126026	-1.407918336988	4.21186787860046
alag1248	3.00467534491274	1.44742158837692	0.479860564268397	6.09538718118081
alor1247	1.78893491802616	1.60605595871028	-1.08056257361949	5.16543144847362
alse1251	0.180464911334926	1.51911904068027	-2.76500696111959	3.28760967079863
aluk1238	-1.51133806586743	1.69935616516526	-4.96453421018146	1.72231449062091
amar1272	-2.3469722185538	1.5258532617768	-5.58517820128015	0.512242076417636
ambo1250	0.213740085069661	1.42014871956659	-2.43756190804351	3.13106805354016
amdo1237	-1.40734548080477	1.63487649630285	-4.76949624025592	1.60424205831176
amha1245	-0.346486841451027	1.47051384245034	-3.348404137126	2.47086162103136
amis1246	1.49441440948525	1.18217214210434	-0.792261460583301	3.87280075668675
amri1238	-2.66997025697204	1.46760466097616	-5.81276003108254	-0.0474796951250177
anci1242	1.81456232936025	1.64953083156575	-1.29970796473772	5.24478424180209
anci1244	-0.759841406702193	1.67432740633389	-4.1863461917189	2.36198240722958
anga1288	-0.953082762216249	1.14813770823492	-3.26997458898652	1.22156549954324
anta1255	1.15593274233978	1.69767996489303	-1.92779654433576	4.64843972003658
anut1237	-1.36506853550467	1.60963186976734	-4.72201932486788	1.69350268759333
anuu1241	-1.15459522911967	1.29766206417221	-3.87244334562594	1.23741657806779
aona1235	-0.261086428192415	1.16224012932057	-2.53261442233079	2.00275063473898
aoua1234	1.10037267499462	1.80770467379092	-2.25774866163476	4.88079416512375
apat1240	0.335018459934182	1.21905355163658	-2.0260218544625	2.76194391406646
apin1244	-0.79175939800966	1.7504716116968	-4.42407713042672	2.48952577464669
apma1240	-2.43927419394433	1.08990609791955	-4.76958934553078	-0.483076676617304
apur1254	0.84573235523254	1.74334404957943	-2.34469537648821	4.44504420525873
arak1252	-1.06637683521638	0.908258179204912	-2.94216968309207	0.718753191242585
arao1248	-0.564504451740812	1.54630001446142	-3.7957318346004	2.38742066393798
arap1274	0.90691041431664	1.78138348615442	-2.45684283157186	4.56715233890255
araw1273	-0.922302336856554	1.68887095592597	-4.45094605863193	2.25943959554823
araw1276	0.823841135905468	1.71455846688938	-2.4270060212005	4.3716043885043
arch1244	-1.40715839913865	1.68347413376681	-4.86445915811385	1.73555126574645
area1240	0.823277274137296	1.22203177770639	-1.44142697320117	3.34641792180003
argo1244	-0.965142137115134	1.57891878078132	-4.29325605611882	2.04979580189189
arig1246	3.15421556593972	1.44478489391579	0.631514562139721	6.39884392445407
arom1237	1.7118574020013	1.74548640316565	-1.45033902110793	5.37732448028726
arop1243	-2.65007274245315	1.5169190459935	-5.89337002300072	0.0357261652629356
arta1239	0.399261253807868	1.12551670002938	-1.85995648532695	2.556209874533
ashe1272	0.564551836507799	1.69473512866581	-2.62195422333417	4.05603874250961
asoa1238	-0.100417684631278	1.39053445883781	-2.85873348079906	2.64334980330451
assi1247	0.781635121906323	1.74878126445841	-2.50388190169056	4.43430694346349
asur1254	-0.873783560400627	1.79055053918634	-4.54964023004073	2.52517578272012
asut1235	2.23660776019257	1.43732786252138	-0.321687448062854	5.27789124220387
atak1252	0.501525048868231	1.53165607085102	-2.43702861969887	3.70250541829398
atam1240	0.0369935463238984	1.33046254574097	-2.59751293819171	2.62482920126694
athp1241	-3.32246669437011	1.45812941117505	-6.40805365713264	-0.76472147564256
aton1241	-2.27764583608813	1.59644495965914	-5.66732818791673	0.626742484218504
avac1239	-0.96903510991593	1.69998072806984	-4.49637825018321	2.23691727830003
avat1244	1.52986708033929	1.05983514687775	-0.480670882214971	3.72913583250615
awad1243	-1.31874498186379	1.5380749573666	-4.49168006776966	1.49089189155308
awad1244	-2.37343900354798	1.40762855015789	-5.36172474131708	0.203360866998156
awar1248	-2.14875278081131	1.3643320705329	-4.94917840393157	0.367229985943793
awet1244	-0.58488737055832	1.40485535248632	-3.53049391471741	2.04109909062156
awji1241	-0.981632075207491	1.65961450785979	-4.46427138892654	2.04840793590943
axam1237	-0.966358042300267	0.890762027122656	-2.72088288513781	0.778929875915815
axiy1235	2.92215580557775	1.57575937127056	0.135207567549858	6.39456886035588
ayac1239	-0.845934650163344	1.71467888986798	-4.3652501473691	2.40991577560389
ayiw1239	-1.90464893193874	1.48957422791882	-5.11601833205987	0.793045476674296
azha1235	2.82939253917931	1.54931728814157	0.068350196180089	6.18766940184818
baba1267	1.16955246671506	1.55212933059726	-1.61415578162766	4.48688035736885
babi1235	1.29179090579516	1.63933756383616	-1.84673942171632	4.67770233249787
bafi1243	0.464489065481893	1.03731324475411	-1.5306588998323	2.52417154459099
bafu1246	1.95255360031343	0.998316305960524	0.0692321835524989	3.99053965962545
bagi1246	-1.47234657793006	1.4079697450506	-4.42334271998655	1.14303527161338
bagv1239	-1.63488873765591	1.60942470255014	-5.00268564632832	1.33477356256049
baha1259	-0.593084840144067	1.78406717454311	-4.28354286907685	2.69666956111647
baha1260	0.266587796909988	1.90902691388366	-3.42477544927136	4.12057306134724
bahi1252	-3.49799134606016	1.38321964606491	-6.49967681078087	-1.0399877056317
bahn1262	0.077669931700754	1.39064394933071	-2.55815107887291	2.89304456009753
baim1244	1.74027166109779	1.6123250165429	-1.17556777706206	4.99849995093035
baka1272	0.825462171858349	1.47263111712284	-2.01571335275566	3.73245020376846
baka1274	-1.19114690064028	1.65982153124394	-4.56858361515522	1.96500279482955
bala1311	0.257168679694452	1.42095921491671	-2.63712760713767	2.92092552199643
bala1315	-1.18401691499196	1.60782835089608	-4.59945233346935	1.77769418768772
bala1316	-1.20758854628889	1.60594214689142	-4.63547003938823	1.59067440454689
bali1278	2.13951840153204	1.54879574319091	-0.747845600814984	5.39164053290255
balo1261	-2.17606997598893	1.5758269228038	-5.51589459422978	0.617031409264713
balu1257	-0.302668558422431	1.18334511819686	-2.60797418914765	1.96134556282904
bamb1269	-0.83531583582268	1.78802003944574	-4.69009098392035	2.45059587773643
bamb1270	-0.900433260931152	1.51335709682179	-4.07916488284037	1.89395471712768
bamu1253	1.56891347291534	1.16649646855894	-0.681545219661336	4.01475391745199
band1344	-1.4250001776629	1.6964227268982	-5.00814984291352	1.61013019133612
bang1354	-1.83690445978248	1.71595408349044	-5.5217506113795	1.2726429387871
bang1363	1.57331345002752	1.51650074507768	-1.26054850079092	4.77395203600105
bang1369	1.09048063583676	1.401932502419	-1.5035430212164	3.99769696997505
bant1281	-3.52800737200357	1.41987620230093	-6.58593527620017	-1.05411709796673
bara1357	-2.03317423462211	1.32523698581742	-4.78241976515152	0.424335223876157
bara1361	-1.42322613857018	1.40914358764511	-4.40148498853568	1.16946985799476
bara1369	1.13971054256001	1.68044348813007	-1.97005367825185	4.67601089757143
barg1252	-1.14348585832421	1.39878723024906	-4.06608145983698	1.40068203760674
baro1253	2.25496879808571	1.46917012046491	-0.367580927658046	5.37348618362385
basa1282	2.6324917134994	1.50886551645287	-0.164703416232104	5.8130208443816
bash1264	-0.328502106991994	1.85864027404623	-4.10180925613948	3.211569666871
basq1248	1.8764427620265	1.58655987855808	-1.14764451046082	5.1371498189139
bata1289	-0.517668149100339	1.67242621530533	-3.96210315874519	2.57103998814463
baur1253	0.666594715014682	1.59391207346137	-2.45780944275933	3.8780774238971
bawm1236	0.376555648445572	1.29447794953702	-2.19648351907639	2.90322636569005
bayb1234	0.0252825944551526	1.54443599454933	-3.0337270660939	2.9454818529683
bayo1255	2.9996168481199	1.48829926586357	0.350559511261596	6.18526030862885
bebe1248	0.643707981964012	1.4015580676698	-2.12088134884966	3.38829108587543
beem1239	-1.49855797754667	1.69620947829095	-5.09651758018409	1.60447865821047
beka1241	1.60650743342902	1.62325095120447	-1.31666060853503	5.02308887094108
bela1254	-2.61611225696053	1.64959687496342	-5.91004979725711	0.493908914641518
belh1239	-3.42413546713401	1.43231780162153	-6.51237216565207	-0.955351718632285
bell1243	-0.810628045506284	1.67685923861945	-4.2360819477673	2.34074391830688
bemb1257	-1.06297505048142	1.63233290147677	-4.54180542768886	1.92806991983253
bena1262	-1.75386039828049	1.57480548723178	-5.10301724308434	1.15457204667249
berb1259	0.40254574975161	1.79856399133415	-3.02855048051851	4.09545326347167
bezh1248	-1.5076057206649	1.63119570488197	-4.95045831219792	1.48001180752291
biaf1240	2.96654568842725	1.60152569492418	0.0595037163572072	6.32630632579663
biao1253	1.53180058496477	1.70385597409685	-1.59295818495813	5.1198839463264
biao1254	1.04293657639148	1.84757725713027	-2.44004299376608	4.90011484760673
biao1256	1.21381553471856	1.83208501772548	-2.20642338497536	4.97138767906335
bidy1244	2.67535614247891	1.6348464438661	-0.231810226867559	6.22797140566312
bier1244	-1.33632345343332	0.98432846616348	-3.31233734369496	0.533469498191646
bign1238	-1.04755065977536	0.794696258623015	-2.63423514013245	0.535914305806262
biha1246	1.38052440172273	1.44820842348546	-1.22986417864958	4.43819790657154
bila1255	-1.21604778583781	1.5789408617557	-4.53880212692047	1.70967474207137
bilb1241	-1.6969409849317	1.35078284922749	-4.52417408838771	0.762416178462455
bimi1240	0.195505989089653	1.66696669030466	-3.20399280181704	3.39837937829733
bini1246	3.06952527897591	1.58535874440354	0.23197114196528	6.48706914614822
bira1253	0.120731915613436	1.20480089346363	-2.23076955914555	2.4299770793593
birr1240	-0.701116973920838	1.57539866127479	-3.90460683374546	2.28826579174969
bisl1239	-1.12873002563968	0.978651088241214	-3.1315615652477	0.764973341997188
bisu1244	1.20032414916319	1.31343312550376	-1.32824287851836	3.8954880556593
bitt1240	2.45448681473469	1.62251087657048	-0.47146255636139	5.94059079348302
blab1237	2.49138277799412	1.32044831155983	0.0718487795167078	5.25127988516786
blan1242	-0.820946379432106	1.38560266958419	-3.55940963426328	1.87968958514401
bodo1269	-2.35188600252358	1.49643930872587	-5.50837400261152	0.359518156516012
boht1238	-0.589667610063334	1.61339948157925	-3.89100579472506	2.41848351379235
boka1249	2.13621675089454	1.49809203418259	-0.58298760475159	5.37927995910705
bola1250	-0.809526270044709	1.27195578415265	-3.3507397243658	1.62662788160802
bolo1262	-2.19459781993588	1.56637418125556	-5.55791711491328	0.598489079375319
boly1239	2.03854580235945	1.71345390016735	-1.07874460240392	5.61162707727782
bomk1234	1.90450308373046	1.65057408584029	-1.15724970175738	5.37282262592302
bona1250	-1.5902400618625	1.58122198538378	-4.9950808043501	1.26477672100155
bond1247	0.0152139557472212	1.38292659010591	-2.7173557041711	2.64275483135276
bong1284	-1.71397976590299	1.69544139723146	-5.26656664180245	1.39183260200374
bong1285	-1.45621377064672	1.72952597212829	-5.06176343979246	1.74166852987469
bong1289	0.908085701068483	1.52149175616313	-1.89199825748203	4.0389863302006
bord1248	1.88268880126114	1.64551754169458	-1.17009602412432	5.37666523408555
boro1277	1.17004344260239	1.64765356598654	-1.90015889691585	4.58404058472357
boru1252	0.577497096835933	1.3916086793763	-2.07885873685384	3.39841413285795
boto1242	0.482625588534545	1.30714935129951	-2.17447785888688	2.99420400788022
boun1243	-0.360981986830432	1.54147149503009	-3.56777357334878	2.526139045948
boun1245	0.952676440813908	1.59718453734791	-2.14497668311547	4.16163832079063
brah1256	-0.247533180605602	1.81942145559636	-4.03335377316437	3.20149826087386
bret1244	1.50909968488636	1.59613464141713	-1.40584513865218	4.8007181481371
brib1243	0.859213845099896	1.35775982171153	-1.72966813015161	3.66056055149041
bube1242	0.378382058807943	1.48053585796078	-2.57197532347593	3.19617116407012
budu1248	0.317610225764006	1.45368569793437	-2.61262723830458	3.17105567583309
budz1238	0.599503295256129	1.52920593221313	-2.37261260146617	3.70657914724447
buga1247	2.11983823309432	1.66034533479868	-0.884714688636766	5.5915386711065
buga1250	-2.21233307333084	1.40346355500206	-5.16324703419111	0.397295613865813
bugi1244	1.61795260461647	1.51946768299905	-1.3441698966144	4.72134275525155
bugl1243	-1.11158473929968	1.64551814924265	-4.45895798631172	1.95378741803821
bull1247	2.25990554978712	1.68468974949535	-0.811627755143562	5.81640909558617
bulo1242	0.867117480527447	1.63061972344554	-2.14588168765996	4.25022005265192
bulu1251	0.73183510055688	1.43368786684664	-2.03852251388439	3.66149431356964
bumt1240	-2.26874439900978	1.64755454284489	-5.72685954701562	0.717014516122549
burj1242	-0.369107416717072	1.55359634289986	-3.58230891957358	2.52126229947368
buru1296	-1.70653414208729	1.65974855042391	-5.21833594881098	1.24287206151883
buru1320	2.92044061325052	1.48526285223668	0.290261272027305	6.09580686834606
busa1253	-0.483244475345453	1.6231629797222	-3.82085737670579	2.5894595896951
bush1247	-1.10864075024019	1.69419741174923	-4.69169449988477	1.94949775885834
bwai1242	-0.982504199007977	1.47174419868932	-4.07007756463468	1.70158013707758
bwat1240	-1.42256700479741	1.65962443527748	-4.9477831880044	1.70108927500678
byan1241	-1.84455321783147	1.469439737747	-5.00988399069161	0.801754219273633
cabe1245	1.25989280149853	1.47156960422394	-1.54316499826238	4.3110807758387
cahu1264	1.37419137732179	1.58172948663486	-1.49369577564373	4.77726413810786
cakf1236	-1.19445783511552	1.40890746260243	-4.09388421569097	1.39562595516302
caml1239	-3.58982770471399	1.40364820187801	-6.60808177930818	-1.1426406884691
camp1261	0.415438046724275	1.83673931552139	-2.97536106437466	4.18804300105106
cane1242	-0.804776578784626	1.76190865974735	-4.51180414233847	2.46057885767279
caom1238	1.03540312250007	1.80624326011538	-2.37882771137048	4.77597374493686
capa1241	-0.754117400595916	1.61126250375079	-4.11192811939353	2.17706249756886
carn1240	-0.554680628162416	1.83150102277623	-4.32393802555309	2.88368494811427
caro1242	-1.39100831231569	1.6290090058508	-4.79170095805223	1.60766467717716
cash1251	-1.21238559996907	1.63345015647346	-4.5520775716218	1.87385758597931
cavi1250	-0.528248656953156	1.53843203407792	-3.69681385486535	2.41155738808991
cent1989	-1.31658674782506	1.56101014873283	-4.43310978954706	1.72515799323177
cent1990	-0.536166093845801	1.81268796716632	-4.29749986581366	2.88803161796541
cent1992	0.877772692017575	1.55560860401448	-2.03962095153616	4.13650681870034
cent2084	-0.0368368093603842	1.27955900655739	-2.67161143485537	2.2926765607471
cent2087	1.53292689161904	1.51874734637511	-1.3910915066608	4.66371482000579
cent2100	0.22433920335099	1.27406291442804	-2.4156968912618	2.60309926267262
cent2131	1.3652523037943	1.55164715540584	-1.51352864365933	4.63360332422823
cent2150	-0.837436604811385	1.67899263828437	-4.28824324867996	2.26642648519236
cent2292	0.316380660895313	1.0695149322323	-1.76789268219613	2.41715150806328
cent2314	1.16485643662021	1.65943426005574	-1.83246205586719	4.66807211075495
cent2322	1.8190794698418	1.6443610490168	-1.26640945675421	5.27066633210784
chac1251	0.784342464458456	1.50534887992321	-2.17531912204653	3.75735928052719
chad1249	-0.816237139515068	1.63391825848323	-4.26830346687634	2.13168848046343
chak1270	-1.23204350398845	1.39165800131155	-4.20359670811701	1.30506386994547
chak1271	2.28404715721123	1.48410295085135	-0.354888931090947	5.38871408332046
cham1309	-1.6393730355056	1.61093106709345	-5.00988000750073	1.37495690936207
cham1312	-0.880392907765422	1.72973175487562	-4.53230755976343	2.28483274009098
chan1313	-1.45552148674551	1.14610632837412	-3.84330659307931	0.635505459340189
char1269	-0.251237133016431	1.40692817730391	-3.06692117987958	2.47036074537345
chas1234	2.28712461375639	1.36102164294308	-0.222863589105242	5.17367624186439
chec1245	-1.31619630164942	1.7434540377114	-4.88255118804479	1.92259921873709
chen1255	-0.772581089271891	1.79964038846066	-4.4845236049324	2.63125511743601
cher1273	1.02509284264987	1.69097714477244	-2.11242603397337	4.55030434973273
chhi1245	-3.41193366439991	1.43263262500325	-6.50284576983612	-0.887005862744306
chib1270	-0.843844689493109	1.70243330265399	-4.36809843991452	2.31309763551335
chic1270	-1.20047954601603	1.64085248231159	-4.53734050008417	1.91665661507815
chil1280	1.35825418245169	1.63358229909786	-1.8037452370269	4.8449696273673
chim1301	0.501813647713557	1.56139275562973	-2.49882854817027	3.72574612711677
chim1302	2.00568270662432	1.71276633075242	-1.11975842209748	5.550574908469
chim1309	-0.053201868683946	1.59365983447699	-3.21022441874728	3.02173318948707
chip1241	0.726598848403778	1.76542294442305	-2.5991881788906	4.36233701864524
chip1261	1.36277887545744	1.62385164113689	-1.7051140540002	4.75906179800853
chir1283	-1.09515572227742	1.12820197764166	-3.40271479992374	1.00512851772325
chit1248	-1.10394704533788	1.61851138475335	-4.48879752092702	1.94239648795717
choc1276	0.991948702748738	1.66136585501461	-2.07711576426199	4.48911924853688
chon1284	1.07079464647692	1.64506527539759	-1.94667829140106	4.54827321473355
chra1242	1.08304304910743	1.66099924017657	-1.92375503171674	4.52559996337524
chug1252	-1.24314259977811	1.49380613705513	-4.26609963854083	1.56744413514436
chuu1238	-1.3347116055136	1.64066660149491	-4.80763379185612	1.71295590848673
chuv1255	-0.847452127982289	1.79691940850913	-4.58243876565673	2.50174373529524
clas1249	1.47498761158089	1.57825746501919	-1.49043189353138	4.74472986308582
clas1250	-0.0243164954925448	1.46068661415263	-2.94963218222934	2.9405917571563
coat1243	-1.36401449824082	1.35787908744578	-4.1156600882292	1.25741985246336
coca1259	-0.668674101323491	1.7636744374269	-4.2847501766365	2.62735836246714
cogu1240	0.366316694925855	1.41195086624234	-2.45152140192347	3.18446879846693
colu1241	0.996114848003547	1.63252086720977	-2.13985706082191	4.25941232381787
coma1245	-1.47932795600724	1.60880682603827	-4.86586006974677	1.55921534606536
como1259	1.29825862854901	1.66107947321386	-1.79437265763603	4.7812625191209
copa1237	0.638010513889744	1.372632634571	-1.99748503233284	3.40989113355689
copt1239	1.18148917253405	1.60649231109116	-1.89357440010754	4.44277266315525
cors1241	0.516204787723381	1.85122519628824	-2.99243452739365	4.378007782333
cosa1234	2.5718515547612	1.48355386384344	-0.0647510699608617	5.80826434352288
cota1241	-0.336314177421259	1.36831296293834	-3.12957900739865	2.22422222478511
cree1270	1.29037088853297	1.69859547394283	-1.85326105141713	4.78925542464922
crim1257	-0.33833498595919	1.90032239750017	-4.25891944054904	3.27145095399608
crow1244	0.873716984009646	1.76240621078001	-2.4029342580231	4.56855220973013
cusc1236	-0.785348314831192	1.69100009749863	-4.21132230481264	2.3760668124396
cypr1248	-0.640574659933019	1.77596843048795	-4.34561296829422	2.69352777856736
czec1258	0.371705966625567	1.81954542136603	-3.04361491617955	4.10226279063287
daai1236	0.0523611446997934	1.21071244027518	-2.39336705488708	2.46261164907402
daas1238	1.4565290190389	1.5691201259669	-1.47709026498562	4.82737823825423
dagb1246	2.69383336897413	1.59384382028405	-0.184407035144792	6.00634303443286
daka1243	-1.83205653101339	0.942849225908351	-3.78531623416272	-0.0461360206308632
damp1237	-1.79967311424479	1.55062878562384	-5.01421062134204	1.04104868377562
dani1285	0.357768187058853	1.81285084763413	-3.00175110620452	4.05934074574144
dara1250	-1.26411390954165	1.28851936407259	-3.90690699300701	1.12779469499942
darm1243	-1.87071229068287	1.46968834825543	-5.02617508908613	0.763496804457347
daur1238	2.09863039066525	1.70750869209869	-1.18234193594433	5.61188937542623
dawr1236	-0.566730451637835	1.40193890466783	-3.37177313875777	2.09267648304033
dege1246	2.72223470831098	1.4391100932625	0.171372082834009	5.81043905128192
dera1248	-0.859467750948046	1.34096765626955	-3.56915889568632	1.66002036910369
dhao1237	2.13885243093648	1.54155732207073	-0.592981107267598	5.4280148277586
dhim1246	-2.86632807327966	1.60929776364349	-6.26321467567108	0.0260195505300472
diga1241	0.351612160173252	1.30464404203707	-2.28677467841188	2.92298290135435
digo1243	-0.477974855998949	1.46059568621136	-3.44477482419011	2.19955575925213
dima1251	-1.17797975971947	1.26274487894102	-3.75061257301422	1.19181617709702
djeo1235	1.35497640746224	1.51214627063278	-1.60555907901997	4.35196794233139
dobu1241	-0.68212247027786	1.42401527939028	-3.62675494993059	1.96439305183209
doma1260	-1.6525642542575	1.66433200246176	-5.17269761453872	1.26869391039463
domm1246	-0.478767386686738	1.54154473733701	-3.59837181722911	2.46679405146553
dong1285	-1.42758747404996	1.56388478458604	-4.78785682200162	1.44433854416912
drun1238	1.12295121700228	1.42630239037877	-1.5426741910013	4.03835552789191
dumb1241	-1.34156600264776	1.69308830069065	-4.884488656909	1.7679887120542
dumi1241	-3.5743026683579	1.42299254058394	-6.62062868700451	-1.07430592940208
dupa1235	0.798894664564654	1.22930866140072	-1.69020138890878	3.22345002897676
dura1244	-1.09884863558485	1.24386688163293	-3.66361971604357	1.25619107556729
dusn1237	-0.0826207596330212	1.35589171894425	-2.77553232669016	2.58527485209281
dutc1256	0.440634699294062	1.82371866855004	-3.03078357262987	4.12102370288801
dyan1250	-0.841942966381305	1.75623653533349	-4.51569873291136	2.38824037334753
dzao1238	1.15892460170224	1.82056709609061	-2.32828959158264	4.85635958400649
dzon1239	-2.63295896860356	1.66672954944297	-6.11337894952782	0.380350300034052
east1236	1.42856538202476	1.62337639499282	-1.57678404484248	4.71080890511223
east2328	-0.953911675297104	1.71278086427937	-4.50226229142578	2.22839315135745
east2330	-0.28220619387106	1.56741629757962	-3.49176396681472	2.64880091051444
east2332	1.57812236084726	1.74970424733596	-1.66044518765661	5.22256122427122
east2342	-0.82664485684326	1.48956453748913	-3.84308969348686	2.11840938873022
east2443	-2.24400197891405	1.18529978081508	-4.6754639450487	-0.0464711356801505
east2447	-1.38727313833045	1.61909484418961	-4.69202691945837	1.61579067480332
east2485	0.89766308230505	1.49879795830908	-1.87857455417169	4.02336415849584
east2555	-0.870294771412652	1.67856634508437	-4.39331918084905	2.22423170437531
east2556	2.10005235290073	1.52270097358951	-0.674713732746061	5.33874988215965
east2690	-0.55987197708849	1.76101773469909	-4.23073750528619	2.73122081814736
east2694	-0.861616290132933	1.51958059195283	-4.03903680085541	1.96015151077309
east2773	-3.30093844879764	1.40225902642865	-6.23605793991925	-0.735309484552751
egyp1253	-0.563344975698441	1.54093260718152	-3.73524818940056	2.32327763155571
elem1253	2.75513333462293	1.32179092397792	0.435691312081971	5.53776119748963
elmo1238	1.96901086078846	1.63869392307356	-1.12117376143333	5.47780674156497
elna1235	1.65360326227987	1.59093850513549	-1.22711994115154	5.06727556980201
emae1237	-0.537949054916008	1.07202401863996	-2.6641906336413	1.52595776724221
emai1241	3.28372366115619	1.52381539485553	0.609781743794493	6.59216870327648
enuu1235	2.9408345641614	1.51773701895717	0.207277138226137	6.21052018784023
ersu1241	2.10663118703626	1.45332372663068	-0.57244664564177	5.18580530181409
erzy1239	-0.571049449668071	1.87650317853454	-4.45573735576347	2.9229236320822
esan1238	3.01187438618531	1.55382995072973	0.184105213107926	6.33627086979685
esee1248	-0.362189183238674	1.51944139946058	-3.43696415237402	2.52221709632801
esim1238	1.6140341731695	1.06295585357821	-0.367644055423482	3.77252981731398
esto1258	-1.09475295034838	1.82871239019338	-4.90557351262387	2.33670832038168
even1259	-0.422626095668035	1.83204073988838	-4.16484873777882	3.11011624971993
ewee1241	0.682359765121642	1.26000881992212	-1.83274701790765	3.2215825869557
fait1240	-1.10812820826765	1.44629108307131	-4.0665366930653	1.6216168579184
fala1243	1.04834961306422	1.43739288710854	-1.67014987311056	3.96504309375154
fare1241	2.7156639563045	1.61791064967528	-0.13707141225629	6.16395297486449
faro1244	0.351300229360961	1.82917643989993	-3.03977047244252	4.20141114791012
fasu1242	1.72514715760323	1.56305360902907	-1.31176670892266	4.90375622747631
fiji1243	-1.46998573895985	1.58511223601371	-4.80726250991542	1.48167384428683
fili1244	-0.472073103944397	1.42626243040183	-3.48674944261826	2.15066878592256
finn1318	-0.495860241689044	1.82689715432377	-4.21759176494251	2.88133778493834
fonn1241	1.77810702709969	1.49371897915251	-1.06322936003052	4.80787907419927
fore1265	-0.664103014395563	1.70364732477148	-4.19141661034039	2.49127584517877
fuln1247	-1.12140508650687	1.74218952806351	-4.79813266013566	2.07693528025647
futu1245	-1.37131977181047	1.66982682953963	-4.89396314187962	1.71618976440629
fuyu1242	-0.117248523152161	1.34143024241149	-2.84384786210161	2.39568676551392
gaan1243	-1.4516830411681	1.42159723054378	-4.39394823599665	1.24337277343844
gada1258	1.11751610156784	1.07182988526951	-1.03298773392663	3.22750276682378
gade1242	1.69208723459811	1.437003427071	-1.0103680749784	4.69853962411475
gaga1249	-0.305719012663223	1.84051801998865	-4.07869435074583	3.20109738479149
gaga1251	1.52125264320085	1.71569267659906	-1.75983021038667	5.05074728888895
gahr1239	-1.89763596582687	1.58663826194653	-5.33417883096757	1.02661258522297
gale1259	-0.315376527009104	1.77882515184156	-3.9761094475893	3.06035100495646
gali1258	0.421780221430032	1.80620733616576	-2.98829931336649	4.11856782704753
galo1242	1.48774077336407	1.38648590956554	-1.14638067714132	4.34585790189521
gand1255	0.170871000084267	1.39583658920907	-2.64267395651348	2.88823495566532
gang1266	-0.00445265609845822	1.08027538832351	-2.14103811019141	2.10239890284516
gant1244	0.259342609114521	1.53357190818295	-2.77462450246187	3.27746354121967
gata1239	-0.996558687284887	1.78675734470649	-4.68088114497052	2.29666672481699
gayo1244	-0.0294697395688632	1.50391753702852	-3.08716430501316	2.77319394193084
geba1237	-1.04734815983575	1.41347018198911	-3.89152739700572	1.68562808499754
gebe1237	1.52234519714843	1.60386901319813	-1.38451069810459	4.90053212478422
ghad1239	1.51197609248165	1.65879700566467	-1.59611034840166	4.92372465413986
gheg1238	1.01400597162241	1.80949316502822	-2.33867878862064	4.75608278197078
ghod1238	-1.6156005156366	1.67047733817665	-5.08487902277883	1.51066083822407
ghom1257	-1.20425234172609	1.6717343168761	-4.71537927968734	1.8709702272297
gofa1235	-0.799163700684968	1.34383038064929	-3.48363718339472	1.68940566179514
golo1234	-1.31113651897185	1.68327839716054	-5.00175256287235	1.74345552493211
goro1270	2.8964475979922	1.52531507030553	0.206213671396965	6.1279795123792
guan1266	0.785469784589038	1.25851125640498	-1.61522141511411	3.31511702820841
gube1234	2.42272483664245	1.51170703766315	-0.353012313780691	5.60612657271879
gude1246	-1.69992331453014	1.311845759217	-4.39455582611464	0.757094526170316
guer1243	0.411070275025325	1.40847268117524	-2.27386613064169	3.22040419885069
guhu1244	-0.34550967530205	1.44121463668008	-3.25313869126657	2.44331418572589
guiq1238	0.702466825517331	1.34066596993651	-1.92462933094221	3.326055370837
gulf1241	-0.669029231606771	1.78653798603937	-4.38465330007005	2.66037744890167
guma1254	-0.407942930689299	1.3360696162754	-3.13355236752985	2.00227238469354
guny1241	-0.403829975778869	1.82069259624321	-4.0499565079051	3.07054380005909
gura1251	-1.00506450208622	1.63173177504223	-4.50403327003571	1.9344653259866
guro1248	-1.49382629029155	1.67731137890201	-5.02128484643481	1.6477581344073
guru1261	-3.46434641441634	1.38497948374566	-6.47396260421354	-0.987098723036906
guru1271	0.12837838065064	1.31615877795219	-2.51108934646225	2.70724144772854
gusi1247	1.13435163647209	1.21341777821928	-1.20445291636909	3.6124121636124
gwen1239	2.67906762538885	1.44132071855415	0.0640095997971703	5.77298559272298
gyel1242	-0.92644157463061	1.44863011588937	-3.93350481774964	1.77428588509793
haaa1252	1.24061810495755	1.60183557302158	-1.79047824798714	4.55621732814915
hadi1240	-1.56764352510655	1.39066136785963	-4.43504922184901	0.994897370018473
hait1244	0.238115044480752	1.90820796905413	-3.42238518058227	4.03331293629536
hala1252	0.626256137273552	1.38738551283007	-2.020235710332	3.46826773116074
halh1238	-0.636988339291224	1.79334974114547	-4.33922921104836	2.70664239755482
halk1245	-0.857589094118617	1.67800197597136	-4.30807498667344	2.21421134553347
hani1248	2.87952489787124	1.6310638744418	-0.0336313046158499	6.31034441131182
hano1246	-2.48429503710534	1.18609510855574	-4.97482551021749	-0.348317713786486
haro1237	1.07681403980438	1.51568913819015	-1.73288627143507	4.18863514599164
hass1238	-0.798370944210594	1.67503156301312	-4.26665574732527	2.30097423038927
hawa1245	-0.622219828961969	1.74392019282866	-4.29541011408023	2.53125631896159
hebr1245	-0.962259443863881	1.67638717550574	-4.46505255984448	2.16237421167883
hehe1240	-0.598717807586225	1.56304142265343	-3.86132539703379	2.33446891822546
hela1238	-2.91748912027888	1.39787124736696	-5.83170314559712	-0.295928597266088
here1253	-1.01979117642648	1.6511422578503	-4.47939735554096	2.00239611105556
hida1246	0.74599404722014	1.75253997407446	-2.55814833676856	4.35561796807402
hind1269	-1.06442146057129	1.68399821177994	-4.60101271393946	2.10373346383621
hoav1238	-0.174020201957947	1.46450405093368	-3.24774508705318	2.47991582150947
holo1240	-0.854808325267776	1.62918389003236	-4.28537497459137	2.1942524506387
hone1235	-0.189004282463449	1.19855787783775	-2.5917546235744	2.12392917292214
honi1244	2.94332834744281	1.53751522935675	0.176954945535006	6.23046258098182
hooo1248	0.200330714402961	1.61869373343206	-3.03848717230611	3.24515498327191
hopi1249	-1.66801975606367	1.61599846024877	-5.05467666229683	1.34917863350515
horp1239	1.02905393757243	1.28862489194098	-1.43486229546976	3.64631657143179
hual1241	-0.942508274876295	1.59304168441111	-4.30331548737215	1.98275458041724
huar1255	0.0618556987445051	1.42639077280424	-2.71717515682415	2.82203903948022
huas1242	2.22618617629387	1.6309004542782	-0.757756094787884	5.74210153611608
huic1243	1.56107430675507	1.63455333104696	-1.40251698609602	5.08243327606519
hula1244	1.79402898934415	1.52366767857118	-1.16717972021807	4.85335222790059
humb1243	1.9848332221536	1.61421670251394	-1.00613913026822	5.32909350557101
hung1274	-0.651495001911113	1.72619453836307	-4.21502347341859	2.55157759807822
hunz1247	-1.48511278646042	1.63804709668273	-4.92946509706498	1.55257769481793
iama1237	-0.775125343726556	1.38070515828176	-3.69642257372317	1.75525101645692
ibal1244	-0.60048796179037	1.21959660498902	-3.08361486487708	1.68536881167378
iban1264	0.909147013501313	1.56363721193899	-2.12992124221599	4.08229209440463
iban1267	1.0587945101338	1.12802139725906	-1.1455908291742	3.25887313545387
ibat1238	-0.746234789185554	1.59272721778942	-4.09725373586181	2.17196726768515
icel1247	0.332817827717801	1.80798873924771	-3.13817516030266	3.97617866599429
ilaa1246	1.51868380512015	1.60970832215979	-1.49076624157188	4.90492733082561
iliu1237	1.96358353672375	1.46605308466949	-0.698017351948585	5.07168321512947
ilon1239	0.200938338241021	1.10288923705643	-2.04391305292829	2.31122062777724
imba1240	2.00386227802737	1.69008104435494	-1.13913732361507	5.5292204104704
indo1316	1.90347599868646	1.60181178897785	-1.14990407675125	5.23205265012288
ingr1248	-0.709067490110869	1.7896432973399	-4.41223438304581	2.59388508963767
ingu1240	-1.24206368870914	1.76272664876668	-4.93066492006902	2.04741582055067
irar1238	0.948873416596579	1.44475188215245	-1.79252149728874	4.00764608697814
iris1253	-0.974313199718496	1.64794724018323	-4.4337385653198	2.04327293705193
irul1243	-0.654779610979426	1.84793000886408	-4.49392576484818	2.78859570133972
isco1239	-0.61329981553753	1.60740256950173	-3.85632096164356	2.3942745082828
isin1239	-0.357347145153865	1.14099197691039	-2.68009294654735	1.78199706722503
isna1241	-0.536961982450001	1.35775989775322	-3.35470292035327	1.9502299479
isth1240	-0.494091731108808	1.47152243304171	-3.49031467054614	2.26779124175847
isth1241	-0.0520485757779348	1.46741155620269	-2.98494337221361	2.77867110801141
ital1282	1.0835918944117	1.82219264665845	-2.36236213641937	4.89187342661236
iton1250	0.17627559649364	1.42810018746235	-2.68006013163455	2.96361298239774
itza1241	-1.58918984320777	1.79480652999615	-5.24856832802704	1.76387464668118
iumi1238	2.04407512921554	1.6610720997723	-1.0588039967197	5.50828118911494
jalk1242	-1.12732010007929	1.40169173928684	-3.98021631048887	1.4914586983369
jama1262	0.255403858914793	1.89809836115843	-3.35460677579427	4.02116489517758
jamb1236	1.25212920128921	1.63525950104526	-1.79461422714769	4.66430499072443
japh1234	1.6446219312959	1.36057198429211	-0.922189864954253	4.43974209268875
jara1266	-0.494149780904473	1.34007428005067	-3.18746108330698	2.09079113618394
jehh1245	0.987783666204685	1.46056772681045	-1.76444641267591	4.02718523922026
jeru1240	-3.3377930800828	1.38660859377987	-6.34950501923627	-0.896424258827391
jiba1237	-0.821811959089983	1.24219775611603	-3.386886283084	1.52587080112104
jina1244	-1.73746042388338	1.41790759439501	-4.71461529179967	0.917199382590596
juan1238	-1.10851279695117	1.75519968491683	-4.69847753082351	2.20918656827183
juku1254	-0.213026816746947	1.08115596133912	-2.40069831978991	1.85146061063433
jurm1239	-1.42854813943514	1.68692571299177	-5.00507643900012	1.70729001428288
kaba1281	-1.27153136624729	1.60603417276745	-4.59541953925729	1.72435838520852
kach1280	-0.0719121580059817	1.44030527652114	-2.9769225528377	2.69917185034003
kach1284	-0.175031879328632	1.3674324264318	-2.9570850512428	2.52904913122377
kado1242	0.219816676957183	1.1978398891986	-2.05938509238348	2.63674885072928
kafa1242	-1.00044239325832	1.49183706511346	-4.15872804160663	1.80910994885085
kaga1256	-0.765585630675939	1.70953114423411	-4.3221577308625	2.34417654589674
kagf1238	1.12134540091037	1.52275838654748	-1.77749095594934	4.20003544360464
kagu1239	2.2626086174212	1.47012502106691	-0.438284898468875	5.49737849768324
kaik1246	-0.30716254153455	1.293680934709	-2.88400410346045	2.2463671681128
kala1384	-1.018453417299	1.6420775278811	-4.39215652914847	2.00102456279312
kala1388	-0.468567734485027	1.32556826005657	-3.18144630606482	2.00286577500423
kali1308	-1.07434357948436	1.65904389226629	-4.43974795915407	2.02523415788029
kalm1243	-0.643002947315047	1.82182307135513	-4.50174721926745	2.70638909030123
kama1351	-0.726913356531411	1.74291054976993	-4.26789261727652	2.60579089576832
kamb1297	1.96534505425929	1.58129530101925	-0.892251667214785	5.35833914191833
kamb1299	-1.20706218284973	1.48819727778493	-4.339976197935	1.60739817253916
kamm1249	-0.167854317439712	1.24329822289212	-2.68675610583611	2.26767450100501
kana1286	1.69913648811352	1.0402670517219	-0.3200563330416	3.79754129089125
kank1243	-0.210390587854546	1.14775964588843	-2.51372515137668	1.97966538247227
kaon1241	-0.764730340425593	1.60678138270554	-4.07182344110751	2.21039367217557
kaqc1270	-1.72446205636018	1.68059655023125	-5.28365503333431	1.42196748023901
kara1482	-0.782029065334563	1.70824378732186	-4.26251707153464	2.43474166665118
kara1486	2.36455942954068	1.43929008945709	-0.151214804351775	5.43560069786143
kara1500	-0.898438150600493	1.76058178875978	-4.51782810771295	2.39765947319127
karb1241	-1.49701711906959	1.33288294470641	-4.24791750444774	0.988187545287738
kare1335	-0.518997056419121	1.73703604805611	-4.22022107422253	2.77356079078454
kari1254	-1.12251195008409	1.66429612560464	-4.58485297689061	2.00108642298975
kari1306	0.339015715516989	1.43880884498041	-2.48710938176015	3.20067602988305
karn1252	-2.74375896765357	1.48827628912271	-5.91082060374806	-0.0691742198332994
kash1277	-2.84812618846771	1.67070135651363	-6.26640244767188	0.342214482455811
katb1237	-0.890837549025734	0.792380428845618	-2.48349920015952	0.656886345207813
kats1235	2.80644536752671	1.6341265167675	-0.132083623838467	6.22771817132671
kava1241	0.202915166786009	1.32142278961544	-2.44429566032543	2.76716541325411
kaya1315	-0.668710995018547	1.38573254330665	-3.48760571915141	1.96332760046873
keap1239	-0.231988736840863	1.40798777251548	-3.13074197883907	2.40160104635268
kele1255	-1.23451694051627	1.6299620987798	-4.69594821160701	1.78253036932472
kele1259	-0.0578441306873559	1.02390807743361	-2.16894687679046	1.85268036819194
kemb1249	1.8857806870283	1.56344365375178	-0.968884370230227	5.15267138216992
keoo1238	0.0669538733555886	1.30165915054169	-2.48105602294024	2.60575789913776
kera1248	2.95719821748306	1.4784283961362	0.370088102313405	6.12057811172584
kera1255	-2.27853653425942	1.56059947240887	-5.53602482927296	0.559347313961813
kesa1244	-1.53947618650256	1.47236898394122	-4.56011712879737	1.24410815720054
kgal1244	-1.16576682032142	1.72736694091999	-4.74647138146687	1.9685149554565
kham1282	-1.0885702956108	1.64012080314008	-4.50250739441896	1.93317160789251
khan1274	1.71015096261415	1.72314836679314	-1.42253969461738	5.32568804415253
khan1278	2.61300697556047	1.34275078370541	0.230678860507178	5.43601223152816
khar1288	-0.818135217127465	1.08414207308478	-3.00235887046304	1.27284128458261
khas1269	-1.0885997156057	1.28787914162442	-3.64808126295221	1.49500009226295
khez1235	-0.905325519395365	1.09239142360374	-3.10961421798822	1.22231142278226
khin1240	0.465516348125135	1.39756357400502	-2.24123176658357	3.22623126470816
khva1239	-1.58356181262685	1.60576323060933	-4.95534104556853	1.37987814027195
kich1262	-1.86368514216366	1.68659389369396	-5.51652532213	1.31615024148987
kile1243	-0.515003184659092	1.83590518407142	-4.23132243793486	3.00462335116659
kili1267	0.780670985660737	1.43430418428038	-2.119006828887	3.63524644388008
kimm1245	1.77338028379125	1.68727965476017	-1.26211421745789	5.3671641866591
kina1250	-1.03081368858991	1.73430103798638	-4.65420130084041	2.20393402019875
kinn1249	-1.92222722937863	1.61641023904146	-5.2882091268632	1.02385418655564
kips1239	2.16720602872841	1.41195986337388	-0.474119531852323	5.13513938245671
koda1255	-1.24638137354932	1.79311555917634	-4.98061351540693	2.10767578035546
koho1244	1.5559630260125	1.62542920632243	-1.39448700535888	5.06014386115686
koka1244	-0.57896094255125	1.71372746949903	-4.16814846972806	2.60444576097605
koko1269	2.40096806786094	1.33184995458006	-0.111415963310628	5.21389579264759
kola1285	1.06696535507196	1.61103579220396	-1.97395953737727	4.43486637561704
kolb1240	-1.80062749967382	1.56953932363642	-5.04940562307663	1.05006540609273
kolc1235	-0.615985912339367	1.33502035320441	-3.34651283112842	1.93582487462628
komc1235	1.97484301132061	0.946593573909002	0.199456735121444	3.957454304163
komi1268	-0.489726033327993	1.82679752426811	-4.22747328307889	2.96340128125737
komi1269	-0.498389199461823	1.79596936953552	-4.12946505921608	2.90213907070885
komi1270	-0.806853809086157	1.19295844122805	-3.18888358399333	1.43177985169472
komo1260	-1.14747793855772	1.67501248339855	-4.59914517665008	1.9421991286734
konk1267	-1.1080851171643	1.68085508985027	-4.63972854250285	1.98152248994453
kony1248	-1.51029943680342	1.20273265194809	-4.03376225540502	0.699963028236934
koon1244	-1.29531475248219	1.7175887540893	-4.97199086911034	1.87394892178498
koon1245	-0.650805412337813	1.40432392875322	-3.51911612563117	2.06119049785191
koor1239	0.161435747198413	1.35342805628211	-2.54101842335026	2.88876999134434
kork1243	-0.779909423096617	1.77292605419233	-4.49511586296254	2.54372432108682
koro1298	2.68560061301158	1.48625295720447	0.0411413703617005	5.89384524035468
kota1263	-1.50887125050497	1.69793713935848	-4.99702345375949	1.59557672414579
kove1237	-1.44443777077525	1.32357986423535	-4.14310873815303	1.05129553505315
koyr1240	1.26215429308947	1.75384296968153	-2.08262645705474	4.78116480359476
koyr1242	-0.392899420022594	1.70867434864362	-3.89907029080925	2.95477131853497
kren1239	-0.875652799932403	1.72624817986908	-4.47729582466051	2.37835349082368
kryt1240	0.421203522903032	1.40086173087998	-2.37939422097265	3.19498270460838
kuan1247	-0.988359731145402	1.63552736882971	-4.40594308913517	2.03326686571185
kuan1248	1.82355142008187	1.37915741395406	-0.687726678962934	4.78332677017913
kuik1246	-0.622019211275636	1.3950592810583	-3.57484031653196	2.03388602573024
kuku1273	-0.833539327499801	1.7987743049751	-4.6448274685008	2.5047275201588
kuku1280	-0.577573823417944	1.72682154793401	-4.13898314684272	2.58613074551695
kulo1237	1.50496541881856	1.04481135711689	-0.487306641666428	3.60030957867912
kulu1253	-3.39259637901896	1.4519863758879	-6.53435256510033	-0.867786583329892
kuma1276	-1.23258021446582	1.60280250526217	-4.57612689204745	1.58731563784354
kuma1280	-0.606278479181091	1.5266414801715	-3.66523676489168	2.30496494545107
kumb1268	-0.954514263460512	1.68053894481716	-4.44085880366844	2.15618137965513
kumz1235	-0.983764523718122	1.67880430745526	-4.57962196991781	2.05253309122211
kuna1268	1.89926140004453	1.6147105286503	-1.09263407934655	5.3601239632413
kunj1245	-0.782889361131694	1.78316836554736	-4.50578787803612	2.56056062525465
kurr1243	2.47538250793946	1.59533727262553	-0.519899219726093	5.75893175979598
kuru1301	1.2150917739645	1.62140379411027	-1.87610667422206	4.45576078734765
kusa1251	-0.222845748978907	1.46908060447074	-3.29263808896165	2.4928354671748
kusu1250	-0.984999248657162	1.44323091840458	-3.91196511564397	1.747850743365
kute1248	0.0914300736420388	1.0619176973453	-2.08072303041561	2.17041500906728
kuyy1240	1.26567029329699	1.71604083537392	-1.88235314785438	4.85928071036941
kwai1243	0.858212354999497	1.14312384908822	-1.26004591872718	3.22177884604372
kwar1239	1.15685171874367	1.16628420355344	-1.0288568103006	3.55905203155534
kwaz1243	1.71725029501742	1.71309797999453	-1.48228903106051	5.25717304340753
kyer1238	-2.55371503682233	1.38505346140381	-5.4115152962481	-0.00615080324888567
laal1242	-1.87339645091019	1.63500310513535	-5.2381529265303	1.20182001110745
lach1248	1.87770600767365	1.70360887986755	-1.25682480718122	5.48137096861053
lahu1253	0.960183483383594	1.20788846978204	-1.3602200164606	3.39753465981317
lakk1252	-1.204274834528	1.66361549674963	-4.53469318870455	1.92846023485573
lala1264	-1.18805985995163	1.61936942898691	-4.47579563742476	1.8757081032851
lala1268	0.203530170895808	1.24663811812084	-2.33659062553859	2.54629272528801
lama1277	0.450945510784542	1.32029964261418	-2.13040435474389	3.1248268312565
lamb1273	-1.52548688937651	1.55051656480037	-4.84347279399634	1.28324590238183
land1256	2.27917291433604	1.58083101300425	-0.57482007862083	5.58920282365483
lang1320	3.15624143446201	1.42490352850961	0.659320602786938	6.25771067545879
lash1243	2.09613129038306	1.37363297597062	-0.414427339114468	5.06053069555139
lati1261	1.58277542599617	1.57387707351799	-1.34352468144502	4.76513640080004
latv1249	-2.78462670415489	1.63348548859743	-6.1645591464439	0.366780516933095
lave1248	1.57119624614284	1.65595140683028	-1.44230754172949	5.06171333221914
lave1249	0.795008543871015	1.52304895879085	-2.05912488369933	3.85932004319682
lele1270	0.0590187709418095	1.15389120158989	-2.20513722978435	2.33363982860837
lele1276	-1.63299827077232	1.49738492907264	-4.76198814153553	1.18894007504835
lemb1266	2.23217992518375	1.6518704279238	-0.883914980091324	5.71006813999225
lena1238	-1.79868252723135	1.40952110219061	-4.73489638125565	0.738067993892194
lend1245	-0.798854973375038	1.53653116120394	-4.005593424791	2.0575739201573
leng1259	1.68569334439071	1.27463999893929	-0.766917012074627	4.28592167973983
lepc1244	-2.98035854157653	1.6199792484875	-6.42925547852013	-0.0892301264534552
lewo1242	-1.16916015158413	1.00181394894192	-3.17637422545611	0.723595084857193
lewo1244	0.341453090193011	1.31607079740793	-2.22464581637403	2.97777705192598
lezg1247	-0.0553789179537011	1.49019173352269	-2.90792933958783	2.81163215645816
liby1240	-0.956153156646529	1.63104299098686	-4.40248655749809	1.9605442228229
lika1243	-1.33819202993015	1.43168089021716	-4.3830751152382	1.25595491538576
limb1266	-3.25141666614954	1.52972471021472	-6.64023077919072	-0.505902551158648
limo1248	0.390776414924886	1.10377094305814	-1.78649868702753	2.53124162461057
ling1265	-0.982684714336442	0.777071841332298	-2.53612715276999	0.526889455445028
lipo1242	1.6335140594582	1.3163586228326	-0.827443798545472	4.36067965765973
lish1245	-0.933820488659603	1.68407942930096	-4.54806351570977	2.13969990420865
lisu1250	1.73313035655038	1.24887463317834	-0.617015136117105	4.38595475548275
lith1251	-1.84421571039448	1.72698263018398	-5.42222863725584	1.25409641547275
lito1235	-2.18363893926055	1.62405139408155	-5.60284931947299	0.791596597062886
livv1243	-0.620877873189364	1.80832219726896	-4.38172862124092	2.77260797154067
livv1244	-0.928486613824511	1.81983606049977	-4.7607384733736	2.50023440637139
logo1259	0.0445090061766961	1.5324797783461	-3.03496043475485	2.98190884342996
loka1252	0.863237127463423	1.43576716286128	-1.98278786990492	3.67671711430409
lolo1259	1.22991041545028	1.33155627695037	-1.32233902882994	3.93331126817255
loma1260	-1.03712933033712	1.64576346640558	-4.54235169138475	2.00186562758355
lomb1257	0.572876103670164	1.79587497187888	-2.7130265983981	4.32443618715688
loni1238	-0.0550993548199895	1.14231032128343	-2.32725830705967	2.18762478998139
lote1237	-1.2239415318417	1.36400656168904	-4.04327060264832	1.30526651440003
louu1245	-0.151245527719591	1.12107699397592	-2.38095863581037	2.12916954934874
lowl1265	0.992276257608737	1.41720416802563	-1.64288441875877	3.89089999097701
ludi1246	-0.593572217531052	1.81851761824301	-4.30189848972832	2.788281388755
lugb1240	-1.00909153605806	1.50794914650942	-4.01746201111058	1.76335518115827
lugu1238	1.88779883661503	1.48120698835208	-0.757788556434407	4.98706211257819
lule1254	3.00488854339924	1.6760073091494	-0.0212802361674424	6.42180127059471
lumb1249	-1.26448055970664	1.65594439592404	-4.8360435207317	1.74455018186086
lund1266	1.38385273437914	1.5582025810235	-1.52132526118378	4.61590771153676
luok1236	0.307696879920673	1.1999422652035	-2.08970430547068	2.6814811527562
luse1252	-2.05256540473402	1.6447089569977	-5.5601636070736	0.911556497416936
luva1239	1.83714068334397	1.58848399687922	-1.02807830501088	5.28676496246277
luya1241	1.73656295291611	1.60137842360107	-1.22448618729089	5.14781560687577
maan1238	-1.29192144550522	1.64567099150408	-4.76661327900725	1.78632938612494
maas1239	1.12351811056146	1.33941401009645	-1.37308277032396	3.80750901975535
mace1250	1.22950802114631	1.78506241815989	-2.06987187343456	4.86251754261652
madi1260	-1.37538797632291	1.64330383687455	-4.74139445260072	1.68787743396387
maee1241	-1.17020035945564	0.77280038572734	-2.74174857279996	0.273937207255499
mafe1237	-1.22893929560473	0.924730249891969	-3.12231731825365	0.535690763665672
maga1263	0.228911943889039	1.34273616354019	-2.52861760265817	2.86214178030737
magd1235	-0.0497905257012104	1.37172234879543	-2.70016819551892	2.68004739561251
magu1243	0.0571587936772275	1.19439651473655	-2.26983081776209	2.41255463992212
mais1250	-0.981054522590607	1.5184335040683	-4.15271016018222	1.89901255269707
mait1250	-2.25075511950058	1.57418779581805	-5.44855221720177	0.615655785308563
maka1304	-0.495742156445513	1.30167829850668	-3.15093828862758	2.00933617539503
makc1235	1.09688824099075	1.85454845219275	-2.32436810472997	4.88426124968934
makh1264	1.48467910846907	1.58112402693095	-1.48570290385927	4.81613861076614
mako1251	-0.447143130969839	1.53471930489375	-3.5499944340966	2.47847939582928
mala1463	-0.897840906909186	1.78589457028509	-4.59984018906439	2.39386590076387
mala1464	-1.05588352317616	1.79258757367428	-4.85978796217941	2.3450963863679
mala1479	1.14505081215044	1.54037646511288	-1.66819833851851	4.38247099380853
mala1481	1.06906327512505	1.61670527552902	-1.99322180629834	4.35672933949289
mala1522	1.00911416656501	1.44250032628442	-1.76224792361782	3.87318773109074
mala1534	-0.0511659971221218	1.15633636982629	-2.41925987312043	2.09668256912654
male1284	-0.750237262257755	1.26791562381191	-3.29604301435224	1.67273106657173
male1297	-0.292177046917202	1.57391365103395	-3.49621385483154	2.80316782123742
malg1251	-0.941431442329573	1.45529640173959	-3.88154603190783	1.83017816191989
mali1285	1.30218201285352	1.44393323210889	-1.46811659690793	4.2370952366856
malo1243	-1.09758062370967	0.83334350078531	-2.78592478477987	0.47889863923965
malt1254	-0.646207976688243	1.68837337876339	-4.14749463338313	2.50163638635288
malu1245	-1.14798504576519	0.789480899512567	-2.76215446370853	0.364023072865691
mama1275	-0.540858672635687	1.66573425377113	-3.97255915924076	2.61307429787177
mamb1294	-2.31643038289397	1.44597782332942	-5.29950055529847	0.324556631817427
mamb1296	1.17057807141721	1.58668534691393	-1.84326302667954	4.41679206219181
mamb1306	1.76769292644613	1.50621815232287	-1.0651453851813	4.93457546662059
mamm1241	-2.05211564900345	1.74666229853473	-5.65854275394546	1.18187476880591
mamv1243	-1.10572023572029	1.58359718783339	-4.30593112646692	1.8365757475813
mana1288	-1.18894733059883	1.25577068168222	-3.82064907313804	1.21686977989977
mana1295	1.59296339998063	1.52598984273977	-1.35142838729457	4.69420770089656
mand1415	1.15877822421708	1.63514653502423	-1.79868462537861	4.60919277751956
mand1423	-1.95190106652986	1.53690444105327	-5.26945254900938	0.826053990837672
mand1436	2.98556709690465	1.54744130229822	0.155889494160105	6.32486709466446
mang1394	-0.956700072271012	1.33193386107247	-3.66664920056859	1.56074993410406
mang1401	-0.638014363486757	1.7317543722364	-4.33779160850088	2.53519000221091
manm1238	1.70557657131444	1.42132977702137	-0.936087413721895	4.64867082872987
mann1248	-1.23817202757825	1.72349760384433	-4.80894950195597	2.03035028679872
mans1262	-0.656390751693127	1.55873341318052	-3.83383117706642	2.22142798574079
manu1258	-1.34492303943274	1.337613254998	-4.13527386816969	1.10659558999934
maor1246	-0.627708221593695	1.71061360049159	-4.21754577580521	2.52644673819871
mapo1242	-1.49721283984673	1.20971957525853	-3.98581361689056	0.729510703628368
mara1378	-1.20154310997132	1.7429802941663	-4.85852368857031	2.05815620667033
mara1382	-0.36259678333725	1.24470100163321	-2.88380125454191	1.98920031662537
mara1399	-1.07532369787396	0.768362979114629	-2.64138018068282	0.417361736637446
marg1265	-1.16734407092498	1.37615490729884	-4.00849080246943	1.39687670993146
mari1426	-2.20440731563941	1.3305798704603	-5.02011896665627	0.240488971755288
mars1254	1.16052435992993	1.66734017464837	-1.90832331861773	4.60630557473723
mart1255	1.16746236107647	1.61464577943218	-2.02328516869339	4.33182281019775
maru1249	2.30537583358936	1.56323502063901	-0.566812169877729	5.66296349177498
maru1252	-0.398759124905653	1.58819693242443	-3.70725739500242	2.6038781648269
masb1238	-0.372076062012396	1.44379850863941	-3.39463823211167	2.29754424946324
matb1237	0.94799157409452	1.47127222718348	-1.78219576516433	3.94686598629963
mati1250	0.322810597293894	1.24486930180481	-2.20797453877261	2.68719873895348
matu1261	-1.24097502117231	1.3938488247366	-4.15800302392471	1.29812568638965
maxa1247	-0.836382177720141	1.76677268210573	-4.42527655965958	2.38558344499866
mayk1239	-0.561440338032205	1.86315132765767	-4.41012155084751	3.0571602174094
mayo1261	-1.63587097453242	1.44853286102506	-4.72662342046927	1.08358205684468
maza1304	-1.88034117708291	1.2988238946643	-4.59899008536401	0.520042318087256
mban1263	-2.15850924303528	1.62227459927154	-5.58434908594843	0.724940551542945
mbar1260	-1.98879343726272	1.57638741978865	-5.34140218982445	0.919335819488078
mbay1241	-0.598559304105815	1.37095897785508	-3.37411369230191	2.00685174078934
mboc1235	2.37097364095938	1.26607474002503	0.0440849375404583	5.0507459057935
mbol1247	-1.40058240210376	1.67492192922855	-4.92409704363497	1.59560460265805
meke1243	0.556277146037861	1.30389376772055	-2.10000565254837	3.09537530446197
melo1242	-0.680890541586204	1.33795924431536	-3.3530858669499	1.84986492437891
mere1242	-1.22970548941404	1.02080608478835	-3.28374071005617	0.753155152098774
meta1238	2.18169909392244	1.14014850397821	0.0463916539532403	4.48084621213263
mezo1235	1.27816410282611	1.46370477945308	-1.47190446795286	4.22638620363308
mezq1235	1.58228282587118	1.6919496452085	-1.66528290237123	5.0684030034122
mich1245	-1.34154289313585	1.61566198214264	-4.73663279174183	1.71055740361715
midd1327	-0.95718354549	1.18101593873523	-3.32320149452029	1.33245111317885
miga1249	1.25591520746713	1.63367843284374	-1.82626994306277	4.61032803693435
miju1243	0.480983719797123	1.31630560670024	-2.09564877342157	3.04569000511093
mika1239	1.16273301487071	1.67391484035942	-2.05104763578639	4.59973396009914
mikm1235	0.722459463327695	1.76544940257312	-2.54314339945905	4.39928249326205
mila1245	1.80621409879888	1.43407174072109	-0.758674468562037	4.8321760489564
mina1268	1.25093061538427	1.61336006851364	-1.76922539493177	4.68046472886376
mina1276	-1.73797979980344	1.27429852433416	-4.42188219254993	0.65177792661303
minh1238	-1.27306553243404	1.68901786141379	-4.73978116436242	1.9105880292414
mini1251	1.79884143334289	1.37991546413859	-0.73238978644877	4.74968669659336
minn1241	1.4325592290952	1.68266979951057	-1.66718825615296	4.9228165448073
mixt1426	-1.41977153801938	1.48581615361149	-4.47282938163986	1.38816357485478
miya1259	-0.352273957864957	1.72995980528257	-3.8306432371324	2.93802376711037
miya1266	-0.795477916748886	1.41069560031276	-3.68888008957753	1.84030825791763
moba1244	2.41053403317874	1.61326479251917	-0.543167920756271	5.85569288248952
moch1257	-2.09854134752564	1.7042412577646	-5.7029974697713	1.04785448688868
mode1248	0.741846148668392	1.85365226686222	-2.75320955206665	4.60180477981404
moha1258	1.18504175015269	1.70172105548587	-1.9533165551603	4.68263153849557
moke1242	1.06173229111683	1.67408023634888	-1.95232012802682	4.58618006523515
moki1238	0.244937800245414	1.47141506945075	-2.58076410414177	3.19055762048979
mokl1243	1.18486051347013	1.69425466286772	-1.86812071629995	4.74808804267299
mokp1239	1.80648317976044	1.30385118041132	-0.66679165381586	4.51393889711375
moks1248	-0.530862250601059	1.83997817606048	-4.40658096012718	2.94503773154995
mola1238	-1.32806016198755	1.57797274931365	-4.50771079429864	1.66517985076586
mong1338	-1.34109523084844	1.6861966900937	-4.87732206419142	1.72030083725078
monn1252	0.82827105038078	1.68614775378128	-2.31488241879838	4.31860540912014
mono1270	-2.00057043113701	1.66158986179415	-5.51193123076136	0.985476435940535
mono1275	0.652388402383955	1.61871176429211	-2.32723524201308	3.99611714427612
mopa1243	-1.40200279265674	1.77936106594938	-4.99479787055633	1.91058790788026
more1259	0.502786125184035	1.37265784426086	-2.12798098079585	3.21250610531444
morm1235	-0.993039006616272	1.54301897580112	-4.20528170335746	1.93214952776288
moro1287	1.83957613446822	1.53116122340828	-1.14796013570563	4.88724140462889
mose1249	0.65436045683527	1.62625900160109	-2.3714432575245	3.98421614296906
mosi1247	2.50102171300894	1.52038029125283	-0.364667975415746	5.73922205031951
motl1237	-0.745971774975753	1.26285356986787	-3.3048087291372	1.66632998211711
motu1246	0.743521357111221	1.27725512000941	-1.77336998499018	3.23810337325342
movi1243	-0.738401529322651	1.51682726569299	-3.88110441335499	2.14022507267888
mpad1242	0.523163489693571	1.50750540343205	-2.43728358279392	3.52761516882214
mpii1239	1.58302524625446	1.59983266860218	-1.31817472518467	5.10356984368317
mpot1240	-1.47471299158058	1.57488559526928	-4.79071484378906	1.41381147859765
mpur1239	1.13584959622037	1.55847933135458	-1.90199038233072	4.23644502369684
mual1241	1.7425348103122	1.54806756906809	-1.04357279409219	4.98112639895153
mudu1239	-1.40445261199723	1.75258739468029	-4.96358272734127	1.79456646267799
mudu1242	-1.38235712737221	1.45308185709348	-4.4183258200592	1.26608087321279
munc1235	0.919109318949772	1.41286918131883	-1.78038761332817	3.867715321824
mund1320	-0.192794056608423	1.69490534379738	-3.67368455336692	3.07272835613432
mund1325	-2.37609964860747	1.4725649945043	-5.44287654663479	0.277865755053078
mund1328	1.46149388167357	0.941149167908254	-0.290847173727884	3.44985420923845
musa1266	-0.766276346226092	1.43911032997803	-3.73101871588089	1.96032753177133
musg1254	-2.17424612312997	1.49553576340749	-5.29576736711717	0.577962229597046
mwag1236	-1.22460888759114	1.37941844978034	-4.05869611784613	1.35075035638048
mwan1250	-1.60102480247186	1.61202592170018	-5.09509599887217	1.33871300002573
mwer1248	1.13275401801518	1.52249792722529	-1.73837375356246	4.23786520189723
naka1262	-1.07190096838208	1.31342306946999	-3.81530538049704	1.41970681618675
nali1244	2.38100295665864	1.45753296332088	-0.190438649763357	5.50781042123441
nama1268	-0.686435105506071	1.10613616678807	-2.91289746060834	1.42557347636554
namu1246	2.33789047431217	1.39721903116542	-0.206285118342684	5.22254604455738
nana1257	-0.55471045885298	1.84060365578119	-4.35637686264944	2.9402107772389
nand1266	2.40506688437111	1.5576709800337	-0.48074808254543	5.66504934614272
nara1262	1.79747534821506	1.59512883687407	-1.10487926574795	5.20846738276361
nati1244	-0.78553148408762	0.913946880982413	-2.60773086825264	0.960648836682863
naue1237	0.269037059252783	1.32217853428424	-2.27511678725277	2.87755550380017
naur1243	-1.33003068116219	1.59438261524838	-4.64620632519541	1.63118681637906
nava1243	-1.18390536578396	1.61194927932804	-4.60231463040167	1.80706654524952
nawu1242	2.38332187141352	1.53020067949032	-0.452909321138027	5.56519011416723
naxi1245	1.40118510313988	1.36537981484591	-1.2043804225681	4.20409858420081
ncan1245	1.54183016584714	0.976997863864504	-0.309716911596469	3.56760960252515
negi1245	-0.446973502710603	1.83412537790917	-4.21418628917511	3.00412525211305
neha1247	-0.541220431691323	1.52120191475343	-3.71658935794534	2.38976626688493
nene1249	-0.715093048800162	1.7546769503851	-4.44993984157334	2.45095239957495
neng1238	-1.23252488681965	1.76790974794475	-4.94663369987592	1.96846130031201
nese1235	-1.1715457744196	0.785303636988044	-2.76009114492795	0.315857909378696
newa1246	-2.57240924325424	1.39331480237974	-5.50150855342985	-0.0153707224802969
ngab1239	-0.737109993542047	1.47083134740329	-3.75818038302702	2.07859012236354
ngal1296	-0.820060510513528	1.51888221792747	-3.97615040798047	1.97998593714589
ngam1268	-1.1681256660575	1.40101846961529	-4.10399466722322	1.43110768792471
ngan1291	1.79794309695216	1.60474610065812	-1.28928763394976	5.15910525781312
ngar1235	2.30549823369465	1.65690529676031	-0.841597348431736	5.6632086007866
ngas1240	-1.14175750270803	1.35375831747468	-3.90872020105499	1.35764863977475
ngba1284	-1.77939333939418	1.69688476078557	-5.40896234168948	1.31885259976131
ngba1285	-2.21288929396887	1.58206629984336	-5.53351629788447	0.614593950616802
ngit1239	-0.352115155057438	1.40828750998056	-3.21129528157912	2.35979813768397
ngom1268	-1.67380892931381	1.66772838528299	-5.21938932658677	1.41040394095665
nhan1238	-0.516531230869849	1.74821061386127	-4.15805011049063	2.68188677751887
nhen1239	1.78678857330789	1.63063328225089	-1.24698827811771	5.21332380888175
nica1252	0.757864088555108	1.77085014382185	-2.63871138045004	4.28935049816354
nige1253	0.532984883095396	1.32205092959102	-2.07832801447867	3.18187565261667
niha1238	-0.972738714175027	1.76823717060189	-4.71479068185273	2.23206464449345
njan1240	0.754593969197099	1.15050809001434	-1.49485275657115	3.10569365291955
nkon1248	1.85051445732566	1.01001060778015	-0.0305390024799759	3.98314744383545
noct1238	-1.29626011662749	1.30467337184854	-4.02705236776323	1.10707393077954
noma1260	0.451029927635806	1.1039619748533	-1.71071759370928	2.62738667919146
noon1242	-0.107607989167922	1.53145404401434	-3.20232245697616	2.91229838992278
nopa1235	-1.92070786973609	1.30176759292037	-4.57022670192407	0.552461783561338
nort2671	-0.390943850349772	1.83897749238965	-4.13391833774858	2.98136367472364
nort2684	1.18659039895044	1.67224659248689	-1.9003646009128	4.63032774365536
nort2690	-0.321735557038904	1.85071186338657	-4.09406012621502	3.20513496677307
nort2697	-0.164279346839482	1.66271625628707	-3.55376985432719	3.02826393889399
nort2702	-0.72345491895106	1.81101200587672	-4.43467930766754	2.6501671397524
nort2722	2.26085833048345	1.45860700730295	-0.423590958079766	5.28797853878699
nort2723	1.8605264786365	1.37466568859467	-0.667142654510091	4.76565173009515
nort2732	-0.959666440927838	1.68134131724535	-4.47351929373391	2.14011125229667
nort2747	0.980063017514237	1.82332915334545	-2.4880744651631	4.70041628604606
nort2774	-1.56710992157573	1.52721423593729	-4.81707147678114	1.21912938270072
nort2775	-1.21876838980076	1.62376799184601	-4.63361481524653	1.75414492552151
nort2828	1.25393447095892	1.57020559375413	-1.62494534369307	4.54372179405085
nort2839	-2.11164217595095	1.00160807762489	-4.20226110672256	-0.25354971875848
nort2845	-0.657321567587922	1.75502188834315	-4.42145225007911	2.5611341226833
nort2847	-1.75905072642715	1.40855116536091	-4.76236683585206	0.748179285213774
nort2885	-0.92433791822176	1.54694524829888	-4.12316040804349	1.89768714306191
nort2942	-1.0951967007295	1.67683411321173	-4.65405278920966	1.98532421904823
nort2954	-1.49023344492226	1.59995918553962	-4.91797294689613	1.48162828552478
nort2957	1.87536221304615	1.41882300682965	-0.742580787778815	4.83771939897919
nort2959	1.31668733531053	1.62614898822473	-1.67157856086784	4.64367723933602
nort2961	0.690782804731814	1.77573788291733	-2.61721294695049	4.41133943221707
nort2994	1.52119920106153	1.6056467359583	-1.36041108595504	4.95779007438315
nort3047	-1.87471996192439	1.37623824429752	-4.69927453102149	0.775220132624623
nort3139	0.557551738237725	1.49996203860545	-2.55043664407137	3.4226324500643
nsen1242	-1.130326284341	1.63504060957396	-4.57389146236812	1.86931605074193
nubi1253	1.73760948944189	1.26795091432478	-0.628370845150929	4.33169822797767
nucl1235	1.24502578289111	1.54613670829989	-1.64256152904246	4.46905758093209
nucl1301	-0.328436101728265	1.81164585225867	-4.02208678778655	3.03166379817352
nucl1305	-0.932571932912639	1.79628800108641	-4.69651472827057	2.40921765656777
nucl1310	0.357876218126765	1.20901198686876	-2.07564391786657	2.74331366746297
nucl1347	1.52148413225858	1.58843826231954	-1.50428195223358	4.83988678746431
nucl1417	2.73540871255049	1.33669012712563	0.404301608590498	5.58732413162618
nucl1643	1.80115423757719	1.64677366546065	-1.30795840058509	5.15273216862432
nucl1706	-0.686626760950717	1.76902406607579	-4.40100019168263	2.60052395151485
nuer1246	-0.908754071382473	1.66885717132225	-4.29239175468844	2.2331507115181
nugu1242	0.460495147127002	1.07363332567508	-1.60764493831213	2.53854170701297
nukn1238	-2.69965018696156	1.39683374307224	-5.59128586939152	-0.102126842056371
nung1282	1.01693691799487	1.28942494822795	-1.48733405679493	3.62773216959921
nusu1239	1.94038138696442	1.25645782303756	-0.436485748553904	4.57564612958551
nyah1250	1.42528974921895	1.76432898810048	-1.83229514009424	5.11250371712478
nyak1260	-1.58098378498452	1.67541098451737	-5.13244430784225	1.44048039907672
nyam1285	-0.559770447431904	1.24299839763121	-3.07805621851338	1.78068395004081
nyan1307	1.60273776560486	1.54115097837821	-1.2496691296673	4.82418685189017
nyis1236	0.481087156932137	1.2269015187864	-1.88030358362973	2.92558228018701
nyor1246	1.00444931538975	1.34960591269684	-1.5747041375338	3.78730004427905
nzak1246	-0.931015225439437	1.42838991538208	-3.87731312296412	1.73926899495013
nzak1247	-1.43001629554191	1.57215565482243	-4.74273693726124	1.47264395344234
occi1239	0.414256966863511	1.82709647259098	-3.03123065069757	4.20716041565804
ocot1244	-0.803109902598488	1.34616107287387	-3.49205787586877	1.81414940240143
ofay1240	1.80700947518799	1.67150956793742	-1.33329755347779	5.27394516196482
okan1243	-0.452537237581864	1.72130310111244	-3.90250949635862	2.88553492231412
okoe1238	3.26239233615138	1.44087636044591	0.75306357672055	6.3975542279003
oksa1245	0.285751212756043	1.67289815456881	-3.08531003989061	3.47050182518589
okuu1243	1.94558890627115	1.0023273646147	0.0829733243581632	4.06354514229241
olde1238	0.420146469732427	1.83338514065956	-3.01437288376708	4.2557714297244
oldm1242	1.72865349261454	1.74360829667539	-1.38673434360126	5.56777487229986
omah1247	0.73251162894436	1.77507516527947	-2.70499213202508	4.36126157328787
onon1246	1.21694049796872	1.7180710688601	-1.99638037603128	4.85922578800646
oriy1255	-1.31621405555542	1.67909166719782	-4.80433377365059	1.75525922541295
orma1241	1.74204590236231	1.58377563623132	-1.18411101667352	5.07838371426467
orok1265	-0.428266371622206	1.81249203247894	-4.22705758574552	2.94881769966601
orok1266	2.40266104953381	1.3512199837914	-0.0443925858617974	5.24570141809191
orok1269	-0.594381473376137	1.52164135948234	-3.70161832367947	2.23982854951405
otta1242	0.657833181731124	1.74897516923025	-2.6061526292986	4.34725446322169
owaa1237	-0.548295198518365	1.74980721541849	-4.27992621049842	2.62937009467817
paaa1242	-1.03888319991124	1.49924954784736	-4.23855597940858	1.70686235651223
paas1238	2.55230196003391	1.51276877127669	-0.184519894194162	5.84447308383222
paco1243	1.60689772708905	1.71856528144778	-1.53872946485855	5.2225205010019
pagi1243	-1.10288728981941	1.45638893729431	-4.17177869994654	1.59548042625593
pahn1237	1.49109763171439	1.71252800660221	-1.6807865524833	5.03884761622912
pait1244	0.639506866770091	1.13069482500409	-1.58406387610426	2.89502067042982
pala1344	-0.744450467293833	1.74566143860819	-4.43134766941105	2.44293621270093
pamb1243	-1.33881646294987	1.42113610980915	-4.29737952141915	1.27903652674243
pana1307	-0.609020908408305	1.72261363041679	-4.10615180214087	2.74764257484505
pang1287	-2.01264708819989	1.53474554340659	-5.29934170950902	0.691680849335271
pang1290	-0.477053196416418	1.32619040314152	-3.18652963802478	1.96515688170286
pang1291	-0.175855870381557	1.54642455365075	-3.45268577702441	2.67628954000456
panj1256	-1.25074745734116	1.68565189711253	-4.89866500620874	1.79363141802326
pano1254	-0.52465324574986	1.64866112923132	-3.9432852134356	2.56720086706437
pany1241	0.607451644007166	1.76756106097273	-2.98409830719302	4.02439088879649
papu1250	0.506894287478938	1.50070237038976	-2.30710639342381	3.5852020103743
para1301	-0.0588361393570317	1.63439084399965	-3.30436986567709	3.14253662280236
para1302	-1.68251277526984	1.2602256211778	-4.25935810926211	0.659654528509698
pare1266	-1.16641587535963	1.66650691831979	-4.61033417915577	1.91415700537659
pate1247	-1.23768308382388	1.17080882219323	-3.66663209366521	0.979632758490453
patp1243	2.012341180312	1.45366825719995	-0.591033817704435	5.09166207903941
patt1248	-1.91476449915033	1.62369993595318	-5.41371878924959	1.02925167314512
paul1238	-1.11727748825944	1.30596332254109	-3.78191589347118	1.33562987411033
pech1241	-1.16690994646746	1.69506349444347	-4.59664599746945	2.02488625385577
peer1241	-1.31756330759299	1.38703293820419	-4.21149565934148	1.2352442762585
pela1242	2.10681482289131	1.35957257666684	-0.293776938914133	4.95248285948115
pend1242	-1.9004620114311	1.56571340666287	-5.19316712700116	0.893806677428169
peng1244	-1.18542457732676	1.69954265523172	-4.72786871607707	1.85453825174696
penr1237	-0.630019445695077	1.71505655512544	-4.22042606677428	2.54996412229735
peri1253	-0.572675456664347	1.78275659990378	-4.33947913174143	2.67691181908379
phai1238	1.6612115648032	1.80892209635012	-1.6800419487571	5.4294139476218
phom1236	-1.02805817358081	1.13076612906647	-3.26529789226724	1.07961815903528
phon1246	0.89489438141502	1.71627057160153	-2.24563079815143	4.43187796522741
piji1239	1.60245037564396	1.32709019372135	-0.933529576579585	4.28062893833867
pile1238	-1.90130297930381	1.47120350031886	-5.11232325324364	0.765108847379074
pima1248	0.717836428126066	1.51428445486096	-2.09235604880917	3.73989185122779
ping1243	-0.811909164495545	1.48865580152639	-3.94532002821104	2.01525574731534
pipi1250	0.35438620839634	1.54614884517389	-2.63507492794861	3.64426277523753
pite1240	3.14318294821713	1.65918809616109	0.124700944074325	6.62012944752954
plau1238	0.283168301112422	1.89156699768972	-3.24403703764396	4.14840993841238
pnar1238	-0.619264150365669	1.33883773435514	-3.3036808886826	2.01572853830483
pohn1238	-1.04192750848616	1.54697741394814	-4.28051950679528	1.95024482131555
poko1263	2.14984869530479	1.64936954657398	-0.919639262131495	5.60354121045681
poli1260	0.364728143173042	1.85630853919781	-3.0834589931181	4.19549842480347
popt1235	-2.30490109697063	1.69322399619372	-5.92721421691823	0.915044882904697
port1283	0.422121623829057	1.86294413863583	-3.02920506901015	4.33745847576214
poya1241	1.25267457465062	1.49268478312827	-1.63417888105761	4.26385996082387
psik1239	-1.11543413298263	1.27709849807326	-3.73339454201504	1.35531316916462
puka1242	-0.677809725638312	1.73799812119572	-4.32797032546868	2.55205202842368
pula1262	0.389724114890984	1.48286835924111	-2.59257762655657	3.29350407525023
pula1263	1.92384187377109	1.57297605291839	-0.972432090404039	5.26999336904592
puma1239	-3.49244474353354	1.40565886592739	-6.55712856632271	-1.02399125357745
pura1257	-0.243428983946627	1.64117814824514	-3.68286652475223	2.81386958398303
puri1258	-2.0267652325136	1.71959923984554	-5.66777608468283	1.06899797927679
qanj1241	-2.27592177378569	1.73550466681865	-5.93671152070717	1.06411081970088
quap1242	0.729296684535123	1.77760003052406	-2.59893177641769	4.38814717532209
quer1236	1.2532615300732	1.746845271874	-2.16217278799056	4.79167018266366
quio1240	-0.169335048034782	1.27330249847892	-2.70226644699182	2.36340128144018
rabh1238	-2.67024345125808	1.49613180260358	-5.92886368144342	-0.0296762738368153
rade1240	1.05858054430577	1.44682133534861	-1.59303343894618	4.01795099880007
rama1270	1.06009973964829	1.58153785770206	-1.91072294657059	4.33533552275962
rapa1245	-0.669823065592535	1.76530868718463	-4.37984449227247	2.54324189280641
reja1241	-0.598230201844186	1.54790053168871	-3.75578564003274	2.36121205173013
remb1250	-0.611732709815371	1.33599180622916	-3.33799045462974	1.96631961007684
reng1252	-0.355114471944194	1.28660692992871	-2.89895488258714	2.21156765906577
rere1240	-1.13370528593674	0.80640264320708	-2.78236718249042	0.395187284238652
rikb1245	-0.462930146339626	1.69797587383003	-3.97758529373883	2.69387993732841
roma1326	0.547538992510526	1.79319767526184	-2.76716968006713	4.23457202171932
romb1245	-0.613123071753701	1.56325615557893	-3.91863677900568	2.25007268375183
rong1264	-1.88458192141371	1.61494886966938	-5.24764629964815	1.0635466891106
rong1266	-0.364642419075337	1.1431300074172	-2.64352274585523	1.85909039187395
ronn1241	-1.26564417920944	1.36096675977616	-4.11616815450145	1.21476592178274
rotu1241	1.15160939781467	1.64254700205093	-1.88224762732213	4.56790825424286
ruka1240	1.1532067007596	1.17079566672741	-1.16071263992792	3.43867267297036
russ1263	-1.0278673748442	1.66427444899695	-4.59249607480355	2.02914207073843
russ1264	-0.618722881339856	1.79410828396981	-4.30789021252557	2.7727425612622
rutu1240	-0.618090260773785	1.57484890163344	-3.74618034807863	2.33921496341181
saaa1241	-2.3939593401968	1.08311787995054	-4.72602323816429	-0.414112206707857
saam1283	0.618343983691019	1.27078761171215	-1.88585805133721	3.16772084489856
saar1237	1.639399160653	1.06529212877987	-0.385234368735957	3.72797019455865
saba1263	2.24117314359026	1.49170795205562	-0.423827260124978	5.31690580546297
sabu1255	1.98316189930057	1.46820498046666	-0.78192271038712	5.04521440233668
sais1237	0.992029753562228	1.28763280383403	-1.52878858022193	3.61045702307463
saka1289	-1.45717196498922	1.10410813309901	-3.69668601237526	0.64907940206467
saka1291	-1.28612234063181	1.63258895098782	-4.68674534657042	1.75687436426674
saki1247	0.647718872694093	1.22485180930891	-1.80537661325831	3.02939216357796
sali1253	-1.29492891193523	1.62534219746036	-4.69198694808295	1.7696943413742
samb1305	-1.17855722347349	1.24040930896152	-3.78095379023045	1.06058503793289
samb1311	-1.10776470708024	1.22766665107576	-3.68672132694237	1.16375681497153
samo1305	-0.679055274655856	1.71579626959166	-4.32775268695008	2.41139474529727
sana1295	-0.535230856267902	1.76800451255265	-4.21104340500398	2.75350086013369
sana1297	0.460238244281278	1.82719084717317	-2.99403571418152	4.10033909669212
sanb1242	1.85618452884143	1.6489050438145	-1.21226230748603	5.36273365016411
sang1331	-1.07813889511322	1.62043780998429	-4.42928754847266	1.95431529129482
sani1269	3.02602043505944	1.53125145856577	0.342686892752041	6.34907753559904
sanj1284	-0.74073280543592	1.28657685768767	-3.24548409979315	1.72214488097594
sanm1289	-1.10841499890852	1.71899772444692	-4.72801704530964	2.06312263786036
sanm1295	-0.232270890810527	1.32751069857214	-2.83986902454066	2.45431108391944
sanm1301	1.39591806986616	1.46801662080445	-1.42537166879095	4.44224066519137
sant1410	-1.06630159717251	1.69044860767598	-4.59907545837987	2.09152764155542
sapu1248	1.58079423712443	1.59539952468773	-1.34052288873773	4.92179060633573
sara1321	-1.32396986502241	1.71779761646849	-4.91675460090223	1.82900407796095
sara1340	0.872187597086417	1.65413877562106	-2.17164087339917	4.22087596954804
sars1236	-1.12315932392657	1.65658027000999	-4.56484352053215	1.92412150101735
sasa1249	1.60845036332092	1.59423104701926	-1.33423410248856	4.90404420131047
sata1237	-1.33539480378143	1.63098316817889	-4.79565517420919	1.71866429767231
sauk1252	-2.30549235412445	1.3354673816203	-5.05263744825214	0.204749807850848
saur1249	-0.728701843724053	1.6770144293168	-4.34201623601278	2.3435947506938
savo1255	1.45906708240931	1.30096922479135	-1.14135833283252	3.99233693163768
seda1262	0.19748600367675	1.32485333527088	-2.36239640793637	2.8242947449646
seim1238	1.53396751415518	1.65591654129483	-1.4473142086636	5.12364218976706
seke1241	-2.42937112666703	1.08273897324575	-4.74159525273101	-0.477652943842529
sekp1241	1.99821665289674	1.04597389496695	0.0615669634360396	4.17552286501753
sela1259	-1.08721072058989	1.54844935118183	-4.35777692344673	1.76976452219785
sela1260	-0.0487246223033455	1.6407713661743	-3.45644541944554	2.99413527154227
sele1249	1.93105542878321	0.98360497395345	0.116818738551489	3.98258639456498
selk1253	-0.715998582682502	1.72215658795417	-4.23605686464399	2.53859576852396
seme1247	0.322578423068487	1.58611704038292	-2.79917453861417	3.4000478032934
sene1264	0.766262817069607	1.65233445275226	-2.3659515160153	4.17713063347862
seri1257	1.30980602965566	1.69042300296095	-1.86520983140651	4.81412607541585
serr1255	1.24746249942003	1.55057293572367	-1.58985769442177	4.48306491104
sgaw1245	-1.12492542399017	1.61356063788908	-4.48501523928712	1.87071969076891
shab1252	-1.24183042275326	1.57086308684533	-4.50264868249694	1.62508077505825
shan1283	1.39563904332546	1.51965281461048	-1.50000257315651	4.45960391337697
shaw1249	0.665514592658234	1.7603635200317	-2.59088253885359	4.26695883565224
shee1238	0.98580759653056	1.87555619797352	-2.59794373203153	4.88650574602038
shil1265	1.22640309135084	1.70633304309783	-1.93849159838637	4.65958709458949
shix1238	0.452663577788828	1.30306481163092	-2.05250871557124	3.0248383087708
shol1240	-1.33670182645103	1.78389476209342	-4.9991664488808	2.0347181133298
shon1251	-0.912705728125538	1.60224325744474	-4.23652985791913	2.106023500115
shor1247	-0.311667691704944	1.83831561088517	-4.18384337340582	3.16821870774169
shos1248	-1.49230004451491	1.62186946021921	-4.75999668348393	1.51267922869773
shwe1236	1.62886826286923	1.50442573787146	-1.1253477494845	4.76948454144662
sich1238	2.13291490461874	1.49888442364177	-0.645141757787432	5.24461871602862
sici1248	0.184156363659342	1.7814582440579	-3.17757492802222	3.79029188320383
sici1249	-1.0703363012501	1.41491572028565	-3.97304700978437	1.6042199829379
sier1248	1.03483286278743	1.43221815115361	-1.65063115972364	3.97461089269596
sier1250	-0.433514575490236	1.27053656374707	-2.91148820516191	2.04658593593289
sika1261	-1.10548249031275	1.60491777962813	-4.35537617627875	1.92686797883286
sile1255	-0.311645795600959	1.42161813188396	-3.26030736614633	2.3407383261308
sina1266	-0.0212768010506224	1.29795958458075	-2.65902186134742	2.4807924277974
sing1264	-1.13663325837101	1.35848842531586	-3.99821796026638	1.38693884806795
sini1242	2.4842304607296	1.60608980182638	-0.481218525015562	5.93372467616979
sioo1240	-2.83638123285245	1.44233008869722	-5.85865237891304	-0.253403390964458
sira1267	1.70544579134719	1.27255687522352	-0.732894267971334	4.29142457781561
situ1238	1.81240676243642	1.32317856848625	-0.610646219796044	4.63406400711888
siwi1239	-0.921778670352447	1.68411408175149	-4.35061625625952	2.14138408852862
siwu1238	2.01047669205034	1.00396200845176	0.164378683238801	4.11724422642423
skol1241	-0.732433129718239	1.69128211666907	-4.15176841940825	2.33886529385558
slov1268	0.413569545145059	1.83598128558374	-3.00819293332295	4.11643600689952
sobe1238	-0.858833731732427	1.5417386629306	-4.02954563487773	2.09653342029087
soch1239	0.264131990632664	1.32206650080268	-2.31415627217361	2.94104648036054
soga1242	0.737182900036829	1.38167264514971	-2.03231715680254	3.49270318897563
soni1259	1.6576635670102	1.57924718354577	-1.3451112092463	4.92137880780068
sons1242	-1.3262646678905	1.62762559849113	-4.67701781490848	1.60475209591009
sooo1254	1.70867213108871	1.72834028810295	-1.43581041103394	5.29944311032853
sora1254	-1.14643256927439	1.70700490138636	-4.68910989560884	2.01877393404365
sout1528	0.456750700221383	1.83208744671453	-2.99921110897514	4.26943979094884
sout2649	1.44851499175565	1.6642430144903	-1.67649697625984	4.97040130121725
sout2674	1.7935198416282	1.70178463650961	-1.4470670846636	5.37397593802199
sout2679	-0.986561678057385	1.86923274938585	-4.85477319147595	2.51847841759388
sout2728	2.11489626008143	1.46418923252096	-0.57332731961148	5.2034261086565
sout2729	0.855999290846197	1.19483177694916	-1.4387254009529	3.25684046644783
sout2782	-2.21690267327354	1.43581593790843	-5.22062555123837	0.403150795556872
sout2797	-0.297262704847039	1.16954414626468	-2.67083202224564	1.92915085860751
sout2807	-1.15784936899782	1.68131061051359	-4.76726048794362	1.88206481830691
sout2856	0.653871637421241	1.37845027382344	-2.09134890453309	3.34401886762541
sout2895	-1.43864350018368	1.29521228214144	-4.19994903542512	0.972108335433789
sout2918	0.516961640299473	1.4555593748873	-2.45347991386957	3.22330520463056
sout2954	-0.777657723474989	1.73633011675294	-4.44146995688731	2.39227108445203
sout2959	-1.12620325321718	1.70648428507303	-4.72740578398268	2.05197829382185
sout2976	1.55257017014708	1.65898299850023	-1.48951076511978	5.07683476360902
sout3261	-0.780538670378113	1.65404616380629	-4.07694363544935	2.41428920020053
sril1245	-0.890262245056875	1.70886950089973	-4.42726655961387	2.23606976065148
stan1289	0.507772751761942	1.81338703521796	-2.85643724697199	4.25413423206572
stan1290	0.384837059254634	1.82980888818959	-3.07692205432846	4.16190629748685
stan1293	0.357440736563711	1.7877198998606	-3.0034130233403	3.97850540225485
stan1306	0.44303800196611	1.59718342947354	-2.56513775993423	3.78073578710177
stan1318	-0.514003904961635	1.79137552989805	-4.26298867575807	2.74065771612489
suba1238	-0.243353009601091	1.29798067081621	-2.91212084102715	2.20694345274622
sumi1235	-0.506208437718545	1.10325080856532	-2.65694597459118	1.70034881818207
sunw1242	-3.43669830791036	1.39849028206508	-6.38698945892745	-0.907393612590183
supy1237	-1.16310577007413	1.63102340936592	-4.52533515380199	1.88963987607237
surg1248	1.83190406318131	1.68185528819419	-1.33268640977185	5.27832051384504
swed1254	-2.42300815945027	1.63594688164794	-5.76450930452033	0.739165521831221
taba1263	0.122792160851561	1.65306678354471	-3.16093919878511	3.27154545560787
tabo1241	0.0480642851277609	1.66174170510611	-3.32195126154965	3.2713685423255
taga1272	-0.294369803457594	1.25220542812482	-2.87617550808747	2.04280587128705
taga1273	1.91954874300338	1.38214449143484	-0.699412522173883	4.82023674303434
taha1241	1.51130779770234	1.62122989277492	-1.48742275916508	4.92399598211565
tahi1242	-0.663709628920701	1.72626017185794	-4.26398203945524	2.58476757809839
taji1246	-1.81891855859951	1.58191582864236	-5.21417596857382	1.05288545311697
take1257	-1.08830735109293	1.61260627780359	-4.40115790112233	1.90444727612427
taku1257	1.37503478084531	1.64592396805103	-1.6186084952261	4.79931724383363
tama1365	2.43098860790851	1.48938130903771	-0.215695827555057	5.72657219225398
tami1289	-0.864559495328808	1.84081746239213	-4.68931828248127	2.60694256352156
tang1334	1.16847142824518	1.60925833638364	-1.82122863503606	4.58662780002712
tang1373	-1.39949295808145	1.58293817634891	-4.81064113836355	1.46981211221904
tang1377	2.08612707805972	1.50461809062349	-0.593866767286826	5.30987234074732
tara1313	0.0585588566798999	1.09499034977753	-2.11679902935416	2.19132498593441
tari1256	1.13940563247918	1.76296833420528	-2.12077407371214	4.79565110479086
tari1263	-1.23529602935763	1.69181555317045	-4.79216197926059	1.94774269315953
tata1257	-0.154900210518484	1.35662307230377	-2.97480018845652	2.46735581590018
tata1258	-1.85580845051709	1.34415948608999	-4.59702349360397	0.69914780588126
taus1251	1.62907726896891	1.42830189847571	-1.1333630246729	4.56896624253567
tawa1286	1.56038835820827	1.60962503801969	-1.4050496500254	4.96411701378338
taya1257	1.54497972858064	1.6186534527151	-1.43864017214531	4.93981420636775
tedi1235	1.06487365273914	1.28352328537438	-1.39565026614001	3.68878913624485
teke1275	-1.46023388151832	1.70529287019198	-5.02773258712856	1.57121737503737
tekt1235	-2.14034944146056	1.70085263794787	-5.66045017852707	1.0396318518458
telu1262	-0.835424137535572	1.79106265382555	-4.48063849783038	2.48581290017942
temi1246	-1.62614900942939	1.57920933824461	-4.88024150618751	1.34528880896148
temo1245	1.05417226557249	1.63048484363658	-2.1296229769162	4.33753278825873
temp1235	-0.109576393827822	1.33561705459486	-2.8555994293905	2.31963893556944
tera1251	-0.421183293608019	1.35656142239045	-3.13754252494707	2.17390889351439
teri1250	0.278134678109996	1.3119057923767	-2.25905196966844	2.89023656255991
term1237	1.97475387736802	1.57492175992564	-0.866717759800598	5.3861377499804
tern1247	0.763009749901002	1.64431285877375	-2.40352645644806	3.96570345482717
tete1251	0.808136722205518	1.37132812470743	-1.80747120439979	3.56593970648564
tetu1246	2.02214169778661	1.44473625670361	-0.607021575321841	5.12002925322789
teun1241	0.507518817949583	1.46156042376685	-2.45166804430774	3.50898552720939
thad1238	0.586732485676422	1.10390857150358	-1.56085710159516	2.80863880066426
thak1245	-0.993828184557835	1.22022562182805	-3.50244991832132	1.32421824539823
than1259	-2.36685151579066	1.57844716000103	-5.71774982578039	0.53401911899579
thao1240	1.5253184751114	1.07254789104038	-0.528424447584074	3.70157429252915
thar1283	0.328133762101303	1.46137824472015	-2.56829723093263	3.17289798404097
thul1246	-3.28755166754697	1.51913225399343	-6.48427227984216	-0.548672583475967
tibe1272	-2.04635692867249	1.67341241390272	-5.58412688085339	0.949458923107364
tibe1274	0.815045684661632	1.13914505718454	-1.46339753756118	3.04498868175988
tief1244	0.098660557010402	1.14749250728466	-2.19614650600236	2.33267772296385
tien1242	-1.48947012252957	1.64563596717634	-4.97522879204614	1.44909231078674
tiga1245	2.25756228588318	1.44642631586284	-0.279068683810473	5.37990386939752
tigo1236	0.157964650737278	1.06249494738144	-1.9325386215798	2.27566361868146
tika1246	1.18136856734067	1.19213661851167	-1.1151208880283	3.65739772077692
timu1262	0.39121908628529	1.27135292037241	-2.17353848733594	2.8468409822637
tina1248	0.0163265605563907	1.29709742193921	-2.63652054167294	2.44577569836144
tiri1258	-1.43975575603941	1.7147901084349	-4.97498827428882	1.64190757713628
tiru1241	-0.19864177567285	1.28920506483818	-2.84983686120764	2.26946067929409
toab1237	1.49561249046498	1.30258780626876	-0.940253721464951	4.21554721295442
tobe1252	0.0791947672814679	1.63347218395713	-3.18206467893499	3.19299694101423
toho1245	1.10419185783995	1.69511570306453	-2.0418355209992	4.70067282683087
tojo1241	-1.97611489727404	1.72202001809094	-5.49617418986164	1.255902549867
toke1240	-0.657981999267839	1.72610718729709	-4.27866205246291	2.56430817100137
tokp1240	0.648367017975569	1.28982517602363	-1.85968319047669	3.20763454670187
toma1245	-1.17740117168073	1.65867488353265	-4.61310309103439	1.945631338408
tond1249	1.05044252473433	1.49526821116248	-1.84807554006664	4.00131829448838
tong1318	1.45679879933346	1.62022704799775	-1.58559754711995	4.88576364091571
tong1325	-0.657486823626582	1.73021977344448	-4.29411381263061	2.55195975745866
tong1329	1.04679924508398	1.59742399357963	-1.91061826470369	4.40812824726482
toor1238	1.32498339109479	1.37196620267554	-1.30016277127411	4.13936202493215
torr1261	0.274107566230514	1.78414157756631	-3.02863415560452	3.83628655078435
tosk1239	1.81575333285372	1.61970310876607	-1.17053020423842	5.21736923378339
tote1238	-0.510929035977017	1.62082122445761	-3.85665872656439	2.52510421330338
toto1302	-2.75008595922081	1.66419568722715	-6.41442282690522	0.282691223624804
trin1274	0.340429882262892	1.64623660601076	-2.88418853510235	3.59098804055534
trio1238	-0.845504634923166	1.77319030063668	-4.44392721921788	2.48186573525858
trum1247	0.20666601316603	1.44144238609895	-2.61212954287985	3.12114706221912
tsam1247	0.108559213936034	1.20941968715611	-2.30916200078771	2.46317884783852
tsat1238	0.942907439500977	1.71385599141144	-2.21412211005066	4.50422792619439
tsis1238	-0.415024333774004	1.44747733553476	-3.3704402742452	2.28216229204151
tsog1243	-1.24756979373891	1.68031737607718	-4.84068944945843	1.83020194584741
tson1249	-1.36937968902637	1.64588042100358	-4.90459980363145	1.56873484352439
tswa1253	-1.18415727094219	1.64982320860869	-4.70174012255502	1.78829973028247
tswa1255	-1.32947585024331	1.57713541119123	-4.69175354978767	1.51861225579949
tuba1278	-0.610509661646253	1.57064317484239	-3.85137311783696	2.37099506715751
tugu1245	1.33999024415275	1.44236342354932	-1.3667093266018	4.35737330690069
tuka1248	1.76838897605056	1.49442498271375	-1.14957847112971	4.78905646230938
tula1252	-0.165663308375321	1.18763774820479	-2.578114289321	2.17542086981971
tulu1258	-0.97157560153417	1.85341881564546	-4.87968643229296	2.42342149182591
tung1290	1.68564754258859	1.56241554538528	-1.11082862784824	5.00175406811054
tunn1238	1.52640233514381	1.61731807416614	-1.53672995674441	4.81393848579854
tupi1273	-0.925672420645163	1.7091354969046	-4.4801095111669	2.16715039974548
turk1303	-0.238815155438888	1.83637449737959	-4.08671694275607	3.1554071033221
turk1304	-0.320830358433754	1.83449599577181	-4.14845393795879	3.10071300386706
tusc1257	-1.2957448477078	1.6194278873354	-4.6784050802334	1.72363757700557
tutu1241	-1.21868000572844	0.871314225317708	-2.94245916746718	0.502791750476197
tuva1244	1.91011301741553	1.62332734238827	-1.11523131553428	5.25821964994734
tuvi1240	-0.381826962300307	1.79923643730407	-4.09948773156746	2.95755420566086
tuwa1243	-0.0191722456271216	1.02848471464092	-2.10836645791107	1.9595788277397
tuwu1238	2.01612312057532	1.04555941775057	0.101131346157598	4.23095486494645
ubir1237	-1.14111357355166	1.573745596453	-4.4025081345403	1.76322153993163
udih1248	-0.518735573718236	1.83784445935893	-4.21328591747916	3.06075691615826
udii1243	0.425430712649942	1.48323140908615	-2.47479651069158	3.36932943279095
ugar1238	-0.397300918611384	1.70895218783267	-3.8816849540642	2.70444616057517
ugon1239	1.77910665556811	1.64898438891487	-1.2185155587172	5.28713425603483
ukaa1243	3.21274610870518	1.433597997979	0.73488445008036	6.37650998710507
ukra1253	0.301525593607443	1.80992607435605	-3.08664826748458	4.0952367941304
ulit1238	0.946795872261181	1.56254084094511	-1.90321735887845	4.24776871461512
umbu1257	-1.00021820703209	1.66349916566177	-4.57329727538129	2.06711212915033
umes1235	2.15360934044063	1.64746282096658	-0.947200362710183	5.59697523842924
unua1237	-1.07598165525528	0.791802889096845	-2.70128045712495	0.455738669008966
uppe1427	1.79750099288376	1.32205877132457	-0.692460003178932	4.47878152151727
urak1238	1.05300504407012	1.67008220976467	-2.07592246943676	4.51554348248404
urar1246	0.585085288677064	1.64789937822793	-2.52997648091043	4.00155055052901
urip1239	-1.16180611244744	0.776140641875759	-2.74331421892507	0.344315121585017
urua1242	1.76754206553247	1.54443403333501	-1.18348312641562	5.00808364323697
utes1238	0.95133471891611	1.66507725595063	-2.14852412953843	4.31660153171905
uuuu1243	2.85006036892017	1.52101653162595	0.107672386253671	6.11127596986111
veps1250	-0.552481030611244	1.77084187128731	-4.2779735968642	2.77780642822504
vera1241	-1.29956858549157	1.1914921691477	-3.75541228807759	0.909675474656689
viem1243	0.635006726038609	1.2266862714012	-1.72309671745227	3.06550141532029
viet1252	-1.30728327649888	1.59092097534615	-4.54429584586818	1.81054124526079
voti1245	-0.79351242130957	1.80429390654438	-4.5245610055576	2.63396293720771
vunj1238	2.72168354732372	1.52106322150102	0.0422880336501275	5.99468754222481
vure1239	-1.30330638313421	1.18899062123889	-3.73650094438339	0.897432834389031
wage1238	2.07726005435497	1.6885690950421	-0.99787412536342	5.632866842748
waig1244	1.33973333542237	1.53007918277434	-1.45931789804049	4.58036459931548
waim1251	0.285541520891727	1.2500881102623	-2.26903281702132	2.69101804717392
waim1252	1.23382959670644	1.2667947636878	-1.1233525936586	3.87205555388909
waiw1244	-0.765487932408395	1.83845772255581	-4.45323477021486	2.7689143146355
wall1257	-0.890603831789071	1.7629959870079	-4.46102712913188	2.3499195819088
wamb1257	-3.43833588665606	1.38733113596019	-6.43112079254409	-0.994079641445964
wand1267	0.92868559709629	1.41260665360138	-1.78728881403443	3.84600851454384
wand1278	-1.30652795229806	1.38565043166104	-4.12923794917234	1.30615115565877
wann1242	-1.57918175827447	1.60888641214331	-5.10006824110353	1.31112732745793
waor1240	1.45637277408106	1.74190972071256	-1.748919328149	5.16354988198581
wara1300	1.22106371884191	1.49062215056351	-1.6622797655313	4.2211383275199
wara1303	-1.40999507957172	1.64434607967195	-4.85621559798895	1.68360592425272
ware1255	0.955305097782096	1.90822536183812	-2.6681597912541	4.80520423812166
warj1242	-1.8602717857812	1.32070578548793	-4.58766664992659	0.657432140870369
waru1265	-0.529367496788121	1.75720763233622	-4.20005130649251	2.71544109257191
wawa1246	0.586119822018272	1.24993345293776	-1.85243240359228	3.08410385813568
waya1269	-0.704420979172686	1.69968550878279	-4.24462669589252	2.49486716413396
wayu1241	-3.32107040809056	1.39391464645591	-6.29945105603853	-0.810454452440935
wels1247	-0.855049856577247	1.65564767739814	-4.36416023198863	2.20655405911805
west2354	0.460788254496966	1.7891755325269	-2.93685405089476	4.17346970963063
west2369	1.47853804043537	1.61562558749569	-1.55089364154908	4.86661409546992
west2392	-0.800940200216099	1.79022517670655	-4.49511424022728	2.48080920591108
west2396	0.449530845087953	1.4713331470238	-2.32990130677854	3.45956312792366
west2397	1.70087492637546	1.74733351157304	-1.50534847256225	5.38591063875426
west2415	-2.1548495010547	1.30731247306034	-4.8113130578432	0.282744625523513
west2417	1.96668136190992	1.44133683008469	-0.708141570883496	5.0161817120024
west2418	-1.22873305473565	1.23714657646617	-3.75758956408826	1.10930057966033
west2466	-0.599455957033401	1.23119085962214	-3.06938964275124	1.72002191595588
west2516	-1.27900168171179	1.733102244141	-4.86822915376169	1.95407974913452
west2519	-1.27082071742317	1.69458824857163	-4.83240820034007	1.8422507441928
west2548	0.210231272424903	1.43372364500336	-2.68370180105313	2.94313257310941
west2555	0.149447261675292	1.27988531319082	-2.47214740601414	2.62671423421993
west2557	-0.433194363852264	1.58910184496026	-3.7243273356215	2.57378573211243
west2560	-0.305468541310007	1.33280753903263	-3.06019094680322	2.22562487207877
west2594	-0.506885609047171	1.82580555139388	-4.30798417176898	2.9536886867791
west2600	0.430258046720162	1.64076384876738	-2.75594710137669	3.71998326345919
west2615	-0.995987450895882	1.6593858472757	-4.41600371683503	2.09524798311512
west2624	2.25908597034051	1.63619180623844	-0.703653313287873	5.87787392000518
west2635	-2.27386959116715	1.6877609016149	-5.85773955607461	0.899967393509027
west2644	-2.02760654420124	1.28738387426005	-4.58487115436185	0.472230101140418
west2763	1.37308917524559	1.54082795703091	-1.68670251958419	4.41657437010616
woii1237	0.703577310824989	1.48788279927401	-2.13295561770824	3.78661412290756
wola1242	-0.358104308649801	1.33183718277005	-3.0486460675508	2.20855499585017
wola1253	-1.59328160686062	1.52871499925442	-4.80092275612334	1.14082525696947
woli1241	0.931231877686057	1.41884670038842	-1.85955062001204	3.71479699383667
wuch1236	1.16926755282821	1.61826546641866	-1.88891073394759	4.47987174295658
wudi1238	2.42288206128768	1.49541584575589	-0.268363587832719	5.6171408807604
wusa1235	2.18431889879621	1.48538865018409	-0.489525836090227	5.29171418470672
wutu1241	-1.59358622389187	1.55276356026758	-4.93720480403834	1.21449794533229
wuvu1239	1.54286201566735	1.66650225773147	-1.47058644650153	5.13323434431161
wyan1247	-0.828806160833337	1.76917039918351	-4.3854984569242	2.57105861216599
xamt1239	1.147899930767	1.4990388141143	-1.80513561651708	4.17802427042353
xava1240	-0.877424735127662	1.74414832885718	-4.54667643432406	2.38956123383595
xhos1239	-1.13157240959116	1.68810368823769	-4.70437128471171	1.99662819027853
xish1235	2.10530638283489	1.46224952262831	-0.592823693610157	5.08269203728421
xokl1240	-0.664286199764737	1.73083496459887	-4.20718069145596	2.63182666037921
yaak1241	1.85952266892753	1.53047899342567	-1.0372044590323	5.02627515970536
yaey1239	1.11639050217626	1.54433871925238	-1.88982367167567	4.30004552008242
yaka1277	0.90912329450427	1.44069017615796	-1.96262233833357	3.70200352684387
yaku1245	-0.322710909959739	1.85310396878653	-4.19746284273607	3.15721716216873
yala1262	-0.67785963537201	1.81097507247265	-4.40331834441068	2.721848120589
yale1246	-0.06709231407422	1.64457574108842	-3.43700689117103	2.95607750025581
yama1264	0.945472568870332	1.70815772127754	-2.18077170857674	4.58103116442633
yami1254	0.0847646723865946	1.49789997746624	-2.94756830856181	2.92376588905594
yami1256	-0.305858502855762	1.6467444153959	-3.65180538042831	2.80981595326393
yamp1242	-3.44114822059158	1.48379680112839	-6.59491116469959	-0.71076303494536
yank1247	-0.585152916964941	1.78099599499493	-4.25807886218448	2.77713410377829
yaoo1241	1.28927987069301	1.52817746813204	-1.57432654721781	4.49782159115328
yaou1238	-1.09718424423783	1.64423155625777	-4.57724067456931	1.95340465551685
yape1248	-0.283889592914378	1.6739144313288	-3.77321429451637	2.89055765623779
yaqu1251	1.29219192372109	1.65956122143074	-1.89748802796881	4.73897622937326
yasa1242	-0.962727634504107	1.47554682041846	-4.12574858596418	1.81068311496967
yatz1235	-1.10926293450285	1.28181397707838	-3.70123544202564	1.32467597596456
yaum1237	-2.58088580560612	1.37813640736701	-5.40010057457659	0.0106879552070026
yayg1236	-0.912255220860315	1.68965573994426	-4.35414558454011	2.21652755944076
yele1255	-0.554496545190641	1.76703196403265	-4.23302762063963	2.70688407877278
yems1235	-1.58135468958309	1.45615711636481	-4.56700993186566	1.14081648935917
yidi1250	-0.771857005459904	1.750030834172	-4.38169988708874	2.41933110338027
yind1247	2.3577004321822	1.5273573865117	-0.55396893551351	5.42014196410028
yoga1237	1.00666680439644	1.11323385839345	-1.17500528099035	3.20660570010876
yona1241	0.191812868163352	1.4978201081003	-2.7390721938744	3.05684140851902
yong1270	0.761032428347008	1.26843147429309	-1.69634998363025	3.23380369926171
yora1241	1.29562640947429	1.59983595351318	-1.81372238114196	4.570315346461
youl1235	2.12654202004531	1.44348145403227	-0.50288315818042	5.11190767152923
youn1235	1.06330458028824	1.85680570571419	-2.41150491602099	4.86534119606661
yuca1254	-1.07604020341078	1.76773795770286	-4.70510608781563	2.18856563933665
yuch1247	-1.49343364450566	1.61146291512684	-4.81525545138159	1.59992251619227
yuec1235	1.57645545328559	1.66083499568837	-1.51959018630276	5.09359660051
yukp1241	1.52981818215573	1.61370467077751	-1.51143504693008	4.87313469977731
yulp1239	-0.551396158758391	1.78342975421578	-4.3022471316748	2.75165290137474
yulu1243	0.908000321946077	1.58443385212892	-2.16292806433876	4.134803022266
yuqu1240	0.581039986320501	1.324505440133	-2.05171637081613	3.18202635941864
yura1255	0.42016241827067	1.32713148921418	-2.19489045842121	2.98340718793712
zaca1241	1.7514883415205	1.41794111771304	-0.871164854843995	4.72212402232448
zaca1242	-2.04989938569412	1.31550550943736	-4.73718354020716	0.470386787309073
zaiw1241	2.19291343466031	1.44724217604609	-0.464233070536819	5.26273940518595
zand1248	-1.06081677517728	1.46922596222666	-4.10967184288152	1.68153210829321
zani1235	-1.41888879382336	1.35209174148298	-4.15406027504334	1.20453628288773
zarm1239	-0.260138140126586	1.70779019803997	-3.78281452840168	3.01954988743143
zaye1235	-1.18244696294944	1.4590121299462	-4.20433859840735	1.68793747629985
zays1235	-0.566740777310517	1.26696585635893	-3.16662647447342	1.85027024875785
zenz1235	-1.63871060772816	1.3323253843123	-4.31884987816132	0.914016138096741
zhab1238	1.36058347129264	1.51521885293279	-1.44391221304294	4.51142451572633
zinz1238	-0.559832826199781	1.60493826354959	-3.91127739259725	2.4959699149069
zoog1238	-1.0415466443626	1.26534663265295	-3.55898416202129	1.37019673680778
zuni1245	0.321529713344118	1.55682765027651	-2.62144197410242	3.54732422601567
