Estimate	Est.Error	Q2.5	Q97.5
abad1241	-1.16961523627471	1.72353344751429	-4.59430563981213	2.27773044590345
abar1238	-3.7043262981287	2.47546521162777	-9.55203155455985	0.324033818314884
abkh1244	-0.0135514817791974	2.21851493080825	-4.48730560343494	4.54626157031503
abun1252	-0.132434968451345	2.19149769245705	-4.67036448721028	4.18233111579174
acha1249	0.180644558361053	1.72047232993297	-3.03987514126194	3.85345175327462
achi1257	-1.26167553340015	1.73087060636942	-4.7470989452978	2.07463703889691
achu1248	0.954734359853039	1.92836568652656	-2.97706850363523	4.76317510113288
acol1236	-0.628599782438398	2.51946557159162	-6.21719386663561	3.89731171500789
adan1251	0.904605708828725	2.37680102195157	-3.68543557363622	5.89849591146048
adze1240	-1.22454704105771	1.7360016235689	-4.74168331230601	2.20932993967903
afar1241	-0.0476642459569769	1.63562261827067	-3.16298197497905	3.3694113204359
agob1244	0.181426629349114	2.14621825998332	-4.09656032584006	4.49287996491813
aheu1239	0.921823585458321	1.80350935831521	-2.47645523753134	4.66484803976415
aime1238	-0.0984226597234839	2.23834148856636	-4.73175584918042	4.33667705498024
ainu1240	0.044527371530899	2.50543894212779	-5.03379987093733	5.03938834476664
ajab1235	-3.71279653804479	2.44063126843697	-9.47484179723462	0.217524218641741
ajie1238	-1.25182625103204	1.73537994282419	-4.78999600428653	2.23058122117254
akha1245	0.236590736861479	1.70393654352534	-2.92186276299071	3.88520567996654
akoo1248	-3.71769924866765	2.42543426706177	-9.43134634334228	0.226466407865539
akun1241	2.51259461226447	2.04425884517524	-1.12325605380785	7.03013422496623
alab1237	1.05377250739333	1.90024272109161	-2.66668796765948	4.91967078723935
alab1254	0.0529262475844571	1.63394053254017	-2.98393986482498	3.43527026069471
alac1244	1.01297606038961	1.89072846013286	-2.77904705016287	4.83308908275559
alag1248	-0.0684481945735004	1.63980987100878	-3.24039578759073	3.39066313289123
aleu1260	1.17662538477803	1.90389086025811	-2.45389837420946	5.06336761861987
alor1247	-1.23427545024859	1.72532176687696	-4.71769317033994	2.17085107599768
aluk1238	2.39096665428615	1.91881002187376	-1.0072335150756	6.57799325955124
amah1246	2.01605234324448	1.87753746259853	-1.44878145871808	6.09543290134072
amam1246	-0.121586677075606	2.38493250848663	-4.97255464897151	4.44211766173696
amap1240	0.416227964381689	2.18050176768248	-3.86377050292283	4.73090809196458
amas1236	-0.613102006613112	2.99097949413908	-7.200486483784	4.8515663469193
amdo1237	0.205305512279739	1.70177767370737	-2.87906329630806	3.83176030519968
amii1238	0.522497121373936	2.18492167931036	-3.84006664073119	4.89193375008437
anei1239	-1.2443425277887	1.72409783502916	-4.75685845168565	2.15745900868689
anfi1235	3.9929582598905	1.93287053733654	0.673749163739091	8.30541724164664
anga1288	0.314521636532052	1.76294087930541	-2.85871108315611	4.14418684558965
ango1257	1.0570974185329	1.85680557588276	-2.63050207205996	4.81281204859003
anta1255	-1.2423673865076	1.73989345872284	-4.76249421612773	2.14310199295346
anut1237	-1.26776731222325	1.70956638785578	-4.74501908939749	2.16095276412591
anuu1241	0.375246888332355	1.77693322504598	-2.78816401172397	4.19005579478464
aona1235	0.317363255815563	1.74392572746237	-2.81116497485981	4.11099650877843
aoua1234	-0.0981776765089663	2.52272658850927	-5.19072071903626	4.73011082495732
apat1240	0.376220512332097	1.78343726073588	-2.89967980748449	4.24979270562054
apin1244	1.4133116094368	1.86988734122367	-2.04048354259315	5.29472056975123
apma1240	-1.25324441116624	1.71107139008461	-4.7145025641646	2.12523214908415
apma1241	0.657597247274979	2.27095758453652	-3.90524630051234	5.21784727692259
arak1252	-1.24988467116302	1.71737440781782	-4.74238667354561	2.15687289667918
arao1248	2.1823187653566	1.93862080701461	-1.35159296037164	6.42940366584658
arbo1245	-0.0713985883207767	1.61331926791803	-3.1151345987374	3.24666614850473
area1240	-1.25714886939852	1.7250270879304	-4.84211412433005	2.13801135419314
argo1244	0.270764931245331	1.74614934021702	-2.94195405551795	3.86007665222587
arhu1242	1.06713624102315	1.82834898765563	-2.5587757454919	4.83437564565033
arig1246	-3.69642913940821	2.44902263540741	-9.46455121733925	0.36461102965276
arop1242	-1.22762716789161	1.73334102786464	-4.73446994212805	2.19204422850641
aros1241	-1.25381351730505	1.73330895449875	-4.87091026092346	2.12905145994546
arta1239	-1.25710673625935	1.72880521573974	-4.81980769940629	2.21993669968023
ashe1272	0.81804023039791	1.87447227409149	-2.9712564555107	4.57120372076521
asoa1238	-1.88566572050543	2.49886462681579	-7.54765311234525	2.26415073779385
assi1247	1.14210588505771	1.88698341784906	-2.50220638948652	5.03841073546202
asut1235	-3.71759877987979	2.39814183023539	-9.33898726320442	0.141703656445192
athp1241	0.433540643921402	1.78643706573241	-2.79898008219345	4.31719945784693
aton1241	0.0910897505402482	1.72185684420855	-3.14415737694154	3.74011931775948
aulu1238	-1.26076297584021	1.73033931549754	-4.78173967654265	2.16623792970548
auye1238	-0.539928193735427	2.06046809417781	-4.82966230879027	3.50246643885529
avac1239	2.48304305065332	1.99921553061629	-1.02896908979923	6.83032444512598
avat1244	-3.71080048546026	2.43045446911672	-9.42510828033205	0.236406148632562
awac1239	2.12849096210123	1.99254772241203	-1.49172680258492	6.54574338281878
awad1243	2.0874933516679	1.84885056576153	-1.15969444360033	6.20682286326728
awad1244	-1.22440314902434	1.73155007853242	-4.74552948844849	2.1911842969491
awar1249	0.244965514646521	2.56585014710823	-4.88897070458113	5.4026278721967
awji1241	-0.373510039203672	1.71205068242379	-3.75007390837405	3.01719585897481
awtu1239	1.8094342758094	2.22123446478625	-2.17792213722184	6.61263784349149
axam1237	-1.25534529796017	1.72202806060431	-4.75765386979335	2.20786661483772
ayac1239	2.82795593756099	2.06835389338586	-0.75306744439769	7.47494749343953
ayiw1239	-1.23065423892595	1.74106203171804	-4.72044044633055	2.24059529222153
baba1266	-3.70045971797315	2.44829302441708	-9.52572536009359	0.236788126379275
babi1235	1.4251096568369	1.83185751036598	-2.04386276313577	5.27277173727986
bafi1243	-3.72603040375096	2.43597288174439	-9.32591725479972	0.250836219719181
bafu1246	-3.70505633982564	2.44836910293775	-9.47527590515037	0.174625319869548
baga1272	-3.69355426044357	2.46350449145398	-9.49517807260309	0.264561631105346
bagi1246	-1.90041036139078	2.48731389198637	-7.63164497337402	2.23459857923193
bagv1239	4.49440965685362	2.4784504648325	0.268038520286873	10.1984835606142
baim1244	0.198684635034192	1.69245840522292	-2.92439863363548	3.73708186949958
baka1272	-3.70175538153239	2.43237952004183	-9.25567510882247	0.233958243051986
baka1274	-1.88920980579425	2.49936142564722	-7.57036396639482	2.29076111184252
baki1244	-1.25116973324523	1.72514365979531	-4.68024274894422	2.21005781401937
bala1315	-1.24647832669114	1.73730436443865	-4.79171607755778	2.15399765081821
bala1316	-1.24735644759172	1.72075536816637	-4.82266582044032	2.14400896349918
bali1278	-1.25413243103615	1.73545801013005	-4.78511464619458	2.12477020582246
balu1257	-1.23632031800096	1.70508103954014	-4.67734665216163	2.05473078008706
bamb1262	4.45774556744528	2.85992281219214	-0.271727381572444	10.8230149592175
bamb1269	-2.92322329492541	2.57227529232204	-8.82719126864363	1.44368921809796
bamb1270	-1.2341495139504	1.73524887133624	-4.76016457835116	2.29073827819325
bamu1253	-3.7012047822286	2.44101335465483	-9.47760078712643	0.227513216185062
bamw1238	-3.71411130743208	2.40017921476814	-9.40580168446549	0.0901974933157382
band1344	-3.70679282210827	2.43730491019596	-9.37230853932184	0.210107624220127
bang1363	-1.09437803009812	2.96170595045225	-7.78411861062831	4.25321608614724
bang1369	0.362773443479183	1.773954864761	-2.8292442090209	4.18770900673395
bant1281	0.532785375319628	1.80099411671714	-2.70641498688514	4.46466848137265
bara1357	0.543670729445762	1.78768225205503	-2.69118386346904	4.45864148276244
bara1369	-1.24489060502489	1.73769894769846	-4.76380933338013	2.17315178297136
bare1279	-0.419476265450109	1.73908986012964	-3.97346311504592	3.03239901299526
barg1252	-0.474209264602872	2.05466047939575	-4.68873882833464	3.51993966812672
bari1286	-1.22014319808236	1.73750772185148	-4.66471234346394	2.28453092900132
baro1253	-1.21900156692853	1.73244461799984	-4.68280881119935	2.19546357608803
basa1282	-3.69359368312969	2.42420451214814	-9.28509039793224	0.268248961261865
basq1248	-0.216833782421098	2.22637607920643	-4.73423119906941	4.24566471693951
bata1289	-1.23955201790125	1.73310385454827	-4.8426630088522	2.20222746383261
bats1242	4.49735492246194	2.45626502874868	0.32932684679252	10.0611936876655
baur1253	0.823995689513038	1.88264085684677	-2.9566158520537	4.62690656783356
bawm1236	0.269536019385592	1.76873264080228	-2.97254559707499	3.97263549719493
bayb1234	-1.25468138442215	1.73741919869917	-4.78933957322787	2.21730284424966
bebe1248	-3.72242969700897	2.41187145052497	-9.27403508413692	0.129777237019065
beja1238	-0.0644665436183947	1.6337688482228	-3.19627473858145	3.30530641970261
beka1241	-1.23828686320002	1.7202326925216	-4.71449562215845	2.16562921736022
bekw1241	-3.70212748770703	2.45647077329404	-9.37465386545375	0.271688815459565
bela1254	1.03128420715285	1.68316016507613	-2.15311069091498	4.57191089723646
beli1257	-1.89449961238506	2.50166703798077	-7.63025888548731	2.28789000044946
bell1243	1.11801336572188	1.88111085864796	-2.63115186953832	4.95073034575624
belu1239	-3.71557335228138	2.43247670503828	-9.3116815646436	0.213773675004736
bemb1257	-3.72519226713206	2.43853463145047	-9.33261778522103	0.229202958250649
bent1238	-1.73235824723016	2.87219253955928	-7.96512009560584	3.39802850896695
bezh1248	4.51444895420997	2.46326235992352	0.299995333613467	10.1102386574994
bhoj1244	2.12840184737412	1.86753937837224	-1.09666412885297	6.31431862623716
biao1254	-0.451638376323588	2.41072529653822	-5.65425435907415	4.0970413122664
biao1256	-0.454559757444999	2.39490893947368	-5.540690168396	4.10485379496765
biat1246	-1.2410757671078	1.70740035073291	-4.69009709930017	2.15389394494405
bidy1244	-3.68378861265621	2.47450072623026	-9.52841984323909	0.318784685167551
bier1244	-1.25098150801586	1.72669095386299	-4.67006145593062	2.15500521973411
bign1238	-1.25487767580291	1.71580661126022	-4.72843313678026	2.1701315741489
biha1246	-1.25411534706241	1.73113468983165	-4.79381963009191	2.15630847192867
bila1255	-3.72194595479082	2.42589781441974	-9.33169175169352	0.230811366701637
bimi1240	-0.544846686123722	2.03503930618559	-4.66508533556775	3.34574956300091
bina1277	-0.560826994855873	2.04229628810631	-4.78290139153756	3.33919262348167
bini1246	-3.70695182745892	2.43217013787218	-9.47852068098064	0.247359324773702
bira1253	-1.1088080300766	2.86906128477948	-7.47186254147652	4.00283930196431
bisu1244	0.350240914291017	1.73193016960412	-2.77584762113103	4.0409754895902
blab1237	-1.21806308336613	1.7276058491037	-4.72431457299896	2.18241643266705
blan1242	0.888425481772501	1.79075424372931	-2.40191454482549	4.64690705698887
bodo1267	1.42603190236042	1.85301898425008	-1.89399479556201	5.40850699469218
boht1238	-0.160806712756867	1.66413432217662	-3.31790336615023	3.28091485054674
bola1250	-1.20999985448275	1.72896118366261	-4.69975045202716	2.16493303189504
bolg1251	-3.70294475708922	2.42014094543436	-9.38651759597335	0.25029728677716
bolo1262	-3.71710265050585	2.38846176300955	-9.28284777720971	0.113509385623869
boly1239	0.926647339210875	1.79142791887353	-2.3791314206797	4.69749087439852
bomb1262	-3.71803112598025	2.39681184380374	-9.48044379058763	0.0944534263857372
bomk1234	-3.68998822616649	2.44592293710067	-9.4773461198619	0.236002539556887
bona1250	0.536080157444054	2.08021542730345	-3.47801198031348	4.93017157671327
bond1247	-3.72368845163685	2.40296346909451	-9.22356289767288	0.111036767875004
bong1284	-3.72069854933212	2.4393141664074	-9.47999518378984	0.194861024258368
bong1289	-1.23873402527294	1.72156855436181	-4.768177852593	2.20224061455858
bora1263	1.49557981532049	1.96820846998173	-2.28244897913033	5.6566478507888
bori1243	0.373478346218016	1.77989668881239	-2.91627353706036	4.15893855538172
boro1277	3.95469885497526	1.91693578143923	0.648760306145936	8.24474336281281
boto1242	-1.2466800565331	1.73288654256506	-4.7685252560319	2.13184254725934
brah1256	2.63594014500994	2.00117143767912	-0.821233768164058	7.1686217513775
bret1244	1.09628035473282	1.71848733422758	-2.16682753423141	4.79643876701441
brib1243	1.06638559122316	1.82993051422377	-2.49723020172079	4.85935896150489
budu1265	-0.434227437387243	1.71159666930739	-3.94412805873728	2.99747392787016
budz1238	-3.71552683659657	2.40952805454682	-9.47189983591306	0.130786505454048
buga1247	0.930229295150653	1.78943975963873	-2.36679581068794	4.63360874385282
buga1250	-1.22899499301649	1.72728645962779	-4.78448536735496	2.18342621319271
bugh1239	-1.2638218187601	1.71142929991398	-4.71253162668138	2.17796188850129
bugl1243	1.06218361339866	1.8467526883484	-2.61217071791453	4.87453286833061
bujh1238	0.535318734997005	1.79733517493042	-2.65328831926958	4.47910548441198
bull1247	-3.68595522153021	2.44076043848751	-9.4935020133418	0.226668341902216
bulo1242	0.881554932324853	1.78264032313956	-2.51433959520275	4.57160821183974
bumt1240	0.27049887089939	1.72553333564174	-2.88583890683995	4.06285001217472
buna1276	-1.093675595673	1.73210243938133	-4.53809107665165	2.41196342742554
bund1253	2.07169626449272	1.87378331860097	-1.1792505956222	6.30539166062442
bura1292	-0.423259360875554	1.73231142660972	-3.96237456653748	3.03047789208894
bure1242	-0.431917682008131	1.72984816678692	-3.93199786801871	2.96912467711707
burj1242	0.139364692563858	1.64648497317485	-2.88821678939211	3.65665703874991
buru1296	2.85989784273275	2.72868279669446	-1.74828023766308	9.10319616951276
buru1320	-0.0731126744650648	1.63259646747032	-3.1702090720884	3.32760594791945
busa1253	-2.92712301330376	2.56729303194061	-8.86369581848495	1.41095503011267
bush1247	-3.72164621938044	2.4050908436767	-9.44985505104544	0.102345431981839
buwa1243	-0.431377147685087	1.73583025173197	-4.03796393424236	3.02324470300635
bwai1242	-0.944330608969413	1.73925964593236	-4.41686365027039	2.57580364796979
bwat1240	-1.24578629409037	1.71360787768719	-4.71568880873007	2.12552711860667
byan1241	0.624773332996201	1.80752889387152	-2.61317765030206	4.59836298562219
caac1237	-1.24791369947035	1.71548830017617	-4.69504092145293	2.13741345233733
cahu1264	2.4116325453392	1.89350072123489	-1.02343236243396	6.5348626490632
caml1239	0.523745710429467	1.79344008513208	-2.68617657608273	4.41810867664772
cane1242	1.41388796860572	1.87467282838344	-2.09559259272634	5.34419488836788
carn1240	0.910962728988271	1.79542849846205	-2.50098474047479	4.68116921752005
caro1242	-1.2546942694903	1.72389002019198	-4.78100051407835	2.10935756659617
cash1251	1.94273472395492	1.87315874780086	-1.56949918295254	5.909448111985
casi1235	-1.24439033377677	1.74021067313358	-4.84236641511573	2.21837513662234
cavi1250	2.06155929130309	1.91511019059865	-1.45154549971315	6.12383108295287
cemu1238	-1.24807590473331	1.7189107225307	-4.79272121536984	2.14524699905455
cent1989	0.908967685620402	1.77985664148944	-2.46594141054264	4.62020963744249
cent1990	0.910046026474658	1.78406546361091	-2.46377513485368	4.62092714983435
cent1992	0.881596915835517	1.78653107324358	-2.54054030845538	4.56522060808247
cent2084	-1.24918738041887	1.72481046868252	-4.73630476184674	2.15737804968799
cent2127	1.18807892468362	1.92253157633175	-2.59361602943515	5.13355945226472
cent2131	2.60931977919986	1.92665792887133	-0.868278648812902	6.87979191477385
cent2140	1.21972792916721	1.91752114332255	-2.47468347892837	5.2029848723005
cent2142	2.27651074215811	2.00391039695924	-1.35519007415034	6.58182589888474
cent2150	1.0543808895467	1.85239309728038	-2.57962039126611	4.82175501495958
cent2292	-1.25117776065643	1.72325090084672	-4.82642430459624	2.14892096360409
cent2314	0.923324128826851	1.78889639663222	-2.41417533558769	4.64184898470155
cent2322	1.72087128247685	1.89902070294711	-1.61247333581315	5.90778845178769
chac1251	2.00200333984005	1.86342281177803	-1.43115888358882	5.9258069333995
chad1249	-0.125693769467455	1.6639072374996	-3.2772473327564	3.2938000536209
chak1270	0.080166452214501	1.70683114446122	-3.10888655060767	3.6674710148816
chak1271	-3.70970103903707	2.43019231929091	-9.39898144861475	0.226691729603422
cham1309	4.48889251376914	2.45861046113843	0.262913943855395	10.0572564445376
cham1312	-1.23785586486651	1.7300622647137	-4.77389880220127	2.22937796955717
chan1313	0.143546956702306	1.73612748968373	-3.12185880493522	3.7967385105158
char1269	3.82648581241225	1.89795842258346	0.549493243197151	7.92816741498685
chec1245	4.50244918075223	2.45592682868992	0.304170052369047	9.95617390067545
chek1238	-1.21899333061276	1.72382613601035	-4.69199198167874	2.17348300458223
chen1255	2.46813738477353	1.93886879939306	-0.930173920220531	6.80203741483399
cher1273	1.73919169320143	1.91865612557282	-1.75135835981213	5.83504852747784
chhi1245	0.358087660089922	1.77377216990616	-2.85268666036325	4.17505495094436
chil1280	1.46135955879213	1.8395489607976	-2.02128577951476	5.40703037071872
chim1302	2.83371333197551	2.07040754076409	-0.755809235960767	7.46486046571491
chin1286	1.2564887807732	1.90562255453217	-2.42084689291405	5.1960133020483
chip1261	1.41532215363681	1.84395947155926	-2.0673810130713	5.28001578867053
chiq1248	1.46224327698716	1.89938501472075	-2.02537170376246	5.4194355179087
choc1276	1.05541167891302	1.8957849971312	-2.54716535450541	4.98656318250774
chon1284	0.919367677054891	1.79322811887848	-2.47895387360498	4.68663388053743
chot1239	0.269131124787829	1.75749115738811	-2.91960844861858	4.07361105410973
chra1242	0.88140976163787	1.78262679728918	-2.49724572168009	4.62737963788513
chug1252	0.203104781400007	1.76478396690021	-3.01088479285383	3.99359443228379
chuj1250	1.06916649122968	1.88301206024071	-2.63821703962158	4.85387587947981
chuk1273	1.46455754438747	2.2049213137729	-2.68125675516353	6.15714532836213
chuu1238	-1.25346993772239	1.71950224671697	-4.75545076977535	2.12546333332957
chuv1255	1.55239071315814	1.91559844971973	-2.02251253940187	5.57243518736548
chuw1238	-3.72351230754381	2.4319022295274	-9.27452912847313	0.161296372258959
cici1237	-3.70587555947087	2.43250516654827	-9.28216829555036	0.216864758059593
coat1243	0.981490689543832	1.87084667427849	-2.68130791136321	4.74821906769756
coca1259	2.34792815088538	1.97437772034313	-1.15325687680708	6.57442791788777
coeu1236	1.08775552379695	1.88920694440236	-2.65412405317623	4.9094776005742
colo1256	2.11925222403788	1.99535987499275	-1.44447096710905	6.39696135701989
colu1241	1.09569498205659	1.88405581136302	-2.60871826900559	4.98565669576482
coma1245	2.58483840620271	1.92034528502394	-0.833709616047784	6.81120204178886
como1259	1.10236042035366	1.88894193203734	-2.63847896351218	4.99613161128949
cong1236	-3.7219162698859	2.40939133578122	-9.27200482854792	0.194648451385156
copa1237	1.00037263662861	1.90443118599602	-2.72674037566677	4.83014103840239
cori1240	-3.69286445843773	2.41406862861882	-9.31797778705829	0.283496454409235
cors1241	1.02481896377502	1.71791096967903	-2.26062459832092	4.60977077173412
cosa1234	0.271224593715689	1.70876930772627	-2.90682509350191	3.9338218402145
cota1241	-1.24567080126406	1.74525671656792	-4.76768899097611	2.19569360915718
cree1270	1.05900425290631	1.90685391183	-2.65458496826098	5.01168521541364
crow1244	1.1321242780962	1.8954745296266	-2.57838527186811	5.06810154200819
cube1242	1.88210598377497	1.92423935931799	-1.7431476517836	6.00263105881133
culi1244	0.907469861505801	1.8807929186909	-2.78879829937824	4.7550298909011
cusc1236	2.78901463914496	2.06658938490059	-0.822338697905931	7.2933817178098
cypr1248	-0.13101158135307	1.66742748433787	-3.33821638813216	3.27507861823715
czec1258	1.0411255583907	1.69403566261475	-2.2224185333602	4.64976192624995
daai1236	0.247419546123326	1.73883855289721	-2.96624643525835	4.03934337125438
daas1238	-0.0711246714134336	1.62233412908424	-3.12743149660175	3.24090987037185
dadi1250	1.67259948765953	2.27518192446403	-2.34912919866362	6.78074007343393
dagb1246	-3.70735334815804	2.42810326755337	-9.30296058154896	0.185033863677459
dagi1241	-0.591277582644802	2.91481852406129	-7.07294605540668	4.80502376121912
daka1243	-1.25331692976175	1.71548989882	-4.68027415416458	2.16954069738756
damp1237	-1.25012341477483	1.73857721254367	-4.84103389841434	2.25766248559323
dana1252	0.88657754733645	1.78206010274286	-2.44341119474943	4.63158362077074
dand1238	2.48772319124586	1.94282266519434	-0.92332511449211	6.72129182926766
dani1285	1.04712768785075	1.70953267498938	-2.18822934735647	4.68140863386916
dara1250	2.13012160153444	1.8731771677502	-1.09218387493153	6.30127349259629
darg1241	4.37126198551673	2.42862131327505	0.200052284093567	9.83912253752393
darm1243	0.620435712006254	1.80425419036875	-2.5992866853538	4.5924864701851
dawr1236	3.95562673743939	1.91951206307967	0.665565713390502	8.2081026569129
daza1242	-1.09465384691912	2.69739468708702	-7.2329737945629	3.59530832010591
dege1246	-3.70003827691367	2.44966210376946	-9.5274860994329	0.260054599428221
dehu1237	-1.2532520999248	1.72949729946248	-4.82379236338212	2.14472726090925
dera1248	-0.427613099034778	1.72248045696806	-3.87241186196012	3.00872738223462
desa1247	1.93758722970048	1.93485327281259	-1.68357705744024	6.10821105716361
dhao1237	-1.24280964160852	1.72936870982687	-4.81175061030655	2.16760337001679
dhim1246	0.900339244867162	1.89102497264914	-2.35531486158421	5.07056255667844
dido1241	4.51225593106912	2.45523225449285	0.250811030527695	10.0795220282807
diga1241	0.753490829276476	1.87738590482211	-2.51662012657105	5.0180013667218
digo1243	-3.7269896823746	2.40156153188681	-9.30895453796336	0.161972777488017
dima1251	0.0945690687355652	1.72013411546849	-3.15754948279838	3.76715203822879
djam1255	0.283019201675067	2.21865479945658	-4.1262333832088	4.64871488620345
djin1251	0.290966678745858	2.2400037984858	-4.19934659127245	4.72004607509921
dobu1241	-1.09243255805179	1.7230045645557	-4.6053165761532	2.41167043959524
domm1246	-0.549880244698852	2.05952434250929	-4.82307092653376	3.37644881448083
dong1285	0.543685235047642	2.08474544543583	-3.46725012980615	4.9558499874995
doro1266	0.693724595455187	2.28933246357385	-3.86757871118013	5.33605050175343
drun1238	0.273632643370926	1.77034576039146	-3.0034673070373	4.04078633305953
dupa1235	-1.24703680608803	1.73578056709877	-4.72890349454204	2.19501706202132
dutc1256	1.04997796303939	1.70297892734149	-2.1746692533908	4.69917438684657
dyul1238	-2.92635945871315	2.58025842168891	-8.84720318523119	1.49236392823185
dzao1238	-0.451028383230397	2.40465008378916	-5.5338703328144	4.05668022845781
dzon1239	0.194539254068048	1.68248994954663	-2.83241359470573	3.79346335338168
east1236	0.897093697690217	1.77768431464003	-2.46496579570067	4.68715533761007
east2328	1.60094289501321	1.86030150969829	-1.72497292498986	5.6371963947328
east2332	0.894683230379117	1.77762330628856	-2.44487823889783	4.6120161385909
east2342	0.386170542911629	1.77840769289268	-2.91715762018779	4.19416068883508
east2443	-1.25141134384593	1.72844433629757	-4.78475854243409	2.17720296127746
east2485	-1.24365089093667	1.73973103338022	-4.8165095223376	2.14626567457532
east2516	-0.529666396676856	2.04799619557656	-4.78951835305343	3.31661072928812
east2555	2.45809858651165	1.99028690200871	-1.08578375434443	6.76133491123489
east2556	1.00978482520196	1.89003112405093	-2.7525641075746	4.86086198672491
east2690	-0.12738341433098	1.65302521749599	-3.26547897910423	3.23267318215692
east2773	0.492608019167053	1.77801349150162	-2.71885253214952	4.31300783245147
egyp1253	-0.127549831622421	1.65647206001422	-3.27735578033693	3.22995612329078
eipo1242	-0.554031411064625	2.04208979482002	-4.70256532992322	3.27285771764847
ekar1243	-0.545424004108095	2.05112413211248	-4.78619068062475	3.50328296284003
elna1235	2.39915764206292	1.8897392606742	-1.07479017794141	6.47819329081633
emae1237	-1.2623754904719	1.70852154155588	-4.67522762183551	2.08113644029208
emai1241	-3.70910115992012	2.42452190562011	-9.46759998931956	0.197818350566628
embe1260	0.806914475768335	1.87735933438153	-2.90092309426527	4.65411361697303
embe1262	0.807741233336069	1.86338431140869	-2.83956935926667	4.63636245124598
enap1235	2.62220390898877	2.00747818480669	-0.91151761201311	6.93637960301626
enuu1235	0.242764243674418	1.7055560609719	-2.82626068700275	3.87152627737233
epen1239	0.806316340543347	1.86709829830553	-2.9367431076256	4.66634972782403
ersu1241	0.205448706574245	1.73430995177693	-3.04019049301214	3.83178112408632
erzy1239	1.33776474074761	1.79110534739824	-2.04322993766723	5.16461704281523
esan1238	-3.7099399250202	2.43128228844409	-9.51766156675508	0.249215203242788
esee1248	2.17939138992652	1.94121548449929	-1.33571259375745	6.39495453997074
esim1238	-3.70804475989596	2.45928094477634	-9.42083155247561	0.256666058018446
esto1258	1.25350002128602	1.75092037054534	-2.03730542370031	5.00767138893775
eton1253	-3.72033855523581	2.42828302200646	-9.39877030925396	0.16319981855839
even1259	-0.435672437262298	2.18042026833956	-4.81360523996153	3.76660338879293
ewee1241	-3.71035013001521	2.42905567748828	-9.53105080914374	0.19848168884081
fait1240	-0.48158743205153	2.07766083954851	-4.78301734941918	3.53395262902912
fare1241	-3.70398323874416	2.426738558575	-9.42190626758706	0.201513770263152
faro1244	1.05103006463055	1.7155291274248	-2.22027475887775	4.71000293640275
fass1245	0.875495015844593	2.25135226177288	-3.44169548462256	5.36452544795302
fasu1242	0.189408861845092	2.50592322427441	-4.9537129650143	5.14569112765156
fiji1243	-1.26742247948097	1.71489637548906	-4.78394050714844	2.14028621630996
fili1244	-1.2598470128133	1.74050012823308	-4.8897475765832	2.18127946364806
finn1318	1.2423880906533	1.76597839222066	-2.11786815517818	4.8573639012745
fonn1241	-3.72343085143772	2.44135268279969	-9.48535471009902	0.200346185185325
fore1265	1.22557396605984	1.81922717741863	-2.08140623982384	5.03263259701183
fran1266	1.14018710257592	1.92547220797759	-2.58713022821626	5.13688552107657
fuln1247	1.52212423578862	1.92019204221268	-2.12773064481774	5.56422441087155
furr1244	-0.636247129591652	3.00380284816361	-7.10050853586446	5.09494646159902
furu1242	-1.90081083841135	2.49803316485205	-7.62645109970806	2.21727172129533
futu1245	-1.26962689317293	1.71150320373452	-4.73617544669785	2.11063713316377
fuyu1242	-0.118525363632649	2.39368793989115	-5.14397595278549	4.48431049695848
gaan1243	-0.423290594562768	1.70705790507543	-3.88177971408759	2.98221577365316
gaga1249	1.62295163448118	1.9265043149501	-1.89843613991399	5.62995683696095
gahr1239	0.497688739754848	1.79435183802356	-2.77676369450591	4.32156627082255
gali1258	1.01526128791726	1.69894828068307	-2.17281319312901	4.50393421669756
gali1262	2.67019147505142	2.00955071416029	-0.892617781451788	7.032535901959
gamo1243	3.91407861408616	1.90784295673977	0.651461239283922	8.07975686817237
gang1266	0.25906666597598	1.75974304254907	-2.90429329101502	3.98575073229761
gant1244	-0.483089265344048	2.07357037923308	-4.74083004438119	3.50841229635966
gata1239	1.41889387427738	1.84965995136954	-1.83502385035811	5.36683132228112
gayo1244	-1.24198049325501	1.7421241446863	-4.85783133583721	2.15831136350903
geba1237	0.389716090114258	1.79205483765754	-2.88235344743743	4.23518154733493
geda1237	-1.24157457080106	1.71919886045608	-4.74945145338743	2.16954355289568
gela1263	-1.25820469175842	1.71622973514855	-4.75673309630537	2.06749024517192
ghad1239	-0.366530954082773	1.72543231175721	-3.7791708405627	3.09828438705091
ghan1242	-1.22404494605445	1.70637043443769	-4.67955510515856	2.17651823885359
ghar1239	-1.2591821426035	1.72176271310822	-4.83953865425814	2.14264354870123
gheg1238	1.25583655807015	1.78036346750504	-2.10884525373858	4.98293832514437
ghod1238	4.49842028577925	2.4695368008032	0.273531287730228	10.2000498873837
ghom1257	-0.374188592142401	1.74220997038836	-3.88791012938319	3.04272183450753
gily1242	0.00256925415014902	2.48761538382112	-5.12176823888375	4.86923651290457
gira1247	-0.46364451770751	2.06180177905686	-4.69878835393281	3.58391141792109
goem1240	-0.430023710510829	1.72245737280729	-3.86459480167602	3.07271768791903
gofa1235	3.96013487299101	1.92997676873321	0.675537758507563	8.20699306621217
gola1255	-3.67534530814253	2.45704675961657	-9.54367300038238	0.23109961975038
guah1255	2.22020366270025	2.05825490130477	-1.49604894145646	6.69923171121609
guan1269	1.84300157009936	1.93352281901898	-1.82037027426932	5.9283900514586
guat1253	1.32067321105615	1.98121114065423	-2.50373767590798	5.41055332963921
gube1234	-3.68453595000853	2.45072124304461	-9.39151478798216	0.266810009040293
gude1246	-0.423988610505749	1.71969122444607	-3.87459068091258	2.97870849786263
guer1243	0.997227581605448	1.88899577346163	-2.69321895918238	4.74754104503938
guhu1244	-0.553707348376541	2.05574794641936	-4.83292226444331	3.37145569760014
guiq1238	0.218027693243929	1.72019148319788	-2.99688749114895	3.91732697433062
gulf1241	-0.128689790567334	1.66328003059742	-3.34441520884804	3.2829586538623
guma1254	-0.974549874447275	1.73391974321331	-4.41520138811563	2.62682155391003
gumu1244	-0.649490598203036	2.83188203185336	-6.77720746229121	4.59049527955875
gunw1252	-0.252308329913647	2.23461161675679	-4.84154775344945	4.0940242982052
gura1251	1.65808392056601	1.79728723403595	-1.52126747096102	5.56515493618225
guro1248	-2.92389050536257	2.57993882400908	-8.88387265565799	1.40065955901349
guru1261	0.274190995480791	1.71700726688646	-2.87298865310281	3.97205247516735
guru1271	-0.422183447851253	1.74567523720285	-4.02560508374714	3.05516689017464
gusi1247	-3.73040461745871	2.41281905114688	-9.29636038025387	0.15912368270075
gyel1242	-3.7095886338445	2.4094291364185	-9.36938695403394	0.253266584865588
haaa1252	-3.7321172914514	2.40696805072123	-9.30668779038614	0.123017830038938
hadi1240	0.0549242222288266	1.63185859226583	-2.99840184532616	3.52324929477692
hadz1240	-0.508752444741264	3.00942322761364	-6.83826849285957	5.11796116362159
hakk1236	0.136276014334171	1.72846985679176	-3.13704828558897	3.70000267193132
halh1238	0.500207309174838	2.06343583232265	-3.45021553670731	4.79020427945511
hali1244	-1.22298379302256	1.7158514793921	-4.76003682730506	2.19025262009301
halk1245	1.10464461727572	1.88783274800036	-2.6105016076519	4.93514488323792
hani1248	0.238293615862276	1.70470051644319	-2.8590747748276	3.84311052908207
hano1246	-1.25830506403621	1.71968949362838	-4.73383845945099	2.18881302023521
haus1257	-0.429454722282056	1.7220554553068	-3.9548872285327	2.97278418638719
hawa1245	-1.26691835917342	1.70524558807457	-4.67163657536747	2.11018965682549
hdii1240	-0.431358848751759	1.73410917852469	-4.02226605503126	2.90135134305379
hebr1245	-0.101172456650041	1.66488881098542	-3.28958712853495	3.41100935964886
hehe1240	-3.7197149174408	2.39997082887488	-9.29631355773387	0.163857570077861
here1253	-3.72297367054904	2.40538681825806	-9.25622755237826	0.111519755280881
hida1246	1.12917701777561	1.89517597497922	-2.57333669801619	5.01823227398426
high1276	1.14112395347397	1.91395538513206	-2.57791077906337	5.12356476028835
hind1269	1.98422783308031	1.85837212200756	-1.25781113912608	6.17817620360198
hoaa1235	-0.646265248236867	2.92446638197348	-6.97924965039479	4.64662500328148
hoav1238	-1.2269224672177	1.71829424491415	-4.73392827373796	2.16416099184538
holo1240	-3.72920568969198	2.41744358953913	-9.3287144967393	0.140870208333979
hone1235	-3.7010941444648	2.4409607632081	-9.39251029259422	0.233748864153305
hopi1249	2.41622485527734	1.892852056308	-1.03642477243702	6.52652445369752
hote1245	-1.22601407392899	1.72527668928067	-4.8005253197981	2.27046709814596
hual1241	2.83173954492653	2.0710617294061	-0.77894594376049	7.49717920913495
huam1247	0.952567856406861	1.92917711107893	-3.00810160372447	4.76798748602277
huar1255	2.46534258158963	1.88735313121843	-0.91051118412681	6.54304645123282
huas1242	1.09648039306521	1.90475712956057	-2.62144630985207	4.99077911284439
huba1236	-0.425321778134816	1.73068525580678	-3.93109010136722	3.0215968110705
huic1243	2.40481916490396	1.89432069845511	-1.04037297455452	6.51196220476871
hula1244	-0.145308040255378	1.66808264387126	-3.31868943928445	3.26451196524182
humb1243	-1.50339494671099	2.69760272758861	-7.70288771815142	3.14298299905024
hung1274	1.63638419987004	1.90308409559211	-1.77413070811299	5.82788424317327
hunz1247	4.51534556046638	2.47055308496833	0.260204787545891	10.0439972280048
hupd1244	1.45692640935076	1.90363831827657	-2.13602476760271	5.36149363884719
iaai1238	-1.25486592410623	1.74168362206295	-4.81442324244355	2.10409482435369
ibal1244	-1.24686686587717	1.7165863676691	-4.72335365515077	2.14901058806472
iban1264	-1.26214974421104	1.74509077522099	-4.85995148787656	2.20735194654139
iban1267	-1.24623487860115	1.72879459409918	-4.76466531179545	2.21837494682961
ibat1238	-1.25212083488409	1.73056562830094	-4.85330943102871	2.11120938126562
ibib1240	-3.69756348298179	2.4502527231468	-9.30182348271525	0.25185162606477
icel1247	1.05035371378236	1.72127480252402	-2.20680657776784	4.70541796670781
idii1243	0.175280066856185	2.13331818734383	-4.06006526712188	4.44973570381836
idun1242	-0.962016336720466	1.73729535452833	-4.44640144613631	2.55611840501622
ikkk1242	-0.533878804173934	2.85765090639207	-6.81918113414854	4.69934040668906
ilaa1246	-3.72748309242528	2.40835975303339	-9.28800550253281	0.143308054320934
iliu1237	-1.24085627044804	1.73626488372093	-4.78900241246524	2.10810058802612
imba1240	2.82588007918057	2.07408169788368	-0.779843615911999	7.51568140480663
indo1316	-1.25924367631244	1.74478264281959	-4.79417979282802	2.21640459051377
ingr1248	1.22553545445442	1.74810043223862	-2.07072120695377	4.85900032350865
ingu1240	4.50089054433589	2.45964057466591	0.283093989951626	9.96540472330441
iqui1243	1.40694536091063	1.93303857262771	-2.26800034702852	5.40662146405282
iraq1241	-0.071608906080638	1.64065239176883	-3.19334171254272	3.39027574022165
irar1238	-1.23362046917546	1.74570220226812	-4.73318263376517	2.26845796091632
iris1253	1.10186329857724	1.7253880684695	-2.12069459104328	4.75217542323775
irul1243	2.34905869450433	1.8986219750999	-0.989082133019996	6.53027561170951
isco1239	1.95996974807254	1.86524983822456	-1.47186326827327	5.97354656887957
isir1237	0.353280666577883	2.23838494682072	-4.15028633757138	4.84614071025944
ital1282	1.01031034727867	1.71041705367294	-2.25365513868191	4.60925088852965
iton1250	1.50946660417371	1.98863129487956	-2.31303868599736	5.68718711014885
itza1241	1.07254927160496	1.87695211641472	-2.59985601776267	4.89303007450046
iwal1237	-1.2263731837382	1.71431835466952	-4.72477353953094	2.1989101183494
iyoo1238	-0.52990151286242	2.05110442165728	-4.72639288997934	3.35799787497186
jalk1242	-2.92497360421678	2.58984015815079	-8.97824477369814	1.42707070450303
jama1261	0.905721748592392	1.88598046082244	-2.87010088030115	4.7593383785796
jamb1236	-1.25806971908837	1.73884714731712	-4.82498293650691	2.20060896085141
jams1239	-1.73901714227494	2.90005835953822	-8.06088851836775	3.33685666000087
jara1266	-1.25957249478999	1.72980239308627	-4.73909047495213	2.11241452872063
jede1239	0.904202775714141	1.79524415306211	-2.45059683128429	4.63368963606252
jeha1242	0.904416953816781	1.79699527691048	-2.45746148549452	4.69312825955441
jina1244	-0.438220422605993	1.70597937445679	-3.94682484846422	2.93978818203091
juan1238	1.4250004652035	1.85274998691176	-1.89732717515627	5.37493254675438
juku1254	-3.69934339199608	2.43684089530445	-9.41393066047287	0.332522805880941
kaba1278	-0.0220356927103267	2.1962365347981	-4.46862740066788	4.27174971798271
kaba1281	-1.89969391465747	2.50069486857071	-7.58825185739856	2.27059216663973
kach1280	0.0765312650244512	1.71306390567171	-3.07587540966721	3.69048037058825
kado1242	0.0836702546436901	1.70628597057168	-3.11289999422595	3.7194098677998
kafa1242	4.00215583218934	1.93467974206338	0.675623072723407	8.34517137892039
kagu1239	-3.72471753059811	2.39990504834229	-9.27077646258362	0.189451677004648
kaik1246	0.272669961232157	1.70624704591596	-2.91047095467229	3.8727939763833
kala1384	-3.73388691023372	2.41777565956756	-9.25560296043094	0.139099086560831
kala1388	-1.25394794203142	1.73954517743874	-4.82727083784021	2.24529519882636
kala1399	1.17804980144441	1.88504368264366	-2.4554814126577	5.03566330590629
kali1308	1.09131931816695	1.88195520067663	-2.62710212074313	4.96798577223756
kamb1297	-3.7287691030116	2.41057360570266	-9.20069242114408	0.180604367330911
kamb1299	-1.23649075905606	1.72387898666015	-4.80513220980189	2.1408693947861
kamb1316	0.0574811961161086	1.63685331018039	-2.97928920124982	3.48485780676583
kana1286	-1.16439744950231	1.79284423711069	-4.81810409274747	2.45834121034107
kani1286	-0.514097703460982	2.04583796186746	-4.64245987943148	3.37309881666524
kank1243	-1.24642153328911	1.72983000036395	-4.74219840920267	2.16853146589979
kaqc1270	1.07008639645364	1.88879402446458	-2.63602745739749	4.90487804960602
kara1482	-1.89816794607316	2.49172398989113	-7.67005184343963	2.23081461443856
kara1486	-1.20633068312668	1.72906507031053	-4.60466369427536	2.19716477565929
kara1500	1.37364301152849	1.89403094553658	-2.28959076019438	5.23763895301049
kare1335	1.22939252738009	1.74571656322856	-2.00142971617967	4.82237146017135
kare1338	-3.70402775943077	2.40985548767419	-9.1681885253458	0.20085055493067
kari1311	2.35590816101349	1.97695941061663	-1.17539574814907	6.61823704793015
kark1258	0.638193731437591	2.33302438289646	-4.12671491309769	5.38760472515646
karo1304	1.26593911745204	1.88888720556492	-2.38518558241811	5.04195521945527
kash1277	1.93463358179993	1.82088931540786	-1.26700721354814	5.9584600993092
kask1239	1.41278246284368	1.83473602403625	-2.06473953339666	5.28487572763409
katb1237	-1.25760987285597	1.71622628455668	-4.74722865468791	2.22058481502525
kaya1315	0.384567392930115	1.77959844783488	-2.86928233565318	4.19750633879192
keap1239	-1.17521826204178	1.7284399828826	-4.656177358138	2.27425296703536
kele1255	-3.7103890200956	2.43485318435235	-9.44018255757449	0.266105687970322
kemb1249	-1.23768565218473	1.71037601009136	-4.70853344573467	2.1923680970149
kenu1236	-0.127816283312636	2.7990101315569	-6.20271850732338	5.03823003461941
keoo1238	-1.23528375660657	1.73591046803877	-4.79524875485548	2.23339331905126
kera1248	-3.67913318609008	2.47881293813146	-9.5595137271441	0.213954806992068
kesa1244	-0.468860204066706	2.05628493691759	-4.74098514572851	3.52349194845156
kett1243	0.135391687533405	2.54074864493925	-5.09503229166219	5.37234443073235
kgal1244	-3.71296355000555	2.423044836967	-9.395010330802	0.157576222525384
khak1248	1.68576037086899	1.9290693853203	-1.87914721158852	5.75906593938681
kham1282	0.203663653925996	1.69585017446414	-2.84113295343412	3.84719083496866
khan1278	-3.69797259806301	2.42156643623728	-9.28996092413299	0.162632995274403
khin1240	4.49952426873969	2.45273494772022	0.296157819152558	9.96754822372616
khmu1256	0.901089450143531	1.78148033162181	-2.48532952038758	4.54433540120966
khum1248	0.254587776739547	1.74199719378465	-2.94598286891742	3.94362511729714
khva1239	4.51117044540444	2.4702824355214	0.286131199488351	10.0909937806388
kich1262	1.07032056875552	1.88908925643593	-2.61530107381649	4.84936383414436
kiku1240	-3.72544608352714	2.41303343843727	-9.28990223193085	0.215064369591181
kile1243	-0.443078425845294	2.15765646824085	-4.7981577716068	3.82004660639179
kimm1245	-0.458469120119135	2.39481679867152	-5.53922484149334	4.10804578595309
kinn1249	0.629066099488954	1.81754522527218	-2.66106376234139	4.55248216822898
kips1239	-0.622631965324053	2.5201290588638	-6.17573870145437	3.96731279513465
koho1244	0.876515327854537	1.77934086299703	-2.51659343672207	4.55953174157087
koir1240	0.259745995830433	1.75835270818229	-2.96316122096799	3.98759252262961
koit1244	0.27731752594681	2.20199329843592	-4.25297247252558	4.62414295455995
koko1269	-1.21992635587427	1.73338325323119	-4.71487971300844	2.2301746534937
kola1285	-1.23874600043238	1.76291574428212	-4.86807699290778	2.23255760974748
kolb1240	-3.70332994754138	2.39798153907752	-9.31244190942964	0.126895157191674
kolc1235	-3.71378906586183	2.40772810324188	-9.32993887983398	0.169785878539479
kolu1245	-0.940464298185674	1.73868034185079	-4.37789353291494	2.59710677518352
komc1235	-3.7080155487346	2.44337957420436	-9.51273659966184	0.144549149367566
komi1268	1.41428183487127	1.83094837563586	-1.83944215364076	5.33835040257247
komi1269	1.41130138125517	1.82862739680234	-1.86708791326464	5.34081656148076
kona1242	0.517077787834341	2.28597632114249	-4.07275411098795	5.01462668140111
konk1267	2.14693290161763	1.87733457196912	-1.08972748490498	6.37328124000369
kons1243	-0.0698612834132906	1.62441216465445	-3.09996986437909	3.37360234111498
koon1244	-3.7205203741742	2.43486049070951	-9.33673732148344	0.199985587484657
koon1245	-3.71705774248507	2.4127741122532	-9.3532043039987	0.189756729370197
kore1280	-0.00211693370087868	2.51419242326494	-4.91329684981685	4.97622818136499
koro1298	-3.7080024043879	2.42723190072858	-9.33673371258226	0.172408292719267
kosa1249	-0.555056213870754	2.03853360463067	-4.63825983838874	3.24508756681217
kosr1238	-1.24620175484807	1.73627627139575	-4.74679550446818	2.14480846259245
kota1263	2.36392713189892	1.92940784471314	-1.10740157356918	6.64231151879127
koti1238	-3.72589395044835	2.42148536155541	-9.40819948832545	0.125122923871238
koya1251	2.4737046099334	1.93843192142798	-0.942038887820627	6.73261685507322
koyr1240	-1.50057901582043	2.70667749138652	-7.54147416857598	3.12382906485859
koyr1242	-1.50262207725419	2.70355408896489	-7.68189647255508	3.15120377348762
kryt1240	4.39627847832733	2.38759849728648	0.272908046613586	9.78897429321183
kuii1252	2.5750041300628	1.9623995197338	-0.848581740344431	6.88319138316304
kuik1246	2.67151083481395	2.00358874983143	-0.85320149792437	7.03080462869009
kuku1273	-0.244647392957551	2.16016708947008	-4.72152534107439	3.92650785250865
kuku1280	-0.242586481919318	2.1511644056709	-4.77671797454306	3.85379756786457
kulo1237	-1.18418431963325	1.80235138259047	-4.85991172754349	2.51494034869498
kulu1253	0.454216121592711	1.78651028059176	-2.81457176288	4.30944065386509
kuma1276	-1.25036940477541	1.71893431032484	-4.71646155689253	2.13325213845462
kumb1268	-0.228463317615336	2.17044480010903	-4.72652977573158	3.99472753447982
kumz1235	1.65085967669157	1.78003973482603	-1.51895290702053	5.53472852176268
kuni1267	-0.114555314290794	2.42567529362376	-5.28766992931667	4.59425557137973
kuot1243	0.731784532895382	2.30162800680745	-3.77032063312407	5.38555990702867
kurr1243	-0.228946584600427	2.19474600923238	-4.84731044313277	4.01407476545052
kusa1251	-1.22490054172064	1.7215129716418	-4.72203208770832	2.1902200791978
kute1248	-3.69726764557685	2.43528648956298	-9.32126582427048	0.282153774440625
kute1249	1.38422898225125	1.97372181181713	-2.34187958071476	5.57024573645542
kuvi1243	2.57294740517715	1.95795657917078	-0.879509848770546	6.84698365617229
kwai1243	-1.25385455171085	1.73373206464506	-4.8166886540405	2.18357451046132
kwam1249	-0.460283540595574	2.59333522764986	-6.12092139062499	4.26991575926486
kwar1239	-1.25647524549671	1.72831206236029	-4.76746919024121	2.12278173129578
kweg1241	-1.23778807930836	2.76430356808824	-7.4825793419775	3.54769473250265
kwom1262	2.18601003170943	2.28540540396971	-1.75516584396582	7.15744184788598
kxoe1243	1.89635873974216	2.1361366928261	-2.04865626914576	6.38825506336872
kyer1238	0.200791284244927	1.69595495713232	-2.93172684484612	3.77018408899128
lach1248	-0.0984571042422902	2.52354155333553	-5.16247109096855	4.72402687950688
lahu1253	0.208777035758883	1.72444357642091	-2.9719772887999	3.82052794790314
laiy1246	-1.24704351751202	1.74476298321372	-4.86020407141458	2.23044684497578
lakk1252	4.46182249726164	2.46600270888551	0.244414767442491	10.0998729902134
lala1268	-1.17236468533373	1.71990228781104	-4.62458685714857	2.28870467377708
lama1277	-1.23323675734523	1.72678393470075	-4.72010446709525	2.2025233242165
lama1288	-0.436884848553537	1.73474094698437	-3.98054411815645	3.05495043277011
lamb1269	2.07283092704805	1.86242295311629	-1.16554540253626	6.28622744219664
lamb1272	-3.72132423929263	2.42255778059337	-9.28473246534679	0.154728850172184
lame1260	-1.2503078695804	1.72635335832061	-4.6690872757958	2.21811841292279
lamk1238	0.263798461780271	1.74991414862695	-2.88902000718733	4.00592033069016
land1256	-3.69223707641821	2.46234017797553	-9.43358193471256	0.281551070042638
lash1243	0.186344377942984	1.7350466270028	-3.05408252061775	3.86895191765497
latv1249	1.06092837609051	1.71602784200016	-2.22057890384296	4.58308660538656
lave1248	0.889495568965826	1.7867620092946	-2.45692961566197	4.60925607801615
lave1249	0.890648205998713	1.78939097313463	-2.49429754283237	4.5776773168118
lavu1241	1.81753720093228	2.29122292718411	-2.31705768671684	6.85230032240353
lazz1240	3.99164996619506	2.66500113176544	-0.401947722196504	10.0897220582988
lega1250	-3.72748994186203	2.41264856813335	-9.22285563323723	0.14730765457403
lele1267	-1.25165297319212	1.72040284981248	-4.71326421099602	2.1370910507805
lele1270	-1.2355709163698	1.72025751429686	-4.71526305426756	2.13740564976179
lele1276	-0.416960048594681	1.73156325582626	-3.91590237045199	3.00657923980412
lemb1266	-0.527518005632742	2.04857834495057	-4.69419505085877	3.31572757977138
lena1238	-1.25663599153816	1.73334588102744	-4.75238173611509	2.13811664716955
leng1259	-1.26048121426189	1.72366496729742	-4.75580619520549	2.17018323757802
lepc1244	0.257771385098313	1.76069741532361	-3.02403844962941	4.10451816690972
leti1246	-1.23499517129181	1.72766062123201	-4.71884851664765	2.16076975500813
lewo1242	-1.25371310110897	1.72932474891282	-4.68345234622071	2.16159315832481
lezg1247	4.21032079718976	2.34057869622966	0.149335317377502	9.49966712266097
libi1244	-3.71656225973023	2.39267371479171	-9.32897815259113	0.125277744858326
liby1240	-0.128832495900022	1.66600056289641	-3.32459627246409	3.28283437441505
liji1238	-3.69201809125823	2.42522293602491	-9.47455936530691	0.289443951527241
lika1243	-3.71769503388716	2.43107123257864	-9.31183822835508	0.212299776481139
liki1240	-3.71868423101769	2.39479955505619	-9.32806337861977	0.0900887354160467
lill1248	1.0982318096599	1.88070682744469	-2.67404239551672	4.93473849357602
ling1265	-1.25174144883344	1.72530954967811	-4.69543190617205	2.15896171098504
lipo1242	0.202117720968753	1.71200063872907	-2.98457548895581	3.84667634175255
lish1245	-0.150122038256592	1.66872152438987	-3.37232174065023	3.27465947128217
lisu1250	0.200142297118366	1.71373424655133	-2.95072519397018	3.78421833792701
lith1251	1.04759453952454	1.70133969839917	-2.1306344215262	4.57805578785824
lito1235	-3.71666257434281	2.39311785128303	-9.35333306239155	0.110330329848976
litz1237	-1.25358942664898	1.72851742819608	-4.73636799885881	2.19217237541025
livv1243	1.22173857840528	1.75055350630902	-2.10337377459761	4.82969093255847
loba1239	-3.72161136589754	2.38867525068317	-9.34344019776628	0.10795155233157
logo1259	-1.87880518657487	2.51250807197843	-7.47554057820076	2.29786008833461
loma1260	-2.92352020732364	2.58260176940649	-8.95207360817945	1.4451439915311
lomb1257	1.00994788438769	1.69587281015305	-2.26039330028114	4.53602572808899
loni1238	-1.23452435078089	1.72498886925536	-4.75351242701124	2.19844371455933
lote1237	-1.22811049347616	1.71349185475188	-4.71934118615922	2.10403175388421
loth1237	0.318875113039624	1.75764803835885	-2.82691307011043	4.10906908617256
louu1245	-1.24055796354373	1.70129880546271	-4.68714691413723	2.01234890856715
lowl1260	1.29866198008999	1.9296565390343	-2.42269268504479	5.28194541368147
lowl1265	2.60815004885866	1.92418991616169	-0.815466941538888	6.85948416199864
ludi1246	1.22112062910923	1.74627293609833	-2.06750952977205	4.83600305700336
lugb1240	-1.88019712585789	2.51691672458141	-7.55270222021393	2.26964725216051
lugu1238	-3.7280155941473	2.39777358922546	-9.24484048462317	0.141444807191877
lule1254	1.39658656712414	1.79358912665194	-1.95627628659778	5.28807152036799
lumb1249	-3.71323628194027	2.43852723808323	-9.33747607966454	0.16914575725131
lumu1239	-0.569270054021697	2.94168586737088	-6.76556096746796	4.9965326075951
lund1266	-3.7174217287205	2.41728792632595	-9.20357058361685	0.15892444526749
lund1271	-1.23712213734027	1.74067240621197	-4.78934737176673	2.15210995759358
luok1236	-0.62425399215151	2.52985895527791	-6.35466692005227	3.95508333809801
luse1252	-3.71144434654624	2.40124693142915	-9.41066935898224	0.115229657120378
lush1249	0.280102118494188	1.75686684886222	-2.90858653882964	4.05908229541991
lush1252	1.10957111258104	1.87909595414214	-2.63303150523925	5.00975646918642
luva1239	-3.72760179855819	2.41953701996314	-9.30972127045145	0.20962105276984
luya1241	-3.71034435721643	2.42371972206552	-9.42694526730093	0.218362210959698
maan1238	-1.2405949575217	1.72929634728291	-4.72715496532689	2.18088667751219
maas1239	-3.68513760821216	2.43954888291167	-9.53285227631689	0.252232071972547
maba1270	-3.71665459217515	2.38758479370652	-9.46805735378588	0.0989880755794338
maba1277	-0.870187180476699	2.7768427804784	-6.94151260071559	4.2226809415997
maco1239	1.62835007756476	1.98226813290063	-2.05877668416048	5.9289734009878
macu1260	1.8499364110811	1.91316394008166	-1.73046869052081	5.84936794922166
mada1285	-1.21523431360909	1.73701087844645	-4.73451150352783	2.21894451301935
madi1260	-1.8774967867766	2.51962043329302	-7.53095140028922	2.31938367769397
madn1237	-0.0852856363161374	2.27770104840492	-4.88821433271086	4.39794667891801
maee1241	-1.25538948399785	1.71432024161769	-4.72000722228144	2.19561017821697
magd1235	1.00322817207815	1.88325052236279	-2.71361722471665	4.78559425026801
maib1239	0.36558616984891	2.55896985378551	-4.83103066968906	5.40213633151985
mail1248	-0.138445279599559	2.13847975434408	-4.59321911088418	4.03191638100342
mais1250	-1.12889806119795	1.7246398286379	-4.5845660158842	2.33750395389587
mait1250	2.11746511630963	1.87292424166715	-1.13155947636349	6.28294188153147
maka1304	-3.71726787265226	2.40966739890211	-9.37444540903396	0.197469888974375
makh1264	-3.72154287846622	2.43309897304959	-9.30386230339097	0.152627593561634
makh1266	-3.72077895721621	2.42018242504735	-9.2671700160081	0.164020694294762
mako1251	-3.71771517010143	2.42179394551337	-9.36121025289473	0.210966623117947
makw1236	-3.71728389977494	2.4222036476596	-9.2836502183021	0.183101514808312
mala1464	2.33820952449081	1.89735023959004	-1.11935617914916	6.49807625656453
male1284	4.04315413117953	1.96789704607471	0.630332329963041	8.34040839542151
male1289	-1.22362357791072	1.71202459957678	-4.70034354774458	2.14222401692805
male1297	1.2434545849358	1.85928142999257	-2.35053204386163	5.19709380556949
mali1285	1.01645708914461	1.89460590420416	-2.75441412475672	4.84058470910983
malo1243	-1.2504233319425	1.71291995693507	-4.72625216868533	2.20406705810417
malt1254	-0.127387607878456	1.66813803892029	-3.27055607486943	3.24529609709936
malu1245	-1.25976995870194	1.73336062488333	-4.75764469631513	2.21765276478558
mamb1294	-3.70160094307376	2.39719814012155	-9.18901353462858	0.175755796132018
mamb1296	-3.72289915347608	2.4106659967035	-9.33482810475664	0.165011058991333
mamm1241	1.06848568008743	1.89612619163761	-2.62913923345081	4.9336980006091
mamv1243	-1.88346522604846	2.52723923506887	-7.54977725222801	2.2960339794151
mana1288	0.26099548142066	1.71222831909767	-2.8647807583348	3.98378563516404
mana1295	-1.22658450380677	1.74022411766916	-4.83140499136794	2.12850310691255
mana1298	0.284972940650976	2.22295335790912	-4.21909376803507	4.67999871402425
mand1415	0.136716844827812	1.71532915633349	-3.08754548573897	3.78194489176468
mand1436	-2.92544714491161	2.58530144987706	-8.80856393368929	1.49615391020642
mand1440	-1.21263036934882	1.72607806782137	-4.74078308106926	2.24429528406861
mang1381	0.708436850857415	2.2962107678865	-3.83940355950817	5.34775444575408
mang1401	-1.26834973150825	1.70406358864185	-4.73558600830889	2.08167470034065
mang1403	-1.23245560499074	1.71581255543223	-4.7119871073819	2.14735189701343
mang1404	-1.22486091900065	1.69916020402989	-4.74040094394643	2.15886587054146
mani1235	0.235701362658405	2.54118361755117	-5.06592814545965	5.13243163465191
mann1248	-2.93043782542792	2.58199627956703	-8.87297261810212	1.38296063742823
maor1246	-1.27079587653737	1.70708687202492	-4.71238111444676	2.12644149980173
mapo1242	-1.22552413981267	1.71788847255472	-4.70367100205466	2.20576192231399
mapu1245	1.23801012486702	1.93610975795318	-2.52989647989154	5.22359932360497
mara1378	2.14076358594935	1.88356366008053	-1.09634602054772	6.44358283777061
mara1379	0.441654886455567	1.79332278231546	-2.79251635293592	4.32231266062383
mara1386	0.522549262833353	2.21326749882756	-3.94571361467073	4.90860214551816
mara1399	-1.25270402615378	1.71275157908643	-4.72933593919332	2.16680702341254
marg1265	-0.42583363031197	1.73663764053677	-3.97435216972652	2.99566656370319
mari1416	0.319472161424988	1.75694826612677	-2.88976992953079	4.07636879707946
mari1426	-1.25807560128958	1.72981431212987	-4.82659337694955	2.2116849525756
mari1428	-1.24070147146823	1.71507733177199	-4.79339805167913	2.1882777532997
mars1254	-1.25161753638038	1.73016237018711	-4.78432123267986	2.22336660694727
maru1249	0.177400576469995	1.71409452944971	-3.03244434553832	3.79594914158664
masa1322	-0.413969578461064	1.73262775065039	-3.9478888071344	3.06032532303197
mask1242	-1.25165913980996	1.73744988555284	-4.82620361136933	2.1992897676478
matb1237	-1.23913798431109	1.74073133262309	-4.78319597666056	2.20171034775925
mati1250	-1.25490825751148	1.74229532501415	-4.80500589923022	2.15653034886794
mato1252	-1.23941994757771	1.73072520088114	-4.75390334031432	2.26844247515989
mats1244	1.95931814733117	1.88599443076416	-1.54291482709969	6.04037279484209
matu1261	-1.24386887033509	1.71274588906056	-4.72180066372629	2.13749861034961
maun1240	-0.0846188549541104	2.2932012949507	-4.81160027939356	4.42814850493368
maxa1247	1.40249736945017	1.88290935161069	-2.16998177121686	5.30314833733031
maya1285	1.18868516623154	1.92804640368085	-2.56682341443662	5.1283217560173
mayo1261	-3.70323725255237	2.43004955259697	-9.281836202579	0.164449062528112
mayo1264	2.75642135708074	1.98305028994531	-0.685965686561926	7.10174366549026
maza1304	-0.431255984620795	1.73086554811723	-3.92781628373434	2.94763798255244
mban1263	-3.70325079226863	2.43189810330508	-9.39976717645816	0.204415929103769
mbar1260	-0.440316895677497	1.72270531825996	-3.96497958568038	2.95089292260405
mbay1241	-1.90135636453898	2.49693785482263	-7.68455503518058	2.25907391173276
mboc1235	-3.71530326831507	2.41915246322229	-9.50162028907884	0.231948423456473
mbol1247	-3.71775649650252	2.43148115164136	-9.44096650205639	0.22484046321737
mbug1242	-3.71374242406247	2.42968337771497	-9.22614398736793	0.156219024746978
mbul1263	-1.23034666458767	1.709765413892	-4.72561341094175	2.16493283630987
mehe1243	1.75656812171399	2.18617330206895	-2.13823025331922	6.43491461588993
mend1266	-2.92305352432885	2.57437744738028	-9.06679221652054	1.36362538839129
mere1242	-1.25804148529008	1.7230638937325	-4.73718345877915	2.1278746194972
meru1245	-3.7203028449771	2.42810845526104	-9.29762737229886	0.203448311088876
meta1238	-3.69517240571667	2.44024676698743	-9.43202542152246	0.234498564721271
mezo1235	0.99089765921572	1.86315772957538	-2.65676494780943	4.70499944292799
mezq1235	1.00818109993503	1.88284450484883	-2.66798112822841	4.84586844858739
midd1327	-1.22531785679392	1.72883435940255	-4.74429679044913	2.16426458042638
miju1243	0.0642842310746319	1.72811567287186	-3.19421374469035	3.73887313518391
mikm1235	1.13804195102198	1.85834570649956	-2.4743193981783	4.85724467762502
mila1245	0.382242924101472	1.77894478023819	-2.84311095829886	4.26781892488223
mina1268	-1.25594935597154	1.74591992594128	-4.84355879270802	2.13406225430215
mina1276	-0.436464793865374	1.72042899507256	-3.8511906544272	2.9354466936781
minn1241	0.140488579139692	1.73585179990651	-3.11989190146654	3.84367826515045
misk1235	1.2021929187794	1.92441137068403	-2.47941232375623	5.06508542084
miya1259	1.13536402238827	2.28446802045859	-2.81002675341446	6.20709991181175
miya1266	-0.430590488610031	1.73774413115345	-3.89704378732222	2.98387187277627
mlab1235	0.901286019087236	1.7824414144171	-2.46760180125823	4.62985953320647
moba1244	-3.70958785012657	2.43334330604262	-9.46289145661074	0.223306986700521
moch1257	1.06044279213328	1.896517111584	-2.81123025541418	4.88650829043345
mode1248	1.28973429733762	1.77214843782398	-1.9391691336816	5.17011685424675
moha1258	1.8240613074142	1.9705400711453	-1.77149626364603	5.98343714354274
moke1242	-1.253567897378	1.74113501705337	-4.87812706946472	2.17637793800266
moki1238	-1.25168719379148	1.72913657507817	-4.76620685632926	2.15887769215337
mokl1243	-1.25200036305283	1.74832818415335	-4.85864262673402	2.16459069768011
mokp1239	-3.71413514942713	2.4125604901279	-9.36115986480079	0.123007660027285
moks1248	1.33871917180468	1.79788319239637	-1.96657274524495	5.17465136116835
mong1338	-3.72128997858365	2.38781256343773	-9.33172874505455	0.143241995652755
moni1237	1.01482794763157	1.90632290434232	-2.70758060945238	4.93582362776747
mono1270	-3.70643806039317	2.43291241094573	-9.36650494240006	0.219748504748444
mono1273	-1.21969920322039	1.71894993425416	-4.67645486439366	2.14651992908662
mono1275	2.50758310174799	1.90084294711714	-0.892173883235283	6.72931056410582
monz1249	-3.7029724953678	2.44194401606136	-9.23651250638661	0.197840365676839
morm1235	-1.23330792998648	1.7341631224357	-4.69863461958864	2.27173647407826
moro1285	0.743788333105129	2.6893197676568	-4.95398807932216	5.90334412922761
mose1249	1.65128919757946	1.9484147194616	-2.06462299724465	5.76728258484812
motl1237	-1.25032082492105	1.71173791914266	-4.68547978487654	2.19644222358619
moun1252	0.270230846476984	2.18899126323629	-4.17601633336305	4.63252061996673
mpad1242	-0.428050003579433	1.73395488844718	-3.96501103344239	2.95286327636704
mpot1240	-3.7099235339308	2.43244325692641	-9.2844210154821	0.225332086100942
mpur1239	0.841994376492187	2.34167269204161	-3.63266747858205	5.6608150881746
mual1241	-1.26132858069856	1.73980839022335	-4.84384212555708	2.17984068582142
mudu1242	-1.20546998585631	1.74283158872266	-4.7190533874175	2.28920321385286
mull1237	0.493486528903479	2.23133863158279	-3.98818447394082	4.97146443714883
munc1235	0.247386036242016	1.74162697186921	-3.00212210601921	4.03328734221068
mund1320	1.41350766356116	1.85667795901837	-1.89885994407717	5.39522187410498
mund1325	-3.69909403628215	2.4069487759137	-9.28080511763789	0.218567201440206
mund1326	-3.70394531365886	2.42940546288793	-9.34457402360665	0.181711333499356
mund1328	-3.69707284816101	2.43542057149129	-9.42781524240143	0.170915414176552
mund1330	2.52021023240081	2.02337302699202	-1.03731854390633	6.87301090572565
murl1244	-1.23647085025416	2.76371677106089	-7.48666735642034	3.56249046335537
muru1266	-0.227662272704241	2.18687682815247	-4.77171532031525	4.00418719563129
muru1274	1.5627553981826	1.97738023298846	-2.14012252221567	5.74142465559933
muso1238	-1.22321472592988	1.71755633779005	-4.75443736962413	2.1850364686983
mwag1236	-0.421841248430264	1.72596654730994	-3.96733071730785	2.93979371576174
mwan1250	-2.92987228652712	2.56711546910423	-8.88006689916829	1.36306388167544
mwer1248	-3.72070412946547	2.43876074123611	-9.45140072138888	0.187506979328934
naka1262	-1.21469062927493	1.72739327508681	-4.747440772963	2.0596588429018
nali1244	-1.20561285580827	1.72340261792852	-4.7077315102023	2.09450498334578
nama1264	1.99263351494061	2.16559300402474	-1.93862671429925	6.68673951779228
nama1268	-1.24942604423736	1.72889520347245	-4.76872466685382	2.18114762291077
namb1293	1.27438513744132	2.1344251167726	-2.74097291862585	5.8968260977657
namu1246	0.181243884592236	1.7091127145315	-2.99141466940085	3.87142379795841
nana1257	-0.442094453178694	2.15578014813186	-4.80639537054742	3.81873668714058
naru1238	-0.2284488823274	2.18115599605042	-4.79684530359257	4.02721316090642
naue1237	-1.23304071175685	1.73000113095953	-4.7173452695903	2.1556188092693
naur1243	-1.24090383462479	1.73199170075569	-4.77114457213345	2.21275584910119
nava1243	1.41754358024132	1.82625370998908	-2.06189892784266	5.21108511974018
nawu1242	-3.70480428553874	2.43275486220934	-9.47955898815128	0.21592532411126
ndam1239	-3.7258794457258	2.41376493596471	-9.28289733181839	0.207870181156614
ndun1249	-3.70670911140472	2.4321952570365	-9.25329457840042	0.216409844078564
nege1240	-1.25416850347026	1.74390416001163	-4.814913731244	2.18722292910297
neha1247	-1.22248284082365	1.72904940132338	-4.72297994480735	2.19099563360549
nene1249	1.21660777976225	1.81551985424516	-2.17430749244235	5.00432723186722
neng1238	-1.25469464251561	1.71817375083294	-4.78289181765391	2.10670197832994
nenn1238	1.27364043973946	2.12708170295949	-2.68560141130869	5.81431330825359
nepa1254	2.07437300487613	1.86347415490808	-1.13413415233368	6.20647463408318
nese1235	-1.25912405410333	1.72088119579142	-4.72587772509789	2.20826509756036
newa1246	0.471395558081902	1.77143315267104	-2.73253963910183	4.24372643763338
nezp1238	1.22167870469122	1.96217310367119	-2.55454497583232	5.31677825297694
ngab1239	1.06017695752083	1.84243675541941	-2.57536024418726	4.89013999354953
ngal1292	-0.250533193423495	2.2417889041478	-4.86368033731932	4.04525362509108
ngam1268	-1.90005401432408	2.50223111753574	-7.57411699273698	2.22907341540873
ngan1291	1.23888790254531	1.80729923247784	-2.08424404938087	5.0726304297939
ngas1240	-0.425244763333638	1.71774849633939	-3.9733903482583	2.94054501893174
ngba1284	-3.70013894934871	2.42867535169872	-9.24407884295478	0.188579374467252
ngba1285	-3.6997738161424	2.43229144301034	-9.38529218180101	0.267607237074288
ngeq1245	0.900638944629102	1.78197512875832	-2.43273702530106	4.69756240060213
ngit1239	-1.89250144797009	2.5019617229707	-7.48215658674534	2.3185184289769
ngom1268	-3.72291959149948	2.39745096051493	-9.45342683747783	0.0674365745538872
nhen1239	2.34469187177894	1.96717021715639	-1.14694759303212	6.63215285237575
nige1253	-3.68960142293852	2.45659253862074	-9.50974955785007	0.417326839165918
niha1238	1.02027232632484	2.37747574273638	-3.601559337833	5.8697617995492
nila1242	-3.71846119509884	2.42491466270026	-9.33890689615405	0.157487177238938
nisg1240	1.28339914750167	1.94267407341122	-2.48163426950667	5.37760309849325
niua1240	-1.26796337138304	1.7119911092179	-4.72133956178667	2.10731206657888
niue1239	-1.26897900679679	1.71307520128395	-4.76326082667104	2.12389491052458
njan1240	-3.69241972344305	2.43732374301898	-9.3527369294696	0.28794042059868
nkon1248	-3.70834022533851	2.42861182960089	-9.40659485556363	0.228921332912966
noct1238	0.139261281913699	1.74547345586207	-3.07138221703732	3.81255982708782
noku1237	-1.25168100381087	1.71840340671428	-4.71554162816289	2.12729360910447
noon1242	-3.69324461159214	2.46387326905691	-9.58283933589294	0.306590353900516
noon1243	-3.70750490135677	2.4428306560138	-9.39486423473448	0.238197072014132
nopa1235	0.981246213599212	1.88184379284688	-2.70367908708033	4.78960484153639
nort2671	1.39559081366599	1.79120467445828	-1.97605731834232	5.23961239617428
nort2684	0.907773364392975	1.77252938893051	-2.41080994809503	4.59262714621475
nort2690	1.6748778464617	1.94452509015522	-1.91559667191681	5.87601598076296
nort2697	1.57818543561617	1.9209440183457	-2.01671622199692	5.61981343593097
nort2722	0.267511054969272	1.73535809359694	-2.90696197251105	3.96816322889858
nort2723	0.435074071337196	1.78324024779394	-2.74635353667109	4.4370604092507
nort2732	0.156282299477134	1.72161994263441	-3.01185884935825	3.85915298904135
nort2745	2.21733665431045	2.31065009900094	-1.85421421347957	7.20556617543665
nort2747	-0.451340021108517	2.40549727579844	-5.64057420151761	4.07694499756566
nort2774	-3.69655030319402	2.42899637176067	-9.26375695420683	0.236483371662434
nort2775	-3.69652484571351	2.40573821524388	-9.29370063007797	0.201690055641856
nort2839	-1.24952562414039	1.7194122452215	-4.74854344303442	2.24389925971462
nort2845	-1.26289080927817	1.70476137812018	-4.73518260167322	2.1284654838483
nort2847	-1.25746578428543	1.73960575388982	-4.7780264294002	2.08633783553433
nort2877	-1.25047080839428	1.73215018378979	-4.78692083930341	2.15169834041211
nort2885	-1.24866048930618	1.7396287138479	-4.78972309669713	2.17348549346876
nort2930	-0.285169626064403	2.26955681479736	-5.15297425520975	4.14000650698969
nort2938	1.17488073690188	1.92010765075621	-2.59852628998	5.14523429262213
nort2942	1.40837795733555	1.84707789190489	-2.10881792967128	5.24021434823546
nort2959	2.29818085260564	1.86172293097524	-1.04201500222146	6.40721100911088
nort2961	1.13133401121106	1.85269211048004	-2.43419432231562	4.83851223783442
nort2972	0.805825663750819	1.87496600790561	-2.93641408620787	4.64594892574797
nort3047	-0.442744527664229	1.72946726567233	-4.0098185730479	2.96709096354487
nort3139	-0.127291177109825	1.65611128801013	-3.26927772634939	3.26252050404576
nots1237	-1.21381579920572	1.71400990035786	-4.75160984368792	2.22337201197881
nsen1242	-3.72187728851529	2.42389477600031	-9.42359645056514	0.169947755493768
nucl1235	1.24588884972212	1.76688184882592	-2.02830745615581	5.04305798578261
nucl1240	-3.70281925012279	2.41053473430834	-9.25934689747276	0.15546860011466
nucl1301	1.64423040646931	1.92713031090863	-1.86881387881405	5.64788449155045
nucl1305	2.45022408113268	1.91688214990167	-0.954564141572525	6.60459769977044
nucl1310	0.18908783293126	1.71419061116085	-2.95574771808942	3.8863678608872
nucl1347	-3.6822352694816	2.4514676776897	-9.47513684979257	0.407924561342389
nucl1417	-3.70048855065644	2.45182729260856	-9.46601043052477	0.342836624414353
nucl1458	-0.0473108976251409	2.24230711767678	-4.65365333113102	4.36906782783216
nucl1593	0.471999558032324	2.24532740119499	-4.01264798430924	5.21177649164025
nucl1622	-0.14623735055828	2.19792988613485	-4.66994726659514	4.1062174417633
nucl1630	0.276979756783418	2.16275938555816	-4.1197026020842	4.5745399196678
nucl1632	0.452713889273066	2.24501585021865	-4.04381604814898	5.00691090403433
nucl1633	-0.126670519237445	2.29944382196044	-4.91061922622219	4.47009582802058
nucl1643	1.00256338124577	2.25333161871803	-2.99396133051613	5.86758780876867
nucl1706	-0.128636063816763	1.67907495340838	-3.31830166097819	3.31905228949736
nukn1238	-0.534765815467312	2.03085862281037	-4.63043797804717	3.31776898300219
nuku1260	-1.26539930950276	1.7041596841884	-4.71666020558466	2.06035620593031
nung1282	0.272988782313647	1.7656063885246	-2.95363270544788	4.01507150887864
nupe1254	-3.68570892613197	2.42586663740538	-9.50865164741212	0.234779056113258
nyah1249	0.887648989458617	1.78396348741473	-2.46754127068111	4.58293764018123
nyah1250	0.915262484975278	1.80283544643949	-2.47772861863967	4.67283440729665
nyak1260	-3.71439846442351	2.40557162740177	-9.44555177485421	0.092124605814597
nyal1254	-1.24954952008633	1.71386993313239	-4.84222035123697	2.18207407996753
nyam1285	-0.430016006461083	1.72695432115172	-3.90887633242545	2.96493399660661
nyan1307	-3.72913734713977	2.41160712464537	-9.39966461792677	0.130477408312379
nyat1246	-3.71925054565573	2.4150805740585	-9.19962775242009	0.168969656829056
nyis1236	0.380078923167752	1.78416237103836	-2.82503530850701	4.24649329576795
nyor1246	-3.72732600873373	2.42346106905043	-9.35701364310725	0.0773964578744072
nzad1234	-3.71854476913713	2.42602069964568	-9.48450210500641	0.138811682688164
nzak1247	-3.70373363539768	2.42640583132639	-9.27216928765326	0.208502266593003
obok1239	0.549875211219162	2.21588033011621	-4.01348029831768	4.96841293642184
occi1239	1.01676491026265	1.69374586497588	-2.29095317940158	4.54554112761479
ocot1244	0.986008153721722	1.87691441441805	-2.70082590735532	4.74578744226145
okan1243	1.09105946247511	1.8843465870641	-2.70400685960305	5.0012931847244
okoe1238	-3.70477553095214	2.44466422580059	-9.38290418901421	0.245030174685256
oksa1245	-0.543600144092417	2.02708232506074	-4.71671612372803	3.37671527283298
oloo1241	0.425417653494119	2.27257633378016	-4.04615262181829	5.0184902216759
olut1240	1.14962639449409	1.92400472226389	-2.58583291511815	5.15472497601904
onto1237	-1.27105577218256	1.69854420026203	-4.67566288619618	2.11291040928404
oriy1255	2.09590411312272	1.87088907607216	-1.15197062376194	6.36199193879482
orok1266	-3.71825123211762	2.43548379708519	-9.38146127779191	0.192340045750031
orok1267	-0.180760247225312	2.20561944323656	-4.71140723160997	4.01550396834844
orok1269	-0.563963394224562	2.03947496952697	-4.80253517608939	3.2870579705827
orow1242	-1.25495836832896	1.73876137698601	-4.80332542532102	2.23105118902473
otta1242	1.13049177574163	1.85035136110461	-2.39654891020422	4.86317241570103
owaa1237	-1.25178544786779	1.72238860186086	-4.8017724743035	2.1440284328227
paaa1242	-0.41801346885323	1.73813879495323	-3.96866477484184	2.99699656125084
paas1238	-3.70941011917014	2.43329194417395	-9.42875547384428	0.179802988111059
paco1243	0.903284505307186	1.78566481419355	-2.45386379256972	4.72139461610535
pagi1243	-3.7180994535069	2.41183510370331	-9.30387255295293	0.229194073973037
pahn1237	-0.448824086705458	2.40537001784043	-5.62577615243544	4.02742275442039
pala1344	-1.23228648080232	1.74612166396664	-4.7842497298111	2.14241941124543
pamo1252	-1.24465113074546	1.73489057394326	-4.81397464868595	2.1900360768406
pang1287	-3.72336932991872	2.39245869556233	-9.22560538048009	0.130769113476453
pang1291	-1.24757963821194	1.73507142624721	-4.74930613948805	2.21848371382693
panj1256	2.05692358456989	1.86964754847692	-1.1966676067993	6.29956881065943
papa1238	1.1578063672651	1.91827367893735	-2.55039551182395	5.08543532010567
papa1265	-1.22742344279984	1.73077990939694	-4.76304987285219	2.19001792715581
para1302	0.316972114480563	1.7583536116048	-2.90230524054912	4.0116197405852
pare1266	1.35616846160573	1.83367737107714	-1.96694873256656	5.29523765963873
pare1272	0.814069458407081	1.88422654130914	-3.00710458591444	4.56750829381947
pate1247	-1.21700585060574	1.70111940353	-4.65136418917624	2.19798327623227
patp1243	-1.21562740401993	1.72759896930975	-4.69869304594157	2.18060509746605
patt1248	0.647814306718024	1.8293224574504	-2.60558569188645	4.63604218287911
paul1238	-1.23592575715209	1.73979919430981	-4.83791075565719	2.23316053658773
pawn1254	1.21575332163779	1.96074314842195	-2.64212857664756	5.20027875469251
payn1244	-0.482958324971737	2.07536978844878	-4.72304091194138	3.55298776007052
peer1241	-3.70865145256334	2.4134762963487	-9.21319944675535	0.22142262116908
pela1242	0.17881112551618	1.71551093872194	-3.04609624134794	3.75091946413685
pemo1248	2.67541671667678	2.02112910993321	-0.861921871859617	7.09873830729275
pend1242	-1.24620529225354	1.73898528528787	-4.73423239954068	2.18126672700105
peng1244	2.56822868875727	1.96399986051072	-0.807550071928202	6.93490529222796
pila1245	1.62340376709371	1.97563844268874	-2.04252342677234	5.84686020675472
pile1238	-1.25966340129786	1.70944939149095	-4.74601309371087	2.09844098345996
pima1248	2.300753245916	1.87416402992992	-1.10020686638311	6.37752244243291
pina1252	-0.118409636573046	2.22980886252549	-4.83286821139991	4.26159301695763
pipi1250	2.41462482024291	1.87880693167838	-0.937901562510362	6.41938181108669
pite1240	1.40053810779886	1.7912941313329	-1.90020256439674	5.25326146205011
pnar1238	0.892690020583295	1.77932847924252	-2.46666916916658	4.6740764031383
pohn1238	-1.25690640641794	1.72303661744259	-4.76952611647626	2.11090852998601
poko1263	-0.625330463985609	2.50620641570907	-6.19409114476982	3.9323775524408
poli1260	1.04103234219375	1.69263114173562	-2.1470473638236	4.64886904130517
popt1235	1.06046140592092	1.8672116016387	-2.68096825498071	4.83909170461158
port1283	1.01857222417614	1.70390944886501	-2.23512436049829	4.57775271245761
port1285	-1.25338034447517	1.7193788412126	-4.72836986408893	2.14352130160847
psik1239	-0.432885118770487	1.70828664126881	-3.96575071966638	2.95022649688309
puka1242	-1.26939999763054	1.71228140905996	-4.71822840798954	2.12062716832469
pula1262	-3.69600610887829	2.43762316730375	-9.34140035080761	0.290376932919444
pula1263	-3.69832682044309	2.43559736247634	-9.40681571319908	0.254992569460937
puoc1238	0.897788555394118	1.78427705111344	-2.50750548789646	4.62889988956883
pure1242	1.17259119236837	1.92684238238747	-2.62661279904987	5.1738702607045
puri1258	0.224729308819716	1.69766435074368	-2.85610422642353	3.79502871746373
qawa1238	1.49046228566687	1.92830503629982	-2.28143548230846	5.51913198778357
quer1236	1.00623883403772	1.88759430431062	-2.69951677485737	4.88714993695022
quio1240	1.00073345014605	1.88229533490962	-2.700273571229	4.72876473871422
rade1240	-1.25583490554842	1.72795446032894	-4.81620133733997	2.10192681956754
raji1240	0.255621713686833	1.75625943155871	-2.98631927568673	3.99187561908635
rama1270	1.18713299424484	1.85359294653096	-2.40708150989729	5.01489478836044
rapa1244	-1.2663240728131	1.70866717457732	-4.75471163574406	2.11940787614187
rapa1245	-1.26679960273396	1.70472839466693	-4.76593624239749	2.13876215242699
rapo1238	0.017143080900429	2.14548461295908	-4.35094764834697	4.29039324591752
raro1241	-1.26906112419744	1.71102686092516	-4.68178992259365	2.17037919318674
reng1252	0.892739621708664	1.79244511508119	-2.51281636283222	4.55622858867048
rian1263	2.09335734706197	2.33704676763812	-2.02648846159682	7.25585748781036
rong1264	0.545416241211314	1.80023182591471	-2.67624864667425	4.40672407786766
ronn1241	-0.435588769567981	1.72292655550187	-3.89182869632523	2.95790493385358
roto1249	0.0195351157577285	2.17775936997145	-4.40230824044179	4.35516848987524
rotu1241	-1.26183469717692	1.70662254006166	-4.67651694629046	2.12163397792262
rovi1238	-1.22281692121121	1.72362027522405	-4.74865377417643	2.13965760380131
ruch1235	0.897893751946004	1.79620956444218	-2.45034355175302	4.73428894092717
ruka1240	-1.15978599730181	1.77323669230981	-4.6628000413066	2.34747470932384
rung1258	-0.884102284514351	2.76947110451575	-6.87886579773693	4.15303919522556
rung1259	-1.24861013009881	1.74207635150179	-4.74634082256721	2.24856915018272
russ1263	1.04424096973935	1.69412570766596	-2.17617573355626	4.62114663547239
russ1264	0.497128367801601	2.07173535379579	-3.48309915410429	4.78249756445964
rutu1240	4.37659159330423	2.39137500570966	0.316039859336024	9.68604382513223
saaa1240	-1.24727463168871	1.72615421894396	-4.81375275702933	2.17631033583024
saaa1241	-1.24537391391605	1.70548574034901	-4.73566854697125	2.17286663033311
sabu1255	-1.23871455796766	1.73495749174896	-4.75089029392083	2.18861093675653
sais1237	-1.18583221745418	1.83287267324639	-4.93804887013246	2.54096573634526
saka1289	-1.25233054236118	1.71595786023287	-4.71258899992956	2.17296523401888
saka1291	-1.2427999019613	1.73291739995464	-4.69940110373681	2.16066375357083
samb1305	-3.70425290775946	2.39483888612943	-9.27993734792606	0.11761818744308
samb1311	-3.70061386879299	2.46356495437666	-9.38603938622983	0.272475842830944
samo1305	-1.26626800851127	1.7198919154316	-4.75231866743266	2.1596184319459
sana1295	-0.126283177948719	1.67786133285823	-3.25651633021909	3.28423069038591
sanb1242	1.05762279463285	1.83241934628684	-2.52937856442748	4.92059101868532
sand1278	1.35903173172587	1.98018352052039	-2.43388428926422	5.50087602098393
sang1331	-3.71982839601853	2.45080900365274	-9.45141396325384	0.206753642467592
sanj1284	0.991817678714314	1.87771541014908	-2.65762118001161	4.78232318956824
sanm1295	0.999686727598442	1.89563632642357	-2.73667478321125	4.9202199456575
sanm1301	0.994509218011581	1.87687189338108	-2.66823680265999	4.77514949932465
sant1410	1.40792319601526	1.83985996035495	-1.89103970818827	5.37069413650505
sant1436	1.00484010202678	1.91117480467309	-2.76735221268436	4.83065812406398
sant1451	0.994567638388213	1.8704863076099	-2.65689644590752	4.7524031858316
sanu1240	1.1258803179466	1.88855123049112	-2.58282132973636	4.92819373450431
sapo1253	-1.22522422499785	1.7149225326922	-4.68216328981123	2.14829792500592
sapu1248	0.889703694653279	1.79415246029667	-2.48889642509829	4.62300236226363
sara1321	-1.90193083017505	2.49545994234861	-7.61654950023897	2.17172741645681
sars1236	1.55166763301274	1.84562218642486	-1.95900104818073	5.48494680124676
sasa1249	-1.25444188195298	1.73620070321466	-4.82779099749302	2.13438679115869
sata1237	-1.25131992883818	1.72272034630496	-4.76967727660882	2.09495872141128
sauk1252	-0.532163972482855	2.05851146648092	-4.71076007216026	3.44857761996337
saur1249	2.60599099767841	1.98698861700858	-0.879047005270791	7.03236689260519
savo1255	1.68585898910404	2.22421922977902	-2.19402714126316	6.46129424104605
seda1262	0.890707948883663	1.79554300057288	-2.48984933098417	4.55353256555233
seim1238	-1.22709740550435	1.72001096625301	-4.69610384819524	2.14120426157078
seke1241	-1.24611432531096	1.70308328539833	-4.71894773439079	2.13741866221518
sekp1241	-3.72249839239105	2.43379571042665	-9.33163975361812	0.177370586015345
sela1259	-1.23594064695986	1.73736488435112	-4.68274300228096	2.29308383545938
sele1249	-3.72149745520109	2.43100118564957	-9.34546861675552	0.230521534078254
selk1253	1.22535705355833	1.81940481370363	-2.132029120843	5.12221193101621
sema1265	0.900300907888195	1.7947729597664	-2.51060944174612	4.68346884604014
seme1247	0.897108170419174	1.79336042241788	-2.48625008370202	4.66180362687162
seri1257	1.18487734771091	1.89881905202764	-2.48240293043414	5.15789645230371
sgaw1245	0.389428940096213	1.78792897231542	-2.81049410088628	4.17452601439852
sham1280	-3.72257801924247	2.40204246653513	-9.26444492035698	0.146235179734316
shan1283	2.07117119408013	1.88369179363628	-1.39203064320362	6.08862492103103
shaw1249	1.13456478827225	1.87132447689525	-2.42270418078829	4.89393509566492
shil1265	-0.621521760031727	2.52349578138936	-6.20806650535476	3.95806888411083
ship1254	2.07746210986991	1.89790171956101	-1.43554536396785	6.13792879939732
shol1240	2.40134582201972	1.91317679763824	-1.02005464116512	6.56233127507446
shon1251	-3.7278842818713	2.42811464513896	-9.32359935797151	0.118526669320301
shos1248	2.51088142356335	1.90159421242981	-0.93510593690818	6.70236821015025
shua1257	0.949086812489199	1.92467124490961	-2.98428954725104	4.76922682320587
sich1238	0.188623854139662	1.70609414295202	-2.9179205680178	3.89508995094479
sici1249	-3.72182407354388	2.449166368888	-9.51819480709263	0.284526412592477
sida1246	0.0590351577709124	1.64272788244768	-2.99661620598538	3.49625058655565
siee1239	-1.25428718419465	1.73643203505895	-4.84824252518614	2.17663624792185
sier1250	0.9845715742226	1.86250069692725	-2.67242733465777	4.7722043076235
sika1261	-1.27263916010029	1.72107702067779	-4.70046162015544	2.12173714918511
siks1238	1.1364210171075	1.8551218372936	-2.41850743683776	4.8698011537499
sile1255	-0.486960323575269	2.08281256130231	-4.77543983955951	3.59689152451062
sina1266	-1.17060377242116	1.72413144555039	-4.68242525732697	2.28425407371103
sing1264	0.079496435737093	1.7156742993482	-3.10632071783772	3.69431024949855
sini1242	-2.93101207120853	2.58932510475486	-8.90185784815537	1.37623656752918
sioo1240	-1.22726387725948	1.72019170443868	-4.74463320281057	2.13637348513172
situ1238	0.274189115269633	1.73313420697778	-2.90833560402787	3.93988078755059
siwi1239	-0.377145176719843	1.71097963472209	-3.82476922287478	3.02659233415834
skol1241	1.45752099135051	1.79197049871997	-1.84314007038724	5.27882437523874
slov1268	1.0444180410325	1.6940901190382	-2.21269459934069	4.60768932646251
soch1239	1.01440929596532	1.88239567097439	-2.74947790160174	4.84933433448737
soma1255	-0.0721456123229386	1.60792770170556	-3.10186509500736	3.34003946740058
soni1259	-2.93064063774463	2.57113299315698	-8.84055256538104	1.37932910619222
sons1242	-1.25507889973441	1.72295349680205	-4.82203240470485	2.13867495707907
sooo1254	0.894686743638277	1.78091024862453	-2.45212366456412	4.66108519124362
sooo1256	-0.536467995364019	2.86444829976649	-6.96404561916948	4.8408799487897
sora1254	1.38271999928345	1.84674414142271	-1.94497377357961	5.35175865638353
sout1528	1.04878054014123	1.69129951858803	-2.19191276914575	4.63619733776711
sout2649	1.61117389176651	1.7894507080862	-1.50802357422668	5.5636133972994
sout2674	1.41558350053196	1.79461454673698	-1.88254724070046	5.26716772626803
sout2679	1.29714094596274	1.78133902989155	-2.00618777467256	5.1303200381366
sout2728	0.271841062054909	1.74715755255689	-2.93504988424636	3.98985761581988
sout2782	-3.70219663773224	2.44763028121841	-9.44945243064745	0.255406299157064
sout2807	-3.7190894361737	2.41021374667305	-9.2509860545776	0.115408612662088
sout2856	-1.25581041921612	1.71992728739635	-4.72324298678122	2.18170025244733
sout2857	-1.2616047070188	1.71449234777336	-4.72861465530578	2.12812669140286
sout2869	-1.25373295651481	1.74102865953839	-4.78979056878174	2.15540106147497
sout2918	-1.24278210208871	1.73373384669517	-4.74664711787412	2.22587190781653
sout2956	1.17991580893588	1.92993878781015	-2.51771648418668	5.22407984146542
sout2959	1.40720157962744	1.84187845725191	-2.12561511738581	5.27020026418036
sout2976	2.31514585331768	1.87077778813724	-1.05398004835268	6.36469918530179
sout2985	1.22315999028675	1.92085303994575	-2.48347926582241	5.20946023414241
sout2996	2.31376953147684	2.01243134012178	-1.33105076230794	6.72079813599661
sout3236	-0.659355957687826	2.80598477839716	-6.85693909746936	4.62046811355913
sout3261	4.23680152635489	2.37399146140735	0.163745163028255	9.49983285263428
stan1289	1.01535460842421	1.69457411630952	-2.2053578474216	4.50672953778906
stan1290	1.02557300421306	1.70529787729457	-2.26119201201633	4.59797758162017
stan1293	1.06201582575292	1.71006967657051	-2.1574034262064	4.60876213904003
stan1306	-1.25964706626778	1.74599868262421	-4.76306717771964	2.24204913357846
stan1318	-0.127117626686407	1.66933830984367	-3.31334649190876	3.21305410125958
sude1239	-1.17373962834043	1.72697806850815	-4.62935913856579	2.29479319169043
sumi1235	0.322201165265633	1.75234333773067	-2.86381346571474	4.07579219809712
supy1237	-3.72015038460669	2.45282219564243	-9.50086177288112	0.256408232712411
surg1248	1.72637391190336	1.91327443838818	-1.66239239113476	5.96842884079965
tabo1241	1.95056451668186	2.34383346808489	-2.12952837107335	7.03354365327365
tafi1243	-3.71167092350672	2.44673914560873	-9.45270622240381	0.271330132258367
taga1273	-1.23587379318807	1.72996147000315	-4.80028354704792	2.19725951373079
taha1241	-0.37229144400644	1.73954565674607	-3.8227655773558	3.14423091005828
tahi1242	-1.26806235284674	1.71449601871877	-4.71760536213955	2.12780498409945
taji1246	-1.24778724429036	1.74183966391078	-4.7693237262545	2.20995788795443
taku1257	-1.27064623707221	1.70783844436165	-4.76997395711567	2.14898892626065
tali1259	-1.25296118993918	1.71945164589883	-4.77257892180865	2.17691602913031
tama1365	-0.362956031851214	1.73635145253414	-3.89176204335661	3.10312423229897
tamb1254	-1.2446532005183	1.73928679703523	-4.72751333545295	2.26910656253858
tami1289	2.34497056690861	1.89894098216044	-1.09035167384251	6.45042661400468
tang1336	0.324126361709784	1.75912802983108	-2.84610145150199	4.20192377626624
tang1347	-1.25407463638116	1.71158675747746	-4.7775358224622	2.09524067358868
tari1256	0.767758089385258	1.85844481662315	-2.95005096525886	4.57152335403387
tari1263	-0.369317812613238	1.72689455897994	-3.81730765678106	3.07993230832626
tata1255	1.5495787991311	1.91132318518397	-2.03001467626173	5.62516560849611
tata1257	-1.24156757298654	1.72423446757382	-4.76551171389541	2.24329756799196
tata1258	0.978926666121192	1.87901126544856	-2.67588587663321	4.80917871036933
taul1251	0.0628412842967529	2.27880378225601	-4.67878317348047	4.62311455573477
taus1251	-1.25531764782959	1.72988948182887	-4.74855323841246	2.17183648157598
taus1253	1.28974084534472	1.97955272923059	-2.57224838224208	5.44005315136038
taya1257	-0.370356398155253	1.73805726241671	-3.87251215792506	3.07673712887132
tbol1240	-1.24246131341732	1.74279372902984	-4.809019331486	2.21418787910651
teda1241	-1.09065401075827	2.68114916332489	-7.14757349891049	3.66727387140842
tega1236	-0.778163218222686	2.87527731996626	-7.08070202852074	4.39018814957631
tehu1242	1.36089541828704	1.94364158026144	-2.43074545143456	5.39251187803309
teke1275	-3.7175481157322	2.42703612171189	-9.33751896565764	0.258125195650386
tekt1235	1.06888175750985	1.8927585321922	-2.59175516947883	4.87838255787015
telu1262	2.53886704849837	1.95769998361316	-0.918049381596371	6.82532827861684
temb1272	-3.71848070988651	2.40154057407603	-9.41081440270862	0.130425310503864
temi1246	0.904272105827639	1.8070774597466	-2.49711796789251	4.70720191649282
tene1248	-1.73242625125141	2.87796254277225	-8.0707284239026	3.33111496667825
tenn1246	-1.23385472675524	2.75433898019937	-7.42255412698144	3.57314572783568
teop1238	-1.22611347152188	1.72211678729158	-4.73308888926646	2.15052965326139
tera1251	-0.424541112048441	1.73458704006825	-3.94571372227434	2.97220280046959
teri1250	1.06620398846573	1.83013073152871	-2.51070384497428	4.90928002494425
term1237	-1.24720237433956	1.74265717236631	-4.85386467913424	2.15047281537516
tete1251	2.41733996976588	1.893956083403	-0.974978613979862	6.49564878675716
tezo1238	1.00414879440677	1.89685606497299	-2.83322265808654	4.81361965044042
thad1238	0.252061312873387	1.76489120887178	-2.93474065864719	3.97196122035817
thak1245	0.258916502960353	1.71465499486614	-2.8815291451642	3.9117863201076
thao1240	-1.17879366497757	1.80210853508415	-4.92030897459878	2.41730330655931
thul1246	0.567689537840974	1.82504561101301	-2.73097309055226	4.55550826902341
tibe1272	0.204178211700027	1.70205534789823	-2.9123773960965	3.77328427553502
ticu1245	1.55864063835652	1.94156996044667	-2.0251041239908	5.82037872079604
tief1242	-3.7142692274074	2.42464322239433	-9.51373049301712	0.124999885432009
tief1244	-3.70963953316498	2.41696686999519	-9.4109614880019	0.128305190525749
tiga1245	-1.21535417103268	1.71396524539346	-4.70303967990096	2.10288284509924
tigo1236	-3.69855397307499	2.43102044565534	-9.37785424673511	0.304255821553575
tika1246	-3.69618043111752	2.43675937468235	-9.41449417789943	0.273156621038229
tiko1237	-1.2710423308056	1.70572742846476	-4.7184909487361	2.06357085000701
tiri1258	-1.248716896112	1.73547901633185	-4.76689480262219	2.23726218902144
tita1241	-1.23596002566987	1.71201731360253	-4.66353819131246	2.14575555918393
tivv1240	-3.70293206566531	2.45690515877817	-9.53191392689273	0.292873616368245
toab1237	-1.24652696043389	1.7203149208361	-4.77353285493823	2.098599297501
toar1246	-0.176752241460128	2.21777764144962	-4.85776685402443	4.16086969114672
tobe1252	0.378993161712801	2.18721449440871	-3.98797153174715	4.76628902197602
toho1245	2.3053213632268	1.88337226149575	-1.07965244173797	6.40861004288661
tojo1241	1.07104993442673	1.87229257995778	-2.60276380311498	4.81746648826756
toke1240	-1.26970188521425	1.72042693371838	-4.74163493838341	2.17839795177028
toma1245	-2.9256406580604	2.58198650070981	-8.89850473450587	1.41669534590064
tomm1242	-1.71433223887682	2.88619434356149	-8.05944425987014	3.44725747344593
tond1249	-1.50014038501195	2.69762966661766	-7.6238634441804	3.11433815857055
tong1318	-3.72576627159389	2.40393494805851	-9.18944933561377	0.0942581274750211
tong1325	-1.27330471479961	1.71570721447494	-4.74260629021412	2.07355288767337
toor1238	-3.73040305579066	2.42594227218997	-9.43251562258489	0.124748688609371
tosk1239	1.25964006420293	1.76311775829846	-1.9907304035711	4.9296506641374
toto1302	0.911405908721193	1.88966294242553	-2.35286576967084	5.15961193142852
trio1238	2.58613245695817	1.99910700182474	-0.943308195673964	6.94594200422952
trum1247	1.90513941314937	2.00722594425439	-1.74995551491041	6.32289315491231
tsam1247	-0.0721668622555451	1.61124339551022	-3.14034132411256	3.29242149013152
tsat1238	-1.25427414737769	1.73974168889557	-4.85427015108951	2.13045393260873
tsha1245	0.269353627672849	1.72076631956544	-2.88032659763326	3.94975893258578
tsis1238	-3.70130127004612	2.43844776515642	-9.42038672846477	0.235905591662071
tsix1234	1.89868855109878	2.13881968931265	-2.02649778813527	6.43649953132093
tsog1243	-3.71020739143964	2.43973694824076	-9.53656440281181	0.261550733425497
tswa1253	-3.71388228095686	2.4160213443511	-9.33522257005709	0.0989087718001206
tswa1255	-3.71950181924491	2.4287440624678	-9.26810392698429	0.0983576586534814
tuba1278	2.40943479262791	1.88564638366048	-0.992695469463661	6.52034496332499
tugu1245	-1.23839692664937	1.73068222898754	-4.82724505572285	2.1678120100197
tuka1248	-1.24834383785794	1.74695163371005	-4.84233568460448	2.19643882334181
tuki1240	-3.7276462384208	2.44760383593454	-9.45576394520779	0.216126782707236
tuml1238	-1.21917724871111	1.73464985282018	-4.72107314767432	2.27446511883799
tung1290	-1.21258737276613	1.7292014942184	-4.79066197641355	2.2411625867765
tunn1238	-0.0717284957366355	1.61425201054548	-3.11022673668963	3.29235190136758
turk1304	1.57744935175914	1.91547246769372	-2.00101342168068	5.61249373390992
turk1308	-0.604760052661633	2.50676018769288	-6.22608721142999	3.99947753415864
tusc1257	2.00185895658125	1.9934138834821	-1.55193353538851	6.32750380068919
tutu1241	-1.25719317466751	1.71021601781564	-4.69045238646716	2.11681992172373
tuva1244	-1.26832556624653	1.70775692838917	-4.74642089316937	2.10243768608858
tuwa1243	-1.25097563435873	1.73833184844833	-4.85947824817381	2.12594757077523
tuwu1238	-3.7104609037971	2.42470232506654	-9.34698862399657	0.211388580611625
ubir1237	-1.1082941750232	1.72796914446527	-4.55618761865703	2.3927032756594
udih1248	-0.44105138168796	2.15063143822822	-4.72878039365622	3.91029981176536
udii1243	4.20624443509381	2.3362933618319	0.131996483239952	9.58154186413431
uduk1239	-0.43721792064341	2.62259410049987	-6.07313005341968	4.31103365368212
ughe1237	-1.22167840440526	1.71193048954434	-4.64162245102314	2.21126507206398
ukra1253	1.03527503847728	1.68610337414197	-2.13683828268325	4.55206041065904
ulit1238	-1.25229222435614	1.72481013852441	-4.79172835049103	2.11666867208453
ulwa1239	1.19141147866886	1.93392591927203	-2.55806420013519	5.14096773191029
umbu1257	-3.71832155722694	2.40781484639202	-9.40216073740261	0.156793468303313
umbu1258	-0.549213722584155	2.05440603063292	-4.81107532324222	3.34507736611656
umes1235	1.4320968191744	1.79987464524968	-1.91605377475607	5.31070207410148
unua1237	-1.25064526815905	1.7336567672842	-4.78730562228249	2.22527450859745
uppe1275	1.16564418786424	1.92185509603356	-2.54460057220055	5.08952075678402
urar1246	1.2887120686807	1.95298839771948	-2.49044132448828	5.35112353478879
urav1235	-1.25146738453551	1.73083865469575	-4.78954538861799	2.16310958984332
urim1252	0.4002131746132	2.2519445296118	-4.07111846438422	5.01091711526305
urip1239	-1.25852478692808	1.72986764593925	-4.78465656763847	2.24072243660192
utes1238	2.578855761382	1.92282767183271	-0.923181472412521	6.851489972764
veps1250	1.22216261600667	1.74744948339893	-2.07211660801711	4.89129751453696
vera1241	-1.25387651935609	1.72209509616827	-4.81626345926218	2.17134874950294
viem1243	-3.70789064377425	2.43471327089865	-9.42703653368011	0.253808004680508
voti1245	1.2549760016343	1.75316515984267	-2.06948199082597	4.95028421468807
vunj1238	-3.72296196234619	2.41617826648579	-9.26078432613003	0.21587781507596
vure1239	-1.25230769846078	1.70641857806513	-4.71529620781436	2.14122742748686
vwan1235	-3.72031938990088	2.38740543638221	-9.28104290159276	0.0532689696551688
wage1238	0.906441099733247	2.2704261662006	-3.50256653448028	5.66515529250716
waig1244	-1.23791874091336	1.75978061111423	-4.84612406439274	2.27494171065794
waim1251	-1.17477819324889	1.72354336038842	-4.66756119527592	2.20418263242934
waim1252	-1.23032125797809	1.73641104746682	-4.67992394171137	2.1962133705556
waim1253	2.70537889156193	2.04628743650585	-0.920147812537749	7.20498426538127
waiw1244	2.54439615568514	2.00021388908549	-0.995649028354552	6.87310521706277
wala1266	-1.25005740271349	1.72065156680712	-4.72542532398829	2.03988607645174
wall1257	-1.27066067688968	1.71249695038526	-4.76176141863543	2.11265817580978
wamb1257	0.538074535805819	1.80497154711189	-2.71769003842511	4.46038879601072
wand1267	-1.23216774022075	1.75214795088132	-4.81980146671235	2.2292170782685
wand1278	-0.421223590947186	1.72573007296465	-3.92228439545994	3.01888198165399
wann1242	-2.92971145615724	2.57503985813693	-8.88080473887693	1.4016730043607
wara1294	1.67342547975262	2.25188440776922	-2.39073234109471	6.6661285478448
wara1300	-1.2549327642238	1.73740470462106	-4.76043599288296	2.19742372142649
wara1303	1.21819442764437	1.91813955411394	-2.50515584674842	5.12518705507093
ware1253	-1.23139855722401	1.74403646915307	-4.78545578998168	2.22845270986811
ware1255	0.773916531765663	1.86112936808516	-2.95241304800758	4.56209778376981
wari1268	1.61305423650497	1.95916001411603	-2.03773782939759	5.82992970155011
warj1242	0.890517440603057	1.79636467665043	-2.47049287947313	4.72034911229088
waro1242	-1.23433046733775	1.7345133886437	-4.77491162574977	2.19188989068678
wawa1246	-3.69911151013237	2.4556637570967	-9.34272126042959	0.362196713040382
wayu1241	0.551531535231039	1.82059525309737	-2.69689304094083	4.49337584867756
wels1247	1.08431749241844	1.71940210014223	-2.14391187703692	4.70204405528037
weri1253	-0.121388746781073	2.388988126842	-5.13599965804292	4.43327977781195
west2354	1.06308150007137	1.70610724123413	-2.20001066811699	4.66631725702111
west2369	1.64323131921851	1.78263518279211	-1.52417125370121	5.48396943208751
west2397	0.89423849604001	1.77937540029663	-2.41143753646788	4.69493448206125
west2415	0.221581350337484	1.7003215707083	-2.92728131734099	3.89737764873886
west2418	0.47464258601227	1.7887034536659	-2.76808912885559	4.35752175539664
west2430	-0.449088080887088	2.41187407556707	-5.58241307760146	4.06022622750829
west2466	-3.71577938855711	2.44706189756981	-9.40760219901161	0.186499882108235
west2516	-1.26688374651036	1.71389798010517	-4.7092374490445	2.13680048954825
west2519	-1.2644199987847	1.71471061530283	-4.74828941543426	2.12092642468976
west2555	-1.25245363367862	1.74857311417715	-4.81949419947774	2.20591583187645
west2557	-1.24913616409325	1.75182335614347	-4.85962050728088	2.23735280172201
west2560	-1.24445449049125	1.73942959155351	-4.72769049041693	2.24541657777424
west2594	-0.532607031171223	2.0476829014499	-4.67884807666288	3.40581827084478
west2600	0.39667268033029	2.20810107508332	-4.0412768618473	4.86070869817126
west2632	1.31759843367854	1.92177036929796	-2.2694534940805	5.34524849629551
west2635	1.06419655208832	1.86624131383445	-2.65789302254991	4.77946369276347
west2644	0.981816779466304	1.87806017152859	-2.67635038051171	4.69286050379788
whit1269	-1.25657523528794	1.74311644162743	-4.78712216528567	2.15126285870474
wiru1244	-0.0697479122097778	2.22754799269076	-4.72214326327099	4.42416071152401
wola1242	3.87519364290819	1.91214155722491	0.582959809629481	8.07128276847543
wola1253	0.177810390688306	1.73136070641515	-3.06669620973682	3.80835013409628
woli1241	-1.2396945449151	1.74229183752517	-4.83229545244458	2.24745805688596
woun1238	0.836566358306771	1.87753073268096	-2.87770344402431	4.60414821326746
wuch1236	0.128338922730954	1.71704484630444	-3.04238834745589	3.69198855540904
wusa1235	0.191822571319015	1.70166343588996	-2.93987832308645	3.80196964826213
wutu1241	0.123193381831801	1.71754905947355	-3.13500021078417	3.72125008039378
wuvu1239	-1.23707392346761	1.72337576941001	-4.73562996091126	2.16610403639418
xamt1239	-0.0709954372471487	1.6286164810335	-3.12395128425191	3.27250397383944
xara1244	-1.25007385783843	1.73140594340481	-4.71486742549974	2.16776144579528
xava1240	1.57796614037796	1.89419004979352	-1.93264623641493	5.67068340632142
xokl1240	1.45210448985028	1.87877673912075	-2.11459315301326	5.42226860079259
yaak1241	-0.0615211382075961	1.62087710591359	-3.11011776684069	3.33084110438313
yaka1272	-3.71822221804431	2.42879441635616	-9.4085022719551	0.20919123380419
yaka1277	-1.2486677120212	1.74439255531498	-4.78258958411295	2.17452457194466
yaki1237	1.22631724139526	1.93866435909741	-2.55219247391147	5.25018346388829
yakk1236	0.42525560521003	1.77322437454691	-2.75312434389341	4.23628046094247
yaku1245	1.60313487258668	1.91797559395013	-1.95229226172033	5.6583171113861
yale1246	-0.0895466008194584	2.21740765267379	-4.62672984997513	4.2878922509904
yama1264	1.37916176056226	1.90986472443724	-2.30948310835893	5.28092043698731
yami1254	-1.25339907451336	1.72965844666915	-4.86635439931108	2.20720917383601
yami1256	2.04492464608721	1.87649105634559	-1.41948566655983	6.05876626459329
yamp1242	0.339887270605586	1.7667171394274	-2.90915465720792	4.13758611856813
yano1261	1.12212987505144	1.88831119106239	-2.58607003790101	4.92675289113053
yaou1238	-2.9280295289595	2.59151379830203	-8.90319693564084	1.35722712498769
yape1248	-1.22589123458019	1.71052954725949	-4.68845358936315	2.14696769713709
yapu1240	0.376783666407317	2.25803666835079	-4.06977613801789	5.01234485405169
yaqu1251	2.74771858658988	1.97675888466722	-0.73190593370151	7.04949412840861
yasa1242	-3.71750307908663	2.43085180839737	-9.35945621499531	0.239933665558438
yatz1235	0.985997004580686	1.86439384493153	-2.64161639428329	4.78690916557971
yaul1241	0.394750744258136	2.21719292890741	-4.05231599252487	4.82669641260551
yaum1237	-0.536206332105058	2.0486140210161	-4.71479703567407	3.38084099805196
yawu1244	0.704764143825946	2.22688803985553	-3.6349829494655	5.40986915048776
yecu1235	1.16314191025583	1.9177549286907	-2.55497858313877	5.05062810193826
yele1255	-0.0457090447950679	2.47974560331368	-5.23302710979924	4.74433565766123
yidi1250	-0.242209612314365	2.17266734999539	-4.77384942381308	3.99630140751361
yoga1237	-1.25211560151545	1.71809279769665	-4.769261510199	2.10985085713604
yoku1256	1.40411371400418	1.95448906340507	-2.28148648851383	5.53073919383441
yong1270	0.185403469538151	1.71840997233579	-2.98026553549397	3.87549675571011
yong1280	-0.546186194415554	2.03103549790948	-4.68814017998152	3.36174447933039
youl1235	0.241175600763696	1.7202798874154	-2.90123272571938	3.91206724036036
youn1235	-0.451992093562457	2.41289259122515	-5.62557385155703	4.09017940543137
yuca1254	1.06653207017935	1.8787053904328	-2.6669526676164	4.86765185443194
yuch1247	1.2882514481489	1.94294566346356	-2.43847344409474	5.30102940630972
yuec1235	0.122961129613466	1.72161479968713	-3.09769884922745	3.68852086394037
yukp1241	2.71864129771328	2.01588798525167	-0.823402652604773	7.10437252485963
yulu1243	-1.89581535353064	2.49902259466848	-7.60820802697368	2.28376155813218
yura1255	1.64406650121808	1.94955252886418	-2.07861020872935	5.74027088645352
zaba1237	-1.22236576651821	1.72724038392395	-4.65311678760427	2.14207890483266
zaca1241	2.42659537680925	1.89682544355575	-1.03257848698295	6.56842390276453
zagh1240	-1.08093483556257	2.6815963195936	-7.10582995250468	3.6128469135481
zaiw1241	0.182852940818015	1.72715445842169	-3.03229949466862	3.84738779594843
zakh1243	0.066338116735313	1.73953893476073	-3.20658407270912	3.72485376002764
zamb1245	-3.72497087164221	2.39314442937974	-9.3345596032625	0.135328916239011
zani1235	0.981701627103727	1.87530785773451	-2.65572715340033	4.77222036997284
zarm1239	-1.50115413641084	2.69804833952868	-7.60512432355573	3.10327434051656
zaye1235	0.381153874247754	1.77853868255177	-2.90774753758139	4.22558334620238
zays1235	3.96248083075796	1.9293793802792	0.605508995830122	8.29793482553936
zeme1240	0.535172719633625	1.81343958018181	-2.66625196197579	4.49581161344186
zenz1235	0.987855551936737	1.88651352034982	-2.63716139393725	4.76069917077622
zhab1238	0.33106763585078	1.74272056733614	-2.8597748667454	4.15546776941081
zoog1238	0.984488378851776	1.86383547598389	-2.70869845349025	4.7408598847474
zulg1242	-0.427435585743644	1.71668556718225	-3.87317419235397	2.97406484952398
