Estimate	Est.Error	Q2.5	Q97.5
abar1238	-2.86127365382338	2.65213671425528	-8.29253833318428	2.04559626895961
abkh1244	-1.48044411039727	2.90603776946136	-7.06268435471559	4.32363383165869
abun1252	-7.62034721739219	4.20479820532895	-17.0386931094325	-0.464894687119609
acha1249	-0.877974769567163	2.27483765026938	-5.42819324308914	3.53916309039903
achi1256	-0.0261637533903544	2.50684788884153	-5.10325695406563	4.89387184297193
achi1257	-0.568771647412139	2.27002631608279	-5.09586740975972	3.85928860889961
achu1248	-3.68488442200651	2.97236291144045	-9.97779093850794	1.72166292608628
acol1236	-2.35696509020225	2.51491157250774	-7.39684883869533	2.60575517967158
adan1251	-7.70798186464828	4.27278043363196	-17.0392678313877	-0.395236649190751
adze1240	-3.74356494032548	2.40635054196231	-8.82637251789317	0.667026491838895
afar1241	1.05948337489463	2.48999171392918	-3.80705598837801	6.0819571651338
agob1244	-2.71068657756339	2.76643127536625	-8.29504423277405	2.70359943784034
agus1235	-1.64196741307516	2.20098775058922	-6.1649318171635	2.5261238783277
agut1237	-2.51502033009959	2.29808796500784	-7.30958374225267	1.79947047526449
aheu1239	-1.47349130800757	2.33487067020381	-6.2480930441035	2.91715422687511
aime1238	-7.10798243115743	3.94648291527693	-15.6859653895309	-0.210037679107236
ainu1240	2.73977512201215	4.71892926905289	-5.34826858166169	13.4602033802696
akei1237	-3.83201342324258	2.35295852840212	-8.67927891184004	0.477480960174352
akoo1248	-0.0778043951795716	2.32287624649449	-4.76709153636147	4.37200266369836
akun1241	-3.39041951626723	2.55515614354259	-8.71714105208264	1.39523028150098
alab1254	1.07756544037733	2.503642169086	-3.70497096018798	6.01160706308244
aleu1260	2.11712503414068	3.11741821229382	-3.69163135998059	8.63080971532609
alor1247	-3.51724083758396	2.35457771165994	-8.43920374066102	0.825434385968771
aluk1238	-1.08467196585002	2.36374104488607	-5.82626907475378	3.47498140900926
amap1240	-6.83460397248005	3.99559229854449	-15.6075699261663	0.286421935215619
amdo1237	-4.44423407669611	2.34521511696829	-9.42599374915954	-0.140395030705242
amis1246	-0.832819466922901	2.49168030146293	-5.850479712422	4.13963427408743
amri1238	-3.80367506519649	2.32947192782407	-8.58437737203869	0.483886855605871
anei1239	-3.80645699049567	2.32697509343563	-8.69244982857816	0.50425762115421
anga1288	-2.99118954598337	2.30405222265161	-7.70147593919086	1.42236278103465
ango1257	-0.374240459002408	2.36914193029343	-5.09268121343894	4.22745365642909
anuf1239	-4.42617944544664	2.46104346132701	-9.47958500352239	0.219908221362345
anut1237	-2.34531368422803	2.18178124507269	-6.95350470017945	1.69988262288391
aona1235	-3.32506033818529	2.33383579911672	-8.05149639986612	1.15833443485527
aoua1234	3.55847720082166	3.77586781739367	-2.90434382624178	11.9094963238419
apat1240	-1.79768350344798	2.28088053147432	-6.45439852822969	2.49538312120969
apin1244	-2.79378572464323	2.52239795516209	-8.00571221470219	1.82036560300626
apma1240	-2.80628866524095	2.2911774578415	-7.45534758313069	1.54854319704119
apur1254	-0.462900744450467	2.54434583313399	-5.39317119642879	4.42245979460486
arak1252	-3.84237229517572	2.36300045298784	-8.73702931251159	0.498538234446386
arao1248	-2.92824183607708	2.35093369171867	-7.7873489833467	1.4055510844151
arap1274	2.02580233361652	2.87673969478791	-3.46804829437705	7.8496699419301
araw1273	-4.57453012270855	2.58204485637567	-10.0110238169537	0.1380343207463
araw1276	-0.339667772298367	2.70819292026263	-5.61327746334406	4.975168432168
arbo1245	1.07787689217317	2.50870280731176	-3.8400812810656	6.09501917987553
arch1244	-8.32902809404015	3.44871844967317	-15.7803228122533	-2.30488015048101
area1240	-3.98545722928722	2.3743917394191	-8.9585616883007	0.430412628303358
aree1239	-3.6244508266078	2.33759057022584	-8.56309228741161	0.745823364172159
arhu1242	-0.291047563703182	2.3373813435004	-4.97483978320318	4.29074498328211
arop1242	-3.52896960292532	2.37607752433101	-8.56304854091989	0.941518095942268
ashe1272	-1.36157208824394	2.5205536597481	-6.50537667107286	3.38738106473038
assi1247	1.68654348474123	3.12760905445613	-4.15468234241252	8.10433523477201
atam1240	-2.02494023434287	2.1948320289161	-6.62133526166804	2.16382494027167
atay1247	-0.819653649128134	2.50970676024615	-5.89748298387526	4.15087231157031
athp1241	-3.23803285973885	2.30648052917598	-7.89201670886732	1.1262945004729
aton1241	-2.46647206112852	2.33220331305934	-7.23472818953356	1.98889960556487
aulu1238	-3.86384039194166	2.3289825703553	-8.69608881390949	0.463377665008078
auuu1241	-7.06365974756013	3.84218076049937	-15.3758387774331	-0.416054104176081
auye1238	-6.96396865923175	2.98279885006552	-13.0965684472119	-1.52796127051079
avac1239	-4.5613209489886	2.57189415657041	-9.89776794012694	0.217657291474655
awad1243	1.50818690793165	2.55210195162722	-3.47162041907786	6.51025801306673
awet1244	-4.41299238799916	2.60704757115037	-9.86327501064669	0.270512497765465
awji1241	-0.0689422498419152	2.58914635031287	-5.06445809018179	5.05212773053583
axam1237	-3.86955419322575	2.33996121072804	-8.72699051218521	0.374301069923007
axiy1235	-0.672491046599826	2.26191702802135	-5.28186305895407	3.61783351082052
ayiw1239	-3.40970406001038	2.39283509097162	-8.34545258250419	1.07836802846793
azha1235	-0.700707055326312	2.23186967969789	-5.25119775934126	3.57159114590934
bafi1243	0.884665741169139	2.40504502389658	-3.82796996876735	5.70615796590453
bafu1246	-3.65092106357565	2.61635437102442	-8.96879856351341	1.23332453929825
baga1272	-4.79709082702258	2.4697880885206	-10.0822801403947	-0.397553969931931
baga1273	-4.78564644970995	2.46213369159414	-10.0749675444042	-0.363038782925479
bagi1246	-3.6391779200889	2.26549011318787	-8.42779646778403	0.468123317476982
bagv1239	-8.31418406869622	3.40412285672067	-15.7605427782398	-2.47539797271613
baha1259	0.618784749866696	2.34571238114179	-4.07401049530825	5.11261127012185
baim1244	-4.48020379938295	2.32815542893057	-9.37834751236699	-0.313412733520893
baki1244	-3.76904294296055	2.32311764489501	-8.66564814531704	0.526744178837317
bala1316	-4.00620721235686	2.32364004939423	-8.92745415484993	0.313787587591786
bali1278	-0.367434684563246	2.25706050697534	-4.8961010915504	4.0374641922104
balu1257	-3.78867197884142	2.38806586195942	-8.8076185782949	0.656747186241884
bamb1270	-0.855211952533958	2.34022021121677	-5.74077502476573	3.67792460905116
bamu1253	-3.65385815971801	2.58783890603796	-8.98878322912965	1.05735904712204
band1344	-3.56162122585399	2.26633037849938	-8.28903366503534	0.568801040431179
bang1354	1.05996793525908	2.39980745176052	-3.74417302262958	5.85234706429952
bant1281	-3.74305286525667	2.34742301108667	-8.62241987403003	0.689532987344569
bant1288	-1.42282403091393	2.17856458645812	-5.85436148421394	2.73647209920421
bara1369	-0.558512172709374	2.27269395050682	-5.15111733763727	3.94836191525385
barg1252	-7.10072762163684	3.16177364107168	-13.6958920757519	-1.35984964145992
baro1253	-2.20150454933176	2.28500568368463	-6.94489394021106	2.10751843558583
basq1248	-5.07879963792989	3.74925123457115	-13.1805133052589	1.51810425881844
bata1289	-1.47838725190276	2.27593912427522	-5.99956795538954	2.84176521753241
baur1253	-0.351756080510751	2.51125022345636	-5.31959418526673	4.50390655320247
bebe1248	0.930567151432815	2.41881200006934	-3.74029904473449	5.78488201647375
beka1241	-1.93805640045037	2.30311338231817	-6.56131232561187	2.40910685138144
bela1254	2.62429966942545	2.54687192930674	-2.34647670889438	7.67239538198366
bell1243	2.2900304723926	2.98980187690906	-3.28201060376034	8.44795884614588
bemb1257	1.81309784395365	2.44647544052502	-2.9735815963059	6.70996280958534
bent1238	-4.97455628180036	3.00524094309802	-11.2557261803878	0.499359424955579
bert1248	5.1071932237394	5.86784765916451	-4.30358892835951	18.3876452057406
bezh1248	-8.33365128100352	3.40676653243558	-15.8446187809793	-2.36329078226032
bhoj1244	1.57860718149278	2.45994216518515	-3.405673992867	6.47395665039153
biao1253	3.57870841095138	3.87290579363708	-3.0898293773084	12.0593479552072
biao1254	1.11547610628948	2.6641095173174	-3.97553605989817	6.45558711857459
biao1256	1.12026904188693	2.68293248044062	-4.08560371168071	6.52392402941889
bier1244	-3.76879661518207	2.3312949082136	-8.7007976243909	0.468343085023548
bila1255	-1.50231224017325	2.36456264932309	-6.3730528990151	2.92563009998729
bimi1240	-7.08212119073765	2.95141134173405	-13.2487212594198	-1.62131104803848
binu1244	-1.27007550512252	2.21350390929551	-5.80950193351143	2.90943094064414
birr1240	-2.61734665274353	2.40774342142367	-7.49144174211319	2.00592038638378
bitt1240	-1.32102546370995	2.2116852162774	-5.84820027207646	2.94892552727761
biwa1243	-1.34709299006516	3.26410114119947	-7.52516785669638	5.36050826714454
blab1237	-3.5969012854719	2.26303070329691	-8.40269028717692	0.657216953836972
bodo1267	-2.11101990493185	2.20176112182077	-6.63879646873447	1.90887089457672
boka1249	-1.79633113483271	2.2845969726888	-6.44726088663515	2.46905033103387
bola1250	-1.51318528622269	2.26999462612227	-6.08400212408877	2.94239892705752
bolo1262	1.0938717916578	2.37205283655895	-3.70340265632664	5.82395852640924
boly1239	-0.717974337938876	2.33005294196091	-5.35861273998903	3.93142940456873
bomk1234	-4.75413674243233	2.47992718320606	-9.96010116579231	-0.158770155345701
bona1250	-0.584131204456093	2.59268535538533	-5.68081455400404	4.59894150674384
bond1245	-2.1200052891263	2.21823028686706	-6.69087071218935	1.96124857479895
bong1284	0.83788012454234	2.49948424885815	-4.10997346095794	5.90426258111551
bong1285	-2.89309079199932	2.27043711435619	-7.4963981212962	1.45445040870485
bord1248	-0.182745555136669	2.30290340028593	-4.76358946133545	4.22450946899998
boto1242	-1.72304852101959	2.23701428052782	-6.31199690024177	2.5179074335409
boun1243	-4.60881402673562	2.48796838725864	-9.86286150592983	0.0346786812603368
boun1245	-7.08886393778897	2.96744504580721	-13.3585608694205	-1.73417455152284
bret1244	2.17758815120449	2.63109485083399	-3.14548720285567	7.35215194906824
brib1243	-0.44157097280589	2.28636680104005	-4.99032721836627	3.98362206531351
budu1248	-8.36892698942998	3.41288562063087	-15.9619431912056	-2.58030731851535
buga1247	-0.72478300622917	2.31882117351816	-5.3294667442367	3.80322842355985
buga1250	-3.75235727501806	2.3705061879932	-8.67690050402156	0.647841944620988
bugi1244	-0.939602594006486	2.34110919142441	-5.61586790252572	3.64892984770264
bugl1243	-0.170378088966077	2.32026790379655	-4.79009161957915	4.3284321706593
bugu1246	-0.757947129552302	2.4146529856548	-5.56278835580489	3.9814965293945
bujh1238	-3.16608332623254	2.29490064503865	-7.85242234689613	1.12311370739835
bulu1251	0.928031447008967	2.40485361474975	-3.84075298174126	5.74900724723177
bumt1240	-4.25672148717895	2.34462120452446	-9.22940003156292	0.0199995222662724
bund1253	1.56297204650219	2.53765718511102	-3.48372958827065	6.6698709276195
bura1292	-1.27790179709635	2.32157768289698	-5.93424225339099	3.25119021600966
burj1242	1.06886617384579	2.52015810257846	-3.81717160996796	6.12130367277006
buru1320	-0.756220815842073	2.45586265816404	-5.72862502969774	3.91599565865335
busa1253	-1.93995415961594	2.81376993225924	-7.54338697954638	3.45738548265877
bush1247	0.999067460383359	2.40812339658412	-3.79500672719055	5.85280621092315
buwa1243	-2.72050648642588	2.3669613466785	-7.6105960483599	1.68865361767934
bwai1242	-3.73435982694217	2.33489987747217	-8.66557332686798	0.64926237045347
bwat1240	-3.9638436166275	2.33335051761694	-8.75601749633205	0.382216947017076
cabe1245	-0.440682154750196	2.29358112657797	-5.03985894492254	3.96164926287186
caml1239	-3.74764327124231	2.37616477890139	-8.63446868343828	0.728518534413527
camp1261	1.70133162219809	2.41822702739694	-2.97401875189403	6.61609054329884
cane1242	-2.7904475292072	2.53774582549812	-8.19086123942581	1.88340269924065
caom1238	3.59616448796536	3.81505645174237	-2.92040536112251	12.1191398816662
capa1241	-2.77337178876251	2.31938840732853	-7.56486867115809	1.61596068733499
carn1240	-0.650586934604689	2.345713520554	-5.38936309760444	3.96194832649534
caro1242	-3.25393000368798	2.18231375836959	-7.804782173126	0.817962000418646
cash1251	-3.01951481214446	2.38783220999326	-7.93990375135513	1.34519568155791
cavi1250	-2.11596759723898	2.40993777134272	-6.97950340309105	2.39584969578132
cemu1238	-3.95926034211371	2.33627956095914	-8.76124887892277	0.365679320363405
cent1989	-0.8297874089059	2.36679008432712	-5.67677613298858	3.74868199674584
cent1990	-0.648238031890684	2.35934773807613	-5.30501850338339	4.02477218020895
cent1992	-2.36230956591553	2.3107138871024	-7.19481053609925	2.02459130517187
cent2084	-2.26312499348764	2.20685393722404	-6.77062148606952	1.91602401916337
cent2087	-0.883558728040499	2.22627234525662	-5.37395714994621	3.39783032103001
cent2126	3.55492807074632	3.76864755172506	-2.87103473730516	11.9092001066117
cent2127	2.17881064201532	3.08384363158082	-3.62014146163799	8.66832210470909
cent2140	1.23628819720316	3.17504514983296	-4.72812720440931	7.85796185672039
cent2142	-4.15504521437912	2.7723815159374	-9.90904251111849	0.946586142950378
cent2292	-1.13900922215253	2.22320159159263	-5.77202499828557	3.14359327133513
cent2314	-1.63596585507863	2.29462764011927	-6.32897005751408	2.6920791636031
cent2322	2.56308707880623	2.84965841536003	-2.92469827636081	8.25696818592515
chac1251	-2.50865815552839	2.33116945756661	-7.24727698344648	1.90261333581632
chad1249	0.0154831074925622	2.32386765162264	-4.75172131246184	4.44576896891169
chak1271	-4.60149563945193	2.4509861967872	-9.67524828626782	-0.0804218088595975
cham1309	-8.29538918015684	3.43467116171576	-15.6885797444431	-2.26763141426724
cham1312	-1.11648059684542	2.34531509779925	-5.96774631835853	3.48180759672049
char1269	6.75071311596262	5.33442208694639	-1.7103459774272	19.2270716905864
chas1234	-0.858045282259244	2.26395214590785	-5.45598810615365	3.50024376342694
chec1245	-8.18603144245085	3.51954465583349	-15.7309602658756	-1.99083282406321
chen1255	-1.87468135245103	2.37483504998412	-6.75662402596631	2.66469365078285
chey1247	2.04632074065929	2.88292539355166	-3.45148647748384	8.01753460269558
chil1280	2.65807504939993	2.95640625755809	-2.75129542873546	8.95917996702302
chim1312	2.21784783065187	2.39488889040023	-2.51719705248679	7.09219396214926
chip1241	2.09284855729907	2.85147884855978	-3.31124569796735	7.93958597488183
chip1261	2.63935580095584	2.97109187344395	-2.86982179343927	8.75801330179761
choc1275	-4.49314521851534	2.32764054514163	-9.4728310284186	-0.263704996403327
choc1276	-2.88312334493945	2.57973849552992	-8.14152578480369	1.91228437373751
chon1284	-1.87566447923117	2.28300195040581	-6.5070037940247	2.43259469230088
chug1252	-0.756854998556514	2.43284077618218	-5.72119094944613	4.07860157089831
chuj1250	1.51430161860554	2.71729288253912	-3.75009568711429	7.08534888016501
chuk1273	-4.10096020114949	3.38159230997934	-11.255083954938	2.08162857546163
chuu1238	-3.28948931074894	2.17237290722029	-7.84344095578034	0.764194621698509
chuv1255	-0.126783767184301	2.63099348026794	-5.30570868974132	4.97896711452322
chuw1238	2.12194596775862	2.37957433029657	-2.40000074405788	6.89614354151623
coat1243	-1.8083926966644	2.3931876830395	-6.56115258576944	2.83817376516322
coca1259	-4.79722103228114	2.5352512891571	-10.0704415220015	-0.22615857460429
colu1241	2.43267517550885	2.89138404599621	-2.96573427130606	8.50050570060051
coma1245	3.11069552644293	2.93720799061669	-2.38286868529949	9.01353614640819
como1259	2.36379134924998	2.94404788986792	-3.19603066017254	8.45638903223614
cong1236	2.21480343741482	2.35529571100142	-2.38256273609473	6.98956232794486
copa1237	-1.27915933961999	2.57638732596029	-6.44643963328395	3.62258605424352
cors1241	1.70395771548045	2.42823952349942	-3.14710224982482	6.57682169619943
cosa1234	-0.849339379735834	2.2591138522238	-5.39078047407498	3.54391051249508
cree1270	-2.2200988351637	2.50805642387459	-7.27531052427152	2.43634091913064
crim1257	0.891419033777688	2.62766277771526	-4.25110132408125	6.14937808896475
cube1242	0.731393613389603	2.90179855547803	-4.84412192122911	6.76171062527772
culi1244	-4.21961239460444	2.8652878918861	-10.1783649013877	1.10137678271403
czec1258	2.61184762816646	2.54569745501663	-2.32353584619535	7.59795283177528
daai1236	-2.99469242802601	2.28450048810449	-7.76155803885076	1.4252761442876
dagb1246	-4.66628219715028	2.40701754161743	-9.58162806308353	-0.117175094441391
dagi1241	5.37354460149936	5.4700147231663	-3.32906940256556	17.9951471391326
daka1243	-3.2760151292472	2.29472874796111	-8.06664767879714	0.932668877326398
damp1237	-2.25800255785836	2.30361336032308	-7.10479671902118	1.95328316919309
dana1252	-1.83348221267148	2.24445377679377	-6.54505898328094	2.3927673346964
dani1285	2.52880726495483	2.59324036111294	-2.44536538664807	7.84242815914923
dara1250	1.58333873543617	2.47630583655189	-3.40139758511418	6.55031944829359
darg1241	-8.30433915515075	3.42608677434651	-15.7306732667049	-2.29753967993303
daur1238	-0.28154108893865	2.62198854252421	-5.35196865967396	4.98150149296866
dawr1236	6.79467886339249	5.33341453238182	-1.57759623887216	19.1638361244353
daza1242	-3.94769391372457	2.71795362922086	-9.60576107902138	1.06649718631451
dege1246	-4.8762117192152	2.63315804445421	-10.2384112449114	-0.0562335922898331
dehu1237	-3.67650747959764	2.35068786651367	-8.53362094871531	0.679584968053062
desa1247	0.725384288711521	2.89338196515485	-4.74632906160429	6.76572994479825
dhao1237	-2.45806477452419	2.25757498164425	-7.02663314091494	1.81010571109546
dhim1246	-1.32678915960651	2.46056837053212	-6.25227473855295	3.61666828231289
dibo1245	0.839830148494626	2.45022533004683	-3.89735345765503	5.70313354542057
dido1241	-8.32128633880329	3.40624319096758	-15.9371506832767	-2.40940353962882
digo1243	2.17566798376659	2.39243571133152	-2.49154848739281	7.11039438709357
djam1255	-7.61378822960429	3.94215986819367	-16.4300456528395	-0.856593044437962
djee1236	-1.45789871767487	3.18258681478234	-7.57450257222592	4.933438513915
djin1251	-7.61734501259926	3.89683596409853	-16.2884113495868	-1.03122973110444
domm1246	-7.02138179184827	2.98328915301136	-13.1764311270431	-1.39660290443983
drun1238	-1.35694193704008	2.49543634617871	-6.41319910398869	3.68396649775517
dupa1235	-2.34212978335239	2.22800781369842	-6.94470654558134	1.85235851635081
dusn1237	-3.48252707484542	2.35023666529469	-8.30355810896726	0.91267566954069
dutc1256	2.50209250579364	2.61037849009445	-2.41516413005035	7.82797846451565
dyul1238	-0.21448068267739	2.78404451067133	-5.54612718883052	5.49243026701123
dzao1238	1.11723694180646	2.70183881879991	-4.11986346724863	6.52573962930308
east2342	-2.53370165816832	2.3377051252713	-7.19815738477327	1.9850119796161
east2443	-3.78139242160274	2.38051470083262	-8.69260917488644	0.626256137755127
east2447	-2.51929802793852	2.19630554916396	-7.02278038917846	1.58871283035267
east2555	-4.73501729202333	2.55984780874496	-10.1556923774772	-0.111029980281431
east2556	-0.30611708884413	2.44728403054863	-5.19439110404042	4.58535847613389
east2773	-3.36180757647623	2.35835265409834	-8.17108124699983	1.00567072821626
egyp1253	0.387708965680653	2.34649729823948	-4.30345363831766	4.85988023079218
eipo1242	-6.99564131583701	3.05547483740767	-13.3916226469528	-1.30663519689212
elem1253	-4.87547066224877	2.67314241461464	-10.5291739895651	0.0265429936498151
emai1241	-4.92103265021747	2.63674225904072	-10.3383239111544	-0.209917246687674
embe1260	-2.56477132326704	2.48561536994101	-7.66997522793651	2.1167349594871
embe1262	-2.97523362880788	2.53837949760536	-8.07581557790313	1.82432129874816
enuu1235	-0.682749819529042	2.2459306672349	-5.11850263056806	3.72613491919353
ersu1241	-2.63229016487087	2.32999014860472	-7.52419976964169	1.61195533339071
erzy1239	2.37082983665635	2.69233224417746	-2.89715517930103	7.69021078968265
esee1248	-2.49006522458071	2.35519967744593	-7.29649728378847	1.84802937274041
esim1238	-3.29283370424489	2.61501757137038	-8.69561733540554	1.60968924956391
esto1258	1.60914656188172	2.50867271387761	-3.36245213162573	6.47872898790522
even1259	0.713418255206304	2.54845017804203	-4.19851678574412	5.72521100333567
even1260	0.679834092724738	2.5571541800818	-4.36806621569694	5.72072117642327
ewee1241	-4.43554718313695	2.4616784386515	-9.48835708059505	0.223176935208514
fare1241	-4.66574600678276	2.39856735752598	-9.6515369868865	-0.128332947462975
faro1244	2.53786795430229	2.58141223431927	-2.36176321378985	7.87553119676703
fiji1243	-1.87766081001054	2.20827436070405	-6.38038085628305	2.33807459694713
fili1244	-0.93949992454808	2.2372331339062	-5.49090487757611	3.30760214505358
filo1235	-1.71920257351141	2.66529900011136	-6.99028894810987	3.40504348317728
finn1318	1.94269552835628	2.52566606270346	-3.04335502421399	6.92852278731939
fonn1241	-4.40364581235551	2.43891905249724	-9.56325868928574	0.178122568973619
fore1265	2.71991170734005	2.86868549473597	-2.77853724923804	8.38077232817844
fuln1247	-0.159796068873432	2.96391227667587	-5.93328929905282	5.8884767218516
furr1244	-7.62829949173128	4.95035490208311	-19.4550527655587	0.237154115587881
futu1245	-2.5311232695674	2.18770149939044	-7.02477070127874	1.59731869913135
gaaa1244	-3.13382274835275	2.37331820329391	-7.999861646098	1.44347868867079
gaan1243	-3.31531942042134	2.37189663711756	-8.42983068909934	1.07859801831366
gade1242	-4.72036024881347	2.69708928054287	-10.3567562463607	0.342656154084735
gahr1239	-2.23855477024168	2.34380851971319	-7.04832531759638	2.24521238621939
gali1258	1.71175424432765	2.4156358614571	-3.11890510044393	6.53987100600885
galo1242	-2.11562710568534	2.28714186881827	-6.86867822506935	2.19902329419326
gami1243	-4.89427004700259	2.78633553353306	-10.6688305466286	0.234973374064715
gamo1243	6.79476685742397	5.35312435688796	-1.68732959029126	19.363580953598
gand1255	2.12872780151345	2.40621864005349	-2.62044402987244	6.98347976625928
gang1266	-3.56329098641249	2.35694856819904	-8.5860668773151	0.825119432531943
gant1244	-7.11893181519006	3.13472612366592	-13.7010608292672	-1.40725952966778
garo1247	-1.74998573566072	2.34559422241791	-6.58637631202435	2.68818823976473
gata1239	-1.55198699681654	2.22375677413888	-6.059827716684	2.6194214060142
gayo1244	-1.97948379639544	2.29166112033822	-6.63339878118706	2.29429677344384
geba1237	-2.10334197620808	2.34367747999023	-6.70404905331919	2.46614829899548
geda1237	-3.97761537359109	2.36409821050436	-8.89741928113895	0.395061288879001
gela1263	-3.8446874349276	2.36322477951984	-8.90155156591064	0.573399448848842
gese1240	-2.04214220443587	2.29331927308445	-6.82219641587845	2.37536324684748
ghan1242	-1.92863426979912	2.29533843943442	-6.57746766910327	2.47602540290296
gheg1238	2.22107369712175	2.77101690005843	-3.08981813886341	7.86053980630228
ghod1238	-8.32068731148863	3.41832011345477	-15.996748193895	-2.3282933304663
ghom1257	-1.62635037536877	2.51066924938507	-6.61987299671257	3.17648664287154
gilb1244	-2.3542816173555	2.23217947589828	-6.95780818222296	1.88535919930729
gily1242	-6.43342786708655	4.34031189949959	-16.3400417735584	0.706134446997515
gira1247	-7.08332734344625	3.17827073010602	-13.7313730723923	-1.37719787555448
giry1241	2.17695622503155	2.38841813623871	-2.41462083934856	7.07209823015854
glav1244	-2.48853971162282	2.37968551389898	-7.32319739394216	1.94901530985608
gogo1265	-7.32239488995963	4.04939658634788	-16.213644300935	-0.511248547198798
gola1255	-4.40627086376328	2.53894094517397	-9.72844885284762	0.298730811743772
guah1255	-0.102757353113572	3.00516479218022	-5.87704532241154	5.999454080374
guan1266	-1.71263172915103	2.30182056581867	-6.26845818517744	2.76132225325285
guat1253	-3.41657646926396	2.98255799981457	-9.55246721556437	2.13442543302393
gube1234	-2.69924040363599	2.50933617222807	-7.67312966656178	2.18676971995013
gude1246	-3.12577556704879	2.38808000182945	-8.04471725176382	1.3332975306679
guer1243	-1.17738989651031	2.5559615761096	-6.37987895976534	3.73575365184831
guhu1244	-6.94712670210971	3.01905477832847	-13.1919011252036	-1.4871328143679
gumu1244	-7.2063517979219	4.67828322035736	-18.0504491688226	0.390695737670779
gunw1252	-7.18285084687518	3.4353147071383	-14.8181294669855	-1.29577379831979
guny1241	-4.70395968116707	2.77626572006029	-10.5890179244755	0.518317626457057
guru1271	-0.756035919813823	2.48791070139611	-5.72527823667106	4.10928419121528
gusi1247	2.08684437369946	2.40848381396588	-2.47254490932487	6.91504421815939
gwen1239	2.06601991835275	2.43830044248463	-2.58238319985565	7.03006177166299
gyel1242	0.848391556048028	2.41392465535194	-3.93161891857205	5.63911722045004
haaa1252	2.06082733910773	2.43172482639095	-2.66881177858706	6.96478004207137
hadi1240	1.0792508031784	2.51973313075531	-3.74676661261448	6.15173947504871
hadz1240	4.23021273496171	5.62423112035427	-4.50760618778458	16.9898687423948
haka1240	-3.59913602662608	2.38962512359716	-8.38344076864025	0.98900238647398
halh1238	-0.265709471770811	2.60120410250709	-5.34976700801442	4.90494201791519
hali1244	-1.90507847764048	2.25618338593444	-6.52712895019743	2.31992955756238
halk1245	2.36358030199492	2.94436554798903	-3.24207416805661	8.35971609149927
hame1242	5.49029522867557	6.00799311450227	-4.2104678295998	19.1351902315077
hang1263	-7.81894913614501	3.94324019580459	-16.4614096261568	-1.07895673663783
hani1248	-0.719222572583833	2.2353838397663	-5.24830849619528	3.53102872742011
haru1245	-7.70432229282159	4.14826140651397	-16.8828606064433	-0.559867736816542
hawa1245	-1.10854919615672	2.12865607206686	-5.51014171159441	2.89379981483665
hebr1245	1.06183527703759	2.52796502232846	-3.77498740566506	6.15812907651625
hela1238	-4.47579858683716	2.33414559313062	-9.35600456069576	-0.207925492916533
here1253	0.650710533376582	2.36530291760071	-4.05386360435312	5.34377187252646
hida1246	1.69278040385928	3.11672065468507	-4.12366018886397	8.3345546926041
high1276	1.3805974568309	3.09475299362757	-4.49399187685931	7.74780597234324
hind1269	1.55642099887703	2.54570255843594	-3.30939712941151	6.66121345374837
hoaa1235	5.3791287925812	5.77755120288258	-3.76160963261303	18.1191845345829
hoav1238	-1.61819831750731	2.23744805502261	-6.21580319462808	2.7194379765633
holo1240	1.87255514214293	2.39250927305947	-2.86077608376251	6.69923185060639
hone1235	-5.29380254850133	2.56457814200841	-10.6826301777992	-0.574555760739133
honi1244	-0.704998168257928	2.22757560395162	-5.21347573195921	3.64789984612716
hooo1248	-1.74649410131327	2.23049977167255	-6.36306021583434	2.41152491492616
hopi1249	3.03757852505405	2.97090724641588	-2.5633100603752	9.18064005088511
horp1239	-2.37973793269599	2.31390797124933	-7.09275077776008	2.05936156560268
hote1245	-3.81422919299355	2.39105917146654	-8.889244827976	0.557650792938136
huaa1248	5.0348222950334	5.64760709569436	-4.05003405089492	17.9769941957424
hual1241	-0.788161721018922	2.53868065375239	-5.87090561934702	4.21623592903742
huar1255	3.04707355188715	2.88060490100438	-2.44163259840693	8.85996833474959
huas1242	1.21312362961163	2.87023950187317	-4.32362870427545	7.03003065584403
huba1236	-1.14003006153482	2.29793645788229	-5.77198135790451	3.16953300149549
huic1243	3.05451530464886	2.95450162424667	-2.52688300309592	9.29948217982485
hula1239	-3.43346007543704	2.26902091611041	-8.14917487474992	0.769882150754834
hula1244	1.15852637490994	2.52623963171236	-3.69909991818599	6.15983679432888
humb1243	-0.64046569400232	2.53503712505662	-5.61498495032139	4.3860536705807
hung1274	2.50279048591394	2.83594773594726	-3.0146352949856	8.15456978975129
hunz1247	-8.34031494623309	3.39791495658036	-15.8274633846944	-2.39877176844236
hupd1244	-0.608975849483437	2.96727253748545	-6.64257800084825	5.32092156404904
iaai1238	-3.6634590434446	2.38267909176304	-8.66183365852366	0.792816895618935
iatm1242	-7.8595274049572	3.93090365687361	-16.3720665717327	-1.05613534132138
iban1264	-0.160436841488133	2.18534739987594	-4.69215367584127	4.07895566205364
iban1267	-2.27650839070766	2.20324817516655	-6.86075262702605	1.90191145037788
ibat1238	-1.93307665299637	2.21769011609946	-6.49229241859706	2.25264958651533
ibib1240	-4.84283303185497	2.64670681965982	-10.3631198060248	-0.0150524971628555
icel1247	2.53521829438275	2.55881956500256	-2.39331467392222	7.86920622607363
idii1243	-3.61047091601269	2.79404309580146	-9.33846897624629	1.63118214185761
idom1241	-4.83992226449716	2.63732430376026	-10.3829273352792	-0.139006949244184
idun1242	-3.73860273024717	2.33965994256533	-8.60458658357549	0.617321543014734
ikkk1242	5.75074242468956	5.7869033553819	-3.46105386366469	19.0267733011606
ilaa1246	1.81938387458525	2.4200014412463	-2.95417023530315	6.71122222019195
iliu1237	-1.58090180237015	2.2855253858858	-6.24802814473935	2.85598730579163
ilon1239	-1.36223282728365	2.2505117673036	-6.07270338902617	2.94357225267393
imba1240	-1.04875282782607	2.49680823855514	-6.03106900970884	3.69193320048392
indo1316	-0.232858683407713	2.15187915365684	-4.58884285294991	3.92786977580414
ingr1248	1.99646189323125	2.490242233218	-2.81886408038603	6.87424936819142
ingu1240	-8.18898599903981	3.53954213226986	-15.8948785681376	-1.93495016571261
irar1238	-3.22586882736219	2.36758233809526	-8.10690461524199	1.16409948854658
iris1253	2.16748535427252	2.60724852627559	-2.91133526728898	7.31959521605531
irul1243	-2.42499196568837	2.29958898405423	-7.12442574714478	2.04080630369672
isco1239	-3.08193716232568	2.34369892047118	-7.82396745379662	1.29702892033287
isna1241	-2.39522796340728	2.22574048213002	-6.98890823910438	1.78329350985842
ital1282	1.24356444358247	2.40245123337372	-3.5142746162772	5.95163900451447
itza1241	1.48048701608672	2.67066285464389	-3.66020260286928	6.83205877141509
ivat1242	-2.22049936828475	2.21490495220237	-6.88184765351534	1.99422073341479
jahh1242	-2.35057615890517	2.27885513540583	-6.93553652555947	2.04227135892914
jalk1242	-0.233791581296862	2.75068343709477	-5.595054160892	5.22654069495669
jama1261	-4.23133496455469	2.87776199531176	-10.2525313144707	1.01858784165799
jamb1236	-0.229335542196086	2.13803046917891	-4.59995265985705	3.98572173552192
jams1239	-3.06598718724718	2.70549453505743	-8.52736930584672	2.12295845181833
japh1234	-1.50508897830442	2.29149707347801	-6.1195347391949	2.83259087523297
jara1266	-1.4967947224179	2.21201584896566	-6.02839098495481	2.66975681510616
jeha1242	-2.29686314014811	2.23733137860259	-6.90294161211975	1.88030418524222
jeru1240	-3.82511819304673	2.33456937929734	-8.58675242732865	0.563030586371176
jiba1237	-5.28921594462118	2.55664882933173	-10.6396525058578	-0.703692617556985
jina1244	-2.56613488446131	2.41393935633279	-7.48791213448866	1.98924227744851
jjuu1238	-4.75501916303926	2.65149210486881	-10.4602728448363	0.110047667900434
juan1238	-1.700196944115	2.20298310028056	-6.24593242612673	2.42099762032593
juku1254	-5.26323655724039	2.58554598370514	-10.5850167236649	-0.536702074483359
jurm1239	-3.552492037116	2.30450530417946	-8.34016278470836	0.867669317528841
kaba1278	-2.73242105414412	2.88394836676284	-8.65572289915803	2.75138748473339
kaba1281	-3.77481487283138	2.24338085319747	-8.46780283664271	0.297601604260329
kach1284	6.77020286280945	5.29801360814924	-1.59912861369029	19.0497430496723
kada1242	-2.17079457878948	2.30775780757059	-6.96285805003846	2.25292660692589
kado1242	-3.14308045831811	2.36040669588496	-8.03866756499417	1.21683965774951
kaga1256	-1.28090012627854	2.21957078900528	-5.8668286740204	3.10710472393329
kagu1239	2.13237763149401	2.39569496398418	-2.635498769824	6.89692240191402
kaik1246	-4.24825895175525	2.37245615067049	-9.22748110435076	0.0426265250997606
kala1384	1.86062235123721	2.41872492205532	-2.83059612070625	6.74482189652159
kala1388	-0.801414860959701	2.19965552169664	-5.25290049579475	3.44022929934671
kala1399	2.21076334128613	3.00773353145385	-3.37179852018383	8.49463235850103
kali1308	2.43201849796931	2.88973719747269	-3.06300983952941	8.46335191024726
kamb1297	2.0624795663603	2.40988254099404	-2.62891868264019	6.91366046619181
kamb1299	-3.19176114750736	2.35464150827742	-8.07989483310413	1.21676065063012
kamm1249	-4.5116190268198	2.57431109643651	-9.77784358800953	0.385073264472787
kana1286	-2.96623118384972	2.4879413343157	-8.0892684538094	1.62811595536952
kana1291	-3.65034487278284	2.99420528341217	-9.76861796267396	1.84500354006688
kank1243	-1.1405751843205	2.24358616746803	-5.80206722322353	3.17029004236479
kaqc1270	0.559307588950132	2.57864976667657	-4.60167204503502	5.71510211418247
kara1482	-3.11884615608797	2.24159916070286	-7.81369941868094	1.00497122043934
kara1486	-2.16203493392365	2.28279348414802	-6.77397177806454	2.17201153117103
kara1487	-1.36838196548336	2.25700901656452	-6.00176235555578	3.02260773269738
kara1500	-0.739100139731052	2.64266107688848	-6.02791575447374	4.33368722966816
kare1335	1.98075852992004	2.49597286473771	-2.74965167679679	6.97269529154087
kare1338	-4.43263789312483	2.41209757214356	-9.58722431693477	-0.0471317261255035
kari1311	-2.34705287193936	2.53005953892602	-7.43092501674687	2.47500025835878
kash1277	1.45993359233714	2.55430968628628	-3.48498939468324	6.42171361671314
kask1239	2.6437333498332	2.94625640167808	-2.96221550497972	8.81962132858837
kats1235	-1.87950116081708	2.26583841911645	-6.55728757159345	2.35017424931631
kaya1315	-2.92482199522156	2.35629164839101	-7.80189056246749	1.52599088841483
kele1255	0.758928840378222	2.46386552711682	-4.03404198363771	5.6729357947558
kele1259	-1.3610284699797	2.24643611011472	-5.89233758100222	2.89753360010586
kemb1249	-1.19138074199062	2.30344526996394	-5.81408417418984	3.19719809727049
keme1240	-0.750214127803043	2.42068009251734	-5.54448185444184	3.99510075919596
kens1248	-2.09506260014075	2.24240647438234	-6.67920733879942	2.22233450034547
kenu1236	5.37941516552541	5.82405581543384	-3.96773754415096	18.5149199734102
kesa1244	-7.10622987768712	3.2185200749026	-13.8937858321428	-1.11875749602724
kett1243	2.40532736764649	4.57309506176787	-5.29299711956828	12.6679251138115
kgal1244	2.15295774466571	2.40856169976525	-2.43473507489688	6.99976610275587
khak1248	0.961775993754748	2.60449302436799	-4.11639068442405	6.22160766196119
khan1274	-1.33220437476056	2.22011350812482	-5.82358476066982	2.95431739082898
khan1278	-4.886471801467	2.65547390282472	-10.4954672180771	-0.116627323074863
khas1269	-1.68101356939321	2.21792702983778	-6.35050857595002	2.56276909038567
khez1235	-3.35913349007915	2.3256345315295	-8.22801753161193	1.05481021506638
khin1240	-8.27941757343669	3.43817655302326	-15.7257931697625	-2.27631061358703
khva1239	-8.33853801063365	3.40233676405522	-15.8515879592147	-2.40007463679434
kich1262	0.171748369889859	2.50595621962318	-4.80229061146908	5.10192393688266
kiku1240	2.07327715138723	2.40649217911906	-2.57939071320116	7.00213183162332
kile1243	0.599422672179328	2.46549177715528	-4.23986401808384	5.31383896593323
kili1267	-3.57358393305396	2.28366700609262	-8.15439917728431	0.669692837364836
kimm1245	1.12011603076799	2.68282606860878	-4.04092723901886	6.57116041069344
kina1250	-0.952008151870251	2.2066677935149	-5.45325396053074	3.29701121937802
kinn1249	-2.46377094696243	2.33801583550458	-7.24362687632341	2.0335921125186
kiow1266	-3.32235084815676	2.9693618454323	-9.49899905142206	2.13910740336882
koho1244	-2.00549687698856	2.30833143214265	-6.82690101426206	2.34440061996126
koit1244	-7.49065285353099	3.65537467914972	-15.4364076593935	-1.16043455132063
koko1269	-3.59597067220741	2.27092396658321	-8.42736326671095	0.644156902278758
komb1274	-7.07692252785122	2.96688661575529	-13.4883903439729	-1.62912552281554
komc1235	-3.55860853131529	2.6042739796015	-9.04618194905815	1.16828966204855
komi1269	2.54182633914446	2.83531962034351	-2.90820161651221	8.36017995169675
konk1267	0.263810636513075	2.43586324592575	-4.67979416676383	4.88318072358116
kony1248	-1.83669966986076	2.36617051637852	-6.59735305643983	2.68091341787074
koon1244	0.773355608801559	2.47110295447989	-4.08344003760251	5.61011732952857
koor1239	6.77350449748424	5.30194688732779	-1.53170309875028	19.0605750154674
kore1280	2.62725288774281	4.68488844297417	-5.59385510717932	12.7247608358881
koro1298	-4.66889331734286	2.46476815655058	-9.83693080045858	-0.163506166686897
koro1313	-6.6478630656001	3.97420672079575	-15.3090192882	0.0894921958048179
kosa1249	-7.01832859140654	3.00693281422024	-13.4119878470498	-1.56179219937366
kosr1238	-2.29986304254003	2.26803064915298	-7.02777636209201	2.02197374589174
kota1263	-2.3184785803957	2.34836481856189	-7.12293430916265	2.16146752572107
koti1238	2.12506535055102	2.39574229889799	-2.44972358714292	6.88954349199972
kove1237	-3.86820406011168	2.35186564761757	-8.86598442627349	0.398224509235644
koyr1240	-0.581756865519117	2.54447944140621	-5.65751201652411	4.48086037532854
kryt1240	-8.37027425903469	3.42146452313963	-16.0303226822514	-2.58274638195159
kuan1247	0.664415872522383	2.35616803838605	-3.99183741511107	5.29903001523386
kuan1248	-3.0160526467267	2.29958428773135	-7.77306435807191	1.30468626280838
kuik1246	-2.5392698462087	2.58056388526101	-7.83244259044236	2.40212628562352
kuku1273	-3.05183550633844	2.54425300483662	-8.10117522571308	1.85206703065121
kuku1280	-5.09950728951148	2.70569208054065	-10.902649689051	-0.132174372843651
kuma1276	-3.964058316402	2.3183210530212	-8.76677617702527	0.343968730837335
kumb1268	-4.90490627549325	2.79297281684618	-10.8312690754798	0.263976188129998
kumz1235	-0.169271623111297	2.51327476810153	-5.2067462832026	4.60915809072819
kuna1268	4.91159036085301	5.76146823319143	-4.13567447828084	18.1635791774712
kunb1251	-7.16082198382628	3.45537557775213	-14.7695855129353	-1.10085771678133
kunj1245	-5.01175885647565	2.73265908607863	-10.7548751123855	0.0416953145952398
kuot1243	-6.31428474890796	3.85693745574516	-14.8748442912214	0.351475189306765
kurr1243	-1.72636177748727	2.46572490076802	-6.6714855500647	3.04752164335856
kusa1251	-1.62191007392023	2.23401264732947	-6.16321455506522	2.73072079969035
kusu1250	-6.51613629748623	4.38490937078742	-16.6146840990092	0.840523684392066
kute1248	-5.15894186052939	2.59413009339686	-10.5676757427413	-0.402050495298688
kuyy1240	-1.30793388157512	2.27284405260246	-5.88743296722443	3.12300490561337
kwai1243	-4.00941746527385	2.33361311995831	-8.97740489319908	0.334565675033307
kwam1252	-3.89087556744863	2.32670322823335	-8.72476354530513	0.469981554029355
kwar1239	-4.00852119256854	2.32901319794171	-8.91208921199924	0.390108713298911
kweg1241	6.38165605905985	5.28636866995804	-1.90144158943534	18.8230369582727
kwom1262	-6.68213056107273	3.72236387510942	-14.5778173628365	-0.151655447763599
kxoe1243	4.84313891763178	5.12086355539145	-3.27475077939589	16.5418515719912
laal1242	4.62788144017047	5.41361819387513	-4.05950682912453	17.0543894682985
lach1248	3.54623875160771	3.79201138453535	-3.04664472349562	11.9659792244666
lahu1252	-0.868814497711613	2.26738758770467	-5.50049857747655	3.44656012997239
laiy1246	-0.723294705990274	2.2760026721171	-5.37147806231072	3.68167863281696
lakk1252	-8.28495567591171	3.43110405904206	-15.722491233458	-2.16053080928181
lala1264	1.82558788169032	2.42570857125626	-2.93026820980751	6.66432361157804
lala1268	-2.78299617605211	2.20003888138892	-7.30054444580071	1.29393419723684
lama1277	-3.55051815305572	2.34609442573861	-8.34634087574465	0.783976841590534
lamb1272	1.72175697102625	2.50267131962299	-3.04380930736952	6.67913198873313
lamk1238	-3.63151041800836	2.45485011582384	-8.78451344143875	0.970706943794591
land1256	-4.79069438459238	2.46874152818373	-9.99838995523075	-0.382211003747777
lang1320	1.75535328450649	2.42460305802221	-3.0284184868683	6.51986621514649
lash1243	-0.857145204739467	2.2531345494888	-5.39536857371905	3.45747989440612
latv1249	2.46264140813969	2.64495027056798	-2.71968789487299	7.67186548690418
lave1248	-2.53730556723146	2.35457781642726	-7.5226832973726	1.94403062761596
lavu1241	-7.56729685687845	4.37207068614326	-17.3215349482427	-0.143248466361854
lazz1240	0.530966426513984	3.41366760499275	-5.67092224273703	7.69045741033374
lega1249	1.87833003226965	2.41081078010892	-2.84241932448802	6.74110963990454
lega1250	1.88257061197065	2.41123525973094	-2.84513734216416	6.6832000150974
lele1267	-3.72883373979927	2.34032074453581	-8.52663154642472	0.683641489110337
lemb1266	-6.35253365905386	2.98031837021394	-12.491862887457	-0.934432036393466
leme1238	-3.94308143964002	2.35016777672906	-8.84721483189643	0.488682221872654
lena1238	-3.88097697296111	2.31593857706246	-8.66292257582136	0.482492893995187
lend1245	-2.87660226175033	2.3254331441297	-7.55077273367653	1.44917663551174
lepc1244	-3.72385875760773	2.39340616913604	-8.55762448225437	0.770604785432246
lewo1244	-3.54213517512647	2.36074154793281	-8.36213168655816	0.852323120614644
lezg1247	-8.37760306761629	3.43947948284706	-15.9810525614887	-2.53012789982404
libi1244	1.08940674047257	2.37964692430172	-3.60517898758211	5.88728951054094
liby1240	0.613609182434875	2.3707593441425	-4.15983049048853	5.06661766794085
lihi1237	-3.23523371288097	2.35795442033126	-8.10372090522488	1.15490534345178
lika1243	-0.695634005706874	2.3655592267697	-5.48175519086887	3.86486746103166
lill1248	2.40338800285106	2.92188515861236	-3.2685749850816	8.40081825246232
limb1266	-2.59596328452853	2.34924953583864	-7.20588150575536	1.90364858501233
limo1248	-1.15150869731781	2.21212872199343	-5.69336698639993	3.24117805144793
lipo1242	-1.25810987116831	2.23066811599975	-5.79874027252288	2.94332750744404
lish1245	1.1359033678388	2.51803139467885	-3.80731134543651	6.1771761512132
lisu1250	-1.17756511959561	2.23639745366623	-5.66700655894859	3.03420698928309
lith1251	2.46393121452841	2.62777060530668	-2.72810947427277	7.62913597495835
litz1237	-3.8059321197254	2.3591199713755	-8.66010836341897	0.522720768179771
livv1243	1.9957237118862	2.49196207558686	-2.91210740649449	6.92144205072725
lolo1259	-1.71190406651003	2.23363974186644	-6.28951504545002	2.43633186923716
lomb1257	1.67696265952657	2.40911470660555	-3.01159769747921	6.49222771043221
loni1238	-3.78595326657927	2.37470716558486	-8.77830380166563	0.578798164238895
lonw1238	-2.73298206430047	2.26401973398282	-7.31027086503086	1.45528157689138
lote1237	-3.98919659297256	2.36292389767174	-8.86739070482063	0.414906571934437
loth1237	-2.9418849940325	2.29462376592929	-7.6441003134849	1.42844970027728
louu1245	-3.8001698523471	2.38067082543214	-8.8144025978249	0.614115865956495
lowl1260	-3.04666890843268	2.96148494995004	-9.29054305193784	2.50275510083198
lowl1265	3.03387133903271	2.91183127628671	-2.46514922573112	9.19512307864535
lozi1239	2.14780981511997	2.3892678077275	-2.51485261458474	6.95438477171834
luan1263	-2.03228985602361	2.2961119930152	-6.97941284072985	2.31022338102089
lubu1243	-1.16452283842805	2.20486969327223	-5.6843963983901	3.06179690919039
luch1239	-0.277589197931788	2.32012125600421	-4.96708670017105	4.20134283872336
ludi1246	1.9958059216795	2.4896647181577	-2.77861112759543	6.83878250487221
lugb1240	-4.12324845041524	2.54022497093318	-9.3899934900273	0.523431919142835
lugu1238	2.12022894026582	2.40038905788039	-2.49560378520924	6.78324408564309
lule1254	2.37906611536635	2.58417407676187	-2.64064724362694	7.48920828984949
lumu1239	5.39112894126252	5.51176644794281	-3.566003586166	18.3231334440775
lund1266	0.469734476912045	2.35955675441432	-4.24423555258428	5.13596633235952
luse1252	1.0011876527432	2.41863690476054	-3.84304267469699	5.8121673146033
lush1249	-3.62880299911912	2.36576999470684	-8.38031639474991	0.812187080756142
lush1252	2.37071468167076	2.94959844871146	-3.21455015843828	8.43190968352261
luva1239	0.337538477023138	2.3225935919282	-4.22557930978166	4.89079454318226
luya1241	0.857530585089874	2.44037054277782	-4.13558492227398	5.60196291737916
maan1238	-0.59902435003501	2.30212056425146	-5.16423140385112	3.90823544711252
maba1277	-3.27644638530977	3.01060980282268	-9.38885348497072	2.3882347272087
mace1250	2.57778618507296	2.58234951704289	-2.44197070786297	7.79812630581596
maco1239	-3.56368448811771	2.91942878674915	-9.45679607252058	1.95262942425455
macu1260	0.695226179733707	2.88198526104165	-4.74651069750379	6.60220796703749
mada1285	-2.68532757881455	2.28302348144611	-7.49440278449188	1.59373544084588
madi1260	-4.11338578722289	2.51220041573352	-9.43782468957224	0.450157018242693
maee1241	-3.79508287082718	2.35002558300752	-8.64618913694298	0.59676190863127
magu1243	-0.749630338887394	2.28103005487533	-5.32456340020652	3.84253813658433
maib1239	-7.01661469420009	4.72534386200813	-17.6123196165583	0.939474687315096
mail1248	-0.659669255427264	3.16428140499936	-6.57176988030667	5.87277431703774
mais1250	-3.57823425353348	2.35923511064208	-8.4422986679367	0.738947822697326
mait1250	1.58307915625221	2.48143630950355	-3.33172878935998	6.44545613070611
maja1242	6.35725143694808	5.29480208912152	-2.03672469135346	18.935954139569
maka1304	0.832689022353948	2.43927111793535	-4.0511957901945	5.64484373478197
makc1235	3.5796914420187	3.81868005880898	-2.88926054225175	12.0367473266455
makh1264	2.14044849057112	2.38034584929361	-2.47695557189943	6.7726620344819
makh1266	2.12239054224081	2.39107909672952	-2.52862641046626	6.89105543612429
mako1251	1.91961489237563	2.40145609815202	-2.69835305823557	6.65197348558126
mala1464	-1.74093623015607	2.31224769485677	-6.45575381106658	2.74617954890557
mala1479	-0.277941558079793	2.14493676616237	-4.58603570973998	3.97032396164351
mala1522	-0.294442737883111	2.34896487539762	-5.01493934648151	4.34512035698771
mala1534	-1.9921093259673	2.2020053382037	-6.5922391937479	2.18971050198009
male1284	6.7482614512053	5.27877931931557	-1.55854008457664	18.8424131395536
male1297	-0.849740780743017	2.37005104091485	-5.6673093897246	3.72983664228077
mali1285	-0.570836951211884	2.58940043282963	-5.70208073632592	4.58884876043799
malo1243	-3.87346628055323	2.35145384636793	-8.76769574395361	0.538653760609614
mamb1306	-3.03344518068051	2.33122221153619	-7.91176986780001	1.35331229497717
mamm1241	0.982762722213061	2.64494298206507	-4.21315208831721	6.38679793654129
mana1288	-4.36018256946076	2.34065947510673	-9.34628003876072	-0.164102384619199
mana1298	-7.83381171473775	3.91278545270051	-16.4637784161675	-0.977486785115527
mand1415	-0.933840498166462	2.34056366757421	-5.67394392363368	3.62028647809152
mang1378	-0.746855706653978	2.32667421564556	-5.38197316865568	3.81571199563279
mang1381	-7.56084676898385	4.32417697086216	-17.0862651720186	-0.20284424822772
mang1394	-3.77023105391441	2.33258243231597	-8.54910125172664	0.556946619757275
mang1401	-1.1871055002167	2.1231913030532	-5.59308315553482	2.81362271589588
mang1403	-3.99890742760548	2.34518810700285	-8.87177820746225	0.314094884305771
mang1405	-3.34836157738434	2.32294375250213	-8.17260811887034	0.918996534633674
mans1262	-0.814666768383178	2.19230567734979	-5.27435897626887	3.33977448489358
maor1246	-1.10058379136067	2.13262154264894	-5.47903907440143	3.00205362505912
mapu1245	0.4258560567795	3.1052000799152	-5.45492059831528	6.85451594950838
mara1378	0.819886688508172	2.44210741259327	-4.04001032708649	5.56137377945952
mara1379	-3.78178542970263	2.36792977257802	-8.60992333822997	0.658540801606069
mara1382	-2.77766717150453	2.3397993022488	-7.51418320078817	1.63442262662069
mara1386	-7.90797113575139	4.16321657751867	-16.8535355580974	-0.646121683744773
mara1404	-0.784898844100279	2.26020620698402	-5.35158959955211	3.64391786965279
marg1265	-1.1367907954493	2.2926166800153	-5.72423327974261	3.27741308075783
mari1416	-3.62990629089263	2.4289801014323	-8.62312742436208	0.875135288399706
mari1424	-7.87860665461821	4.224491032711	-17.0411843143694	-0.651233761735511
mari1440	0.835072001016474	3.16581595051975	-5.00360391383798	7.37594784951948
mars1254	-2.4879053180184	2.20279764970341	-7.05066316354002	1.72764321899405
mart1255	-1.86902840814125	2.46442570995046	-6.91050592580327	2.92353910146072
maru1249	-0.859091531328956	2.24504276013737	-5.42298306160252	3.38663076198355
maru1252	-3.09084361868804	2.32581512988961	-7.79591837364071	1.22228290853177
masa1322	-0.575911941640799	2.44203785597506	-5.44054358042166	4.21246097838143
mask1242	-3.88356230042013	2.35383389396303	-8.93165784217243	0.449033895397005
matb1237	-3.43215196909959	2.38091178414876	-8.33033451110528	1.06719159833568
mati1250	-2.02292021568317	2.19300626155358	-6.6021787254286	2.11222244100323
mats1244	-1.91658325143197	2.38964904474258	-6.81724144549531	2.62292931832389
matu1259	1.90480001948607	2.42018585400657	-2.74601602621441	6.8120780873542
matu1261	-3.97264666779579	2.358974175575	-9.01155944793574	0.32200370194811
maun1240	-7.15644584877839	3.91787321356279	-15.7717176866121	-0.426130722619846
maxa1247	-1.12453763681135	2.57525340611555	-6.30913980875056	3.95192403276681
maya1285	-4.59109366922877	2.86872886711238	-10.82457187325	0.635031073160322
mayo1261	-2.93437230610288	2.27893329117746	-7.54508303407618	1.35417147060867
mayo1264	3.0113405828148	2.91779041408419	-2.4925349411684	8.9831410607567
maza1304	-2.15360020900918	2.31961347228946	-6.91086173335508	2.38880492961965
mban1263	-3.80941232967299	2.2945353165612	-8.56508970071641	0.516957102010336
mbay1241	-3.73019678100513	2.25216024296977	-8.36420247716387	0.396795503711122
mboc1235	0.284954394786256	2.31438038126769	-4.2380131373499	4.70210773605755
meen1242	6.37737632277186	5.25167115682266	-1.77488565184824	18.6418035578875
mehe1243	-6.70083017280362	3.72837424300944	-14.6746212175172	-0.125409568870021
meke1243	-2.80984143456259	2.19384222448182	-7.34583084588868	1.27839019768564
melo1242	6.77787585919003	5.34733463647157	-1.50416185815711	18.9967771366837
melp1238	-7.08708021768826	2.96163068484818	-13.3254881613495	-1.63449933255867
mere1242	-3.84282212401	2.37980968621982	-8.79845998497509	0.582783590061653
mezq1235	-0.270604376187555	2.45540828743472	-5.16310430119167	4.64128256697833
miju1243	-1.21357589491382	2.52580233993527	-6.27048207111376	3.67830734800909
mika1239	-2.74215936136753	2.54371069281322	-7.98835582814462	1.91845862677153
mikm1235	2.00795466586296	2.88383354163929	-3.52018197572037	7.89323681355905
mila1245	-2.55731656439317	2.35105979750702	-7.37771341462786	1.91304511519651
mina1268	-0.172742904982799	2.16137797298303	-4.58021254280237	4.10489655078027
mina1276	-2.74153064094341	2.34613990509539	-7.60867377640438	1.69863993966115
mini1251	-3.00475956161598	2.28081601676561	-7.71471284780751	1.21463890699377
mini1256	0.440247523057633	2.90840078878969	-5.22211688242094	6.4214364963154
minn1241	-0.774920978235685	2.3654516240517	-5.42908307320257	3.85282057457028
misi1243	-3.58772838000061	2.27510323170353	-8.17520307616945	0.615185917722882
misk1235	-4.47784814158224	2.90465855168277	-10.6550717469838	0.757839714713282
miya1259	3.55855979985365	3.76951782351008	-3.03356914238362	11.9736259080379
mlab1235	-2.29505264374865	2.3136128366728	-7.13003937192316	2.05739367953564
moch1257	1.51952966499006	2.66442480610546	-3.67314550794984	6.93154458153199
moco1246	-4.2154506041476	2.85380769975465	-10.3424674993166	0.982449309392166
mode1248	2.10013093496992	2.78860174258383	-3.19728454307674	7.73131082376377
moha1258	-1.92098527664845	2.68608416295482	-7.43975260534221	3.17453654409204
moke1242	-0.725227568482331	2.31682455046105	-5.31679493437168	3.67849741268877
mokl1243	-0.68697739411289	2.3222419717546	-5.30122563529568	3.84055607967142
mokp1239	0.826572260335068	2.37492889290595	-3.88021829399218	5.56573896859735
moks1248	2.38549797531389	2.68818186461617	-2.80948336106689	7.69551061887444
molo1266	-2.22453975589327	2.3930428206685	-7.15137749030723	2.20012999944291
monn1252	-0.570493225091681	2.3793259912354	-5.30424201778871	4.1166511406949
mono1270	-3.14850061728467	2.26082253995961	-7.85432283881107	1.1554908108501
mono1275	3.11964101813859	2.93089076739102	-2.44429402537766	9.04954259383441
mopa1243	1.49182724688485	2.68655387711278	-3.61607967603311	6.96720624373894
moro1287	-0.986973666106042	2.30511508960462	-5.59119838996039	3.4887349661034
moro1289	-7.03127171293128	3.8915550515437	-15.110623254202	-0.0219920214929528
mort1237	-3.29224032532402	2.16621617923992	-7.77941522053496	0.782342656023565
mose1249	0.0719856904461799	2.99895941598916	-5.71538748088053	6.2836777672815
motl1237	-3.88819667384971	2.37185497665275	-8.66644804839157	0.459571284470175
motu1246	-3.19810073127994	2.23825771403447	-7.82440570064809	0.971969274061957
moun1252	-7.49455883429974	3.69385696990223	-15.3592542688363	-1.0548868273029
mpad1242	-2.57961489479038	2.4018197239704	-7.56585549237098	1.93545999310571
mpii1239	-0.654135748396727	2.2301337966244	-5.22502817007695	3.60228117151182
mpot1240	1.91024240197895	2.40945800842947	-2.85785698523368	6.68822843109042
mpur1239	-7.57736484655085	4.41784748463748	-17.6567272932539	-0.122177589534254
mual1241	-0.159421603651118	2.1887161920626	-4.6416296020768	4.12038323141856
mudu1239	-2.40580352579839	2.34265499926121	-7.19923146682566	2.09139552209577
mudu1242	-1.75245060382394	2.31782699809187	-6.61413321810934	2.74006963463858
munc1235	-3.0834622471123	2.28068455852187	-7.76218108100854	1.27586306142179
mund1320	-1.66913507936143	2.23773203479596	-6.27348240462572	2.59906224142416
mund1325	-4.35672581088708	2.43118498382886	-9.40639151856446	0.089058591776422
mund1328	-2.76613209425912	2.59636435043631	-8.26899705558347	2.11903978494786
mund1330	-2.33192219155142	2.54650670297806	-7.35216255842088	2.615065941467
murl1244	6.38207062797784	5.23415730664098	-1.73415504182459	18.6958269907558
muru1274	0.414151545832046	2.91636691999463	-5.2374748885985	6.2965172070776
mwag1236	-1.80905292263381	2.43352511444448	-6.8372033407205	2.74271632924784
mwan1247	2.19399402149708	2.37022038162626	-2.310865020567	7.11712622229639
mwer1248	1.9566121397004	2.37369716390422	-2.64817988159165	6.64904798395478
naka1262	-1.50499015106138	2.30528379502721	-6.21676464081575	2.92146198835493
nali1244	-3.03742471498975	2.31486978064108	-7.94719326767936	1.31868507781314
namb1293	-1.44087648487705	2.7311807086334	-6.88310191020786	3.98239980164797
namu1246	-1.82737195464141	2.27389782289747	-6.41473929695854	2.44708054855784
nana1257	0.108036317273882	2.47750657222025	-4.89415964718765	4.82439458092007
nand1266	-3.07054703785373	2.74048892754805	-8.51272266565654	2.12254648557048
nang1262	-3.41401662702873	2.40499353587775	-8.40794793082333	0.898186685780268
naue1237	-2.75773855551221	2.34761821713198	-7.60544224004133	1.71966496938832
naur1243	-3.189378582857	2.29529620609996	-7.90863651206246	1.15735476706495
nava1243	2.63475421911273	2.99254410124361	-2.88178209340437	9.02595609349697
nawu1242	-4.43204228084775	2.44356400608115	-9.6366657414795	0.213242637856131
naxi1245	-1.97392241259121	2.25269899400811	-6.60863687971539	2.19634623994773
ndam1239	1.82357707294322	2.4663178873464	-2.94403989372643	6.82498361741094
nege1240	-0.194322030861303	2.15351757627263	-4.59613765383796	4.02479487095051
negi1245	0.736154014913248	2.54464513051096	-4.16376311543371	5.72987439647361
neha1247	-2.51627150751831	2.24139669910005	-7.13976060349347	1.70983563347011
nene1249	2.70984586945623	2.85495632565931	-2.6714918621819	8.33855510979358
nenn1238	-1.43857956547156	2.75599076361172	-6.88386284254881	3.92641092355217
nepa1254	1.48012418215828	2.46351406024348	-3.4268015380489	6.29920223161629
nese1235	-3.75868065284519	2.3645249116064	-8.68727608530208	0.644780039228018
ngab1239	-0.171479319955748	2.31248991733843	-4.87875510662694	4.29928216497719
ngal1292	-7.18344957646736	3.434444097103	-14.7046815259065	-1.27881008560378
ngam1268	-3.77348268348399	2.23410509661705	-8.38428119828274	0.269984743480102
ngan1291	2.68530940628755	2.8707486160381	-2.82612003561805	8.50012149856684
ngar1235	-3.8571014128484	2.60172242995655	-9.13738554503598	1.06700788604383
ngar1284	-6.65112829713566	4.20402237070618	-16.1115708062737	0.277437553800799
ngas1240	-1.11857456467802	2.42815614586072	-5.8891327578794	3.66049723184564
ngit1239	-3.25438886863046	2.36656468625508	-8.0066130910927	1.09499024187682
nhen1239	-4.80346051118031	2.55533735591923	-10.1216078771594	-0.181784221143948
niha1238	-5.88964929765101	4.05513727763857	-15.004958187059	0.986874994195614
nila1242	1.80267951552683	2.41609550529041	-2.88108246453635	6.61068088509063
niua1240	-2.67110490153781	2.1672127658199	-7.17217238818543	1.32773536367663
niva1238	-0.108075636696977	2.99405755396583	-5.80073336499685	5.88049443188243
njan1240	-2.46765309706597	2.44387005211201	-7.40010386550034	2.16656459607831
noct1238	-2.59542468146113	2.3781950128948	-7.49267622486342	1.91791020426534
noku1237	-3.80714655824589	2.3784015907779	-8.81428328213573	0.544241795185783
noon1243	-1.52514516142012	2.43366508860897	-6.42362271658405	3.13503179131764
nort2671	2.37503611000204	2.57775793391922	-2.68704088576991	7.45526876552549
nort2684	-0.834156894250979	2.3637419784137	-5.63116650443444	3.77112399205567
nort2690	0.907761758494486	2.62631580605563	-4.15692573914731	6.17899816591474
nort2697	0.985223927401977	2.61475824629751	-4.09785385126292	6.22861702067186
nort2702	-1.16634699778918	2.39917585354838	-5.9234759658253	3.52281657789771
nort2722	-2.95850460534335	2.32220972614668	-7.7269874112945	1.3674367710715
nort2745	-0.248588044753814	3.48213004664181	-6.70873837813144	6.97645341322028
nort2747	0.719923382394098	2.63983066647797	-4.28512880496668	6.13723120321785
nort2774	-4.0567457144085	2.35429285895575	-8.97635977564542	0.382167059377405
nort2839	-3.1976155761336	2.29943459212402	-7.97027985735932	1.03143501146581
nort2845	-1.18533568837405	2.11317461816899	-5.49167764866264	2.83749082245893
nort2864	-3.02915262361208	2.35185226925047	-8.03426191304415	1.27217843363354
nort2877	-1.13393046095666	2.23322204892449	-5.67861150119032	3.1921207729272
nort2930	-1.63771495797473	3.14754887071436	-7.83026527763109	4.77377664932845
nort2938	-0.519744571147609	2.71082372589417	-5.82831421540275	4.8885030969433
nort2942	2.66662603045531	2.91188780753254	-2.74142141788652	8.96018826999033
nort2951	1.26351438113628	3.20359307093187	-4.6748703901564	7.80389817615604
nort2954	3.10854702719155	2.9414893867998	-2.48304804823368	9.11341692079539
nort2959	2.99612656164373	2.95604782426153	-2.54672265977107	9.07864083463152
nort2961	2.10080145607351	2.83577322611916	-3.28289676159192	7.80247934836416
nort2972	-2.87679519328221	2.49428783770945	-8.01133944749649	1.80642958973354
nort3047	-2.37636141977966	2.40558617271574	-7.39772669715531	2.14100943109001
nucl1235	2.07138188399969	2.78151979357745	-3.25429991650635	7.60465433206885
nucl1240	-4.25262225048227	2.44934423239565	-9.23765285537266	0.380478918605902
nucl1301	0.952914658375036	2.62374774410969	-4.07532830732795	6.24714013061062
nucl1302	0.563860441111292	3.43255144195966	-5.75024113416793	7.77251833229325
nucl1305	-1.20676062612145	2.36917002176619	-5.97610573150386	3.40888472548617
nucl1310	-1.86759703622851	2.26547057186302	-6.42750263946514	2.31104354750887
nucl1417	-4.85777804019038	2.65598559783202	-10.4066235966576	0.0343545140007619
nucl1454	-0.153493412288767	3.50358666472202	-6.79654411662825	7.19667148959999
nucl1458	-7.49768644299808	4.1231680587415	-16.2738270364074	-0.240106391778457
nucl1622	-7.16293626854359	3.96111894148179	-15.7519867784136	-0.259965714028588
nucl1630	-7.46367031404729	3.67429686192165	-15.1226429451665	-1.18603083319157
nucl1632	-7.17451543863261	4.05384225414207	-16.1157806087185	-0.297131545716291
nucl1706	1.10277364449943	2.56338365993164	-3.99597533046359	6.13186876503994
nuer1246	-1.61214046920136	2.59069275682767	-6.68741148173728	3.41645114043006
nuuc1236	1.47093770686731	3.20723423458568	-4.64634014471949	8.03701462659944
nyah1250	-0.565638397862871	2.36743712730639	-5.32721488247202	4.0753478495277
nyal1254	-4.00765148883439	2.32454275881495	-8.79954551684102	0.375866472020077
nyan1307	2.13660354959655	2.39356838806293	-2.45118317746902	6.94332853456412
nyat1246	1.79395930756062	2.39750530722192	-2.85740531691272	6.4860173281465
nyor1246	2.14161762194734	2.37697281705632	-2.41156635354432	6.98429044425802
nzak1246	-4.42786084267836	2.41464260104879	-9.53049751053789	0.0188939320438322
nzak1247	-3.08252329006985	2.27356793058913	-7.63565586340131	1.13314929663359
obom1235	-1.54648082916847	2.18494301921123	-5.99808050383639	2.62303596617857
ofay1240	-2.46755477258873	2.63817369332408	-8.00680260201236	2.51988176041743
okan1243	2.4324868495039	2.88379849693628	-3.05003998577194	8.33470067201463
okin1246	3.56942944035327	3.79656345920217	-3.0235935042381	12.0130409233607
oksa1245	-7.07343647164623	2.9739194148796	-13.3100473673601	-1.67755764870561
oloo1241	-7.07161813149223	3.82302998384494	-15.4253255092257	-0.405071929001324
olut1240	1.41148378509073	3.06833640108608	-4.29895428147824	7.66883894957735
omie1241	-7.48045513934053	3.70318108720085	-15.3066579736696	-1.01410379154994
onon1246	-0.872883506710384	2.72798747074993	-6.23723715726597	4.37220516374205
onto1237	-1.51875395798177	2.14167693340991	-5.8160042039688	2.56372962842237
oriy1255	1.43339544341069	2.5053755571235	-3.3620214150579	6.41417312257752
orma1241	1.08301317352985	2.49650561104379	-3.73943628589251	6.19191275467175
oroc1248	0.595383706946163	2.47542470504525	-4.31774826309806	5.34809408311843
orok1265	0.372981079746637	2.46907026787326	-4.66079360065561	5.18375974217162
orok1266	0.846722371561667	2.39652118791463	-3.92234438610474	5.56297789638119
orok1267	-7.16707446392507	3.64564924312358	-14.9531641625074	-0.738687664743263
orow1242	-3.38470131902217	2.29348287435532	-8.21478271182279	0.837638619874165
otta1242	2.0946552906139	2.8427992523367	-3.42015938561829	7.88900166528375
paas1238	-4.59264449027482	2.43963063314326	-9.72902196977717	-0.00797020936253981
paco1243	-1.81170219264136	2.31302967135345	-6.42762024952806	2.64054415492659
pagi1243	-1.43200509425087	2.32528909195004	-6.20448895498782	3.02053640359775
pagu1249	-6.93867005762278	3.57902663827268	-14.8197051142238	-0.578098663267082
pahn1237	0.916844954462439	2.64899926982459	-4.15524277448253	6.24494545653551
pala1344	-1.13944508503667	2.34514769271878	-5.83033058866194	3.35904834027228
pamb1243	-3.6136845482283	2.27158182141826	-8.29304527987841	0.642187450731891
pamo1252	-0.88966744130784	2.29354313754871	-5.66982813114957	3.50941594378225
pang1287	1.9670823808302	2.42590945170934	-2.73293918169819	6.81849805281055
pang1290	-1.31319215027355	2.24215673331565	-5.98761312163725	3.07317196833483
pang1291	-0.783261368185132	2.29456845402321	-5.44318910762955	3.68388063795806
panj1256	1.45567310847978	2.550116860401	-3.58165380270285	6.4385092862044
pany1241	-1.74896693755037	2.45467206603833	-6.70523463149328	2.95094734208856
papa1265	-2.30661681962491	2.24506838933948	-6.93969314129596	1.90637068832344
para1301	-1.48508822524892	2.21284946591816	-5.958230548573	2.66960721457006
pare1266	-1.41339739383757	2.23621243054228	-5.97596971676816	2.75687568183962
pate1247	-3.80905995828426	2.3802594651845	-8.76979845016394	0.530947513146612
patp1243	-2.1491641301181	2.25901289070753	-6.78930083340791	2.25387321954287
paul1238	-3.0435629334502	2.35419533924544	-7.8893447481346	1.3251790100153
pawn1254	0.589450460959472	3.05751540691229	-5.16295303120157	6.85504887427701
payn1244	-7.10594578442578	3.13173597495289	-13.7512058993107	-1.41653458209996
pech1241	-1.95576173562447	2.53625970674516	-7.14616291736594	2.89076464542426
pela1242	-0.857092240765326	2.25613857404152	-5.39986629159729	3.45500834717534
pend1242	-2.30024818848629	2.2756494432641	-7.00509155578433	1.95520626337668
peng1244	-1.13483304594233	2.4213974464109	-6.02947321075704	3.62392335495061
penr1237	-1.12902032956948	2.13089424453951	-5.43442267709408	2.96998360281163
peri1253	-0.266221293679763	2.5910068049589	-5.31863658001182	4.94503152104799
phai1238	-2.21983276234462	2.29934897068891	-7.0270454979947	2.07851694827732
pila1245	-4.21420289970137	2.84410041126311	-10.2442890429186	0.914796226219002
pile1238	-2.50393110866007	2.19915134047276	-7.01564751907932	1.67227467042788
pipi1250	3.06982381768259	2.92778358266415	-2.4690278981787	9.21661695835081
pite1240	2.37183755537256	2.58229129903543	-2.60409090479507	7.62863596259056
pnar1238	-1.56742268840775	2.21938560742612	-6.14484830058607	2.72741700678954
pohn1238	-3.11617420194457	2.23479220791222	-7.74145709849653	1.09971891574062
poli1260	2.61132405919948	2.54916774883066	-2.3069633552854	7.60879178866243
popt1235	1.55709556989682	2.70043705305571	-3.78796398353662	7.13751797103843
port1283	1.71364318587064	2.40760041892219	-3.0703381086051	6.52211952220642
psik1239	-1.45945274673265	2.36374813680698	-6.14309950838359	3.11315092347006
pulu1242	-3.27390946319127	2.15726337871536	-7.82089311936809	0.751794127842878
puma1239	-3.74660534562098	2.3620531172146	-8.67247975759247	0.665377089118504
puoc1238	-2.04720547418992	2.30992548410475	-6.80927460702953	2.34922997470223
pure1242	0.742452545729357	3.1354566439272	-5.1057771352285	7.32425863870736
qanj1241	1.552253643687	2.6710098444021	-3.73216866639941	6.99216747207009
qima1242	0.670051861193056	2.48397503323273	-4.23968430969489	5.62950496326029
quer1236	-0.267308581367551	2.44974687550672	-5.18674986304608	4.64509648419333
quio1240	-1.38345474056634	2.47157661639327	-6.32087942809199	3.29459915910067
rabh1238	-2.03524523034954	2.30372356242245	-6.79321258395198	2.33486515356097
rade1240	-1.51669362231878	2.23670864210351	-6.19187223877485	2.67427345571021
raji1240	-1.27823463655231	2.49026136794825	-6.18550322781839	3.7182674924138
rama1270	-1.23630962812977	2.34981755192926	-5.99794492021554	3.29498296039789
rapa1244	-1.29090386233021	2.14419703840895	-5.67605599172595	2.79501480089762
rapa1245	-1.09366008610192	2.11870294941279	-5.4702005267549	2.94655637749175
raro1241	-1.10598875530547	2.12899797493781	-5.50281456953303	3.00397411591221
rata1244	-2.43181012766428	2.35650634284376	-7.36093833874932	2.00655675281627
reja1241	-0.732268543893016	2.32947238458483	-5.53138088431834	3.72930492740338
remb1250	-3.30030657179507	2.33325009335755	-8.20141651688603	0.999443277650382
reng1252	-2.48781641639214	2.35379877328735	-7.31518892574131	2.00988984238966
reye1240	-2.91544911403512	2.34295821669564	-7.69976352300238	1.44192462747608
rikb1245	-0.773869742467296	2.63828661090357	-5.89260471621832	4.52519893020728
roma1326	1.70999584366228	2.4167224108062	-3.04486039871295	6.50170120448066
romb1245	-0.919746086278883	2.18974826324094	-5.39932590725986	3.29840608420802
rong1264	-2.23048468417494	2.31318449157651	-7.01447757880559	2.1598345733703
roto1249	-7.31670029885064	3.69051981189673	-15.3631617328669	-0.83027248017557
rotu1241	-2.6540026512363	2.22848569930544	-7.35437286082785	1.54891433078896
rovi1238	-1.65504495610327	2.24442314683632	-6.26029497045927	2.67165160807117
ruka1240	-1.12463204710421	2.46464611275446	-6.06322186545355	3.69821987547218
rung1258	-1.84682300947334	2.97471330659136	-7.76301716557625	3.89219199655034
rung1259	-0.945788271058169	2.26701482650187	-5.62979484992904	3.44284755546236
russ1263	2.60928064560165	2.55596548463755	-2.41593621216058	7.76187811005687
rutu1240	-8.34910210717414	3.42726881986665	-15.9257355285917	-2.54321348052426
saaa1240	-3.93791938314085	2.34191813577374	-8.76345530775942	0.407480964070296
saaa1241	-3.17341145231778	2.30822820643165	-7.88027160392804	1.08521894469957
saam1283	2.10005805549621	2.40955656224724	-2.641043640336	6.99769053421596
saar1237	-2.9456255964413	2.50437137913395	-8.11843520845034	1.66133482549006
sabu1255	-2.87094375996173	2.28142880949805	-7.64486429934266	1.47733761367687
sais1237	-0.701877753292126	2.54508286568394	-5.6756652606676	4.39430207079412
saka1289	-3.88040358993955	2.35706973489923	-8.77964041939847	0.511594955174343
saka1291	-0.564415038046548	2.28679238962198	-5.23761848938757	3.93468236904661
samo1305	-2.43929193670378	2.1609611166532	-6.88915786722793	1.6229349477899
sana1295	0.62660953449291	2.35632396969485	-4.01228376303805	5.13601880156441
sanb1241	-1.99073176192393	2.42089971723345	-6.73460877196955	2.69489771840108
sanb1242	-0.185526928607308	2.29662469539252	-4.80712346584261	4.23450111542332
sand1278	0.416849732764551	3.08115281078051	-5.39785062665046	6.6923602020975
sang1331	0.788754237784203	2.48127698703595	-4.10848380512208	5.69320146788379
sani1269	-0.67795583644495	2.26899135985081	-5.19229630053786	3.6698077876819
sanm1289	-1.3802525259997	2.50985327520474	-6.46058280879552	3.40882550073302
sanm1295	-2.50448486063201	2.56890479476117	-7.79348876517875	2.41641013941572
sant1410	-1.46551594294509	2.25829691285541	-6.0158324135243	2.81403507626395
sant1451	-2.78434918837577	2.52762012899169	-7.98367523019879	2.06159035779259
sanu1240	0.718234289523261	2.97910102732095	-5.10089860458137	6.81466212086566
sara1321	-3.71213974327099	2.25663682677197	-8.38883373216447	0.358728274476231
sars1236	2.65210771666595	2.96619133628271	-2.69491658164101	8.89182148520153
sasa1249	-0.332696560253163	2.26298271203703	-4.94492621029635	4.07111877593289
sauk1252	-6.93354364632026	3.07112774738337	-13.3791487197964	-1.30567856478576
savo1255	-0.638848782363697	3.15987392923709	-6.63371909575553	5.95644316844039
seim1238	-3.63328928485794	2.35529516272726	-8.63172518777774	0.724275873668178
sela1259	-3.10574939437358	2.36360510954802	-8.06182209546449	1.27912324644529
sela1260	-0.946031986570499	2.32313763956922	-5.55390935918263	3.57296270769309
selk1253	2.68226207728611	2.89466486312619	-2.71846365880107	8.4818609357663
sema1265	-2.14171233938571	2.24931589406177	-6.63615356882369	2.11091416912376
sema1266	-1.98004899108494	2.25069239457947	-6.66736329499554	2.32039891222262
seme1247	-2.0031614464139	2.24972164466531	-6.51672334816391	2.25386235778902
seng1281	-3.97952926967872	2.36246458249604	-8.94101238101833	0.345806878497333
shab1252	4.65861099312788	5.75673094226396	-4.44598598132535	18.019028111619
sham1280	2.12140356738144	2.39039526568297	-2.55232256109048	6.92590332261013
shaw1249	2.0465466518831	2.86603675997481	-3.4330393450653	7.91634720142905
shee1238	0.798193297610483	2.62994699124754	-4.30987248577266	6.02878617416577
shil1265	-1.68249987482895	2.57191262992186	-6.83967751281063	3.39368288312608
ship1254	-2.49678698055545	2.31486979979416	-7.16308940814194	1.91590838227718
shon1251	1.85968252868601	2.43496282996558	-2.87679433131021	6.81547554857833
shos1248	3.10391895257855	2.95374785674929	-2.58106723668699	9.08819144804544
siam1242	-6.97692993311217	4.89400822264016	-18.4498183885614	0.837080155588113
sich1238	-0.619074967543567	2.24746232228005	-5.12468330853019	3.80602345448244
sici1248	1.02434938897946	2.39511363262385	-3.63071633690589	5.73278665882313
sier1248	3.09127722626217	2.91783365825127	-2.53528947222089	9.08849161537884
sier1250	-2.85745370015659	2.48593579064107	-7.92688231414482	1.86916611091062
sika1261	-1.63644759763905	2.11721426210376	-6.06867989778255	2.34918418087272
sina1266	-3.42533616851136	2.26684538334065	-8.10762574881054	0.839265520873386
sing1264	-3.1317990835109	2.36420309441804	-7.89053301457855	1.2627818441943
sioo1240	-3.95432700199789	2.35713661425143	-8.95293130871106	0.366046135706265
situ1238	-1.50305176413782	2.3269027693205	-6.15979671341621	2.95462590976717
siyi1240	-3.58733905138501	2.33269071243911	-8.51173011143609	0.768902698652622
slov1268	2.60993275820956	2.57244799759002	-2.42779894864331	7.69914416327334
soch1239	-0.502377134264381	2.51656428883814	-5.53088848709217	4.33302081491892
soga1242	2.13143950115546	2.40998614738435	-2.53511760082333	7.02955815427176
sons1242	-3.25820905769013	2.1867864617561	-7.85242154279245	0.807853254906829
sooo1254	-1.31171561119025	2.30908699426391	-6.02116156337473	3.15606884898633
sora1254	-1.40451463933588	2.24867077979883	-6.01869411849644	2.77222715779929
sout1528	2.61189958801902	2.58347974379411	-2.26739419306561	7.79516110141645
sout2674	2.37517509676897	2.58677306487359	-2.53168271458252	7.59130006429931
sout2715	-4.25246535126268	2.36636379292151	-9.20628702527581	0.115499950887054
sout2728	-2.94863194203437	2.3114136710886	-7.66358005721166	1.3534925570233
sout2782	-4.41230033810202	2.53529335416613	-9.74467741595888	0.263588686661039
sout2807	2.15339109339711	2.40308662087606	-2.58583418395869	6.93116233252816
sout2856	-3.7392237286798	2.34062835047703	-8.47207578673081	0.674838953285805
sout2857	-3.79877143626495	2.34523484527268	-8.66956377681291	0.567436502813825
sout2869	-3.89354639927706	2.34160704031455	-8.71454816876595	0.496918040115783
sout2918	-0.76417020204345	2.28599103538108	-5.30932468348191	3.76937930354018
sout2954	3.57716533594239	3.77655734010891	-2.94213796088506	11.8957945593606
sout2956	-1.56256912215838	2.70264891018933	-7.03388666532525	3.55572721618805
sout2959	2.66114208144755	2.91391377518086	-2.76967883454259	8.96512128310702
sout2985	1.20654102790882	3.10945221167341	-4.63946276534459	7.4820569767752
sout2994	-3.60697466226232	2.95297656087755	-9.75581569361141	1.91739903040225
sout2996	-4.16662870018277	2.76807778583949	-10.0217137955537	0.909075357451767
sout3261	-8.28903680322756	3.42837596103895	-15.6331473475514	-2.30281207915362
stan1289	1.70311963751109	2.39940472956349	-3.05142548204073	6.46544138054159
stan1290	1.69516482782322	2.40474660173682	-3.12538908665681	6.39760488738015
stan1293	2.50389681981908	2.58927711076445	-2.36093312947597	7.75424593139891
stan1306	-0.240013185369504	2.1557180877723	-4.56591446178121	4.03304608238579
stan1318	0.600483401233255	2.35208290765587	-4.20602590727908	5.12710438017872
sumi1235	-3.51623907537602	2.33180448448296	-8.20866749071538	0.8512832669422
sunw1242	-3.81605634171343	2.34451442320464	-8.54428148543557	0.547088549206283
supy1237	-4.79786323746131	2.50829016588267	-9.99679655080267	-0.0473538211035068
surg1248	2.56862229574116	2.81242828084764	-2.95013699261231	8.2603044691041
surs1246	-3.14993573024157	2.31357469721981	-7.87923666626114	1.09074469378537
swah1253	2.21387354488029	2.35857137122632	-2.41544351919327	6.85610828286522
swed1254	2.50956692150873	2.58643815035705	-2.50710634582979	7.77963011693831
taba1263	-6.93998523463688	3.54893436664273	-14.6715980932681	-0.690683983997531
tabo1241	-7.34357645792603	4.01525979791024	-16.0458279580637	-0.325917303948917
taga1272	-1.93625630153968	2.20243435374041	-6.5671194490418	2.20831241973075
taha1241	0.121215128208684	2.49559710173226	-4.66857775680789	5.14110264630341
tahi1242	-1.09584398181823	2.13133740315987	-5.47056299682967	3.08668398310261
taji1246	-2.33187593160435	2.26556963238543	-7.09958056222066	1.85075677938022
taku1257	-1.5172723575484	2.13099439302058	-5.7995089536134	2.58982606664034
tali1259	-3.81305613579599	2.34750571458582	-8.89130934891444	0.506527654632117
tami1289	-1.70665355754415	2.31001750981116	-6.30873951366077	2.72644732218197
tane1237	-3.55430529154443	2.3644757464706	-8.41907431705235	0.791292857264177
tang1347	-3.83595022943912	2.36453156188353	-8.74201883777428	0.541979216210302
tang1377	-1.79821886651939	2.30209566611946	-6.52501494642788	2.56953242026444
tara1313	-3.62834366307927	2.43167834540645	-8.59645375236149	1.01885885429281
tari1263	-0.00214663517557568	2.58174610439611	-4.96567781556328	5.03018186591401
tata1257	-0.837542928208753	2.27994737183652	-5.56349722571708	3.51092058988327
taul1251	-6.54139570719771	4.01685449588215	-14.9656672949269	0.57754519063137
taus1251	-1.41198068346219	2.19263849090412	-5.88973722720351	2.73685484859453
taus1253	-0.240133344440665	3.01246655136236	-5.95597943455457	6.00178139852717
tawa1286	0.201983763225534	2.4706363579889	-4.57952317195905	5.06233857023726
taya1257	0.197745856247257	2.48427660012789	-4.66760016675386	5.14732651545118
tbol1240	-2.16968889038468	2.25344166736817	-6.90741285451691	2.10458316833293
teda1241	-3.94589489095721	2.70589632699363	-9.61736172649497	1.07290019430483
tehu1242	-3.58379423148431	2.97908626385275	-9.74511554331336	1.83826368745033
teke1275	0.74526623207347	2.44773432432288	-3.97838313110535	5.63030469361132
tekt1235	0.982848330910695	2.6352399520593	-4.08583542232416	6.32619100647827
telu1262	-1.37898232710223	2.37570893839013	-6.19518233277886	3.26516337425841
temi1246	-2.21377560618201	2.27637410049666	-6.8683638258505	2.13001828442225
tene1248	-3.94049380946458	2.74348293310758	-9.57148876927266	1.17854501978191
teng1272	-1.26712347815654	2.37191546540536	-6.09637918404849	3.29631158351889
tenn1246	6.39482947650354	5.25082281983641	-1.77526315254405	18.7028651959536
teop1238	-1.90982564240077	2.2639686010292	-6.70530197175855	2.38746303779937
tera1251	-3.2971973927101	2.3519180162834	-8.26602151436299	1.06061718856951
teri1250	-0.96815997251785	2.3160086513192	-5.68352645494424	3.43450543351233
term1237	-2.81143440196208	2.33219181636816	-7.5890512436939	1.40679540505768
tern1247	-6.86513532531506	3.56280811979995	-14.4365872015501	-0.696144543348302
thak1245	-4.37300230958344	2.33666957788102	-9.29890456816782	-0.0828968153768849
thul1246	-3.84269976596252	2.34199698491943	-8.75063833928431	0.567428712222071
tibe1272	-4.49762785991157	2.33839994105971	-9.46622817550896	-0.262989818859782
tief1242	-4.73533289137955	2.44845362825039	-9.77651629269309	-0.28088318175503
tief1244	-4.73703800055819	2.46709488380945	-9.91801011108772	-0.290336981724792
tien1242	0.750173211377563	2.41311315961979	-3.99085482938729	5.50005425182809
tiga1245	-3.17527850359126	2.3128766440014	-8.0744962118197	1.14755253830139
tigo1236	-5.22343373808803	2.56668518063464	-10.7531088791683	-0.491894761595702
tiko1237	-1.92535321037515	2.15538993976538	-6.23559049830972	2.13627841988503
timn1235	-4.81024776481858	2.46942271104961	-10.0206867956199	-0.357287739020719
timu1262	-0.824340784592956	2.29888135455428	-5.55498324610081	3.51888287782364
tina1248	-2.32545129677913	2.29196046270247	-7.09880789130274	1.93426137792023
tiri1258	-2.85341605011122	2.27231877741014	-7.56379611500526	1.42238860978889
tiru1241	-1.66444405186098	2.25187832387849	-6.3576819675534	2.5806741556498
tita1241	-3.76743647686823	2.38409239612088	-8.77543487942874	0.681569468882982
toab1237	-4.02181632706641	2.35139323065635	-8.90104570652105	0.362926976853265
toar1246	-7.16586893126289	3.62818037394101	-15.2048564120369	-0.678980373067456
toba1268	0.278291807509364	3.05992538078866	-5.71049495694447	6.60591833277064
tobe1252	-6.92762581326253	3.5071064442695	-14.5012221048305	-0.755299715145869
tojo1241	1.51189191084368	2.71069286846242	-3.7511236749011	7.02790895879829
toke1240	-2.31375737512604	2.16123382898508	-6.74058204307786	1.77053888423412
toll1241	-3.39419986480076	3.00285475334743	-9.71323837905632	2.16357481603971
tomm1242	-4.96692750667928	2.98499564806783	-11.2071640569951	0.586976507691727
tond1249	-0.60945520332777	2.52896298092357	-5.5686233142787	4.36160867840149
tong1308	-2.21343770298868	2.23124168408633	-6.70557786075644	2.08944371113725
tong1318	1.8253319505586	2.41556414741187	-2.90929261019401	6.73953170069639
tong1325	-2.44974524726962	2.18498290447184	-7.036088520729	1.69459069741594
tora1259	-3.68475525499479	2.27705301580084	-8.37588720091205	0.571451883887222
tosk1239	2.21534700701157	2.74496109611609	-3.09985015881703	7.78592631429343
tote1238	1.79446310125751	2.42154599896688	-2.91162166549139	6.70901716907308
trin1274	-0.323607105809403	2.51534160895366	-5.37087576829533	4.68385215485911
trio1238	-2.36901965752265	2.54566198083744	-7.44383861507077	2.44530862782912
trum1247	-3.31088993948618	3.07537249230277	-9.62759662271889	2.4368404363666
tsam1247	1.04419027897746	2.49079780378448	-3.7556633011677	6.11607840283038
tsat1238	-0.800896154899605	2.225174510805	-5.35645960934997	3.48423461957727
tsha1245	-4.26711566911517	2.3531384052096	-9.25054106666767	0.0461616085112397
tsis1238	-4.79514848093886	2.61177663117285	-10.2435450677536	0.0391310218609497
tsix1234	4.83847317159589	5.12473904273491	-3.2030005176908	16.5612592950954
tson1249	2.11071661656079	2.44041377069332	-2.68802671984442	6.99057931368155
tswa1253	2.15331526082032	2.40928576857242	-2.40466397073866	7.00829031165462
tswa1255	2.108010533494	2.44363691946862	-2.71815067391053	7.02217252331242
tugu1245	-1.59960355269171	2.28686650024945	-6.36977943338084	2.80426485450449
tuka1248	-0.965086591092421	2.33492933435255	-5.61841260957531	3.43890278289644
tune1261	-1.06516852213874	2.35635341634828	-5.96064615501786	3.47265500346205
turk1304	0.972809071386678	2.61879347826839	-4.16463633529028	6.2427069139512
tutu1241	-3.85106560299223	2.37803540526901	-8.85661102945573	0.451366138114159
tuva1244	-2.52076510841306	2.16145972081289	-7.01260916338514	1.50105637908165
tuvi1240	0.969650849782451	2.60824133330329	-3.9912770841004	6.22860778883758
tuwa1243	-1.21381579537284	2.23804404100336	-5.6997100435569	3.16160941240149
tuwu1238	-4.34383253539335	2.5059250362585	-9.48977962638369	0.290049651121874
udih1248	0.600035143623304	2.47462114587607	-4.28050457020827	5.34234128701789
udii1243	-8.36121280443688	3.42566049359218	-15.8877400981599	-2.37642096684335
ughe1237	-1.77260709921772	2.24996883063018	-6.4712315995215	2.52601173709349
ugon1239	-1.05008018784562	2.30807787753689	-5.7187195662143	3.39331906518643
ulit1238	-3.24693596626535	2.17470649367341	-7.77025436035039	0.829330894334428
ulwa1239	-4.60332414024587	2.87970797167675	-10.6832066988854	0.566032808756484
umbu1258	-7.08381077959749	2.94172909494319	-13.365354633108	-1.76994845892797
umes1235	2.37050777685334	2.58484584147281	-2.47549391273509	7.51560933220584
unua1237	-3.86354725443355	2.32735540473395	-8.69659210336727	0.50538586759211
uppe1427	-1.69653943572497	2.26945766516143	-6.46485507310046	2.70405500204004
urak1238	-0.426563601330283	2.14079726644488	-4.83215801345795	3.76347542131127
urar1246	0.342171767707242	3.10741049260784	-5.65845323082916	6.60035543335412
urav1235	-3.72164269144378	2.3490651514424	-8.61002658866246	0.602989316008525
urim1252	-7.01919409253185	3.8821260045028	-15.3938894338704	-0.276596552415619
urip1239	-3.79967865752975	2.36399588961269	-8.72297193152217	0.516495893147208
utes1238	3.09508315073232	2.94504750704235	-2.44866240284108	9.17939700278485
vano1237	-3.54908642274871	2.36587094951996	-8.48936606676186	0.859740129845647
vera1241	-3.93667475012786	2.35974576114712	-8.7256709100969	0.453920322375857
viet1252	-1.92637519036898	2.34264243016562	-6.77656472295189	2.44370455772753
vinm1237	-3.8227582766421	2.35074016254163	-8.67570397330893	0.559618259445956
voti1245	1.38391650322238	2.51187318341254	-3.59270605880076	6.27749707523979
vure1239	-3.88271703818516	2.34565210369094	-8.63727821232237	0.473377014933644
waig1244	-3.38187295910628	2.39551283642209	-8.39522756767475	1.06766594242875
waim1251	-3.07860659601098	2.2003736176988	-7.65407086632223	1.04639006589073
waiw1244	-1.52181025077663	2.55637779721258	-6.47686171284464	3.52259135398647
waja1259	-3.37750533578399	2.33772496146863	-8.08361446258128	1.06550759228952
wala1266	-4.01782612891394	2.33749968935887	-8.91749127771918	0.354529852412504
wall1257	-2.6673259022879	2.17238205620542	-7.10750134512132	1.3051077233452
wamb1257	-3.82656632070639	2.32577979343329	-8.59569416860094	0.60200282890919
wand1267	-3.60170922921913	2.37018139534374	-8.68967734530887	0.782385932415805
wand1278	-2.46553429023823	2.38261063285163	-7.39072691501361	1.95785381154419
wara1294	-3.24675998674958	2.83183529923603	-9.01885516616451	2.14712142157777
wara1300	-0.928774197767693	2.18675747967599	-5.37700326121995	3.34142690880741
wara1303	-0.167397371158822	3.03197223886033	-5.95175995821242	5.98641723833423
ward1246	-8.36114214708583	4.63369060515171	-18.4141236313984	-0.432102971185367
ware1253	-3.46673353552378	2.40400077713237	-8.49563261874059	0.966613548784464
wari1268	-0.276180293510154	2.95466596986093	-6.06883069740456	5.68465451401954
warj1242	-1.35283645861942	2.23935529205451	-5.9111235157061	3.03024375347288
waro1242	-3.51154403325333	2.38508670632003	-8.45704697185347	1.01957481732734
wash1253	-2.82185254124335	2.85803709796964	-8.73556352993187	2.62302668487387
wawa1246	-1.88972571918727	2.42829996129434	-6.80736211683485	2.72524511970652
waya1269	-1.68481993672643	2.52970926869829	-6.70444974280458	3.23725059037683
wayu1241	-3.81602826147735	2.33977505065697	-8.64440681640609	0.570639412868558
wels1247	2.18768575104638	2.63331487542947	-3.04055092831741	7.40034774373603
weri1253	-8.39198522833551	4.57087413483808	-18.575050928882	-0.635689265631558
west2354	2.51324009637536	2.57936936841072	-2.50023155988122	7.69100057076501
west2369	0.699436388901973	2.56254414090483	-4.27599472811174	5.62302054249642
west2396	-1.62202689444258	2.21865907300436	-6.180031746319	2.59753225718105
west2415	-4.31077707762366	2.3700119860727	-9.30359894921898	-0.00304647716321822
west2418	-2.69830752760867	2.28544102564625	-7.33174295118332	1.53152069984921
west2430	0.113466339738716	2.60512131290901	-5.03654937892871	5.39317419547144
west2441	-4.17867933505333	2.61867929961686	-9.491928155693	0.771506832585541
west2466	-4.7919020104213	2.54019954401748	-10.2325782701234	-0.113644209994963
west2516	-2.53048248251156	2.18838307931249	-7.10563089681618	1.61066485436618
west2519	-2.24849483730704	2.21880730233353	-6.83226252915792	1.92808680972677
west2548	-2.1670296467788	2.3263530018329	-6.83511912691307	2.28126952860889
west2555	-1.91334520908679	2.21558806012839	-6.39063835344645	2.23232183944037
west2557	-1.15472762724853	2.28055460748825	-5.79021661055535	3.13733883897583
west2560	-0.81304619422708	2.28214928238176	-5.41678491610769	3.63159795478844
west2564	-0.756522772033529	2.30024043039352	-5.45828315666571	3.7053354792125
west2594	-4.32349356367513	2.72853757998956	-9.86332610734243	0.852271377203327
west2615	2.63742981475129	2.99558448328419	-2.88188312872563	9.06408704164722
west2618	2.21265869473881	3.00563100298542	-3.33457073856007	8.59440762604479
west2632	1.1181494956267	3.17360339456351	-5.16376722179347	7.57124808384923
west2635	1.55292956127889	2.67767633341736	-3.79610896053017	7.03259485931291
west2644	-2.79375838376908	2.55767928872109	-8.08599407078085	2.06388663278796
west2650	-0.728364096113576	2.23532684144691	-5.36045071104439	3.55005484329225
whit1269	-3.88586009255657	2.33493615927906	-8.70298786006996	0.490903707179625
wikm1247	-5.09435735410993	2.69999132099635	-10.7948174719776	-0.0313332229724324
wiru1244	-7.3057488991994	4.06308887669332	-16.1499915329598	-0.184820267917179
woii1237	-3.61695455366986	2.35240236134342	-8.62334176047129	0.806381612064323
wola1242	6.78693866487602	5.29032655098688	-1.49413890113117	18.9206497824023
wola1253	0.882580388948417	2.66732090585182	-4.41855324984823	6.23292343813658
wole1240	-3.00428253493467	2.16005800824745	-7.47989319353177	1.0180898727617
woli1241	-0.695996362259876	2.31246304254197	-5.28718391900728	3.86048277968894
wotu1240	-0.681909159291998	2.28803834773794	-5.3093954241247	3.74066061897355
wuch1236	-0.746277525219044	2.33964434688741	-5.50864044887311	3.76582899390021
wudi1238	-0.589463305980639	2.23726535025369	-5.13640672799912	3.68563294166657
wusa1235	-0.604172405685725	2.23850967936897	-5.12521018207765	3.73761119766915
wutu1241	-1.348008278058	2.33906330554869	-6.11629815318915	3.09734648762934
xamt1239	0.66711445767773	2.49837803326164	-4.36743633180348	5.63270180588933
xara1244	-3.43508218069289	2.30016061892604	-8.19726516975662	0.871019408432959
xava1240	-1.5318791660445	2.53860134448028	-6.66614202905348	3.32042396109496
xhos1239	2.09417632814793	2.41949103786689	-2.70445561941444	6.95489167630708
yaey1239	3.56334401288883	3.78820438723331	-2.87635209820439	11.9636346063665
yagu1244	-3.47030506254903	2.95568219287372	-9.64283409643541	2.04990591960432
yaka1277	-1.5802402774655	2.30403321028869	-6.27856512544295	2.76187073789571
yaki1237	1.45520838420502	3.21318812186389	-4.41350900890646	8.32334362607276
yakk1236	-2.81688998676525	2.30823119039817	-7.42938637041248	1.53487721846245
yako1252	-4.06711192484124	2.33611287674252	-8.99096395200198	0.259140788889835
yaku1245	0.937389344246481	2.62219532433304	-4.24993582626342	6.06630563650419
yale1246	-7.5789496582066	4.13983682450701	-16.4172376563071	-0.258137193331714
yama1264	0.062320165328793	3.01315499843648	-5.74157607661283	6.19184574988843
yami1254	-2.22500748191685	2.22602137058535	-6.93638917329709	1.98815671397689
yami1256	-2.98123102756847	2.32900744788584	-7.70520054797128	1.37262068184862
yano1261	0.708219236580398	2.97079742155749	-5.09043894689541	6.71251253289046
yaoo1241	1.95435950515154	2.3893037533128	-2.59025889463196	6.82346595637596
yape1248	-3.59404811196353	2.35952783402958	-8.47654716942569	0.816062182051872
yaqu1251	3.00679044883896	2.90956941144456	-2.6029624787181	9.1205680554222
yaul1241	-0.901781441738053	3.24347927340817	-7.11223006973727	5.80109093349787
yaum1237	-6.92612471667336	3.10153330836253	-13.3719913615637	-1.30191219739499
yawu1244	-6.47929619910672	3.91400580290735	-15.0516036335761	0.324271635947083
yecu1235	-2.26705322983166	2.66672238465754	-7.74090915965588	2.81285531478641
yele1255	-8.38993211344597	4.69239132981566	-18.8580676754876	-0.48685300728008
yidi1250	-4.17811021618578	2.62589994438261	-9.57646108992697	0.783942589270106
yind1247	-1.74138203960599	2.45788729007578	-6.72336346074552	2.99539162243716
yoga1237	-2.05636488158553	2.20936635494125	-6.63193369027325	2.1428810985786
yona1241	3.55965844367277	3.78918048280919	-3.0872402745134	11.8746003826778
yong1270	-2.20258257893079	2.25072234290666	-6.83626067754379	1.92529600204485
yong1280	-7.09561027520402	2.95998277436053	-13.2280174978028	-1.73365541931956
youl1235	-1.65452322863234	2.22925788307799	-6.18593264866582	2.57342351937926
youn1235	0.929741379322017	2.65179524357277	-4.23999873215739	6.28383425059064
yuca1254	1.4504626464281	2.66815489989005	-3.79853825425312	6.77682463186256
yuec1235	-0.75025694146805	2.37844878558104	-5.58331101497246	3.81082419505642
yura1255	-3.54868085837893	2.91350738972786	-9.72325933825126	1.77311475192134
zaba1237	-3.64500419936661	2.27409219089882	-8.43524237920345	0.604643811203221
zagh1240	-2.27691115166616	2.76161288637569	-7.93072360963902	3.03043888869027
zani1235	-1.54512171856797	2.46040271056669	-6.54686437690997	3.24311058829081
zarm1239	-0.783907561512146	2.50797631097293	-5.7638810039548	4.13386804019162
zaye1235	-2.91545603165319	2.33862608396971	-7.73944940931152	1.48560017252278
zays1235	6.77042994809706	5.29210933629866	-1.59307454197074	18.9966957473866
zhab1238	-2.56074647195242	2.31411744123536	-7.2186565587054	1.88011673088632
zoog1238	-2.84798160920022	2.49763908177358	-7.97094813163976	1.98797030583028
zuni1245	1.097416938978	3.14851079349867	-4.90307138006755	7.68863863695068
