Estimate	Est.Error	Q2.5	Q97.5
abar1238	-1.52340968769552	1.2727811117895	-4.31065736221151	0.487619591281511
abkh1244	0.464441110746802	1.38733732712427	-2.09619222193575	3.47744577048053
abun1252	-0.514454796260834	1.36439243874434	-3.48836888791781	2.12234756131369
acha1249	0.666824129999713	1.25572093773112	-1.57149217272736	3.51773003181687
achi1256	-0.755579408035034	1.35964508812453	-3.81820638428872	1.71692586058872
achi1257	0.0625978402519965	1.19896197527637	-2.33143577724295	2.54348810485967
achu1248	-0.37246278212013	1.31654900812455	-3.23487625736051	2.09906583882155
acol1236	-0.75048421957921	1.26336794985614	-3.43957771636234	1.48121824727
adan1251	-0.422627559669651	1.26858922255666	-3.1916490896018	1.93423708605176
adze1240	-0.873378932709377	1.28962155588467	-3.81428744746117	1.32811887030953
afar1241	0.177839096714317	1.31437603978858	-2.44495708569334	2.99833841675997
agob1244	0.616643938967126	1.32500768516928	-1.86257297131015	3.54685229056072
agus1235	0.229155456404066	1.18969323650711	-2.04727938745072	2.75178042340402
agut1237	-0.127882013711178	1.13386676414265	-2.45942626373568	2.14746929982671
aheu1239	0.663065028047327	1.3271632572204	-1.67888269109777	3.57704332325635
aime1238	-0.294691983577775	1.35555656504821	-3.18192692510518	2.3018491875635
ainu1240	0.18799037075886	1.4095787594328	-2.64334722024711	3.21874650216235
akei1237	-1.30538638794957	1.28914581526586	-4.23368735330235	0.78033401743106
akoo1248	-1.25678356388977	1.28054438751437	-4.08431380911606	0.914007479390366
akun1241	-0.480376635586491	1.26727999037858	-3.24435420693338	1.868406478232
alab1254	0.480199486263524	1.34421703868676	-1.99969493806461	3.51872624587935
aleu1260	0.121042080885378	1.38047939014679	-2.54002173425032	3.02430027935393
alor1247	-0.485581674141081	1.27276164035395	-3.24274591377434	1.85996946814099
aluk1238	-0.773379728223709	1.18618134137571	-3.4092581826505	1.35258709482798
amap1240	-0.708262269677549	1.35571103443253	-3.75369017526927	1.72927484124914
amdo1237	-0.826340735903552	1.37381707179979	-3.8860086646475	1.6244269547706
amis1246	-0.0222266231420053	1.12142114955177	-2.32670395689073	2.24607268776871
amri1238	0.00707643168752338	1.06842738115606	-2.25155315349589	2.12889904844464
anei1239	-1.07933071481032	1.33555965936671	-4.08020096863619	1.14492919959005
anga1288	0.0941902816950562	1.12790059120216	-2.1182589317064	2.44195209240071
ango1257	0.385967984127035	1.29937747983767	-2.02617407820073	3.20236893210161
anuf1239	-0.655084110454388	1.33929594664108	-3.58294746870911	1.81259231340946
anut1237	-0.349855059045673	1.21753371726783	-2.99436977962662	1.8665039163437
aona1235	-0.138150263428471	1.08737505118417	-2.37208567941361	2.00462170033204
aoua1234	0.267582449977498	1.34719440023644	-2.39909145151647	3.16735057892278
apat1240	0.349538714567122	1.16881398472227	-1.87823763685136	2.80821156998157
apin1244	-0.673612423191376	1.32565020817436	-3.5831440124204	1.75633563138431
apma1240	-0.286276886896636	1.05757316692421	-2.43125533082991	1.85673782578196
apur1254	0.144412133584481	1.25343393890612	-2.28605978050607	2.72306834595612
arak1252	-1.33183563069967	1.27594236741568	-4.22286698778634	0.733357815691481
arao1248	0.271420017070937	1.21170237784462	-2.12316761531204	2.78435801699466
arap1274	0.11413810548856	1.35546217275631	-2.6654999301645	2.89303980974451
araw1273	-0.300025866358383	1.31769421071856	-3.19575233809403	2.1766964428898
araw1276	0.360213752116811	1.28570718602214	-2.10432505579682	3.06452100042796
arbo1245	0.539095383400727	1.34105656130385	-1.8511895192929	3.45649451840095
arch1244	-0.394537231667987	1.36214184082327	-3.34295534229803	2.22055552439077
area1240	-0.742952924056388	1.25166313746033	-3.53147809499181	1.45715944958555
aree1239	-0.790975572834652	1.22051583845526	-3.47418679954225	1.34147108384995
arhu1242	0.530975008159373	1.26092963725094	-1.76638236176595	3.33241557938477
arop1242	-0.758321827626574	1.27598858646815	-3.67870623747809	1.43671486367542
ashe1272	-0.904906445807248	1.29595323721644	-3.7182684519115	1.367284411563
assi1247	0.172208218672592	1.34342225467516	-2.46427908196664	3.07431157706164
atam1240	-0.475853593205189	1.10443050909922	-2.87548048690811	1.58755169337271
atay1247	0.59738165773451	1.24654124643881	-1.66218213508125	3.36864852408629
athp1241	-0.622846086679682	1.17675171515019	-3.25994713364175	1.50428050474593
aton1241	0.0101480244144873	1.10847047928524	-2.2556640136047	2.30523745643456
aulu1238	-0.950495248217074	1.09933123500421	-3.30666870502978	0.986616294547923
auuu1241	-0.802739850759035	1.31557757980401	-3.76454726867956	1.47904334053239
auye1238	-0.167945069942009	1.33741654851583	-3.00571506247966	2.47557748416952
avac1239	-0.282593230132098	1.30607921149535	-3.00117148762963	2.174655194102
awad1243	0.179103470633823	1.27616827738465	-2.29419345916259	2.8153815939787
awet1244	-0.931960606824653	1.29286617992791	-3.86751628238122	1.2863060634505
awji1241	0.310246636132246	1.32994257690132	-2.25321819383894	3.16515850165069
axam1237	-0.979799983079406	1.1203189503618	-3.38871631789537	0.965129889175713
axiy1235	0.702286246731501	1.2495366369156	-1.54045909671014	3.4103087661007
ayiw1239	-0.966174955231398	1.25897202910447	-3.7981972599261	1.20030511590656
azha1235	0.970366649418917	1.35111928445455	-1.34564009445296	4.03663586691105
bafi1243	-0.847293398086311	1.22966421039379	-3.57793780014236	1.30579955700564
bafu1246	-1.64269067752016	1.35764840946172	-4.73964872787881	0.495153209193008
baga1272	-0.489735708467843	1.32018296273566	-3.44509938669546	1.89677865865133
baga1273	-0.535677332542161	1.33203353258651	-3.48158422432915	1.85555872868387
bagi1246	-1.48041182688927	1.42177775265008	-4.84195710563114	0.769032595180002
bagv1239	-0.379840839047757	1.34543707599338	-3.31580387699479	2.1927365078353
baha1259	0.178176520733844	1.32091245379058	-2.37447271927245	2.98392404030312
baim1244	-0.626282945382821	1.29501962011417	-3.55488819332832	1.74228959630981
baki1244	-0.804759267115215	1.12078173669368	-3.34408858076603	1.22549188909148
bala1316	-0.942188923208363	1.33664776684979	-3.95253317303647	1.3565754598266
bali1278	0.5659538268938	1.30953720312788	-1.76601201301222	3.51788093544633
balu1257	-0.792082634480433	1.30067532064197	-3.6299424312741	1.45381708288274
bamb1270	0.716938688726055	1.3087426048524	-1.57319641596224	3.68122044810938
bamu1253	-1.32394211623255	1.31833720978247	-4.32986887387963	0.827251539117887
band1344	-0.189171926727089	1.2650477002123	-2.86706713814273	2.28708321101971
bang1354	0.402235185636632	1.3420260300685	-2.15340351955159	3.36642365949293
bant1281	-0.997617061840026	1.23319887834627	-3.74866583694286	1.08507995419201
bant1288	-0.294549912632505	1.19371820491502	-2.86774056006778	2.0278214414558
bara1369	0.3622271173147	1.31148641514454	-2.10317998175404	3.18026824544254
barg1252	-0.877612823004189	1.28169754497353	-3.79659028131272	1.24321007434553
baro1253	0.0810012970017799	1.02451102498813	-1.90635406396101	2.14923317057158
basq1248	-0.361050478700944	1.38763441332627	-3.33674374895123	2.36312259432152
bata1289	0.545222227299824	1.31198300854621	-1.87711919384467	3.44055962717431
baur1253	0.410718376086203	1.30950274884816	-2.08031733502358	3.29737270582038
bebe1248	0.101551641734335	1.31617815266364	-2.54437389640721	2.87014057516323
beka1241	-0.331803813773096	1.23574003150467	-3.01220070363084	2.05034106644218
bela1254	0.0782968666534233	1.3845556676952	-2.68547579536266	2.97603941133494
bell1243	0.104012580972262	1.35250095674035	-2.58672356109025	2.9688457163241
bemb1257	0.165400923248924	1.31623271887612	-2.35703736638362	3.03385057902661
bent1238	0.121896734694933	1.33239977873479	-2.59120183592473	2.88405395025822
bert1248	0.16147383659158	1.38980137035605	-2.59646228956498	3.10242241578117
bezh1248	-0.328674249727134	1.32804958380236	-3.1579136072407	2.19501091989383
bhoj1244	-0.395331575813054	1.31081016199647	-3.17313408702878	2.22007241073798
biao1253	0.526454918016408	1.31191200879312	-1.97492163369419	3.31153408439738
biao1254	0.382295930149604	1.33904961907249	-2.18112136373891	3.29004062032212
biao1256	0.452874039212428	1.34175913614123	-2.1749525586031	3.42522422112887
bier1244	-0.785374586798044	1.10681044201758	-3.23888493762902	1.23674106386178
bila1255	-0.673883687414465	1.27157401018578	-3.44356131702844	1.5779279414663
bimi1240	-0.479836194528199	1.32430341933067	-3.3155360319516	1.95860738881897
binu1244	-0.0305766635186871	1.1123638036344	-2.31865441159061	2.25242662853854
birr1240	0.871487081736554	1.31476386584771	-1.45892604053897	3.7916283484071
bitt1240	0.753135197152952	1.14449584551049	-1.23300134897386	3.27853957057797
biwa1243	0.219466173431553	1.25308071077838	-2.1449705215516	2.93952019485043
blab1237	-0.667688012753074	1.18631184938404	-3.37859601709904	1.39633352256704
bodo1267	-0.188352649215427	1.14714600773592	-2.63354734164873	2.0569069172739
boka1249	0.202474407874773	1.23917651067398	-2.15483026543483	2.81953923832989
bola1250	0.377083900409406	1.11290232318671	-1.70800508601829	2.72139947971998
bolo1262	0.417379098616426	1.28440680843861	-1.98663655730252	3.16065277246317
boly1239	0.846484986300129	1.33041643168922	-1.46236406276876	3.85358210268389
bomk1234	-0.487485194917932	1.32665072693904	-3.40538857713018	1.95893326399612
bona1250	-1.70114173019316	1.42753065203383	-4.92234742246432	0.475023154826384
bond1245	0.165126077331664	1.0582236083275	-1.90823610692071	2.36085301916157
bong1284	0.420524032669762	1.30167056368655	-2.08969690402535	3.22912063903821
bong1285	0.860912793932441	1.32866509534351	-1.44889818291151	3.8776051479601
bord1248	0.484855450564738	1.2362866240597	-1.80664563019683	3.22903206954199
boto1242	0.470129417599752	1.16518650192747	-1.7405603575655	2.96320070294604
boun1243	-0.420281543800605	1.26925153726388	-3.22003072312834	1.92727691355062
boun1245	-0.401889241067413	1.28304344985488	-3.17185954453974	2.08786562041588
bret1244	0.0860976520053181	1.35907665792221	-2.66191109833306	2.9333730082868
brib1243	-0.253955535411455	1.17116252064109	-2.76895647231135	2.06598525941346
budu1248	-0.27042211695284	1.34852936646695	-3.07282903948019	2.30440317065406
buga1247	0.979190660179811	1.34668634536387	-1.31472089520102	4.03641743354761
buga1250	-0.83278068184405	1.26337594106945	-3.73423657421431	1.36267801901604
bugi1244	0.874371483327571	1.34224715372022	-1.45756916258926	3.89133158254894
bugl1243	0.231187580226906	1.28371975119179	-2.296855515149	2.92398077955243
bugu1246	0.357628323295651	1.17497576447303	-1.8861076878404	2.85758098005004
bujh1238	-0.777902017124197	1.16232887346244	-3.35439168026866	1.32375606916375
bulu1251	0.0814128314145424	1.31125801921193	-2.51140288386368	2.79929151757904
bumt1240	-0.511258797548343	1.22984155785399	-3.2839877909951	1.74264422005995
bund1253	0.129703610854921	1.36228706082563	-2.52262488020271	2.97886476429494
bura1292	0.255601747127737	1.15004243719222	-2.06931894827727	2.6778497411294
burj1242	0.313151978177843	1.35318569382084	-2.26708972407454	3.27018087157494
buru1320	-0.726380196016963	1.29148803765469	-3.62759057145908	1.63891049506886
busa1253	-1.06770942447255	1.43408105691699	-4.30376501673954	1.33977691383465
bush1247	0.196624578049005	1.36178856955509	-2.52606733422244	3.10784382150055
buwa1243	-1.01367379417524	1.20058845969813	-3.68173767745204	0.98656800403081
bwai1242	-0.900893120011092	1.24455407240029	-3.70097110085923	1.25800708417625
bwat1240	-0.736819371246959	1.21810076007591	-3.48651036454009	1.36568550515135
cabe1245	-0.106991871505322	1.22018613104231	-2.59706718456112	2.38869385471918
caml1239	-1.25426449930863	1.29502308203317	-4.18473197941527	0.919813360917588
camp1261	0.0810936647150008	1.29241679757378	-2.55714035061584	2.74530830289936
cane1242	-0.708586366528704	1.36210085278761	-3.75172192681023	1.66829472257353
caom1238	0.15402831231942	1.34075795891879	-2.52475034594516	2.98081022396547
capa1241	-0.372666947846517	1.25391512412645	-3.06680940436718	2.0806676110274
carn1240	0.467720679721792	1.32569245360721	-1.97248125710337	3.45885687966726
caro1242	-0.285991161069172	1.25954260875886	-2.98284268086266	2.07276145917363
cash1251	-0.560466126699072	1.25069446084633	-3.31433383724175	1.74539737927607
cavi1250	0.753441369216348	1.31127535187162	-1.59222476784504	3.69767814313871
cemu1238	-0.949024585847445	1.28869800870775	-3.88475722988303	1.17583325608149
cent1989	0.476086551456698	1.29292124904311	-1.93622324069869	3.29376145594015
cent1990	0.44108170706673	1.30075790403814	-1.89853253946419	3.24097734041567
cent1992	-0.939011707377734	1.29449936665618	-3.80687504477572	1.34449260323598
cent2084	-0.253981514679457	1.09701315189649	-2.57824571462962	1.87604027086888
cent2087	0.513853665730084	1.25550429221244	-1.78810716806344	3.25617551959683
cent2126	0.0940959364150568	1.35212818213184	-2.67003463065435	3.0593816837224
cent2127	0.140897921630799	1.34695063685492	-2.45675995608566	2.95408817197245
cent2140	0.0332875070283384	1.28999225985492	-2.57174038271225	2.73782568243371
cent2142	-0.480249066980446	1.37281771718074	-3.47836776904327	2.11079048128412
cent2292	1.33664614122093	1.23987309000503	-0.694711825497636	4.12407444122255
cent2314	0.0499753415169952	1.14463514461604	-2.24985103023049	2.44249751340493
cent2322	0.0847160696569218	1.37105146503691	-2.68337841009184	2.87893155032532
chac1251	1.00608116605875	1.30898411333441	-1.28011763331097	3.96956511930109
chad1249	-1.42178520006046	1.46578995770766	-4.72728935981701	0.92535456058953
chak1271	-0.652718061499446	1.33646926449544	-3.61109048636272	1.78099438256126
cham1309	-0.382161889872552	1.34113010039324	-3.23501447636989	2.21958431630423
cham1312	0.433211639541905	1.30198016157165	-1.92861407780347	3.35792728881299
char1269	0.477769037832763	1.38954813150732	-2.14216504511818	3.49008847661683
chas1234	0.924521230540552	1.30420607745736	-1.34685319306815	3.84031633778113
chec1245	-0.39548852487157	1.37175987783368	-3.31698283140289	2.20326326428062
chen1255	-0.57023205295723	1.31194251464775	-3.47621313495252	1.87801130222759
chey1247	0.143990683848365	1.38004718480372	-2.64451705639278	3.09460028777698
chil1280	0.167548814386886	1.39701903621286	-2.58524451685417	3.13247116939671
chim1312	0.0806073765527005	1.37123237392765	-2.65942175458844	2.92178871860888
chip1241	0.0889378323347389	1.32817231568894	-2.57473749129711	2.84241452407124
chip1261	0.0963071059860152	1.38764100894988	-2.66817724491289	2.98964176740437
choc1275	-0.414113593311925	1.17915658519933	-3.06272537150738	1.73232589013469
choc1276	-0.463215867659569	1.27782700613166	-3.3130998313865	1.92592376099596
chon1284	-0.0509173590058995	1.15000676122952	-2.42973291598201	2.28135123110244
chug1252	0.219788375009015	1.13927387110164	-2.01387022618153	2.67709886004698
chuj1250	0.373620803553314	1.3005606404648	-2.07066601698352	3.14949687841555
chuk1273	-0.504839088323857	1.38876767773574	-3.49704487603697	2.10821212058154
chuu1238	-0.449119660725666	1.31998518951277	-3.42836323843782	2.02921317384058
chuv1255	-1.2369681799432	1.42154977037703	-4.44693893070892	1.1291990631568
chuw1238	0.0977349838254318	1.33740417357622	-2.58243933908049	2.90496934700495
coat1243	-0.768030991516757	1.2799524725636	-3.59025306644458	1.53081979594495
coca1259	-0.134721665667582	1.24514676118491	-2.76772036370203	2.27073369535622
colu1241	0.176886533423975	1.35112059975716	-2.46067656389033	3.09085105058882
coma1245	-0.0866977924941864	1.35680155968119	-2.9094565818317	2.61439366769861
como1259	0.250659828749487	1.3846559177911	-2.46775181431031	3.19661847976054
cong1236	0.126875940357314	1.38791709095823	-2.5933895347493	3.00718193579533
copa1237	0.154104997436803	1.24187059638524	-2.28224366522301	2.72596194047355
cors1241	0.12449633780291	1.35781260253656	-2.56409167818353	2.86134301800979
cosa1234	0.454238609129222	1.11141960852832	-1.65447666462405	2.77970347308344
cree1270	0.411635737114643	1.25372301834849	-1.9826823591835	3.1672541863834
crim1257	0.189757190715883	1.37917560886598	-2.48730605951633	3.17352299505048
cube1242	0.599505985887062	1.33944155742794	-1.83003590032154	3.58922748176706
culi1244	-0.597955859618164	1.351138868349	-3.55394460918191	1.9169137638294
czec1258	0.0897907420388625	1.35057807463981	-2.62486463990712	2.87405206058381
daai1236	-0.164259296135194	1.1038556118671	-2.43896043849827	1.9857455830874
dagb1246	-0.703489693892113	1.35319521384256	-3.69722798666916	1.74452149602787
dagi1241	0.371963692287279	1.40485049381086	-2.35247087270314	3.38295925030323
daka1243	-0.581951696081513	1.0025859648441	-2.70050957625939	1.28451304114479
damp1237	-0.929145712187057	1.31095099187566	-3.92315028882356	1.36409054035046
dana1252	-1.104516938889	1.28730239368356	-4.00615536872912	1.07807826757817
dani1285	0.0861678075294366	1.34600654571193	-2.50132819519608	2.88441252696635
dara1250	-0.449291717788578	1.1777628196842	-2.98395731950174	1.80431074781625
darg1241	-0.38090382428607	1.36113205897838	-3.40046095492344	2.20716342769472
daur1238	0.302916875694298	1.31277435422289	-2.23947429260206	3.11088791766354
dawr1236	0.480648164279011	1.36913826386821	-2.12490185540592	3.48994833774604
daza1242	-0.666646103154855	1.40926852413345	-3.73498708470942	1.80887322997002
dege1246	-0.736468996574596	1.31036512003612	-3.65265411986721	1.61415623893079
dehu1237	-0.993694924691295	1.34290313105844	-4.04831581498034	1.29833156557341
desa1247	0.677068620212134	1.33556601333442	-1.71307722043634	3.70941709526448
dhao1237	0.11357580237692	1.12643543629587	-2.12407244343038	2.46258104464885
dhim1246	0.211460672041321	1.17167974124476	-2.10011980213049	2.67732079607622
dibo1245	0.434564066239982	1.31385950532357	-1.9741977759533	3.24879839740682
dido1241	-0.330317334176137	1.33873412162611	-3.25187072529335	2.27615391001407
digo1243	0.15931006638082	1.32320515038555	-2.43273897718046	2.92552073781338
djam1255	-0.488294007729063	1.31727450228358	-3.37257742569771	1.99047511378461
djee1236	0.33958595018927	1.32485737988337	-2.25540807033205	3.17757952801804
djin1251	-0.223793180182321	1.37574369555906	-3.06152869236451	2.47488655498716
domm1246	-0.542061781328491	1.3194623518936	-3.45350614553035	1.90614459764326
drun1238	0.775763745516507	1.32410884621442	-1.5670461197175	3.74975596919622
dupa1235	-0.300269599241251	1.12865938489939	-2.74560391218434	1.83290387119091
dusn1237	-0.764934718041007	1.32379097186032	-3.73685427077399	1.59664205352312
dutc1256	0.0980838428536918	1.36028465848369	-2.56594921544955	2.96383885619272
dyul1238	-0.226678592578062	1.19633340334282	-2.80728171918434	2.05581741110958
dzao1238	0.448792667411903	1.32531597807319	-2.05216593216388	3.28364740343043
east2342	-1.26017979875079	1.34137350820099	-4.26995489412894	0.990949990292289
east2443	-0.687819338880689	1.19378616346564	-3.20341774406323	1.52160525528306
east2447	-0.652506689392469	1.29966815413395	-3.59043191400573	1.62047294339679
east2555	-0.293422944892905	1.32860225256881	-3.17735116854013	2.23596363740113
east2556	0.555361013994145	1.28636484677186	-1.83221642314848	3.34313977465231
east2773	-1.41396902289359	1.3082335732464	-4.33234486234738	0.700733232339071
egyp1253	0.199886977385455	1.31300169479571	-2.35075215149675	2.92770478563456
eipo1242	-0.202902442515216	1.31985736727444	-3.03922821064254	2.35150703257977
elem1253	-0.863891144243146	1.29669716054146	-3.85850914769364	1.37337282622925
emai1241	-0.54140435633941	1.35567339415935	-3.47894376743331	1.94957431474008
embe1260	0.570316835754369	1.26726733747726	-1.71579110483401	3.32589326244847
embe1262	-0.516476261963011	1.30695995087451	-3.35987976034303	1.91327056486135
enuu1235	0.562064788287202	1.24445181689739	-1.72688166346857	3.27195652465709
ersu1241	-0.471368493104446	1.22041112838763	-3.10980082347265	1.79620372165156
erzy1239	-0.0251641981374682	1.3156480956569	-2.59612385539258	2.7223904218006
esee1248	0.750982195534975	1.2505709487408	-1.50602654526108	3.54799717343402
esim1238	-1.52404059207305	1.35359741840246	-4.64479210452348	0.626831204134084
esto1258	-0.237340498607156	1.37950130006315	-3.14331852911128	2.63217394492874
even1259	0.192129229646272	1.31270814535739	-2.38456288309847	2.94292093438712
even1260	0.198626318985557	1.29082078067589	-2.31619815483747	2.87873122406695
ewee1241	-0.252158773385808	1.29264155733903	-2.98955507636019	2.27125889430302
fare1241	-0.602837309443044	1.34436239090545	-3.55716416496893	1.87668453631305
faro1244	0.0617426890303101	1.33137565897271	-2.62413635199883	2.86124588322107
fiji1243	1.02810165127604	1.26707230628699	-1.12068572589906	3.82397834996353
fili1244	0.629729292004577	1.28348867594602	-1.70317896209794	3.42230157506215
filo1235	0.323031848979286	1.26582687586715	-2.09876781513654	2.9559422693997
finn1318	0.130089764952234	1.35572107745045	-2.59341491997965	3.02329031690899
fonn1241	-0.494174327364426	1.31582174365956	-3.361852404817	1.98474697140754
fore1265	0.0709615740667997	1.36019532457793	-2.69454181138021	2.98618617459339
fuln1247	0.384934920750783	1.35935850601378	-2.18278623150931	3.35697462147619
furr1244	-0.0647231981406123	1.4093166764121	-2.95997333277796	2.72063093251943
futu1245	-1.14831441425004	1.30598134666714	-4.17574641707466	1.00840581982279
gaaa1244	0.699816044969685	1.2902209432842	-1.60560015158137	3.61224884866834
gaan1243	0.080951422908011	1.11785307428992	-2.16207800971073	2.35220855879698
gade1242	-0.737607324630756	1.37213313335172	-3.80955132992236	1.74806368903907
gahr1239	0.99038197012721	1.34160291419621	-1.3607640378706	3.95401282695202
gali1258	0.111568987681413	1.34375627299637	-2.64976205922141	2.9577069891325
galo1242	-0.571391195256296	1.22225339257759	-3.25044389477059	1.63897301209622
gami1243	-0.294255518519814	1.30965359921178	-3.11314198182376	2.28958437187018
gamo1243	0.529832016393024	1.38298306519903	-2.04187709786841	3.51458619180261
gand1255	0.106601678785755	1.31324600570308	-2.43797723922751	2.88826482209555
gang1266	-1.14205049890791	1.26777836413076	-3.89731358272783	0.973030879837637
gant1244	-0.562805741516688	1.28701267195078	-3.32386921798585	1.81234367455294
garo1247	0.0597475394914532	1.13014126161561	-2.1848077649304	2.39156042244416
gata1239	-0.0377439717352175	1.11910279218882	-2.34204499735812	2.21244971155164
gayo1244	-0.482053732299377	1.23118033728212	-3.2073019120208	1.8016690475509
geba1237	-0.420050152824015	1.18234744195167	-3.02799084489271	1.85585864064732
geda1237	-0.927167917569651	1.29418130030733	-3.84951732644331	1.24775419605657
gela1263	-0.686051016610014	1.18795155121535	-3.22527199947496	1.48624517823831
gese1240	0.54552772314697	1.26152405072748	-1.77105514205274	3.34003565068379
ghan1242	1.1235609777135	1.28539503555282	-1.07765268235092	3.97378591121098
gheg1238	0.168809573650056	1.33654446973639	-2.45224082023432	2.98589063486561
ghod1238	-0.406184902160392	1.36252124207341	-3.2985367878798	2.1695782564756
ghom1257	-0.761723939121567	1.31452852112638	-3.71742937446744	1.52689739821664
gilb1244	0.850289271826556	1.28673041044051	-1.4245586361212	3.72901179939583
gily1242	-0.14953205823916	1.32280137800146	-2.96636439685703	2.47360247381444
gira1247	-0.838923730185319	1.31967333212304	-3.7535201686604	1.5018071608229
giry1241	0.204139713512274	1.35408929101513	-2.39325761026045	3.13920648638972
glav1244	-1.28483167017278	1.32202634240008	-4.24045935379633	0.880859009333489
gogo1265	0.0907743303379855	1.34613426294763	-2.65536823922118	2.90828679931461
gola1255	-0.38580675532374	1.33732619498199	-3.32321948893246	2.1237288063685
guah1255	0.371496740895204	1.31955648242502	-2.12668590563513	3.20689695593487
guan1266	-0.0481378023775026	1.18033898882622	-2.38758685701385	2.45286929477376
guat1253	-0.547457808772811	1.36339287323585	-3.57136552377135	1.914312520184
gube1234	0.795478946015217	1.31837753721163	-1.53099181239182	3.73947002753338
gude1246	-0.304624331477552	1.11544562463066	-2.70628039378101	1.82392688652771
guer1243	0.27952339341003	1.25041313928116	-2.20953393888293	2.91078366240863
guhu1244	-0.237102937534331	1.19731387363281	-2.81320984451751	2.09109331570495
gumu1244	-0.0997770013651759	1.31892732084159	-2.8495425248098	2.49873902127555
gunw1252	0.0192983318129977	1.34724288976873	-2.78672277162949	2.87396981873388
guny1241	-0.267596865444466	1.34697203237639	-3.15383891280788	2.34272823592371
guru1271	0.185837845966315	1.22437591439727	-2.29351110746881	2.69943325620745
gusi1247	0.0159688916805161	1.31152433507124	-2.63579752783328	2.82307693171752
gwen1239	0.12600648020468	1.35307740752883	-2.50974727083964	3.04753982819638
gyel1242	0.0908845518307807	1.30675733061282	-2.50503708589778	2.76287594397422
haaa1252	0.166066149986923	1.35162183711536	-2.43441225814689	3.05012748116748
hadi1240	0.501035265010851	1.33229847003184	-1.95951157794311	3.48315711976982
hadz1240	0.0525543775704581	1.35116441796861	-2.69452499593482	2.87744410733623
haka1240	-0.599284029347832	1.24100428754703	-3.32863848597503	1.70835761273783
halh1238	0.309406271497164	1.27559668961177	-2.10559584987166	3.12315191316431
hali1244	0.794502990320295	1.18901289674939	-1.33743769884651	3.46821078901169
halk1245	0.25449007374801	1.36069952690133	-2.36617650421343	3.18394071837615
hame1242	0.538748879413662	1.33297271035832	-1.88573263323178	3.54349364567906
hang1263	-0.534419245796922	1.2844430803535	-3.35800273834752	1.88035442965366
hani1248	0.893536227461336	1.31281624623842	-1.43599598236364	3.7754693595837
haru1245	-0.314665351274157	1.26956953826872	-3.00183954751626	2.13001866674373
hawa1245	0.464856800408509	1.30498441744016	-1.95664672182112	3.29327856250391
hebr1245	0.218465375574304	1.31952736047466	-2.32512318618884	3.20765276461523
hela1238	-1.22110277342161	1.28758097411465	-4.05783854205567	0.948394277736638
here1253	0.237754954734497	1.31862044395379	-2.36135032097201	3.07722398993173
hida1246	0.170141756380752	1.37474671495921	-2.54152142542322	3.13244649650035
high1276	0.0192438886138405	1.28033972689412	-2.52552698617176	2.67544670155144
hind1269	0.111146777044428	1.357175245648	-2.58450582240523	2.92692791525722
hoaa1235	0.216609502576874	1.3391477852373	-2.40815213156702	3.0776471896287
hoav1238	1.16578366326915	1.23034297004262	-0.880405972836995	3.79340421745088
holo1240	0.179034351560346	1.33484722083472	-2.36914878018411	2.99673850654649
hone1235	0.166055909593667	1.21959653109864	-2.25057258045502	2.6350723719874
honi1244	0.535269373255344	1.24194026016729	-1.74652963810627	3.25255838547267
hooo1248	-0.546307964147868	1.21867519699575	-3.18086444748704	1.71245580671949
hopi1249	0.240511443215698	1.36829734381454	-2.40836626875613	3.10469222419326
horp1239	-0.536839918675268	1.16685097443221	-3.02149390738206	1.67439339360912
hote1245	-0.715131775202565	1.2053082629416	-3.40326276943396	1.44730586736834
huaa1248	0.182186201869048	1.42073590762463	-2.58792819233024	3.14717744035225
hual1241	-0.203807918048443	1.22301004735283	-2.71803748228736	2.25635147848925
huar1255	0.138316447109176	1.35318546556093	-2.51806921288695	3.0371999639168
huas1242	0.424077519809122	1.3309281430879	-2.15376340706607	3.39734108940222
huba1236	-0.0849006980690854	1.11308523257988	-2.44221242711448	2.0922919147127
huic1243	0.104330647459664	1.377929969812	-2.63484302469421	2.9637839355785
hula1239	-0.828807045859485	1.22526788789381	-3.65677886594913	1.31768145377925
hula1244	0.165550503412834	1.31891591843875	-2.46927180492315	2.9248542587157
humb1243	0.450889923262056	1.31796073978182	-2.03150802010813	3.25010960265641
hung1274	0.114567063679522	1.36409637518608	-2.54783171161324	3.08738211041285
hunz1247	-0.328939098623058	1.32591345730019	-3.21508918588995	2.20844672372034
hupd1244	0.74288977179469	1.32728861298208	-1.69407737388439	3.67809794917321
iaai1238	-1.14868228989508	1.27379461736756	-3.92742365132165	0.966280866508128
iatm1242	-0.143879478998104	1.27811820990511	-2.80347982947361	2.36575535889735
iban1264	0.618110610303279	1.28352656815439	-1.71081160053142	3.54238828719637
iban1267	-0.0871461818831931	1.08917063669232	-2.37784230921966	2.05418324068694
ibat1238	0.112924452995666	1.16437136431409	-2.20774876527202	2.54747261668954
ibib1240	-0.869557948655213	1.3404412561229	-3.90666504840828	1.4728393483321
icel1247	0.0749629047608415	1.39489899608504	-2.70309439300701	2.98078256352625
idii1243	0.451500395181743	1.27213609086477	-2.01607621111506	3.19578813183248
idom1241	-0.774388285781031	1.39379688563221	-3.89677913063197	1.6885084578115
idun1242	-0.933576272778589	1.24901817510922	-3.78143671818768	1.20774977612703
ikkk1242	-0.0400371149423302	1.37342732674496	-2.92012579492496	2.83403733001524
ilaa1246	0.160120350350429	1.36213415169325	-2.51644395505978	3.01436190875199
iliu1237	0.634491776260304	1.24262747255819	-1.69195857948243	3.3459371895352
ilon1239	1.15793165359136	1.25202740641073	-0.942398421500672	3.91929545459403
imba1240	0.429988631177885	1.30409150544068	-2.0075630800071	3.2572258635803
indo1316	0.32589659607605	1.2840911877061	-2.04464935187785	3.11213198351464
ingr1248	-0.911824251246132	1.41753732685165	-4.13690733500334	1.604209830657
ingu1240	-0.400036296694713	1.3659519539767	-3.33782066005677	2.24555671259048
irar1238	-0.724971527671508	1.31405934645901	-3.59931722631948	1.57346813509271
iris1253	0.0769176689311939	1.379864655711	-2.65072510275866	2.94129747752894
irul1243	-0.727646751330194	1.31858195161711	-3.66598915527522	1.60971275954657
isco1239	-0.467340484622248	1.26473011315417	-3.21102244781278	1.87218527762206
isna1241	0.0681192688054681	1.09323870932041	-2.11036241380445	2.26181907550585
ital1282	0.14524044263459	1.32073915400941	-2.47033453516723	2.89366065257998
itza1241	0.055365483820815	1.36393152748097	-2.68174952354122	2.82346116043986
ivat1242	-0.725054814874701	1.26541471715391	-3.5701294727623	1.52363575416476
jahh1242	-0.403573452490796	1.17341892324023	-2.91307463325103	1.74531533286056
jalk1242	-0.140284474706726	1.23028376278327	-2.72355758615132	2.26461074336858
jama1261	-0.122364196674769	1.2590518154865	-2.75169722027967	2.39121882282518
jamb1236	0.411586225018891	1.30893503704102	-1.92697663254831	3.30344786244304
jams1239	0.335951942878894	1.27252358478295	-2.13041965140814	3.0135940382334
japh1234	0.038017250542254	1.15889605869353	-2.25205335021139	2.46644171657881
jara1266	-1.53932950867467	1.40449803792902	-4.73588699209467	0.687577814865272
jeha1242	-0.627408448364902	1.2175942262092	-3.36463030370611	1.59545268457404
jeru1240	-1.37350158263354	1.29729858560696	-4.27295851862884	0.762906791044273
jiba1237	-0.0167808979140463	1.17482065424852	-2.40468559392776	2.35711791357658
jina1244	-1.38840806114015	1.38955383903869	-4.59730656283756	0.866692459101472
jjuu1238	-0.689870597501545	1.35967615127812	-3.72645754592503	1.75765126355653
juan1238	0.644881030382796	1.29652913132063	-1.65435337902614	3.60154046171039
juku1254	-1.06630828218864	1.25340620955066	-3.82763309264393	1.12947498598391
jurm1239	-0.290332388167331	1.31752466189511	-3.22944469763748	2.25030149533579
kaba1278	-0.531101323726945	1.33624690351193	-3.5015646791301	1.97872692429801
kaba1281	-0.654647408027823	1.28854691964846	-3.55937077129773	1.7102135563796
kach1284	0.46918730844253	1.41694725087792	-2.20616522875292	3.58521885623656
kada1242	-0.833429014252188	1.20351040311664	-3.52980596070224	1.27996992581046
kado1242	-0.62065858487985	1.25872058859373	-3.36796090107416	1.69228416412663
kaga1256	-0.0326822141187122	1.13826132601296	-2.30930378903375	2.26811186097943
kagu1239	-0.021551144677336	1.31655832411612	-2.65722954111598	2.73732687871985
kaik1246	-0.245536991548132	1.14321201657659	-2.60549618093501	2.00889047561199
kala1384	0.136642653205348	1.3694824896021	-2.58681294560998	2.95048191342289
kala1388	-0.166055499865805	1.04023674536446	-2.30734614252502	1.9523827375274
kala1399	0.104538301879687	1.36316170503356	-2.56629989759248	2.93643799572898
kali1308	0.107185848106157	1.39179668909311	-2.67253404098196	3.07325113737323
kamb1297	0.173199718744524	1.36053952389717	-2.52634153728159	3.04446534917372
kamb1299	-0.683209733279037	1.29799753714036	-3.54561920328314	1.61225684498449
kamm1249	-0.485022591925393	1.28317958093773	-3.34557340959761	1.96023918697899
kana1286	-0.194398401257469	1.11231684296709	-2.51434511784092	1.99574833328647
kana1291	-0.542548601062088	1.37986581913499	-3.53504715818884	2.04735262204846
kank1243	1.39476870178066	1.26394425701234	-0.726209243619727	4.23465158683075
kaqc1270	-0.027954938032195	1.26572841696789	-2.59502455385117	2.54443976530312
kara1482	0.981828627500559	1.36986844308987	-1.35591304847406	4.12774607746437
kara1486	0.0168951803374993	1.08199320330343	-2.22787895100439	2.19180376812234
kara1487	1.4496014723537	1.26331811156659	-0.593072493425114	4.28582662311274
kara1500	0.355537144189303	1.31045492076489	-2.18466436158768	3.15758863074481
kare1335	0.1100672900086	1.37312297471265	-2.66149567685226	3.00909125655135
kare1338	-0.634633831278811	1.2976113400318	-3.49691645432399	1.73754688798183
kari1311	0.891350317133616	1.34390257933176	-1.38652500616944	3.96046581296559
kash1277	0.195277807068799	1.3101103278334	-2.40578628641896	2.9736221178968
kask1239	0.0681893601730139	1.35048906863401	-2.58612908827218	2.92667506279485
kats1235	-0.194263440597422	1.20967167413365	-2.70847212247661	2.16617883109258
kaya1315	-0.768732956957333	1.23535485157218	-3.44488508517265	1.47199932498385
kele1255	0.175008402197745	1.3121954521635	-2.40318559712353	2.92589457794464
kele1259	1.46046733530523	1.26063809724407	-0.598568966961897	4.30802806576586
kemb1249	0.490351460826531	1.21398964773769	-1.78746641725425	3.12607838485234
keme1240	-1.28273809540098	1.20158924814189	-3.85933563660968	0.723420375784334
kens1248	-0.239688775872195	1.19990375567841	-2.7191319637043	2.10416503123376
kenu1236	0.106336677727538	1.3909663096517	-2.75150349777973	2.91264753418984
kesa1244	-0.818259111890292	1.35946945314098	-3.872752201134	1.58673227119963
kett1243	0.222760851061422	1.36994154537615	-2.45902712370747	3.13292260067658
kgal1244	0.153068333972091	1.34433942307862	-2.47218108208904	3.07806231584965
khak1248	0.214495165363634	1.29513242314371	-2.32656267615515	2.93237493527446
khan1274	1.02663561479707	1.28019185886365	-1.09165964934162	3.86046948096507
khan1278	-0.863380958736558	1.30820525057762	-3.9273606584478	1.41212904129023
khas1269	-0.164443610189324	1.0892399091043	-2.45069841406112	1.93559973926559
khez1235	-0.310106997614394	1.09900343090316	-2.63874667679933	1.85583053987161
khin1240	-0.271920699533594	1.3240176885347	-3.01768023861632	2.33623633263289
khva1239	-0.354411054771027	1.33859495165515	-3.24738004581989	2.21567698541709
kich1262	0.0850880635987225	1.25785590879849	-2.39714645314461	2.63059576238606
kiku1240	-0.00673570260535184	1.40340366141665	-2.88952829883206	2.86471830030009
kile1243	-0.114161932153795	1.31387703746086	-2.82033436686665	2.49228240364352
kili1267	-0.787623592395972	1.26791168754804	-3.60205245853227	1.42096230502453
kimm1245	0.869903482933228	1.31403627483627	-1.41654751797249	3.85365641382877
kina1250	0.478301424837087	1.27033687479628	-1.88377194539474	3.21053132417801
kinn1249	1.13024895530296	1.36308869966038	-1.14718311178863	4.19336183713357
kiow1266	-0.555011883559468	1.33269749770315	-3.50546309203374	1.93314489641272
koho1244	0.102440187988579	1.22681052282321	-2.37436852027806	2.6398089887869
koit1244	-0.318963991254199	1.20881761169468	-2.92389636523491	1.99358380239602
koko1269	-0.585185433943109	1.17369175837718	-3.27409875244376	1.4721886596154
komb1274	-0.183290559200956	1.35945312885391	-3.04199445546763	2.44304675012188
komc1235	-1.62479415288591	1.31389217418307	-4.55801671785701	0.421731888740856
komi1269	0.093125180913752	1.37074262711423	-2.68597332409695	3.01304688155821
konk1267	-1.33943409684479	1.48429643335782	-4.72854752136039	1.03030387112314
kony1248	-0.297800319343153	1.13398300216933	-2.67094115705829	1.87568884218608
koon1244	0.243046911303699	1.30870914866439	-2.30009236303012	3.02232986318189
koor1239	0.461124537133973	1.42839902955808	-2.22952450203554	3.59765367112179
kore1280	0.19933119057334	1.36406501064824	-2.47877058577838	3.08404300193891
koro1298	0.183581836877949	1.22407973028788	-2.32693051991856	2.69980469609455
koro1313	0.385601500396871	1.16542844484123	-1.93965903075889	2.8124113013737
kosa1249	0.00782950883820309	1.31838405332872	-2.74460453268602	2.65063163291003
kosr1238	0.824622358731459	1.30059296486891	-1.42653175876817	3.74659116407188
kota1263	-0.746941285439967	1.22205937701984	-3.44034577166187	1.45783175743434
koti1238	0.153496574503756	1.33063713771386	-2.45168311101057	2.97084194611549
kove1237	0.163197738804601	1.14709485625143	-2.06115979474656	2.51673395850051
koyr1240	0.425854193260729	1.34550585537758	-2.13776320336652	3.28153509333977
kryt1240	-0.272204184837311	1.32927700005947	-3.0586959361	2.32895836442524
kuan1247	0.202473860346961	1.29122574655259	-2.33752017672808	2.95304869815549
kuan1248	-0.343394720216372	1.1253161328511	-2.7471356789614	1.76400157004352
kuik1246	-0.949747249574038	1.28605505960273	-3.86205594382415	1.22671885127999
kuku1273	0.725046515096909	1.3286962490543	-1.62373024046294	3.7508436220173
kuku1280	-0.33780038627269	1.32045677443968	-3.0926643448845	2.2066177233728
kuma1276	-0.941807325888173	1.33801328262651	-3.95442778177098	1.38416383219056
kumb1268	-0.280242637976767	1.30937388860236	-3.06474119749946	2.30970863274034
kumz1235	-1.22857949448836	1.44074026471492	-4.4875335196109	1.11001006904045
kuna1268	0.212707233107528	1.37057702425188	-2.51077886729516	3.12111603625423
kunb1251	0.180481367664272	1.31158017708215	-2.44528083799175	2.9136574462519
kunj1245	-0.0690839781987055	1.32570010927875	-2.83618396135331	2.62636365732502
kuot1243	-0.122264468725874	1.09666534636828	-2.46938030899571	2.00954521829438
kurr1243	1.15582134235191	1.40773708952339	-1.25015496883576	4.37392486132888
kusa1251	1.2272203558713	1.23814953329077	-0.880044626322389	3.90217733406659
kusu1250	0.0323002135179563	1.22400183402412	-2.45815483095778	2.48029939240212
kute1248	-1.18362139043941	1.27145561307723	-3.99640091843864	0.934438706925906
kuyy1240	0.452845104414069	1.2198623356387	-1.82350617483431	3.13006926274605
kwai1243	-0.815048471342169	1.2368483835026	-3.50554843356532	1.34416543166012
kwam1252	-1.27587289271461	1.30487373965428	-4.23058033042274	0.821653015330529
kwar1239	-0.836536315888485	1.22562959378637	-3.51389533870446	1.2727629000813
kweg1241	0.495651633833303	1.36363390121923	-2.02502543506805	3.5413936985167
kwom1262	-0.602578703940882	1.2893440628199	-3.45500616381024	1.76645119128811
kxoe1243	0.0905158119276872	1.39487700308531	-2.76539829252999	2.94433883626783
laal1242	-0.0868464790796514	1.33919891134225	-2.92503864755448	2.62443020266611
lach1248	0.892901095121698	1.34223822317015	-1.49452588561667	4.00698565553774
lahu1252	-0.000721501098595001	1.160237155303	-2.32107452169794	2.34297937003636
laiy1246	0.7358009457752	1.26024932821474	-1.49263529439171	3.51070894766877
lakk1252	-0.380449577904176	1.35346834765001	-3.33946499016737	2.21003806082915
lala1264	0.128719741614239	1.35605476867833	-2.62348385327321	3.03443442217867
lala1268	0.151831191259478	1.11768469533822	-2.02736941845405	2.37875198351062
lama1277	-0.703745062761183	1.31933656002724	-3.63539916115777	1.67656063084278
lamb1272	0.203381472442077	1.32400700176341	-2.35859449728085	3.02981990160751
lamk1238	-1.20712683238342	1.3057357995007	-4.08456440381716	0.978077681772233
land1256	-0.487021667272434	1.32464525198349	-3.4463135277821	1.9060724559122
lang1320	-0.45739388330965	1.2650980382468	-3.10882037096419	1.95792367925098
lash1243	0.902541171866541	1.31831266841818	-1.40809717447736	3.83216083610189
latv1249	0.0517187135104828	1.37156326419679	-2.69129362800978	2.84516213856923
lave1248	-0.837531749704485	1.29190433220256	-3.77037741898559	1.42550204524798
lavu1241	-0.280743528734369	1.25168103541931	-2.97137721856529	2.15634561080896
lazz1240	0.401001267801473	1.37864731842775	-2.25962900986821	3.39285173222468
lega1249	0.176236197009876	1.36675664552793	-2.47388366182982	3.07298053042308
lega1250	0.191248771254528	1.34767171386697	-2.34458222542305	3.03507184232156
lele1267	-1.0252186112191	1.28812967518787	-3.87018954914187	1.18941707710414
lemb1266	-0.122091403402114	1.26754261399421	-2.73700745312811	2.4064944193252
leme1238	-0.913789355394187	1.27542683749248	-3.83554653437138	1.25978843419343
lena1238	-1.27167507980784	1.31643313479346	-4.26610619470719	0.842029721859138
lend1245	0.271538670594272	1.23304727399638	-2.1033654854421	2.89285456836212
lepc1244	0.0896379094167822	1.15723604705854	-2.22934171432727	2.38492864274433
lewo1244	-0.73561484669124	1.32610958971606	-3.72970872372904	1.55496508138663
lezg1247	-0.314988125243079	1.33963354013754	-3.15304805167332	2.28106315773738
libi1244	0.270178225040882	1.35748002446772	-2.32866411661902	3.1957273352647
liby1240	0.182111501820144	1.32037327497821	-2.4168732966878	2.99099520323683
lihi1237	-0.0393858155721126	1.12049283186321	-2.28647546292451	2.2359083829918
lika1243	0.327966165273884	1.20030339044527	-1.98232999008073	2.82561608727156
lill1248	0.197636694572574	1.36897244760888	-2.47013801169694	3.15410627221453
limb1266	0.0969631638723825	1.11423581824142	-2.21826608917463	2.39089836736185
limo1248	0.504385335134826	1.07296536430881	-1.52884455084082	2.78625129397471
lipo1242	-0.107462305401702	1.15591972463276	-2.45610112138934	2.16101750733859
lish1245	0.168463664870419	1.363747218984	-2.47888560295596	3.074810525235
lisu1250	0.933757624292639	1.34923665848064	-1.33563026202488	4.00740944547227
lith1251	0.0840113560036194	1.32879501298733	-2.54254690279913	2.91511040622671
litz1237	-1.16169534899674	1.15588329239419	-3.70236801542676	0.770169584802422
livv1243	-0.100588309130081	1.36182394203664	-2.9251763534259	2.60279894364494
lolo1259	-0.204048795729017	1.14995890378353	-2.57751773803584	2.08683595876325
lomb1257	0.195862030117789	1.37109010594112	-2.52015522384055	3.19042847781308
loni1238	-0.764680190973987	1.29150293724256	-3.64664760574307	1.54034538665958
lonw1238	-0.551423329525347	1.00076639076564	-2.67294421616258	1.32161630590378
lote1237	0.0321030831688913	1.09625493435192	-2.16685179100046	2.2538069262207
loth1237	0.138374979919318	1.09951649847591	-2.00277175803935	2.44417688745029
louu1245	-0.801156255860684	1.29447784034456	-3.69543576535916	1.43989198417529
lowl1260	-0.984570426897803	1.31720417481249	-3.96579153966752	1.29093108866158
lowl1265	0.134378031952151	1.33606049662436	-2.46246075815569	3.03324516490047
lozi1239	0.212564012509864	1.34801819492673	-2.44945912488999	3.10787258670152
luan1263	0.968839066347536	1.28505962965255	-1.27639368568448	3.84862080027203
lubu1243	1.00819429427306	1.18265444236702	-1.01248058073226	3.65563005393572
luch1239	-0.787319526803905	1.28987919051878	-3.70629876349385	1.48222084953823
ludi1246	0.0598267382786141	1.3184268138983	-2.57586863695652	2.75468655919894
lugb1240	-0.205379777140735	1.24991007696686	-2.87635913464947	2.25752318390939
lugu1238	0.128859771014573	1.34202695315704	-2.52620201023766	2.93363918239991
lule1254	0.161756457767367	1.36985708760994	-2.49408103095665	3.05617168324786
lumu1239	0.382713618015519	1.37997072425954	-2.30367801668752	3.35454994136085
lund1266	0.237372849467566	1.32946528090301	-2.37281815895651	3.15942508783531
luse1252	0.409127212473311	1.32293289046752	-2.0462864374824	3.31618520138698
lush1249	-0.424117690886322	1.20154679720385	-3.05058535511869	1.79640188781221
lush1252	0.214425285662009	1.34621562088079	-2.44994180086875	3.06104192170888
luva1239	-0.492622956902849	1.26090630176225	-3.22980162765003	1.91307255891659
luya1241	-0.218603338048383	1.27140553362058	-2.87398722806814	2.25104410200528
maan1238	0.503666895419087	1.27758500405669	-1.89051933012798	3.25417068694207
maba1277	-0.561227997624825	1.33286552238387	-3.48445070537651	1.90630340878227
mace1250	0.174625817129071	1.33734443161878	-2.46914101953286	3.01674851791372
maco1239	-0.401803253222559	1.31243032869381	-3.25700710513442	2.15272458782253
macu1260	0.57836279227249	1.32557048802294	-1.86184288130713	3.53406765261024
mada1285	-0.0459958849667369	1.04919034672404	-2.1935228374357	2.04131057895948
madi1260	-0.692186754783827	1.26865783787717	-3.47364522890893	1.61136962539492
maee1241	-1.24249603922065	1.18944504329683	-3.84551810038877	0.713780287107619
magu1243	0.126574160458848	1.05387568639954	-1.9199689303085	2.36416052228095
maib1239	-0.574608341902976	1.37939959374456	-3.58432065545732	1.98955417790783
mail1248	-0.153619946327086	1.27276747671088	-2.74261115424256	2.4154057457825
mais1250	-0.853354439330153	1.26463723655823	-3.64517944459817	1.3208564997352
mait1250	-0.736836993562331	1.26225526805167	-3.52165234208048	1.65485499871585
maja1242	0.386356163458352	1.39341308585174	-2.26508193535962	3.41592690668734
maka1304	0.184137834254012	1.28203219032325	-2.334471547781	2.85484091606321
makc1235	0.297727574250093	1.30739252021745	-2.25572465689257	3.13687473466795
makh1264	0.147663450773571	1.36415486293948	-2.53302142639298	2.96044462246519
makh1266	0.172580568742513	1.34174462418244	-2.4809490170994	3.03568417361979
mako1251	0.213647659634521	1.35192003656716	-2.46246656054686	3.0648783448844
mala1464	0.267175461276386	1.25704605178714	-2.13640936370304	2.96608109988376
mala1479	0.551251425198779	1.264473123789	-1.74078664220743	3.36455033588721
mala1522	0.521254065391193	1.26124023238496	-1.81565554581049	3.32490270965443
mala1534	0.287150119546403	1.04693651853417	-1.74743835914884	2.48861984998783
male1284	0.554811284507264	1.38790491670339	-2.00278105294278	3.63609694784137
male1297	-0.056788991755968	1.28399980024579	-2.68945389459486	2.55504119534932
mali1285	0.472866852534718	1.27479333589585	-1.86099275219032	3.26515627198158
malo1243	-1.29438052094633	1.23567396947839	-4.02914560709606	0.707423335593703
mamb1306	-0.420648757813107	1.25580381899928	-3.18783294870741	1.85623967539068
mamm1241	0.311848166590928	1.28627036970615	-2.12080914564817	3.04674117986177
mana1288	-0.526187697482889	1.16545409263162	-3.00627214586464	1.6948842513746
mana1298	-0.477876143317174	1.28772188558289	-3.36727144284986	1.95697432828548
mand1415	0.443156709349737	1.2694632276077	-1.98853483866544	3.21462403921437
mang1378	0.857379869752354	1.17982185424098	-1.22118423403642	3.47972964799047
mang1381	-0.322594279698255	1.34093699470935	-3.21491060061979	2.27357588864635
mang1394	0.0911531072521937	1.17010607105839	-2.36387068323779	2.3912298588946
mang1401	0.475079990283272	1.26702743816321	-1.93666923888952	3.24894494939285
mang1403	0.0875844356236488	1.09010789474767	-2.09028462941215	2.29200288805274
mang1405	-0.701899485631953	1.27565990006139	-3.58818389248236	1.55313692258264
mans1262	0.0971801872108684	1.16394116143179	-2.11201535418359	2.59914796497534
maor1246	0.471139734808833	1.2721511381545	-1.87950712394227	3.24677615955021
mapu1245	0.341197238744067	1.35107662253338	-2.22476693098635	3.2521464391663
mara1378	-0.0077937589544035	1.32710079319286	-2.74376443560399	2.73375592687047
mara1379	-0.430498047936119	1.13995377799782	-2.82711503076305	1.76658033289172
mara1382	0.0684282230405836	1.21236926555775	-2.38189380806919	2.56724089064121
mara1386	-0.355198606275956	1.35279863049029	-3.28533829775404	2.27103730116037
mara1404	0.267337546418961	1.19492750227833	-1.95513561500723	2.84303289154496
marg1265	-0.146725719631546	1.17932852464871	-2.54591067064549	2.21879854995098
mari1416	-1.2151454513815	1.28754655347718	-4.09487104726846	0.901882675403668
mari1424	-0.390595189034855	1.36555470632299	-3.31095005413023	2.14868468312125
mari1440	0.331379783349492	1.35182903217054	-2.22081890823043	3.28176353906037
mars1254	0.864771417951843	1.2645947881785	-1.31185305460305	3.65063003816442
mart1255	1.06367670626929	1.39086376269945	-1.30781671840442	4.26094139367584
maru1249	0.55812027643832	1.29079535072929	-1.78919951366094	3.37058596460494
maru1252	-0.38859287466348	1.26865094273906	-3.15924094727832	2.05697964127596
masa1322	-0.414347223698452	1.23301799221172	-3.08852391908528	1.99985395308119
mask1242	-0.90556166480348	1.09824626911336	-3.28760212447334	1.02814088039763
matb1237	-0.507127663146204	1.32865549125113	-3.43375771390013	1.9264731295067
mati1250	-0.489160212841374	1.07197075347235	-2.79115599141719	1.5323377692033
mats1244	0.169296972921518	1.25787133453564	-2.31825915060829	2.88060946781341
matu1259	0.230910352909164	1.34540516414549	-2.40640227094539	3.16332816627646
matu1261	-0.891578661624739	1.28442156769928	-3.82266865792061	1.22543823181253
maun1240	0.043955608097189	1.31702288943811	-2.64438653234789	2.78356303762251
maxa1247	0.482917810801992	1.28067769647729	-1.88415087878267	3.24593110342433
maya1285	-0.815919257098981	1.35794340049934	-3.86973299315546	1.56286484925744
mayo1261	0.597347306214658	1.21354931278086	-1.62707753163169	3.22139665829893
mayo1264	0.106694000833208	1.40989513714251	-2.68073768757293	3.10061326584171
maza1304	-0.492719256774192	1.1071852006137	-2.89817397142112	1.54992844548722
mban1263	0.121038196238589	1.25050276428662	-2.45184833619374	2.58712484721248
mbay1241	-0.864352152331387	1.28263511485718	-3.68192835624453	1.34958232502858
mboc1235	-1.31973467605078	1.27112466954357	-4.13562304254345	0.740290948278995
meen1242	0.418146011003774	1.34987878353192	-2.08363757743838	3.36165234700422
mehe1243	-0.728742586393923	1.31192194314375	-3.69609172511339	1.63617510565973
meke1243	0.192034819907273	1.10276762670161	-1.99036241577972	2.41663243974017
melo1242	0.506815815794465	1.38487088845315	-2.16900817109334	3.59279901721846
melp1238	-0.454874302185631	1.28168717679993	-3.23668301989484	1.98278536238551
mere1242	-1.27827818884891	1.27949791958505	-4.22226558331617	0.77491984745417
mezq1235	0.724462700218984	1.36156892180582	-1.76613632762938	3.76948065832045
miju1243	0.399871356319579	1.26685166165024	-2.0430131251099	3.14961614025481
mika1239	-0.644335754123784	1.32662037373046	-3.63651376224908	1.73902755327366
mikm1235	0.101109432210669	1.33634827603252	-2.58123543707565	2.89336482534063
mila1245	-0.417320617798287	1.21199614341983	-2.9527128183897	1.87715142993849
mina1268	0.460749481416823	1.29890828283423	-1.88643963647953	3.34792394484744
mina1276	-0.795906789113057	1.15292762059666	-3.29876552717156	1.18871204444278
mini1251	-0.339993272530057	1.13616566680513	-2.78215020681444	1.78395648237056
mini1256	0.367067733812108	1.33059606906917	-2.19332709825581	3.26235909560739
minn1241	0.444838073238064	1.28060151813988	-1.97217026106827	3.25802504123212
misi1243	-0.528351306789481	1.28574009452841	-3.34027533638606	1.81731694478607
misk1235	-0.85110171033732	1.38379212601398	-3.96306566660766	1.65591001697313
miya1259	0.130402719224688	1.37437634764619	-2.59446889706706	3.03117301563328
mlab1235	-0.820364369357087	1.24064015638787	-3.55234864341535	1.33765453278133
moch1257	0.429634608793456	1.28489472764382	-2.00256517841601	3.1765043725262
moco1246	-0.381751864504535	1.32783654858381	-3.20918457615407	2.15976311586147
mode1248	0.133208514725809	1.33270147125501	-2.54844940869654	2.92629300154346
moha1258	-0.664779413834189	1.34854105443363	-3.71030085196618	1.73062282528887
moke1242	0.356241222783084	1.26697849183615	-1.99613879949206	3.147756905771
mokl1243	-0.124589916747866	1.23683879208693	-2.64829051006363	2.35700632743577
mokp1239	-0.591289294983206	1.24817181838856	-3.24888762482331	1.76159267428186
moks1248	-0.015894177809682	1.3477919272328	-2.73519813012384	2.82146972783275
molo1266	-1.43033994031092	1.3244641370989	-4.41325189069307	0.679336624972149
monn1252	0.444062005964307	1.30336045085383	-1.99464239278457	3.39265021188179
mono1270	0.542840743794024	1.24178749829086	-1.73942192826443	3.23633484477427
mono1275	0.026541119560578	1.36600362194067	-2.73862084080402	2.82807849092512
mopa1243	-0.108657554940461	1.32648550113764	-2.86280626647596	2.53603694165856
moro1287	0.897813460056003	1.36414523805119	-1.46585967763103	4.06792366310867
moro1289	-0.244175390745125	1.32670313388913	-3.14482716421568	2.32676363414693
mort1237	-0.416653995367619	1.2801530659532	-3.14312810073572	1.92856326636487
mose1249	0.065543884104111	1.25471711981037	-2.47891428345316	2.65697759261312
motl1237	-0.78845044813168	1.25656723258179	-3.70966091499924	1.38221110753877
motu1246	-0.718259734953272	1.21479272046305	-3.46810034148505	1.44884797568719
moun1252	-0.401294281815516	1.21935792370898	-2.9926869397429	1.92072597094236
mpad1242	-1.2603617955037	1.41276796492997	-4.47707533992986	1.04626698729331
mpii1239	-0.248486427242792	1.2325504770793	-2.72501283524501	2.17093603133065
mpot1240	0.224989816537691	1.35054240719596	-2.35848548850031	3.11482528028826
mpur1239	-0.516956035573415	1.38209597565796	-3.56347212473165	2.08055288212166
mual1241	0.599086971636191	1.27264628741562	-1.69321191876438	3.43307747381875
mudu1239	-0.847266865973208	1.21732131079912	-3.52549240233849	1.34192059316764
mudu1242	0.560960199939313	1.21953744283027	-1.71028160113322	3.20885053300877
munc1235	-0.567661215756046	1.22091987850535	-3.21898684617254	1.61890339753361
mund1320	0.367090951445903	1.249000886852	-1.98193429346605	3.07401281591039
mund1325	-0.79789658264792	1.2605309403331	-3.58213814842593	1.45370122468091
mund1328	-1.49632648641066	1.26077144678506	-4.23559760784746	0.521797614013022
mund1330	0.776224326071694	1.33857937751166	-1.54021246387417	3.78461601495857
murl1244	0.283533377550864	1.39966492068503	-2.43901619445088	3.39075633128992
muru1274	0.423076131482019	1.35109248113283	-2.13820428294595	3.36897563225357
mwag1236	-0.602093975069804	1.26112985712771	-3.34477903240908	1.65268546146902
mwan1247	0.172130972159559	1.34863751084208	-2.44818578944208	3.03067130185172
mwer1248	0.24230007135333	1.36610503856889	-2.37240017537809	3.21491241537
naka1262	0.267977966237397	1.10674653947418	-1.9170295461031	2.55259057883184
nali1244	-0.0748261080036494	1.08421727580052	-2.34662824857594	2.11360368857794
namb1293	0.39333506987973	1.28785149786519	-2.00050960989623	3.10638130396699
namu1246	0.0827300853097349	1.15347014488206	-2.23797263554725	2.43926345507842
nana1257	-1.1886370649901	1.42871447069178	-4.45037149795823	1.20413414091233
nand1266	-0.495786878651053	1.29636321775626	-3.23067351592307	1.97291895438322
nang1262	-0.91781594509497	1.31088418149201	-3.81257770470642	1.37587712550762
naue1237	0.110796857068246	1.15753892054035	-2.22999806458291	2.42389299244816
naur1243	-0.390196916050594	1.281498786699	-3.17780716083094	1.99501515125338
nava1243	0.267401584756525	1.31472922979349	-2.30738801357309	3.02546162318109
nawu1242	-0.622678547649025	1.33494697053085	-3.58394620757641	1.73638959684086
naxi1245	0.505915996265062	1.22808784496255	-1.80244950441445	3.22112735668421
ndam1239	0.193381601497487	1.35139081600676	-2.47025847142583	3.05037842634429
nege1240	0.523023982827219	1.19315861476873	-1.67891187984182	3.13780359681664
negi1245	0.0556878281873047	1.28566579038877	-2.46636442160831	2.72784275059699
neha1247	-0.00049208526193128	1.19535750774231	-2.47984387618795	2.40114718328991
nene1249	0.0704998932109975	1.3728708971113	-2.67864718598538	2.97595533046007
nenn1238	0.387499692004513	1.26962189972625	-2.06578800290568	3.03317368661468
nepa1254	-1.00391743944855	1.18556198381209	-3.62923331931548	1.0481901323002
nese1235	-1.27306106457657	1.21004713247848	-3.96547022593062	0.724416495146748
ngab1239	-0.128638609524867	1.22071476823267	-2.6448097840803	2.35510083323875
ngal1292	-0.193467283309847	1.35614087425693	-3.06577846360969	2.46367911771419
ngam1268	-0.811403767598522	1.29979079508424	-3.72136492429776	1.5129302531107
ngan1291	0.0898193570876352	1.40676605188402	-2.80745720653923	3.0379903642661
ngar1235	-0.560079470451744	1.28775761894327	-3.37606669590892	1.82940405748514
ngar1284	-0.246273149733456	1.39341726047971	-3.25283972444882	2.5091115537731
ngas1240	-0.20817328317158	1.20736612572521	-2.72907475273862	2.13779607509556
ngit1239	-0.277867258162311	1.2541096231661	-2.96785538941976	2.12526142495669
nhen1239	-0.179039268200737	1.26975020357619	-2.93492911155721	2.21295867601178
niha1238	-0.357356439088344	1.36111261529996	-3.4016853529601	2.26031430108307
nila1242	0.0655025416942633	1.3323191649714	-2.63817444047826	2.82325404311242
niua1240	-0.713087498831147	1.28149621085284	-3.64491747841597	1.60440265014768
niva1238	0.305970339640186	1.31351954122437	-2.26484921385654	3.08664523929675
njan1240	-0.705914939937876	1.19062891731273	-3.28408271226264	1.47198890879035
noct1238	-0.723247082212686	1.21643862262474	-3.38874453353119	1.49266084616261
noku1237	-1.12788766102256	1.32473936700046	-4.12202541880121	1.06968091082308
noon1243	-1.48772806143327	1.26137488780054	-4.29960562108007	0.576048940483097
nort2671	0.129380381272592	1.35449752272123	-2.61637435657663	2.92536404677825
nort2684	0.656284119959789	1.26998044741374	-1.63631155893527	3.44429604130134
nort2690	0.167325849561096	1.32978042390948	-2.53341768853132	2.99107971321786
nort2697	-0.0532127194959698	1.27277734553598	-2.54468776030546	2.56787503995264
nort2702	0.242657533093368	1.23827812661118	-2.17747812541801	2.83307956756462
nort2722	-0.531076088362734	1.18730474390234	-3.12639150781255	1.71480049086126
nort2745	0.401433040353887	1.39283210220635	-2.23364651948514	3.51404305656081
nort2747	0.170611338142304	1.32361700354165	-2.43515828555343	2.97346388778498
nort2774	-0.716662025695185	1.27741527594387	-3.62858556263981	1.57762974510105
nort2839	-0.444138039202844	0.996646282405485	-2.53660900079454	1.44966139044773
nort2845	0.475852984198424	1.27254257133321	-1.8998763984747	3.29373011037487
nort2864	-0.651441530210095	1.22674869507557	-3.43474549148413	1.55138371321419
nort2877	1.31720440423586	1.25282743589013	-0.739581155256371	4.14249722479605
nort2930	0.277856627005263	1.33037470902375	-2.34716315058595	3.05741403420407
nort2938	-0.190692943136043	1.303123561039	-2.95030547996609	2.44633810609405
nort2942	0.0692893982296788	1.32109620084874	-2.58402671084984	2.88704417900094
nort2951	0.128481885568026	1.34728917905659	-2.64719728658262	2.88103106194991
nort2954	-0.086262122968911	1.37881963845357	-3.02328729014168	2.70674078754223
nort2959	0.108197788565099	1.36388785783767	-2.55848096870521	2.88760999309142
nort2961	0.0784798994252736	1.35182548842257	-2.68553484780986	2.77121056874581
nort2972	-0.101174525296399	1.23964239301075	-2.71434679032969	2.31328216074453
nort3047	-1.34515926634453	1.29288118871879	-4.27358302216131	0.724375390690038
nucl1235	0.148635350912249	1.31865335837803	-2.49304612161769	2.95496234743409
nucl1240	-0.221830558820501	1.23452038442129	-2.88128130765114	2.18112940212886
nucl1301	0.168643294953162	1.34035716917075	-2.51447182216745	2.99692289284931
nucl1302	0.186367540398978	1.36428930120238	-2.55342633037906	3.05127517391966
nucl1305	0.264766070729971	1.29070915132362	-2.2117562597446	3.09326108530353
nucl1310	-0.307267029723422	1.10854862051555	-2.65457243740334	1.8041990834648
nucl1417	-0.839125706139883	1.28513894321334	-3.84653891063048	1.47906498151354
nucl1454	-0.131163206863446	1.21373370845223	-2.63003136257098	2.25257069927185
nucl1458	-0.354512428859867	1.29562298187059	-3.17577120050845	2.11632330535422
nucl1622	-0.268139203452651	1.34614517484477	-3.17456329964689	2.36204569390203
nucl1630	-0.843888673949841	1.26292074457597	-3.63497280469308	1.39969394682245
nucl1632	-0.324546137220352	1.33064056168476	-3.16750759936741	2.22237002847069
nucl1706	0.167221508409028	1.37367257573983	-2.49346724844838	3.06924284603969
nuer1246	0.706213830098925	1.36118675349766	-1.75555592498572	3.66801997652597
nuuc1236	0.261336451615412	1.3335676930711	-2.31388496870335	3.11522358224292
nyah1250	0.499822670996319	1.32053407009837	-1.94913230158754	3.35905446157355
nyal1254	-0.737608607363136	1.34204922151139	-3.64843908529124	1.62104377765339
nyan1307	-0.0116554254841423	1.33842297426508	-2.80952600414493	2.73491113704399
nyat1246	-0.0905299310843413	1.31899628064835	-2.73548669333438	2.60672783504125
nyor1246	0.0630122466844528	1.2705096521461	-2.46123851497732	2.7156680387792
nzak1246	-0.829171769559712	1.29813565851469	-3.78353643413317	1.42704248273802
nzak1247	0.659817479784965	1.29532895971072	-1.7044563031421	3.44560263621349
obom1235	-0.278486039293586	1.00043545409625	-2.37686695732516	1.68730443038262
ofay1240	-0.677041740281362	1.33866937750642	-3.66297004991812	1.7215057013732
okan1243	0.206890103412353	1.3686626771826	-2.44996894006583	3.17954407329044
okin1246	0.1423985479194	1.35919283734401	-2.56476386767794	2.92440991873681
oksa1245	-0.499671627070245	1.33607598198393	-3.40820717641417	2.06050212775879
oloo1241	-0.792964645698352	1.28903880143377	-3.79502486226348	1.48773316140407
olut1240	-0.0191242023979834	1.27560420637076	-2.616940692148	2.59545756610674
omie1241	-0.749066242839855	1.29386501028878	-3.62518844652838	1.61982944435104
onon1246	0.10031644138524	1.28458959639994	-2.4348483458261	2.79389711639751
onto1237	0.519278845960485	1.21306017146806	-1.73051244836699	3.15308146438864
oriy1255	0.554641036933568	1.33411328857754	-1.88082752111271	3.5273436049404
orma1241	0.227449079925633	1.32972202862835	-2.2982359510869	3.12509556166022
oroc1248	0.0548291722608072	1.31278567880222	-2.58181269908949	2.79398176456834
orok1265	0.216981624283377	1.32237901639713	-2.31181136002201	3.09813010364749
orok1266	-0.915077379355795	1.23577076442223	-3.69116393478889	1.29628905643894
orok1267	0.107518576939516	1.31802108551753	-2.53915564480592	2.8587162192497
orow1242	-0.487447319695255	1.11108142610012	-2.83529510466868	1.60998721566351
otta1242	0.103406210259782	1.36148840414332	-2.68122595316797	2.98249257527966
paas1238	-0.667801757779225	1.34895980260262	-3.57197173118521	1.79482424599129
paco1243	-0.954926571142025	1.34474640969629	-4.07590268583091	1.30040870007441
pagi1243	-0.872267182373755	1.28148481320939	-3.7368241237032	1.40978226467109
pagu1249	-0.431767879792941	1.35592226297492	-3.25254735343718	2.19729375811178
pahn1237	0.776482311268794	1.29585747026117	-1.51564297013254	3.63719819575447
pala1344	0.440961079085241	1.30593545722116	-1.96711133356013	3.22692163049536
pamb1243	-0.154621576507284	1.23755748503387	-2.82899897394793	2.20347398983922
pamo1252	0.457838228146047	1.27656912882142	-1.94114624263392	3.18520985441603
pang1287	0.230565471403044	1.34858946727111	-2.33791594278255	3.0776912325225
pang1290	0.841700504727548	1.19993959837132	-1.30922194829727	3.4539238050781
pang1291	0.129100475007612	1.25682266723908	-2.37274314895492	2.82324392797097
panj1256	0.254939663184664	1.3823948864393	-2.37423462498721	3.25388084531307
pany1241	0.933498988235044	1.42513548049934	-1.50389547712835	4.16558610498266
papa1265	0.753660792069383	1.09432925824395	-1.19478566157654	3.13710044959557
para1301	0.30631318811974	1.22445415888334	-1.97270259809359	3.03096765290355
pare1266	0.231230720376407	1.07367693953837	-1.85064021078487	2.46763850265384
pate1247	-0.762298217930543	1.22006206659935	-3.4386901222027	1.41304374169309
patp1243	0.0733510131478571	1.02350380831852	-1.96869061745987	2.18209962762723
paul1238	-0.622807417568672	1.23342334217892	-3.37063988277945	1.58873621992319
pawn1254	0.144427918382338	1.31364524848483	-2.41737953355297	2.91566133963955
payn1244	-0.524919825541946	1.28709979380166	-3.33858859771404	1.86473977719958
pech1241	-1.07097863630036	1.37634049286095	-4.21076616972433	1.29546499665871
pela1242	0.693899314302968	1.25929917330316	-1.52674951633974	3.55486764945382
pend1242	-1.04004816440336	1.28645375083512	-3.90432414507823	1.16047132529617
peng1244	0.200394449234877	1.09926879365022	-1.88927402823841	2.47923294335978
penr1237	0.453944546800557	1.24874969931493	-1.83867037922461	3.19531399519957
peri1253	0.315443303058281	1.29161109297879	-2.15522188039106	3.05880774473405
phai1238	-0.891393995414032	1.26836784340547	-3.75975954086523	1.26797954665272
pila1245	-0.343834460412414	1.32326892344602	-3.24510303945799	2.21233006919182
pile1238	-0.94193721277798	1.26852444691405	-3.76795809112821	1.27227814105037
pipi1250	-0.258454766721775	1.37060902087837	-3.15339591099573	2.5572104120083
pite1240	0.159975047126508	1.41536621879518	-2.64897599651281	3.17231455706683
pnar1238	-0.175363192503059	1.12684631673012	-2.54367414302158	2.01350131920487
pohn1238	-0.40530526760329	1.29075445615815	-3.30443589244235	1.99744086152021
poli1260	0.0981637936929482	1.37522524118746	-2.64730824593904	2.98382656570856
popt1235	0.338684442858415	1.28784610007386	-2.16878114732612	3.01424314991181
port1283	0.135181142262311	1.34646908379364	-2.5033381293635	2.93704570836238
psik1239	-0.580143336884025	1.16429180119965	-3.13550400474252	1.57529415154076
pulu1242	-0.413063750618919	1.26715339719451	-3.1478634725546	2.01259661544739
puma1239	-1.16794289189511	1.25122321638885	-3.9276058353266	0.917252617521883
puoc1238	0.851921336073066	1.26816002854713	-1.389289309399	3.70093305321811
pure1242	0.407256558726757	1.34084043865709	-2.12100822181006	3.19503601367186
qanj1241	0.146319905160558	1.30913421961551	-2.42266337929346	2.90512979143878
qima1242	0.235618275160935	1.30950378576628	-2.34246050370089	3.08882799995208
quer1236	0.686172144414182	1.35330205929996	-1.78319166834653	3.66910014819225
quio1240	-0.984856195237865	1.25263376004768	-3.78355774565056	1.18333968461096
rabh1238	0.101046236901814	1.05938638425972	-2.05043249789862	2.20593034750183
rade1240	-1.26922668605537	1.33232706941694	-4.18712865652984	0.954223058541243
raji1240	0.421774293097128	1.25754029672086	-1.9496746953969	3.22038563929059
rama1270	-0.902874492572612	1.32784958986714	-3.8712069113139	1.40236995508944
rapa1244	0.504269471856829	1.2697955993678	-1.86044468691732	3.2917090939479
rapa1245	0.435986911079815	1.27375562644114	-1.90075192103033	3.21667217423175
raro1241	0.456433782755123	1.29483820223971	-2.00065503970946	3.27185293879424
rata1244	-0.696239553800729	1.32409866968594	-3.61857345476767	1.70969426320589
reja1241	0.768528823893782	1.31792497216506	-1.49395410742644	3.85402218086723
remb1250	-0.74069974540367	1.31289727612061	-3.74625162151313	1.60210364746015
reng1252	-1.35494238018764	1.37790883388136	-4.50795226749876	0.825709089176115
reye1240	-0.170084930399072	1.19347366792918	-2.69692524119906	2.19631716841456
rikb1245	0.424003093864807	1.27438710073667	-1.96183112216374	3.1059475097587
roma1326	0.178888792820198	1.34415727394398	-2.4929070802407	3.09073784824631
romb1245	0.188348854545227	1.17859184883073	-2.1877136135985	2.61157219594086
rong1264	0.935278052846257	1.37610044372874	-1.49394910409587	4.02585132174388
roto1249	0.778103046262621	1.11135780805016	-1.23824355949059	3.15991913023873
rotu1241	-0.512970141768877	1.3116089620381	-3.34478358831308	1.91852106981453
rovi1238	1.28734073504894	1.24994996859771	-0.791607703768977	3.94630706545705
ruka1240	-0.1290547493301	1.15887581637172	-2.54736008421244	2.22845656295222
rung1258	0.639618601691525	1.36296656738585	-1.8061663443352	3.71829757659767
rung1259	0.411499093254376	1.25260527836596	-1.94178561408555	3.17816751671442
russ1263	0.0410935165452352	1.41223548202444	-2.83803289827533	2.97855361876381
rutu1240	-0.310659029640232	1.32010870927287	-3.12596225441154	2.24652178835172
saaa1240	-0.588250964579097	1.28515001951623	-3.42092873934131	1.75877772127938
saaa1241	-0.295340359678678	1.03549141633137	-2.44397212395153	1.79214318509639
saam1283	-0.0148398879405212	1.25792786288272	-2.50901718183519	2.60099925181585
saar1237	-0.231560607300473	1.13127127627897	-2.62925045774626	1.99098951669237
sabu1255	-0.413030390490363	1.20938692148298	-2.97986939555142	1.93488636789767
sais1237	0.591819781115566	1.25530765395124	-1.70596815761291	3.30417223670333
saka1289	-1.20935610998773	1.28743637272865	-4.1525965750954	0.901978791685712
saka1291	0.362525007165947	1.33102981654584	-2.14265537854322	3.28823597951751
samo1305	-0.658183379297919	1.2937107801159	-3.59582661540886	1.70120628129915
sana1295	0.195760216471297	1.28717106794091	-2.2630939338378	2.89841676266658
sanb1241	-0.786994940921914	1.28689175967603	-3.67665006951193	1.50142793448535
sanb1242	0.397575491486725	1.35055011077202	-2.12357354402248	3.36495994996
sand1278	-0.193964740903464	1.28687155787839	-2.83784240114864	2.34308228966707
sang1331	0.253014261123462	1.30468155716912	-2.2504519078311	2.95474173487458
sani1269	0.800124543747277	1.27530598715615	-1.49179042147353	3.60922390060009
sanm1289	-0.906507525392521	1.36525540098018	-4.07423747317552	1.46444553809611
sanm1295	-0.245284414336547	1.23387989202816	-2.84024853486084	2.1364760661076
sant1410	0.122075398220394	1.20893378398589	-2.21291051667363	2.74485850478903
sant1451	-1.06266928386952	1.32496182916491	-4.0550826473821	1.20209295782596
sanu1240	0.184802015179879	1.29534520697807	-2.36537331012651	2.86658638654514
sara1321	-0.240350088392436	1.27971825524228	-2.99559537168705	2.23983571246521
sars1236	0.0910059986056554	1.30691994890734	-2.51012031513815	2.81347213130932
sasa1249	0.538496874509714	1.29524930267508	-1.80146767951722	3.312085846638
sauk1252	-0.9462435654526	1.30269055243029	-3.90983269303106	1.33462487237751
savo1255	-0.459066385116415	1.19043391771533	-3.00936557339032	1.72610661019799
seim1238	-0.446474565148341	1.30781215064141	-3.33487042556277	1.97323326417461
sela1259	-0.319220300158277	1.27081317069961	-3.07074061269571	2.04260383488606
sela1260	0.851891785041162	1.28223187143504	-1.34295322813314	3.76336994221959
selk1253	0.0836299177718688	1.37346088377955	-2.76106241103283	3.03503208187725
sema1265	-0.776360429101376	1.26155716030975	-3.54206364783268	1.49753004442772
sema1266	0.00588047053668375	1.16157059921799	-2.32302465283048	2.38700052822747
seme1247	0.437123400669164	1.17405656274285	-1.82953745887689	2.96346718380177
seng1281	-0.134386380154129	1.17393871040636	-2.5540454474373	2.21115264858936
shab1252	0.390000878912828	1.39838015923758	-2.24134144167522	3.43722871926882
sham1280	0.11324294263017	1.36540923741549	-2.57092832471721	2.94467229895429
shaw1249	0.111219045163741	1.32773875502893	-2.58192475035476	2.96393942586795
shee1238	0.399090063361163	1.34036035317158	-2.09360456273685	3.29768702740765
shil1265	0.787591317641545	1.37148960258638	-1.60617564187616	3.8313221129278
ship1254	-0.127857532913444	1.22795945901759	-2.61987771516644	2.38638224293864
shon1251	0.124162579256251	1.32001102972249	-2.48185141337865	2.98119523088728
shos1248	0.0297963812589667	1.37493766114193	-2.71726864519407	2.82025929274055
siam1242	-0.392286827399125	1.26034050402233	-3.09107637451116	1.98493627444344
sich1238	0.172260775868435	1.18218561672591	-2.13008357876306	2.66795793032518
sici1248	-1.43201617273087	1.50088638855037	-4.84833505693479	0.963869147720297
sier1248	-0.300317846639337	1.28110710768881	-3.05965538807306	2.31485079601325
sier1250	-1.05008465887546	1.27032692222309	-3.9118622482173	1.15594423408086
sika1261	0.431546053717876	1.23544185225084	-1.85961711007507	3.14684366492651
sina1266	-0.893929988772484	1.21992201626166	-3.62777713035689	1.19873544643777
sing1264	-0.763346384301552	1.23072663590141	-3.47441767445161	1.42181092897162
sioo1240	-0.82518596380344	1.33193528091606	-3.8394380020371	1.48763011054652
situ1238	-0.0813532028975025	1.13995930540754	-2.32865903213537	2.26329127590863
siyi1240	-1.06042110776554	1.33839673480865	-4.18288182665221	1.22093826974272
slov1268	0.100275294811161	1.34317484085117	-2.48606728159847	2.96693447292974
soch1239	-0.757037215708402	1.23104610694438	-3.51560467384909	1.49028013272258
soga1242	0.0729802768568132	1.28008813279257	-2.49880990139249	2.74935802666918
sons1242	-0.341573015833845	1.29260735347832	-3.13303450684862	2.01063856341548
sooo1254	0.529253120961042	1.28845975446619	-1.83898262360082	3.33459529475275
sora1254	0.315575142960499	1.11474982344834	-1.80148400470678	2.67179733935842
sout1528	0.102846707721085	1.35361019400426	-2.62988734760193	2.88806663010024
sout2674	0.061310561449013	1.38360415149907	-2.70852633738764	2.95994507541471
sout2715	-0.945172014798606	1.18398498608055	-3.58577048406183	1.12054877794052
sout2728	-0.523102927830649	1.20988319699431	-3.16864554125372	1.74334411439175
sout2782	-0.447739991542586	1.22002244474353	-3.12652098059053	1.8653365392623
sout2807	0.0843999083550688	1.32298759725429	-2.49615169567876	2.94791043701407
sout2856	-1.02308158300255	1.31160882861136	-4.01838092016255	1.13831891459456
sout2857	-1.11646446484576	1.19266127453613	-3.74669975814788	0.884831274527258
sout2869	-1.27669684639596	1.31063721938119	-4.27347908795995	0.87893521268576
sout2918	-0.143106326528054	1.17830813863167	-2.51748972361767	2.27059886053477
sout2954	0.130332052511537	1.36230249738183	-2.52660218489666	2.99469484985336
sout2956	-0.686732098454963	1.36421306518217	-3.6675401587295	1.87005666607298
sout2959	0.0626543714786355	1.35178089465653	-2.71969953330752	2.99328588964506
sout2985	0.0487269919041763	1.29792920926112	-2.60100895789275	2.73897816012197
sout2994	-0.57379649894281	1.37233757309742	-3.6196683304594	1.87530492001429
sout2996	-0.468266871256315	1.29584228570179	-3.26557280582864	1.88418306257805
sout3261	-0.362508179012224	1.3384981986119	-3.26760845404192	2.15758580148668
stan1289	0.0723289836582201	1.37303969432863	-2.63349016706513	2.91394446081425
stan1290	0.118734853382675	1.30097525539574	-2.50392812386654	2.82507336974144
stan1293	0.089289579553383	1.34103110416435	-2.60332539480593	2.79397659778062
stan1306	0.349569051165499	1.1748436853171	-1.96480284704932	2.8710504073429
stan1318	0.202970056208259	1.32811016673595	-2.38722963826179	2.93105667033056
sumi1235	-0.25274309693009	1.09320572097346	-2.53331628913496	1.88632486986247
sunw1242	-1.42512232501471	1.31241000428167	-4.36249016074523	0.706401926634588
supy1237	-0.373881557302789	1.33511444583047	-3.15846775690859	2.13230912560521
surg1248	0.0812639291942581	1.36527794860505	-2.6511697111565	2.92575581940223
surs1246	-0.128641955607272	1.08052041733579	-2.38071786177571	2.02993700883689
swah1253	0.217584357212208	1.36619599053479	-2.37557729403184	3.01898786914972
swed1254	0.0632158291504256	1.34004636371482	-2.5893321524126	2.86084993868692
taba1263	-0.415442335018505	1.37719282970076	-3.33615273643125	2.24024606609795
tabo1241	0.0776640713716527	1.32884900691722	-2.66045936587247	2.85663807143573
taga1272	-0.232014705242674	1.00699824224773	-2.27102229213045	1.82362175841122
taha1241	0.237470614701157	1.34198356364764	-2.42438647705045	3.11493056347485
tahi1242	0.464553288764563	1.24373727175899	-1.90198124507863	3.1194172230483
taji1246	-0.965965283421915	1.27203088936814	-3.82810797663961	1.18086257550834
taku1257	0.768390437327054	1.23797294830608	-1.35413784256415	3.56454749732111
tali1259	-0.564208301527181	1.22779648641004	-3.18772134796112	1.69555857277238
tami1289	0.334242602099898	1.2568284137867	-2.08743718984422	3.06154988471606
tane1237	-0.807189601477471	1.29966284612304	-3.71535887648216	1.42273448316341
tang1347	-1.3265797255461	1.27811757755111	-4.25847758472055	0.718866452222656
tang1377	0.000130237711676517	1.18816554310081	-2.38135159617562	2.43958228918821
tara1313	-1.19573538372679	1.27439833587877	-4.03571079636286	0.921973253785829
tari1263	-0.175027657507296	1.27467361641047	-2.74920170210792	2.53853160237704
tata1257	0.713306573108633	1.25464169907386	-1.54916067894205	3.47407508651074
taul1251	-0.359712424368483	1.14957406081569	-2.80079837782606	1.77932629370757
taus1251	-0.633907328739558	1.20299392436976	-3.23529880743149	1.58094189347898
taus1253	0.333308919570084	1.27100364448516	-2.0928863637333	3.14386161756909
tawa1286	0.0545155427434193	1.28134019590919	-2.45756702403735	2.73311340306799
taya1257	0.250807586593255	1.29659433831634	-2.20927590045832	3.04085626689039
tbol1240	-0.282576395388363	1.12445387346431	-2.75041809743596	1.87306261818378
teda1241	-0.547991511402613	1.34630804723265	-3.54819338538082	1.90233975013389
tehu1242	-0.484738536405319	1.31907975131164	-3.33595133271651	2.00049583849487
teke1275	0.327820902286319	1.35434977766826	-2.29966964617855	3.32778138611324
tekt1235	0.430164135192267	1.28293248169685	-2.00452859203728	3.20355289960165
telu1262	0.01502340988285	1.27171804722235	-2.49871137696038	2.66493583275741
temi1246	-0.613950057208098	1.21527503989009	-3.25426487333581	1.5712171598489
tene1248	-0.147876240715742	1.33152927016033	-3.04385777155289	2.52672216048217
teng1272	0.585391475718273	1.28637464354249	-1.71668931781418	3.40661958747848
tenn1246	-0.258482776099742	1.36465103222041	-3.15588556367994	2.43842592875963
teop1238	0.933699828678449	1.15328184835329	-1.06352076715866	3.45766689947298
tera1251	-0.0679729549653652	1.20617647175461	-2.59264587625094	2.20486996423544
teri1250	-0.431554811816299	1.18402772158179	-2.93765121987667	1.79064896600174
term1237	-0.12092946256042	1.16253585181264	-2.53601934817703	2.16151468705537
tern1247	-0.414349783150099	1.39310999766045	-3.42020623351185	2.13178214653641
thak1245	-0.356755693479139	1.13365752658647	-2.76984359073394	1.83156758387304
thul1246	-0.303396020315917	1.16169680657671	-2.78224106576286	1.91727762835019
tibe1272	-0.445028735260499	1.28215194653481	-3.16036674493487	1.97122735196603
tief1242	-0.395787931623113	1.21150223900598	-2.99986500596252	1.86350492635792
tief1244	-0.435541296977759	1.24171123087012	-3.07609656686328	1.88187215900087
tien1242	0.316244581581209	1.31955226919485	-2.28387749712997	3.12082253981531
tiga1245	-0.00555819418847819	1.09971598043872	-2.24639255052671	2.19216293090134
tigo1236	-1.00482917409541	1.21146117717698	-3.69190563605111	1.06627511833234
tiko1237	0.237983885279405	1.18022009018157	-2.08011303501544	2.75140120292855
timn1235	-0.502390919645387	1.33042420087445	-3.38754553804573	1.91235954061758
timu1262	0.552402787278043	1.22680561214765	-1.74607062001692	3.18070707720223
tina1248	0.445628280980825	1.1534610880731	-1.75532229933139	2.86179723618888
tiri1258	-0.224489074833177	1.07509956784663	-2.47251618713036	1.87296054442482
tiru1241	0.238020458508036	1.12938614981289	-1.93254161638948	2.66305387988135
tita1241	-0.780529649543692	1.2848317388341	-3.59866384562569	1.47957351787571
toab1237	-0.762282518243427	1.23815275587351	-3.53760106106615	1.42820743281387
toar1246	0.104899288905098	1.17871816917662	-2.23230970338342	2.4913350176241
toba1268	0.260922208466626	1.33630147399132	-2.39290180916636	3.09737779198045
tobe1252	-0.407382671267874	1.36040976309405	-3.28147835368641	2.15006242347407
tojo1241	0.327088782607163	1.32924024152777	-2.21628877883694	3.21003613287817
toke1240	0.675361900290362	1.25091905794912	-1.62886611319237	3.41077694047757
toll1241	-0.80558420040234	1.4016282688369	-3.9611924791873	1.70513305801151
tomm1242	-0.0238625583882326	1.34701793184473	-2.87425442644047	2.74216041025288
tond1249	0.346290732204304	1.31948858648327	-2.19655754732697	3.20838537926414
tong1308	-0.901774590137611	1.28633452703418	-3.81990714901619	1.2662654034481
tong1318	0.172081315601328	1.3341568688083	-2.40246561074293	3.0696575617111
tong1325	-0.649637571451236	1.28596763317559	-3.55572129881842	1.73225124828974
tora1259	0.473838196459866	1.09426224016448	-1.62102930318543	2.79952284215259
tosk1239	0.132098425514884	1.34075342683023	-2.52108180414197	2.91447709677764
tote1238	0.192798664995194	1.36810581015935	-2.48168656900492	3.12468190648414
trin1274	0.189683020090324	1.30287999811352	-2.37453885460507	2.91254126953833
trio1238	-0.447844170401952	1.29236133471303	-3.1993555767199	2.00389606147642
trum1247	-0.931754349669163	1.34778378288703	-3.92275557292766	1.38807866749013
tsam1247	0.577468741834839	1.3420195756002	-1.85008632252546	3.56580063924186
tsat1238	0.311936237759223	1.28746246764177	-2.17652857376931	3.09639713505336
tsha1245	-0.11514621032886	1.12320279098208	-2.51483659693646	2.06106985671677
tsis1238	-0.856896920468603	1.36080257873264	-3.96314865929798	1.4777774520956
tsix1234	0.163189337955047	1.36358145070108	-2.56990756223853	2.91846163096422
tson1249	0.144549273335318	1.34190987481518	-2.37853382261713	2.98316112649461
tswa1253	0.202881936651764	1.34624157848402	-2.47073800119222	3.07212379772507
tswa1255	0.136472779894356	1.36976725146851	-2.56316729291821	3.1123991212186
tugu1245	0.883561542067794	1.28702258077945	-1.3446648273906	3.81486932620881
tuka1248	0.67341025372522	1.31330542116265	-1.68563670965637	3.61201022918996
tune1261	-1.20544354102877	1.26835488344172	-4.11456337117143	0.94629488077487
turk1304	0.158183443966567	1.34890605854336	-2.52531722390437	2.9560926251814
tutu1241	-1.22587737297483	1.22141769145444	-3.94456417340225	0.780383108562608
tuva1244	-0.640866307227922	1.29289570157649	-3.55622863552103	1.66776775421702
tuvi1240	0.187496270233317	1.31548009677661	-2.38124424949487	2.96579103379111
tuwa1243	1.43623415263447	1.27125352484626	-0.632345326416492	4.28231804413982
tuwu1238	-0.463528391169915	1.3413477024538	-3.46966622542858	2.07484662992295
udih1248	-0.0758896770852085	1.32294020178327	-2.74822212804588	2.64973804728707
udii1243	-0.202698332466836	1.30844256079526	-2.94775443460119	2.36515123486566
ughe1237	1.2437130262019	1.28014316504339	-0.854093722065379	4.08275379588511
ugon1239	0.534488342874043	1.31327133432405	-1.82489941049998	3.51106359855991
ulit1238	-0.490261814662887	1.28206534348721	-3.46472102579108	1.82497755094007
ulwa1239	-0.78218549274911	1.39086108917348	-3.9190505658416	1.68713173835134
umbu1258	-0.376458064558552	1.289266401173	-3.19453358394931	2.13597715602415
umes1235	0.119226770524556	1.3584556751045	-2.54788263638986	3.01208655130213
unua1237	-1.01944914614578	1.11069386176066	-3.42574691998788	0.872277107364484
uppe1427	-0.42151644436181	1.18119676762449	-2.96866052082056	1.78817421552931
urak1238	-1.05317073870984	1.29387361784921	-3.90744773345972	1.1765296744637
urar1246	0.21717663341059	1.27111071292594	-2.20621384635999	3.00238583858396
urav1235	-1.08755402953076	1.35965991370931	-4.15661591577064	1.16680828579085
urim1252	-0.665666296767247	1.3051481542126	-3.67201788481949	1.7100153586095
urip1239	-1.20648866386663	1.17016819314555	-3.76488869405254	0.741099171378416
utes1238	0.0604340154326624	1.36859044765984	-2.65293523926086	2.97750994147654
vano1237	-0.853881116580909	1.30634298256737	-3.80493942349666	1.39665478400753
vera1241	-0.942632779123118	1.2820401163575	-3.90583110870011	1.25244058268939
viet1252	-0.48071412127873	1.26918286939955	-3.28562848289527	1.87785832785904
vinm1237	-1.15196852347445	1.16500087081944	-3.71519949964626	0.796496675134605
voti1245	-1.30723682904696	1.4984335109474	-4.68911350162944	1.21084717534666
vure1239	-0.940393460247752	1.2822884316462	-3.89206748641452	1.26893531720874
waig1244	-0.560560496219438	1.31488577794665	-3.45453436753736	1.88297324339974
waim1251	0.174893651994134	1.09495228226486	-1.99724977181805	2.42180007303057
waiw1244	0.544614256312503	1.29875485085859	-1.85759718040231	3.39663283444774
waja1259	0.487112235902231	1.15996263457568	-1.72065771378408	2.96430057826999
wala1266	-0.85130729745924	1.22031332364733	-3.4952217159927	1.24768147467497
wall1257	-0.765079080627014	1.25975071130033	-3.54093105400863	1.45985091886363
wamb1257	-1.34966227752645	1.28667850747698	-4.16817784063887	0.756685149178615
wand1267	-0.79132433128258	1.31064262261088	-3.70157459430997	1.49692675981958
wand1278	-1.35707325957552	1.37066116282778	-4.45847812932505	0.879765157242172
wara1294	0.048036735652634	1.28329418494102	-2.5112676063609	2.62410378686998
wara1300	0.595651033089285	1.32039522418068	-1.7871323482751	3.49857752059976
wara1303	0.426389198942704	1.31457304080453	-2.06715956347777	3.33663990611481
ward1246	-0.369440122700455	1.39997216211503	-3.49898373602995	2.31507638907871
ware1253	-0.251400412152734	1.23386089953774	-2.93408946169296	2.11340067488138
wari1268	0.776229402756094	1.38428635442969	-1.66055414676216	3.86521172456422
warj1242	-0.00227566449135135	1.09455089567126	-2.22667142871753	2.19311180522765
waro1242	-0.233025160828762	1.22487650487847	-2.84992049012581	2.11136827904975
wash1253	-0.376121171731764	1.31832650070784	-3.29214016301618	2.08370103594432
wawa1246	-0.294606638880558	1.18838571932641	-2.80118493434899	2.02780672169699
waya1269	0.337907492775579	1.27831685521544	-2.10136827574652	3.04447305264022
wayu1241	-1.40952943026609	1.29948533075823	-4.30884022727729	0.698133052479663
wels1247	0.119438941280192	1.37444983253578	-2.66442437591931	3.04374420706634
weri1253	-0.268945158836441	1.15670712530385	-2.77363299285793	1.96490984613609
west2354	0.111453253830066	1.33380513232837	-2.60509759106551	2.87406513495631
west2369	0.170315654166679	1.32131654205951	-2.37508533589517	2.99975179499404
west2396	-1.26739119822489	1.34988884498489	-4.35794926754723	0.928682319030494
west2415	-1.02389762091563	1.19002765611259	-3.67723923555789	1.07359101552505
west2418	-0.0647992667092386	1.08456809290921	-2.23837409786702	2.21056894611352
west2430	-1.13363297545424	1.44373292259721	-4.40469203597104	1.26091332090376
west2441	-0.328270863014571	1.30624706282054	-3.1130932450736	2.23519462693304
west2466	-0.299863354258683	1.18226428612133	-2.874855513152	1.86761385306058
west2516	-1.1801603254747	1.28448165899241	-4.07180259548414	0.955916460308135
west2519	1.03169842259489	1.27279758013212	-1.11765066932987	3.92243452254476
west2548	0.949739626849184	1.31367600071315	-1.31950665394343	3.94707206583652
west2555	-0.303528730450269	1.0588409857125	-2.55087542227498	1.80802829152805
west2557	0.322590143042497	1.22605874329768	-2.02508990113343	2.91194883608176
west2560	0.50020340748322	1.2183838273426	-1.70006503666089	3.19223266888684
west2564	0.770278949179751	1.29337401838102	-1.48738156808265	3.68377459074516
west2594	0.953245992274541	1.41029639352176	-1.44107380845997	4.1313957294859
west2615	0.315689931025007	1.36276650995089	-2.31663940516141	3.31143131095842
west2618	0.120902838146427	1.34557798760976	-2.58234492770136	2.98908411822042
west2632	0.35660041931419	1.35591021142993	-2.18913117815965	3.39275916151308
west2635	0.396975430327251	1.28917774420399	-2.04748133304127	3.13716379504608
west2644	-0.517537483714545	1.27613373539988	-3.29661427548235	1.91287541766278
west2650	0.489984908749613	1.2770904289769	-1.89607190215588	3.34962662456366
whit1269	-1.28210444746354	1.30817395926495	-4.26016264862429	0.817312925540422
wikm1247	-0.334131292023305	1.33294985410728	-3.18852250619084	2.26619966450349
wiru1244	-0.310209462644903	1.28433276310956	-3.1062195763823	2.15976471363848
woii1237	-0.389066611727972	1.22763804735806	-3.02241592632521	1.87512397675372
wola1242	0.482730759457625	1.40279547368246	-2.18734476519474	3.5894620598934
wola1253	0.398199217457697	1.28103906859829	-2.00132206803875	3.15835768648447
wole1240	0.999317703571257	1.32261820545436	-1.28965311549013	3.95599044118254
woli1241	0.806545723381089	1.36029616394701	-1.66977509229433	3.80312386876599
wotu1240	0.77648280527686	1.309764023478	-1.59407586044718	3.58146455758382
wuch1236	0.408280215175374	1.30173716637902	-2.06306175750072	3.17012597543708
wudi1238	0.195003603418662	1.18906444220206	-2.07093302181612	2.68263565088644
wusa1235	0.215996953584462	1.2103685141024	-2.13219242990672	2.80360598512275
wutu1241	-1.69162760446965	1.41797307208226	-4.8598978327371	0.467924554702253
xamt1239	0.283829770250001	1.36213562233773	-2.33185820391041	3.24427781961186
xara1244	-0.345959841666787	1.08619024459186	-2.56980202518908	1.7454357300003
xava1240	0.395943223884322	1.28045105468359	-2.04050781268002	3.20090529320282
xhos1239	0.114959584996254	1.33087125061424	-2.53024925238789	3.001122578262
yaey1239	0.187088173437335	1.34240310096265	-2.51808902219321	2.98466278147621
yagu1244	-0.409781531037413	1.31176627106971	-3.27215195097561	2.0399399727655
yaka1277	-0.536315834462148	1.24061657813904	-3.24182208738105	1.77537038249622
yaki1237	0.215770518158963	1.363127982866	-2.48530227698905	3.13017084652165
yakk1236	0.111813609769993	1.11409343522205	-2.19463776524269	2.41479255752997
yako1252	-0.256290974756724	1.23359315947849	-2.92655651045859	2.10818821663136
yaku1245	0.167805410073911	1.35470721051752	-2.4693023578576	3.03017428600044
yale1246	-0.737348999208269	1.35120566316234	-3.80430138022319	1.71839646404243
yama1264	0.354553199403862	1.28939119429401	-2.13635464632737	3.15351101260692
yami1254	-0.61994858501975	1.21128796797946	-3.17147021423278	1.56628849500087
yami1256	-0.698017951882548	1.28298609556904	-3.60432541999224	1.58244073548559
yano1261	0.225662191321639	1.33286347368602	-2.31603735712814	3.13056050729915
yaoo1241	0.115832926812047	1.33631131380162	-2.54749226638548	2.89632456793491
yape1248	-0.500389409809176	1.27025961340219	-3.32373375528567	1.79347883050247
yaqu1251	0.0797868028431035	1.39881479667212	-2.71781189488493	3.01784253234605
yaul1241	0.217338065769487	1.25217502371713	-2.1877802221644	2.89560426905565
yaum1237	-0.942014926830657	1.34082814139693	-4.02033078822271	1.35205616835672
yawu1244	-0.213130867651491	1.37859298524493	-3.13625551216178	2.52339765497582
yecu1235	-0.299115708060094	1.29978324387787	-3.25987580010626	2.16084111563855
yele1255	-0.266006395804818	1.41226961282714	-3.31239381140645	2.52552262084645
yidi1250	-0.0221388365103162	1.28093895126429	-2.6286983657367	2.59619697353908
yind1247	1.20728767123331	1.39026217460008	-1.08966683562475	4.35257423503433
yoga1237	0.914085501518746	1.1867856394685	-1.22282234321566	3.52582317795428
yona1241	0.278781319072328	1.35315546222705	-2.36157460369079	3.14074596174978
yong1270	-0.198448182438434	1.20816925002073	-2.72229564896928	2.18357158282552
yong1280	-0.331138238015335	1.3737280523442	-3.40398003471287	2.25006319459111
youl1235	-0.20423558240155	1.16735122720986	-2.68131378911429	2.03559857655859
youn1235	0.316467235384673	1.27877955372462	-2.12282937213482	3.11056868647054
yuca1254	0.154675368192037	1.3405299659446	-2.4426005865428	2.88617076565134
yuec1235	0.551749564985729	1.28962875908288	-1.78413038693138	3.39443411856741
yura1255	-0.412597425400035	1.33273294287826	-3.27606406110931	2.10965648843231
zaba1237	-0.259522530920249	1.17067695867101	-2.74570174767312	1.95853345044306
zagh1240	0.699142466333052	1.39317396622041	-1.79559566880356	3.83856039077797
zani1235	-0.437937714726032	1.25626024871667	-3.14368635208851	1.98210373931889
zarm1239	-1.10022418975131	1.36011159178004	-4.20682858646722	1.21227068053949
zaye1235	-0.981274767965445	1.23604444742485	-3.68558620268526	1.22554752490344
zays1235	0.543918004973675	1.39887994168497	-2.05589726728005	3.68207865015153
zhab1238	-0.753268258052917	1.25794119896411	-3.51484031419964	1.48512186138804
zoog1238	-1.10839949891555	1.34166038097635	-4.05301308484333	1.17618915459063
zuni1245	0.407843346316531	1.33058492861316	-2.08508704280437	3.27286542951761
