Estimate	Est.Error	Q2.5	Q97.5
abar1238	0.172681084289693	1.25402917847485	-2.3400512763609	2.77970647237569
abee1242	-0.0868694437229647	1.38357725072652	-3.07123806493874	2.69307112348567
abkh1244	-0.0449787306084315	1.30121091708765	-2.80263271457871	2.6477470239922
abun1252	-0.329241030272786	1.27878201343952	-3.13828072330849	2.1233089522633
acha1249	-0.624926551359405	1.29302430882102	-3.49918853098032	1.75493090190553
achi1256	-0.810786846920217	1.31681524644771	-3.73527142376655	1.49527566108202
achi1257	-0.173337776880656	1.35422471615393	-3.05682567017995	2.52841104775866
achu1248	-0.148026720046465	1.23433044090416	-2.69041859467812	2.32069706523685
acol1236	-0.0800673351319501	1.38550069688907	-2.82541023110405	2.69734909004399
adan1251	-0.288870805972329	1.31303936990375	-3.12039014829054	2.28475212887792
adny1235	-0.143843071921238	1.35274732010369	-3.09086017461926	2.52393929832729
adon1237	-0.281772769108095	1.26997813444626	-2.96763324989235	2.15191244418892
adze1240	0.673614652142799	1.06845009963549	-1.29039624864693	2.96141061317113
afar1241	-0.221047648009728	1.31731273129239	-3.0558897821882	2.38353407811214
aghe1239	0.106274646163868	1.27227185965817	-2.509305034562	2.73154511513666
aghu1255	-0.120440903807394	1.25489215908999	-2.72719557889349	2.32131542506856
agob1244	1.1783124667989	1.34050201492493	-1.06355292519794	4.16511307152552
agua1253	-0.0693089655620481	1.28029186863007	-2.81749316535311	2.44297627920165
agut1237	-0.246646449609031	1.28439873855584	-3.06251343931701	2.14242331239748
aheu1239	-0.201901167735576	1.41175524942664	-3.18052128191485	2.57646193900291
ahin1234	0.885404045781926	1.09142762511072	-1.16515620324958	3.19553990404047
aime1238	-0.0636898192048303	1.24998400176421	-2.70953116174633	2.36798221281141
ajab1235	-0.0917087329315158	1.35738613236881	-2.9374368016749	2.60857380246461
akha1245	-0.835080705837561	1.26026706415652	-3.59309883178454	1.33675151250192
akoo1248	-0.130206806810049	1.34440690275901	-2.92390838082442	2.53332606789905
alab1237	-0.402624382054564	1.29465026015003	-3.20183567032163	1.98555892464174
alab1254	-0.335689057010735	1.32655014828006	-3.29259886829088	2.1691918486568
alag1248	-0.405028122847882	1.31427783856374	-3.30280108605862	1.99462259427331
aleu1260	-0.319712987813319	1.29977739810705	-3.2674226923033	2.14043400285055
aluk1238	-0.20018654887668	1.39422329302449	-3.32777595546167	2.50329814031413
amah1246	-0.175147562836122	1.1947046036637	-2.71754749862953	2.11889524204873
amar1274	-0.459007697375749	1.29263915340024	-3.24870118235233	1.94868371858506
amdo1237	1.04106660087206	1.29334794271926	-1.16969783363773	3.97606659805443
amii1238	1.2200668886874	1.35019989703616	-1.07000130360321	4.26692114415915
amis1246	-0.324822582298482	1.33838228745014	-3.22609076604938	2.25525704771149
anei1239	-0.406964624558386	1.29932746487422	-3.26098430037684	1.99186362150755
anfi1235	-0.230163993743468	1.39337230098499	-3.26789200675405	2.4384416242044
anga1288	0.464579593393393	1.0469129565362	-1.44538018025686	2.75892648027439
anuf1239	-0.0974072668302918	1.36928543483918	-2.93915531623021	2.61556679905819
anut1237	-0.174834563427806	1.35530824169471	-3.03040838243528	2.51392610934619
anuu1241	0.298882945548189	1.13923160344539	-1.98355549336529	2.60377143123581
aona1235	0.454905384414893	1.06611410626107	-1.54362411172639	2.72183361124506
aoua1234	-0.182695765680447	1.33312959570032	-2.90866893455277	2.51325883433964
apat1240	0.0553783581340325	1.19574369905533	-2.38176590988603	2.45186171226661
apin1244	0.995156101463183	1.31967822818234	-1.26143074000036	3.9060680519083
apma1240	-0.128990909265181	1.07703382922596	-2.38572065580181	2.00180333152331
arak1252	-0.358218539327539	1.14898605639054	-2.85937081394085	1.81163561232661
arao1248	-0.302562815268346	1.17515784965948	-2.8110744427951	1.99271097217971
arap1274	-0.206624767368224	1.24288932822962	-2.85097082341646	2.16228357235768
arbo1245	-0.244637004925359	1.21669389016105	-2.89854784429863	2.04640450538086
area1240	-0.182473449023448	1.23956174154123	-2.80700223708799	2.25515869180496
aree1239	0.266518723328704	1.14271317815858	-2.05355688942089	2.58433863912349
argo1244	-0.1937376535551	1.38349531445332	-3.14239372477922	2.53947925656636
aros1241	0.33068991181025	1.2095467275425	-2.09247242725069	2.88515493227048
arta1239	1.26484722632863	1.17697698332456	-0.732033322875375	3.79782138644168
ashe1272	-0.6207741793677	1.26312450468549	-3.43810290813992	1.61888589350918
assi1247	0.870701696575848	1.31103075671252	-1.32644509832698	3.81334402172821
asut1235	-0.256259250376446	1.35123126247304	-3.11931871080162	2.41016974845153
athp1241	1.12407109789695	1.12189991695005	-0.730070888137057	3.60511081938737
aton1241	-0.531022481972257	1.24244670409225	-3.35452872198948	1.74785966742645
auuu1241	-0.80419556134435	1.23970481134374	-3.60079953145888	1.36637044289523
auye1238	-0.111567746183333	1.30643887091722	-2.94414928890377	2.47861891649349
awad1243	-0.446184013686629	1.3053165946854	-3.35241616505848	2.06522998807254
awar1248	0.814048060481016	1.06744844963919	-1.12605105029715	3.07919347568418
awar1249	1.37290479087872	1.13178970190712	-0.562599839648428	3.81717594074331
awet1244	0.584123460508784	1.17004359177392	-1.56248231398895	3.12325526770686
awji1241	-0.228234191479683	1.31752298982683	-3.12163069906825	2.35364023539416
axam1237	-0.0156586520835441	1.04015874308431	-2.13242006494782	2.09979447597318
ayac1239	-0.484568652350235	1.3225389685195	-3.44460927490433	1.91678040867646
baba1264	0.339965233007513	1.25815698526529	-2.11503515572461	2.97934700849508
baba1266	0.181295186150063	1.26351595702972	-2.3890784198554	2.80260180121756
bafi1243	0.0153180178288185	1.26891746637533	-2.7412619383907	2.55973640805763
bafu1246	0.11314546814731	1.2665151764966	-2.42436138573535	2.73632053510583
baim1244	0.069795590999258	1.18441415553319	-2.35805305980145	2.37418424964815
bala1311	-0.146482450956034	1.33663132296576	-2.92763776784252	2.4602268497205
bala1315	0.0536374174933315	1.27709349984871	-2.61668767499398	2.59633086889185
bala1316	-0.415151230937893	1.26510837849467	-3.26692251784719	1.93502484734778
bali1278	-0.140274882686383	1.36513259925607	-3.12373591391988	2.58793719323449
balu1257	-0.0962968720489355	1.29206040034845	-2.81395585833473	2.39911505063036
band1344	-0.0812459676010774	1.43395259574596	-2.99362222623756	2.78879611230216
bang1369	0.0346788801050976	1.25976657952439	-2.58544506263841	2.55995539528763
bant1281	0.906203174513869	1.01174220925388	-0.829937456703578	3.1309904962815
bara1357	0.538841551081368	1.01314284725843	-1.35799901004969	2.71932771225224
bari1286	-0.247809672543798	1.2272459196745	-2.89858165937562	2.08641969021951
baro1253	-0.74206049321135	1.30081142947446	-3.63248748482533	1.57082628667242
bash1264	-0.0864984838914941	1.37947021444678	-3.01193941901173	2.57245490570398
basq1248	-0.0415641794165403	1.36025683186865	-2.8144711797265	2.64372417778178
bawm1236	1.72625262154628	1.29774450451586	-0.349210714223005	4.5738147568129
bebe1248	0.0868987300876972	1.34172808328149	-2.69391400484647	2.83453246868029
beka1241	-0.207444840928358	1.33108396678515	-3.07918724083237	2.37873735717075
bela1254	-0.260716422793274	1.32288671832708	-3.0537436143117	2.33913927780481
belh1239	1.067653680626	1.07811214501313	-0.701788845481442	3.41434674303325
bell1243	-0.608722465388586	1.25736844502199	-3.40266904450705	1.66220380388018
bemb1257	1.6627867880204	1.59393534078694	-0.794663771489516	5.33689182887848
bert1248	-0.177141130869721	1.36071385054733	-3.11104136164298	2.53312897733549
bhoj1244	1.20108348393981	1.35904015931152	-0.995867015705892	4.3364959033796
bian1252	0.0755776511761627	1.14365418166379	-2.28018403423909	2.3743179232824
biao1254	-0.224335558360063	1.33245182215542	-3.03469317229077	2.34536265386548
biao1256	-0.20124032933791	1.34797852095503	-3.02050712375441	2.42608051027566
bier1244	0.38469572604396	1.10584085466068	-1.73588586768896	2.77214953071149
bign1238	-0.386822729399761	1.07990193233831	-2.76345751246876	1.62079830831308
biha1246	-0.212258137392227	1.36929205934626	-3.12021999001469	2.44025263293246
bimi1240	-0.680506949318643	1.30613989021504	-3.65726080497554	1.66291548971605
bini1246	-0.0993662719578894	1.35038310016098	-2.94394302771621	2.58227258516317
bira1253	-0.25141412360581	1.25443259451548	-2.96199041558049	2.07741657066876
bisu1244	-0.671633000817119	1.2546367920232	-3.4673332383242	1.57677464004528
blan1242	-0.630849465188755	1.34657727610551	-3.57677493222245	1.75499271195322
bodo1269	-0.453930285262704	1.24436982084413	-3.13914975094677	1.8645053171528
bola1250	-0.448889991141418	1.3139781292744	-3.40262713338863	1.96751636987745
bona1250	-0.114353741277	1.21675875352533	-2.73608372485461	2.24060146897795
bong1289	-0.215647170974358	1.3275984980588	-3.0651864052387	2.43165136188457
bora1263	0.697384621756565	1.22547878506183	-1.48039488977374	3.41394441992394
boro1277	-0.177939212434775	1.37915681935765	-3.14219504189864	2.54490344835095
boro1282	-0.369903111478585	1.30475306134287	-3.26155661848145	2.0754897339496
boto1242	0.0803227868893384	1.30222437640699	-2.75731667793779	2.66720261154325
boun1243	-0.106497033066931	1.41769416915051	-3.02760284127506	2.73222323423545
bret1244	-0.255255433452418	1.29479942853824	-3.06978734123843	2.25333984957608
budz1238	-0.14285446886031	1.38509317747524	-2.99326138446005	2.68098653151479
buga1247	-0.31724527395098	1.37521564040032	-3.34620746912566	2.31721531356949
buga1250	0.103006294334534	1.08919792725917	-2.08736348262957	2.30534508973501
bugh1239	0.0463688091429498	1.15439110569722	-2.35096603787742	2.36891090133265
bugi1244	-0.111994632408228	1.34319949820998	-3.00716473132765	2.57888310446131
bujh1238	0.560529021815146	1.02546216031863	-1.32278357917351	2.75583458939816
bull1247	-0.0670670974835687	1.3658493958056	-2.9156992218433	2.71457903293455
bulo1242	-0.222972947607609	1.33648327314961	-3.03829039216666	2.35734041981887
buol1237	1.38458057826692	1.42319167125225	-0.955469576956917	4.50062427877925
bure1242	-0.472872421024441	1.31905560113005	-3.37500691622834	1.96263250326117
burj1242	1.19154870086819	1.38181694925837	-1.12829431472119	4.32338076345442
buru1320	-0.385649103694559	1.33342488287949	-3.3532002951752	2.12441798418939
busa1253	-0.119260160145909	1.34275064567235	-2.89814329516979	2.54487958831334
bush1247	-0.0840862654089278	1.3718056819258	-2.89292850736666	2.62177452720214
buwa1243	0.153013502137867	1.09832771450824	-2.03173924824908	2.39414471871492
bwat1240	-0.483689234055175	1.30616499132613	-3.3861380819289	1.88019717517132
byan1241	-0.750739174024281	1.26540561041958	-3.50814015447542	1.4300855659211
caac1237	-0.442487455308545	1.26352970334927	-3.19506682325064	1.84890566331429
cahu1264	-0.342972776605494	1.334522524231	-3.33771222131602	2.11906382724244
cakf1236	-0.470541348941272	1.28398937126157	-3.26554786928806	1.87574899532852
caml1239	0.532807533407981	0.960517327829418	-1.20952668110874	2.57220153522423
camp1261	-0.107603226016709	1.24135784094281	-2.70617150151828	2.28104070267016
cane1242	0.851995878879986	1.30000317005209	-1.36777202382493	3.81165463918948
caom1238	-0.291424449361593	1.35261994294693	-3.26050050638739	2.31648908629382
capa1241	-0.143969862753205	1.20446553504892	-2.66863495103568	2.25426523070444
carn1240	-0.0980692465170411	1.34115441965444	-2.93231834853546	2.59430910300428
caro1242	-0.156623116898558	1.36458830472277	-3.08543396142372	2.45195564732263
cash1251	0.798716062261381	1.24226347923007	-1.42892944953717	3.5539424244818
cemu1238	-0.487782290747345	1.26493027890608	-3.28507885500732	1.82785016074166
cent1989	-0.215203644445042	1.37321334025275	-3.1742486138557	2.47772134911979
cent1992	-0.228531495811792	1.34536513498892	-3.04764941805756	2.32537722496363
cent2004	-0.839376528276787	1.28776797234448	-3.66686103495461	1.39682519676476
cent2050	-0.211174095846618	1.32403204179683	-2.99318923410731	2.42069121014311
cent2090	-0.228884133896636	1.32380306816045	-3.21621627084266	2.30281109653704
cent2127	-0.322809036401587	1.27569875696818	-3.15660194802679	2.12093350770488
cent2131	-0.59200088228136	1.28787772297061	-3.33924268469896	1.78369613676268
cent2314	-0.191811419905692	1.28421552036158	-2.92385045067608	2.3325234535076
cent2322	-0.115707191939027	1.35476527914988	-3.01231689964145	2.60601796688111
chac1251	-0.354429742617688	1.16977479572449	-2.88781912726168	1.8524100313159
chak1270	0.26326405365922	1.13235035479777	-2.0280684730054	2.58146842960217
cham1312	-0.14940838197938	1.34107909168093	-2.92163693514634	2.49912446812452
chas1234	-0.844188343779993	1.29161727804332	-3.88935107817951	1.36036948159023
chek1238	0.0942361797668264	1.16773258504135	-2.30700941035281	2.44323234050391
chen1255	-0.127162160184022	1.39193963072144	-3.06028158350868	2.66500928828904
chep1245	0.597513523012843	1.00103296582689	-1.25579037609482	2.71478589640461
cher1273	-0.347985526586105	1.26373689529557	-3.05652359858382	2.0880124405305
chic1270	1.07511016934771	1.35381168435254	-1.13404296081436	4.14208576806545
chil1280	-0.754136854242678	1.28844681696821	-3.53872682073386	1.500072262129
chim1302	-0.107937161875534	1.21235773978631	-2.69032052839804	2.20242978024963
chip1261	0.745281679943197	1.3163503943939	-1.52023540685956	3.68770141776864
chiq1248	-0.504740587770902	1.31026920210919	-3.4159642398044	1.93407633256133
choc1276	1.2661176111056	1.39615632427774	-0.971471099662826	4.40185554622827
chon1284	-0.197571905240817	1.29547577831706	-3.03062016903799	2.31798370166857
chot1239	1.1286069808708	1.22458082489843	-0.926153094794942	3.80958180963237
chuj1250	-1.11309175551256	1.30715347107589	-4.10665303127773	0.983742668701539
chuk1273	-0.211178531268652	1.34107353870723	-3.089508919798	2.42365003090353
chuv1255	-0.0735861511707338	1.34270450521361	-2.92256456848726	2.54445832396554
chuw1238	-0.0838882141193266	1.39765204704514	-3.06794966033223	2.72355029753604
cici1237	-0.138612162455833	1.3736179252601	-3.12911684743928	2.56388291239806
coat1243	-1.24240834047548	1.33079438744601	-4.28314301084317	0.978226778626008
coca1259	-0.537195190590227	1.26905103716613	-3.37412642330957	1.85242753647317
cofa1242	1.12033628331547	1.31678626488137	-1.11259633498649	4.09379936596539
colu1241	-0.49865973055376	1.3061133940374	-3.31185823018398	1.90253383454836
como1259	-0.458730181096031	1.25321966335476	-3.20418233629575	1.86177667111675
cori1240	-0.34985168285108	1.3430405874635	-3.16850552450495	2.15883755309502
cors1241	1.19600014100148	1.37168457585327	-1.14599989620137	4.26799130930434
cosa1234	-0.796796235029342	1.30939314945641	-3.80400941317144	1.56515979012744
cree1270	1.15227720666292	1.33083577952944	-1.01347688453166	4.12524788587121
crim1257	-0.101173638055353	1.37750365865248	-2.973949907099	2.658717767722
cros1244	-0.119075451807317	1.37600432692551	-3.01884004668666	2.59425613329199
crow1244	0.739039921071126	1.28503183962635	-1.55870870664095	3.60846608205429
cube1242	0.577278668206663	1.16310398605588	-1.5684561920929	3.08901560849589
culi1244	-0.32551743347632	1.23309177678221	-3.0052456885104	1.98438902963121
czec1258	-0.163313241322156	1.30149284647794	-2.93314234745304	2.36029609764874
daai1236	-0.358972567515714	1.17195779510481	-2.88754372679563	1.84723917902401
daas1238	-0.298163177561537	1.29490312920475	-3.14108243734106	2.14001067970718
dagb1246	-0.112039357878192	1.34327079473259	-2.89992596807398	2.53230262364744
dagi1241	-0.175437225801996	1.38066741799353	-3.14132764268549	2.51723119547218
damp1237	0.343878628635904	1.29536438544979	-2.21643510604843	3.08150839202279
dana1252	1.30254131532921	1.31352232738642	-0.884824794192751	4.25779244808475
dani1285	-0.25072642602809	1.29861278848949	-3.11293596053711	2.20156822064293
dara1250	0.292200912527975	1.04392591326739	-1.76573909490574	2.47821969870995
darm1243	-0.751146452844341	1.25698930152853	-3.54638601440432	1.42737156390792
daww1239	-0.0585391228698148	1.20479091198293	-2.68012528314973	2.34412481225392
daza1242	-0.0958034808990601	1.41302749949827	-3.0449537639465	2.72159283226751
dege1246	-0.14732281438379	1.33499011977762	-3.02006084094681	2.49969380904181
dehu1237	-0.478979453219699	1.34068680881317	-3.41944043243567	1.97057213641474
dera1248	-0.260204140834022	1.32494731003037	-3.11349279325979	2.22786774861505
desa1247	-0.078344023105574	1.10562353491454	-2.3271724823852	2.1120234003936
dhao1237	-0.223518405744988	1.35327182028675	-3.15084015104017	2.34317479236761
dhim1246	0.18038921761116	1.1693576679082	-2.21079682369726	2.59675716531432
dibo1245	-0.0924770668671731	1.34195117778853	-2.89702152683567	2.59461150415753
diga1241	0.0753084424718928	1.11888166800132	-2.24123508041436	2.32762507420811
digo1243	-0.161688620784615	1.39068129660054	-3.12510560331007	2.58158859136975
dima1251	0.117719216442013	1.11456012599398	-2.09002390240294	2.4051212497767
djee1236	0.733293678999678	1.20905770731978	-1.49154419975511	3.39687864767909
djin1251	-0.311119234500643	1.33516226675781	-3.17032868851765	2.28102610530381
dobe1238	-0.0790144727183185	1.35165522214934	-2.87049128745349	2.62656737596488
domm1246	2.20413446898339	1.47476017571854	-0.113734104657653	5.51852578020726
drun1238	-0.32726696494642	1.24019836763932	-2.99639256270391	2.06884410522065
dumb1241	-0.399960211551586	1.33575683559709	-3.27819034364143	2.10749306210271
dusn1237	1.08888015499467	1.32630833162107	-1.16437357862047	4.08332309732373
dutc1256	-0.324928249403072	1.32936154707876	-3.29230723327685	2.23069386681179
dzao1238	-0.184805225296015	1.35016373472884	-3.04256555945028	2.46346991722921
dzon1239	0.0023255942681093	1.17237867483254	-2.41302033266461	2.3604882471698
east2328	-0.194800175049225	1.32179914697954	-3.02066819333737	2.34274971674622
east2342	0.283810448758615	1.20808795821914	-2.18798428229382	2.89054826698895
east2443	-0.183071940084897	1.14298838928705	-2.54945907734243	2.13133203812061
east2447	-0.192691575910783	1.35104028519955	-3.07450233183842	2.42942473074948
east2516	0.89632412252911	1.13997077341624	-1.16563317509063	3.38166471932889
east2555	-0.516229123454849	1.24461060580577	-3.25741311570697	1.73789431243287
east2773	0.352066664394377	0.94638949504148	-1.47935545365682	2.33277341305516
eipo1242	-0.668033248833024	1.26640284829535	-3.47201516929678	1.70537153450398
emai1241	-0.117566730300003	1.3810009082454	-2.97800522755564	2.60193933250423
enuu1235	-0.73616886183105	1.31736946571298	-3.61788861895812	1.57666545463954
ersu1241	-0.137554079805263	1.21741921893095	-2.75443062650958	2.28783713861476
erzy1239	0.13862926421178	1.33902771888561	-2.48544339127151	2.88310682670175
esee1247	0.303738310829087	1.21930690815654	-2.11525512915949	2.82100015174963
esee1248	0.260096246736018	1.15925485291613	-1.97327362994491	2.72236164906891
esto1258	-0.281194381425731	1.34057432762345	-3.19753636789184	2.33057565804681
even1259	0.890284823319182	1.36229857494978	-1.50206482666459	4.00201649312321
fala1243	0.543363904807186	1.18624267336665	-1.74359802582578	2.97177811213931
fare1241	-0.0438724142973018	1.37776675884836	-2.88736629818852	2.77982265250761
faro1244	-0.203890985063679	1.27866965237662	-3.01874663903958	2.21884651365786
fiji1243	-0.147306326535784	1.30983783535296	-2.95099531759452	2.45760519851192
fina1242	1.18571567178797	1.18155845765245	-0.897695061486786	3.74570508114274
finn1318	-0.178384593897491	1.31885538988616	-3.04884428594792	2.49411847370334
fonn1241	-0.0978463037285675	1.35680564123834	-2.90570889134192	2.61734518829261
fore1265	-0.129110702767212	1.34997776715436	-2.95365329354223	2.52279747878955
fran1266	-0.840507021881822	1.3460675415118	-3.81483704730143	1.56002051569979
fuln1247	-0.346465698378569	1.29682301304917	-3.21372854062743	2.09854331858866
furr1244	-0.105517738433514	1.39976376344773	-3.08444834547999	2.72268859195145
furu1242	-0.10314002540411	1.38998407307035	-2.95487959524652	2.71335565541939
futu1245	-0.399434613692881	1.25487574357155	-3.11235030531742	1.93716562582387
fuyu1242	0.597734525521756	1.13613992804102	-1.42485137849301	3.04099303982816
gaaa1244	-0.0533487140178925	1.37781460404584	-2.95787925098284	2.68606989588205
gade1242	-0.225707440847249	1.35192686267762	-3.07825215952096	2.4450037152208
gaga1249	-0.0747688351255855	1.36542937291144	-2.93217716572497	2.68183101101558
gahr1239	-0.259856903155871	1.24049083444976	-3.01816036077299	2.10226015697733
gali1258	-0.314791545127068	1.3567382474035	-3.25087644883808	2.16396295394561
gami1243	-0.0957312953292674	1.32320781787781	-2.92492568184683	2.54820866546563
gamo1243	-0.356255986272244	1.34806189873412	-3.27215605533137	2.21435341795987
gant1244	2.27465882975123	1.36915762127817	-0.0633234906637511	5.10389912765446
gapa1238	0.184334231801825	1.16223655983273	-2.2206149096377	2.48185319160202
garo1247	-0.502019798834471	1.25469990520664	-3.25339072311983	1.83293937665957
gayo1244	-0.194629766943797	1.35755387966242	-3.15630898913086	2.3949790294078
geda1237	2.08879053224621	1.30957962923333	-0.0850555220823958	4.87630197521993
gela1263	-0.103916395796941	1.15138238321259	-2.45801120992481	2.14767097617507
ghan1242	-0.282260747230243	1.31018494748358	-3.1416010914153	2.21409633194959
ghar1239	0.0620830676776685	1.17387650608755	-2.33799793541113	2.42260254008358
gheg1238	-0.363529517682556	1.28320384262208	-3.16215743794219	2.04524754835799
gilb1244	-0.0813708747163723	1.32936539065195	-2.94454944544472	2.57778988877174
gofa1235	-0.390972921122055	1.35120368654938	-3.30881057517454	2.11986014331032
guah1255	-0.54550566018479	1.29162642957301	-3.43587475788827	1.80126799810001
guan1269	-0.0359407120061765	1.10225883955313	-2.31590117002093	2.1685742024882
gube1234	-0.0852038822230574	1.3584223753857	-2.93069612199799	2.62704330147492
gude1246	0.119831221709147	1.14673698929313	-2.17552144402297	2.47783290113912
guer1243	-0.991665176088188	1.36663661975608	-4.14778562478373	1.26715726239291
guiq1238	0.272378577247324	1.2091726162872	-2.23998934549898	2.7406416498271
guma1254	0.967504437204655	1.24736066333074	-1.18245320499556	3.61128296612594
gunw1252	1.0544788416212	1.3072580137226	-1.14683293243692	3.9765229672093
guru1261	0.291847273859463	0.90868833596096	-1.43989671644079	2.15633127548323
guru1271	-0.487711151288511	1.31065534706035	-3.39471977496539	1.90312896124492
gyel1242	-0.103448055851846	1.31595404162805	-2.91951777009522	2.48830899525314
haaa1252	-0.0858501748184467	1.38972114126647	-3.01259890077079	2.74155048242508
hadi1240	-0.390828914567199	1.34562087144728	-3.40904199976056	2.12730126072209
hadz1240	-0.277826606747949	1.33308451726914	-3.18449691710199	2.29599742520956
haka1240	1.79496304335129	1.2974692650489	-0.279983943211898	4.58395213374703
hakk1236	-0.330655497090011	1.33404765879415	-3.29137682329085	2.20789898762196
halh1238	-0.290515648009093	1.34027497520759	-3.24809751122821	2.35023127442548
hali1244	-0.486627898481475	1.32253976486833	-3.47463337097591	2.00661254605465
halk1245	0.536221261164026	1.21675434521684	-1.79572066761982	3.19384494472039
hang1263	-0.66663076094139	1.2074306976594	-3.32989864011726	1.47431540975593
hani1248	-0.598067592202325	1.32337088698511	-3.53173390766876	1.82060836539451
hano1246	-0.16823546944467	1.11202400050971	-2.53210344511553	2.01866642229907
haru1245	1.5846842579232	1.16857280253808	-0.352265149372354	4.04371345112828
hava1248	-0.404204916146508	1.2577087039103	-3.18046549645862	1.92725166130987
hawa1245	-0.134522704009493	1.37333880980666	-3.12811326886779	2.53364010012621
hehe1240	0.121465583898682	1.36253739465329	-2.68486984010499	2.94512464786763
heil1246	-0.597268577562015	1.242353864495	-3.38799616459734	1.64366803263362
hela1238	0.746611077315465	1.02842854232806	-1.09036215514669	2.9296400701077
here1253	-0.0975623970347604	1.3289092009136	-2.81376405559732	2.57879393800127
hert1241	-0.216382360506808	1.33254639428041	-3.140190621052	2.35756240706168
hida1246	0.848439098319045	1.33028347997955	-1.47090133221123	3.77466152008227
high1243	-0.896707331462392	1.29995313189796	-3.7935376957244	1.30822830738814
high1276	-1.0853559450218	1.28640929477446	-3.96024047884233	1.05518931828309
hind1269	1.26399780980447	1.38943685753591	-0.973585448299734	4.40500859698257
hoaa1235	-0.145093428870026	1.34436667390276	-2.99434870843499	2.46222599943923
hoav1238	-0.206727425542242	1.25477509668207	-2.96192487994686	2.12562231223284
hone1235	-0.373592376962309	1.32123165996007	-3.2280452332065	2.08195046571473
hopi1249	-0.0668659563188905	1.22532656509877	-2.60391055424541	2.32664064381916
horp1239	0.549648490688179	1.14834702477016	-1.74107997860442	2.92818139020337
huaa1248	-0.123330035625998	1.40358754784317	-3.11123086693348	2.69453899526899
hual1241	-0.0495402856043138	1.15568969165991	-2.49085452623113	2.22777856506672
huam1247	0.636483622982907	1.25239291124564	-1.64464382370403	3.36815277375818
huar1255	-0.552186888457325	1.28555722259343	-3.44054533210066	1.76414138781842
huas1242	-0.563854258764038	1.32482074695544	-3.48250715971162	1.87314648324618
hula1244	-0.165274521466276	1.33914545237998	-2.99057055459145	2.47983071285971
hung1274	1.49328625101459	1.46117674025247	-0.823684974300375	4.75780004760199
iaai1238	-0.484346616023586	1.30176137594643	-3.3219756891832	1.85873335241966
iatm1242	-0.287777146796024	1.21441439787211	-2.89914755020256	2.02174171304989
ibal1244	0.792789827611076	1.10935882223171	-1.32335886332091	3.17945946450187
iban1264	-0.163839677221366	1.40659307641858	-3.18800508868559	2.54897149417074
ibat1238	0.0845719966586412	1.31826500709752	-2.68777435922534	2.70401211633922
idum1241	1.72320181816181	1.43276863896209	-0.497264555680712	4.87887000509459
idun1242	0.507373352235589	1.14131960717347	-1.68193204703038	2.89989850599258
iliu1237	-0.263322267540744	1.31389717016839	-3.11420177083056	2.34050534982951
ilon1239	1.21968966514912	1.15292648513345	-0.774679148692658	3.68846118782812
imba1240	1.12137972611284	1.2663500151104	-0.976612277240982	3.97143463703423
ingr1248	-0.213037400149673	1.32414317358345	-3.05856985481194	2.31532178770738
irar1238	0.547017799423565	1.29267198513976	-1.91457849889326	3.33359304828394
irul1243	-0.115930025266491	1.37417853979577	-3.00623520086613	2.51609490960614
isco1239	0.95744884988498	1.25951421295379	-1.20038448532	3.74858504700784
isna1241	0.320565766217765	1.24743527266613	-2.21661855169703	2.98978553188783
isth1240	-1.11774637716506	1.28238210976071	-4.01604073883766	0.986996088636689
isth1241	-1.03496117227685	1.28773696954236	-3.9444334596634	1.08650184730463
ital1282	-0.111415294767261	1.23315090762655	-2.74300046071693	2.27885962647255
itza1241	-0.628226810365617	1.33229653650601	-3.53223062977207	1.76299917677425
iumi1238	-0.72714133223352	1.26877455213331	-3.48888116625992	1.50283235255993
ivat1242	-0.176583202668228	1.32711288368238	-3.02962175061647	2.38978801024972
iwam1256	-0.815051738321439	1.29898547857769	-3.77821839868003	1.51874059049514
jahh1242	-0.212685465782773	1.33779899512456	-3.13129096008402	2.32499489144456
jamb1236	-0.114536556760381	1.35691090774487	-2.99907688699997	2.5651638547381
japh1234	1.55282373645282	1.30688805932851	-0.495096462294497	4.3779028981784
jeha1242	-0.169716309405676	1.39153336008	-3.20157871176282	2.58909089216593
jehh1245	-0.240218288809877	1.34097524788308	-3.1123507265671	2.40869774154881
juku1254	0.111631827467723	1.27778366898505	-2.47297457887664	2.75958049641913
kaba1278	1.03159992460034	1.40072579523866	-1.3959738558432	4.17320578738086
kach1280	-0.595318856254751	1.33532926270546	-3.54615283187546	1.8859131844322
kach1284	-0.215272968652704	1.31541320342117	-2.98506344414624	2.37277920319873
kado1242	-0.781245576274031	1.26236960736566	-3.69315724772173	1.40225914241553
kafa1242	-0.35217228326196	1.37614154575397	-3.25283988437626	2.29082684601953
kaga1256	-0.243459786998726	1.28019366332401	-2.97620155388956	2.23857019348167
kaik1246	-0.634431293168008	1.2124619917488	-3.34230273384323	1.5145211909336
kaki1249	0.338205688627264	1.1730874983647	-1.99502418641968	2.73182470069827
kala1384	-0.08869022622647	1.34425140221964	-2.85508503730238	2.62596930482101
kala1399	-0.324213969854675	1.34758191158371	-3.35477864921907	2.17838551747694
kamb1297	-0.122599392507966	1.3723529541209	-3.02421890102184	2.64170353596513
kamb1299	-0.293971852799252	1.36509176197629	-3.19897257437091	2.28468285338105
kamm1249	-0.0350568728131299	1.33911113760227	-2.78330009150716	2.6662634216879
kana1286	-0.363751463118317	1.32762071151112	-3.26001701245435	2.05467080616331
kana1291	0.776672316617593	1.31397968682757	-1.55337674565285	3.66376959954233
kank1243	0.895187755230142	1.15361304138094	-1.15659321842252	3.32038599763311
kaqc1270	-0.846901349592549	1.30459060952904	-3.78306094381736	1.37427487439098
kara1486	-0.678935646719152	1.27144043793693	-3.50619401740909	1.60777600682627
kara1487	1.10986541180824	1.12016781345901	-0.877958662046424	3.49978289435895
kara1500	0.940991518516835	1.30397453727492	-1.21716731781798	3.90344425779707
karb1241	-0.0196722708880432	1.11597208298454	-2.26753886432046	2.27939803713665
kare1335	-0.153668056207653	1.35780007507301	-3.100067042653	2.53442613436773
kare1338	-0.048554793904574	1.43720048649049	-3.06174679755686	2.8635100359156
kari1311	0.695485370479696	1.23951822405839	-1.50273720647759	3.4475244076775
kash1277	0.124064758713874	1.21236883063957	-2.33319078263127	2.5779505550749
katb1237	-0.252373892163987	1.04109617612235	-2.47960221169939	1.73020440840636
kats1235	-0.642072849323406	1.30178994283007	-3.48152517630436	1.77716176297122
kaya1315	1.14367153550492	1.26581162298199	-0.986536929322096	3.91035709757226
keda1252	-0.28330263545585	1.28680998775666	-3.10364998433248	2.14237881627746
keig1242	-0.170845732897284	1.37789710875682	-3.07858276096038	2.53151547032696
kele1258	-0.145381059441087	1.26851588786099	-2.95794376732046	2.28811617488597
kele1259	1.26018501053657	1.15516708382048	-0.733561011296832	3.70107136881971
kemb1249	-0.236356846421267	1.39685142600686	-3.24752418816015	2.44382693928904
kenu1236	-0.119187687584033	1.3715352380997	-3.0760193204471	2.61159641060314
keoo1238	-0.31171561860445	1.34089228947783	-3.24609273785689	2.23673840277381
kera1255	-0.289013971636351	1.24626215984354	-3.00458137150633	2.10651175178222
kesa1244	2.1360240841491	1.39650575573032	-0.141190019718076	5.17336096821342
kett1243	-0.121021359822318	1.36870344327578	-2.92383269446278	2.57669731058493
kgal1244	-0.142192704906121	1.34705448124936	-3.03333191277856	2.46716037046753
khak1248	-0.254882110602371	1.3828514491448	-3.18062769887191	2.38370402434146
khal1275	0.44220812122174	0.99279490701569	-1.44883352674685	2.49887363724286
kham1282	1.15369917050922	1.33340136116616	-1.03504199099122	4.1421120607889
khan1278	-0.165025065968513	1.37351701360934	-3.12219726716488	2.51796704413481
khar1287	-0.145417395217289	1.37317136101524	-3.05034181827778	2.45828512298995
khar1288	0.299650269828796	1.00121899351583	-1.6387446382545	2.38578927529384
khas1269	-0.257519553552089	1.25244275766299	-2.92579733407476	2.09298875845581
khez1235	0.239822186822304	0.987206077469833	-1.65478855018344	2.35613694996046
khmu1256	-0.524744484583329	1.33667593577081	-3.48018330385899	2.05901601084998
kich1262	-0.896320333349553	1.31168095954368	-3.89890045439991	1.31493973038244
kiku1240	-0.0608788201779184	1.37810534332846	-2.88303120413392	2.65101745184111
kile1243	0.84144201444193	1.36634488347104	-1.54634680383212	3.93252164140461
kili1267	0.590862552751542	1.23093652130011	-1.70531999506926	3.21939995528509
kimm1245	-0.331402988027802	1.34410476905156	-3.19173395333148	2.23788163723533
kina1250	-0.208678369105346	1.37006720770103	-3.16155660556399	2.47119551539036
kinn1249	-0.381268550638365	1.26851247875003	-3.12336059107194	2.00740917404089
kiow1266	1.00045252008687	1.31040009094743	-1.21362519234252	3.89532073290868
koit1244	1.03851630012878	1.18033782953171	-1.00665794372822	3.66179929954624
koko1269	0.156097428787925	1.2023090712578	-2.24319305772244	2.60832183853199
kolb1240	0.0452189377437397	1.32454576624305	-2.62432243685743	2.73017492836951
kolc1235	-0.0764876127666383	1.33525566060824	-2.86853014714117	2.67143757706975
kolu1245	0.692058589629564	1.16373871742194	-1.46789518041581	3.186440476365
komb1274	-0.439162913103216	1.30308488654841	-3.32967198790066	2.06356113495724
komi1268	-0.143145441781026	1.33498187707094	-3.0537927448545	2.46995683305214
komi1270	0.366300118803195	1.06871325985881	-1.71323415650477	2.57597447435424
komo1260	-0.0746368570425086	1.36851512985202	-2.9527417632248	2.66291989669982
kona1242	-0.594987107063534	1.30077113089008	-3.50108780680902	1.73881183906565
konk1267	-0.278670649650569	1.34779943839892	-3.25317156110569	2.22992740060334
kony1248	-0.0215345741032982	1.11488217062708	-2.331725170494	2.20570308851895
konz1239	0.755862907788135	1.34430428874151	-1.65962928862919	3.69445173876167
koon1245	-0.104273474328146	1.37055806487249	-2.97860256179622	2.6572077172052
kore1280	1.02757514445808	1.41238799499205	-1.43038029761468	4.10430200670716
koro1298	0.945270235041068	1.36748976849872	-1.44111775332678	4.02367080039002
kosa1249	-0.64143566788427	1.25564273613323	-3.43360980115022	1.68701140172058
koti1238	-0.0991599037471905	1.31783969114126	-2.86780164805143	2.48611474348112
kove1237	-0.402827415022381	1.29526893961673	-3.34324321249296	2.03249859594766
koys1242	-0.265519489188326	1.32990081244417	-3.08107990867576	2.26539522020207
kuan1248	-0.724506631676045	1.27936269863375	-3.55760752809108	1.52774463884771
kulu1253	0.647369784476812	1.00899037343053	-1.1708108871521	2.78922514590498
kuma1276	-0.426574278104108	1.25848832686364	-3.19799173746234	1.88070329294724
kumb1268	-0.257760941790762	1.28425854498393	-3.03099994057999	2.25355057460982
kunb1251	0.94437225090903	1.24326204049467	-1.21701979432718	3.70372777595702
kunj1245	-0.176630317110908	1.31179546822964	-2.8930367594995	2.3771089788967
kuot1243	-0.77034582806363	1.28074139811133	-3.64625481190206	1.51793748321473
kusa1251	-0.245595059276545	1.24663431590345	-2.9959859223071	2.06029095157274
kusu1250	-0.671359320934941	1.2587181498264	-3.42681750499835	1.60352716460497
kuyy1240	-0.224122163782028	1.3377085042219	-3.09078733907353	2.40424029534859
kwai1243	-0.231480281691898	1.23153124570464	-2.89839266575577	2.13696636132877
kwam1252	-0.510329510197159	1.25777306939355	-3.27108794612789	1.76355914511109
kweg1241	-0.384255326065421	1.31544881596434	-3.25169582896805	2.04056300606413
kwin1241	-0.165130100349908	1.32068626195464	-2.94343587734063	2.42685727004588
kxoe1243	-0.142862052347914	1.37360331276095	-2.97958925061041	2.51229174472473
kyer1238	0.737447607243981	1.03775847988218	-1.08068865654217	2.97319700484658
laal1242	-0.230893237051692	1.39450882077016	-3.19431016708052	2.48272790280002
labo1244	-0.199671600358777	1.06907018480126	-2.44477018140637	1.87489561959606
labu1248	0.128649650292562	1.0525182123189	-2.0241520653599	2.25452198445576
lagw1237	-0.367422226903624	1.30655478355579	-3.14909433623676	2.05305560834289
lahu1253	-0.792094976481494	1.25064736498268	-3.65442247513864	1.43202593568884
laiy1246	-0.134756063779687	1.35273754494525	-2.99610293755525	2.47596880792575
lala1268	1.00051962623518	1.17008504229019	-1.04085787683763	3.58282113710819
lama1277	-0.261630724872896	1.24944266376261	-2.91469211173219	2.11990096779943
lamb1272	0.725747883015187	1.34029326667929	-1.71572367155655	3.64955079149536
lamb1273	-0.252207662038598	1.32835335382467	-3.1301268993136	2.26745006708417
lame1260	0.362810671549332	1.09594726229106	-1.72773835094079	2.71232420656041
land1256	-0.0871307794532986	1.37670207096299	-3.059845095139	2.74061453179491
lang1320	-0.403982442760447	1.32700933187999	-3.2741482455019	2.07460230824519
lash1243	-0.818721802595024	1.29190647350146	-3.79670733803415	1.40440621837064
latv1249	-0.347763535047047	1.28437998519746	-3.22489079000184	2.04890753685706
lavu1241	0.592950220832005	1.21480747330763	-1.59224303249921	3.21338254977674
lega1249	-0.0921400296886602	1.34048746321416	-2.8659376274502	2.54284284911475
lega1250	-0.0937906978455745	1.35760622912041	-2.97047384007086	2.67469149293766
lele1267	-0.0143552302781375	1.21907717318599	-2.56801947044383	2.39295529319896
lele1270	-0.17374146411671	1.26851840630981	-2.98418328774547	2.20657087945
lele1276	-0.315416892899437	1.2906236430864	-3.15170884384609	2.20983262208657
lemb1266	0.654687974181087	1.10950677311583	-1.44486381705104	2.98780207266731
lena1238	-0.515346284394962	1.26969854936148	-3.26188105955791	1.81856085175651
leti1246	-0.28261503082199	1.30377259781324	-3.18243897025224	2.19935425881183
lewo1242	0.365282961107916	1.13838055550998	-1.77802737331457	2.81482642427833
lezg1247	-0.142306280596612	1.36136853894868	-3.00886275251395	2.53092343422263
lill1248	-0.384050249460384	1.22004530096828	-3.03450568562082	1.85761289117515
lipo1242	-0.803653208228595	1.28649773991707	-3.68688267721267	1.45304651856719
lish1245	-0.265940750504414	1.31559723965573	-3.09881258435898	2.3021447093584
lisu1250	-0.665656356383413	1.24000794406158	-3.41146794984317	1.61343092856744
lith1251	-0.32904405418426	1.33960814487371	-3.21569897662153	2.19389824828625
litz1237	-0.333719309784279	1.05029489964112	-2.60610795690151	1.64924927623896
livv1243	-0.211651869186563	1.36912938542121	-3.12078393065129	2.45058009226111
logo1259	-0.029364066266446	1.3699612930693	-2.85024520255114	2.79326686521472
lomb1257	-0.349305299995921	1.30423407511167	-3.15507464589692	2.10653851254044
loni1238	-0.186855118170552	1.28364916957472	-2.9978110295683	2.21591265136936
lote1237	-0.416858484600325	1.29776778591799	-3.28889927532751	2.02082383547054
lowl1260	-1.10185494367423	1.34457253371692	-4.12535837724476	1.11578484814853
lowl1265	-0.653332386748384	1.28733973241939	-3.60962190049711	1.58088026957444
luan1263	-0.251733129730834	1.3087572073545	-3.09702775691546	2.27263759362372
ludi1246	-0.204743690731085	1.35512471672441	-3.11025463029731	2.43629569127138
lugu1238	-0.13586824229362	1.38148119052489	-3.01756498468087	2.65561259476892
lule1254	-0.202404099174669	1.34835397680992	-3.10653875137338	2.40422860581114
lumu1239	-0.164675296280883	1.37327540060368	-3.01111794212301	2.58237210968868
luok1236	-0.124911677058453	1.41722004350827	-3.13694683854936	2.65349433250411
lush1249	1.78790563544746	1.31263124955481	-0.318850438181389	4.69706111819836
lush1252	0.0410862273956124	1.17245815166454	-2.42376245163173	2.39837070227519
luva1239	-0.0874603715221187	1.3652770718713	-2.98239865320458	2.6069044685517
luya1241	-0.117136479928437	1.36812225355529	-2.96690015047393	2.62514089359751
maan1238	-0.126966088381612	1.35541571634573	-3.03735608999309	2.46279759324918
mace1250	-0.366875144759754	1.29012076597259	-3.15860100077207	2.06134661646402
macu1260	0.680630873624643	1.20508076421417	-1.49606374545731	3.38954868115888
mada1285	-0.76266425397441	1.27225625993053	-3.60499132686725	1.50232689734085
madi1260	-0.0848783981239756	1.38787728980711	-2.93032687317441	2.71261632757125
maee1241	-0.397121626010531	1.0661647209737	-2.7578204866038	1.57943307080852
mail1248	0.0484162174702797	1.2426098877566	-2.54409705243093	2.50162418876799
makc1235	-0.227966261563793	1.34824665832769	-3.11862414857623	2.37829804351622
makh1264	-0.130132943231232	1.38484676373901	-3.07348761904539	2.62080687758573
makh1266	-0.132757995376056	1.41667194909002	-3.14981159374426	2.60772595337179
mako1251	-0.102202192049045	1.37765721056958	-3.02189255937823	2.64646345921636
mala1463	-0.141493881254125	1.374359986581	-3.1408139341666	2.48779634368024
mala1464	-0.165931491309903	1.36238373865158	-2.99753485161516	2.51982411961853
male1284	-0.361850336484656	1.32668366123512	-3.2208611278136	2.13530021218918
male1289	-0.179559682274518	1.19074175689743	-2.77119339374677	2.10070801038546
male1297	-0.350728977614649	1.26963723584403	-3.19649763242081	1.93850516514934
mali1285	-0.876131376100471	1.34189525534793	-3.93089286275689	1.43883987254618
malo1243	-0.378691476849997	1.11576935780521	-2.79946270805865	1.73323835168623
malu1245	-0.40754976397103	1.08454867934775	-2.80056027431464	1.62280544329473
mamb1294	0.0900183512602453	1.24924034336705	-2.47987451813666	2.72846280880114
mamb1296	0.242896377669763	1.36212962825233	-2.44743598778195	3.06272242452105
mamm1241	-0.972633736364659	1.3184966750104	-3.9440960275511	1.2851784328431
mana1288	-0.173635048959991	1.08076136130386	-2.45592292841259	1.93280100686227
mana1295	1.54198471309717	1.21025676288581	-0.478992021749774	4.14339398046054
mana1298	-0.62175859252623	1.21719047579403	-3.34268986666479	1.59572215069038
mand1415	-0.263264430813263	1.31805405832628	-3.07383476269828	2.24159156167111
mand1440	-0.659372342704482	1.2872465809882	-3.47779925867064	1.63666083971355
mang1381	-0.215746337477421	1.30176473826277	-3.0207662218934	2.32580170805295
mang1401	-0.123108335572218	1.34146152291677	-2.91625146357452	2.543176357543
mang1403	-0.432630688753336	1.30039082871826	-3.33281331834013	1.9876211092516
mang1405	-0.299666749349667	1.34079346053775	-3.15044024941245	2.16081189161717
mani1235	0.0552495776438892	1.22030168030574	-2.42573733655154	2.55524503329773
maor1246	-0.135052849535032	1.35762345014398	-2.96696198587186	2.49663744370994
mapo1242	0.106822885367247	1.07700487955809	-2.09946484259925	2.24488899054399
mapu1245	-0.435544817367345	1.24436949551937	-3.21792935046056	1.83516889749212
mara1378	-0.299594980369287	1.30135437571569	-3.14929845482008	2.16941509562974
mara1379	0.214599318400681	0.986663651535545	-1.6769857804138	2.23138829058618
mara1386	1.20134236492252	1.34361646664757	-1.07019581342155	4.27932624077492
mara1399	-0.375364977199903	1.05862729392217	-2.65676166581549	1.63525949605785
marg1265	-0.157336054719387	1.21046425477269	-2.74682012367289	2.23566388606728
mari1426	0.00658298024479138	1.18518656641184	-2.41551756740783	2.45518926075877
mari1440	-0.478832577737721	1.31902332287348	-3.42071790441684	1.93497451922773
mart1255	-0.340430067813368	1.3063762785885	-3.23376368462478	2.15044824628333
maru1249	-0.857927722489354	1.32662996165044	-3.86031835822126	1.43051364187398
maru1252	-0.427061766073571	1.24011505198887	-3.17744492002792	1.92184664789543
masa1322	-0.359153233960864	1.28728790736868	-3.18140755234219	2.08614197950477
masb1238	-0.187049933064472	1.35468065278527	-3.00560334625239	2.44560910663007
mask1242	0.0786650495897877	1.04553694105337	-1.99935795468827	2.24833427960197
mati1250	-0.146141208988184	1.32931570353026	-2.94779009153139	2.43227824203102
matu1259	-0.104140187875625	1.40008601919358	-3.17353372815971	2.76703895584736
matu1261	2.13265883856124	1.36283569112793	-0.100812551630503	5.00433201271125
maun1240	0.730412312244602	1.24145898934275	-1.54879118749333	3.41981301039157
maxa1247	-0.461428226463013	1.27425977456975	-3.32467544605268	1.84970658998019
mayo1261	-0.0228569001332657	1.4443139163708	-3.04258847048922	2.8931110172743
mayo1264	-0.469014030087959	1.35255891882502	-3.43215636237791	1.96714206072706
maza1304	0.241865509328424	1.11435749751334	-1.90013524882281	2.50387887708448
mban1263	-0.112608880606416	1.39675659553645	-3.11056251254452	2.74373148738688
mbar1260	-0.34786856790406	1.32685644421702	-3.17710397057786	2.21992294759412
mboc1235	-0.0865212161914851	1.33325210470416	-2.86513627263974	2.53123267815261
mbul1263	0.00979972584159534	1.1776332599377	-2.46445066067701	2.30342262939118
mbya1239	-0.51436020554072	1.23947470388626	-3.25815990545848	1.77907486012253
meen1242	-0.348032900451762	1.404883859447	-3.42051678848521	2.33306614074303
mehe1243	-0.796417492308387	1.20398075780005	-3.54012915914492	1.31290374095495
meke1243	0.622044352541956	1.12985221635165	-1.51047474579366	2.98177459694945
mele1250	-0.0515022003600122	1.22135789053563	-2.69603809209963	2.32120488360585
mezq1235	-0.774051473760872	1.34170661158959	-3.82980175253968	1.61081794427175
mich1245	-0.323178240265654	1.28508013106799	-3.09227001145104	2.1298502863271
miju1243	-0.0372430211245301	1.12470750147166	-2.36936996626862	2.14963087965286
mikm1235	-0.330840113048585	1.28086991525015	-3.16969444673906	2.02072096322427
mila1245	1.66794183811247	1.35171067479962	-0.471124774197281	4.63886951748787
mina1276	0.302552308387707	1.11065372518707	-1.77252517816474	2.61173871481422
mini1251	-0.72816868013349	1.28365037910706	-3.61874188594006	1.53710673012951
mini1256	0.336330982590711	1.1352560689854	-1.9463192713069	2.77594237156893
minn1241	-0.321401219447473	1.32387638703174	-3.21973024314007	2.22663053131869
mixt1426	-1.24272160377897	1.32790363210651	-4.32318421725774	0.902897197980115
miya1259	-0.144952785008781	1.41988440203421	-3.16519246452508	2.65612099612444
miya1266	-0.506031948883178	1.29975765423829	-3.39715375829452	1.87940678635509
mlab1235	-0.37025121757532	1.33187496447647	-3.35796101498536	2.11131218946874
moba1244	-0.0838071915559517	1.38056031999319	-2.99383468846041	2.66825006454131
moch1257	-1.061030495601	1.29100242421495	-3.96452026722977	1.0846407908847
mode1248	-0.25573986390715	1.31374142824543	-3.15076164526792	2.23828937395172
moha1258	1.25617064959223	1.35140837159281	-0.963096875430553	4.29850345114843
moke1242	-0.11638741282306	1.39631298492311	-3.03701093465587	2.70443680405202
moki1238	-0.0664198416241961	1.36031085211954	-2.87234487050375	2.60359574281627
mokl1243	-0.172432576717339	1.35916890220512	-3.12096420313783	2.45717741203584
mokp1239	-0.159112574924186	1.36518551955764	-3.07883984208345	2.54525719473354
moks1248	1.4577858745142	1.46087194092561	-0.861200747567893	4.73575757363428
molo1266	-0.0535689938632401	1.17269149067386	-2.42774670182443	2.30085276960744
monn1252	-0.134501433101826	1.38778113937792	-3.05560802598391	2.61519480331193
mono1273	-0.33957615206816	1.33241295877755	-3.24227093205063	2.19908094751506
mopa1243	-0.567228017048831	1.34899924104269	-3.60637378040543	1.85178330465421
more1259	-0.844182088266175	1.32212038107218	-3.80509116587359	1.46023920352796
morm1235	-0.0006678486720008	1.2951693052642	-2.75862491894046	2.68701303120781
moro1289	1.54415811952765	1.3957540346599	-0.652514999136925	4.61703073147412
mose1249	-0.566426568222648	1.29869770354976	-3.38042079736661	1.84150679526457
motl1237	0.69400596936954	1.21919624946385	-1.57470315015052	3.3329780119373
motu1246	1.17280216488345	1.24146089181048	-0.913735594140048	3.94826520440165
mpad1242	-0.30618806323231	1.35900446678767	-3.21102496381135	2.29048841214783
mpii1239	-0.36840680139676	1.29992556233028	-3.11776196196442	2.0794788578351
mpur1239	-0.274993941574894	1.24720705823695	-2.8057652657273	2.19992448654216
mual1241	-0.226974347229428	1.3758268516237	-3.18581416375701	2.42831319452005
mudu1239	-0.196679530087544	1.36962258151971	-3.13681109487436	2.46843846587517
mudu1242	-0.391528649290013	1.33007272645624	-3.27028179932134	2.12428952672179
mull1237	0.704669867444607	1.25778549538592	-1.5817968800672	3.50383024249665
munc1235	-0.298724819542017	1.2146929578138	-2.92807835255036	2.04880469243386
mund1325	-0.0268396010979933	1.22347694694705	-2.51939377561811	2.51323320134769
mund1326	-0.0857905284500912	1.39836274625859	-2.9648954565751	2.73928831524693
mund1328	0.196732810667515	1.25340764919105	-2.33404542851188	2.77204229476733
murl1244	-0.208995548839486	1.38903636803631	-3.21096016081709	2.52466458485423
muru1274	0.759687362501014	1.24022448702189	-1.48081804033296	3.45662139988318
muso1238	0.259891130199332	1.01332413040844	-1.75451257517943	2.30876238055088
muyu1244	0.169144405197867	1.25085004730946	-2.28147843040783	2.7994263911944
mwag1236	-0.51633155994624	1.29998130997831	-3.37946748797789	1.89272443448467
mwan1247	-0.139072651842969	1.43311534032717	-3.11627770204056	2.69852234857344
nali1244	-0.734749761589704	1.26742399784637	-3.58740771219239	1.53158582743274
nama1268	0.265155967090983	1.18093034377764	-2.01175099833386	2.73286228763754
nana1257	-0.179082929162377	1.28868615867804	-2.8065588909546	2.50040182537148
nang1262	-0.193243911943328	1.32888888729434	-3.04555979584356	2.35834411954191
naue1237	-0.294266170961851	1.34444983253041	-3.19087351736029	2.30210777235542
nava1243	0.55687015343583	1.21806527820807	-1.60247012033352	3.3260321261124
naxi1245	-0.253722076050563	1.20947642003028	-2.73547510576828	2.12529275092541
ncan1245	0.378052668056555	1.25453063414396	-2.06819909259365	2.96853752824132
ndam1239	0.156721581683477	1.38711216325337	-2.60462353170653	2.9396120974796
ndog1248	-0.093237163178433	1.44129493170521	-3.14923240346146	2.91377544934919
ndun1249	-0.144196284243125	1.40187614997638	-3.12176504818056	2.6496411665252
neha1247	-0.448398367853671	1.3374380773148	-3.3306999222915	2.11100466168444
nend1239	2.19557729376668	1.30380750273745	-0.054748419786609	4.86765396095083
nene1249	-0.137185006968019	1.37457847569521	-3.0772011381225	2.61917774836563
neng1238	-0.374524780953962	1.36225533909322	-3.36295273007207	2.19896848604578
nenn1238	0.876637384567087	1.27315939496256	-1.37087422019367	3.67896662430109
nese1235	-0.408466973468529	1.08490123541944	-2.81672982686364	1.61249035203333
newa1246	0.628338804377866	0.988541304530564	-1.15770843678458	2.74614594935824
nezp1238	-0.439312372043162	1.28770115771225	-3.25527678211719	1.90721264114792
ngaa1240	-0.144314404495526	1.35964863294762	-3.05030804458735	2.51244243524935
ngan1291	-0.141981783309443	1.33266015329377	-2.95299146579288	2.51148009247505
ngas1240	-0.514086853296019	1.288319042892	-3.36264405111559	1.87941129419349
ngba1285	-0.074184042418035	1.37130104094864	-2.95971618584677	2.63891813658508
ngit1239	0.726630651664198	1.35796238924971	-1.70522539702731	3.66317936437957
nhan1238	-0.22034935690256	1.29713070691594	-2.97747888304189	2.28931544318217
nhen1239	0.705985513682086	1.22475197361646	-1.49925705337882	3.35472283540892
nila1242	-0.245292037979085	1.35177511762338	-3.16730866157863	2.36944872682711
niua1240	-0.159993982401112	1.35445776169429	-2.99858437292319	2.5379729745098
niue1239	-0.138368379634127	1.35407389884064	-3.02988288703645	2.54699948965491
niva1238	0.745617749992665	1.26746329030377	-1.50642240174668	3.5262074248248
njan1240	1.20578218083539	1.40244636615799	-1.1234330762677	4.40846532932043
noct1238	-0.0235910968244363	1.18277048985047	-2.49466169645829	2.33796944471467
noma1260	-0.041216223803931	1.28648927844744	-2.82778358876223	2.51901045165073
noon1242	-0.0701792109035571	1.40110679440736	-2.91447416677363	2.76167030759247
noon1243	0.407537643547752	1.2559070906649	-2.037563752161	2.973261823499
nopa1235	-1.16935205040963	1.33956208654481	-4.19994247761743	0.990634515737875
nort2684	-0.227332296893764	1.34729160992357	-3.0570383564457	2.4298995722036
nort2690	-0.0918909527868352	1.40128319080688	-3.04574508517311	2.6403233720772
nort2702	-0.128361347189059	1.44151722043448	-3.24686457874822	2.67595714297225
nort2722	1.02577757298365	1.1598142207154	-1.00827480744783	3.48991599440865
nort2723	0.0842174652921232	1.19056781331394	-2.32656032498511	2.50845964764187
nort2732	-0.300074432181861	1.3282638012489	-3.22030554558616	2.21574684693232
nort2745	-0.21052450577233	1.35292573345951	-3.111086059222	2.35346908399028
nort2747	-0.237790395850948	1.32857874312103	-3.06416259861809	2.36400823876342
nort2839	0.026416421829638	1.04741343991214	-2.08000911222837	2.179808788269
nort2845	1.48345096401194	1.4877513258323	-0.934578037578505	4.77262063964778
nort2885	-0.221806160750219	1.34880866725975	-3.08175363965167	2.37916211010001
nort2930	0.516991056117658	1.2373871545966	-1.8623645858826	3.17498292940133
nort2938	1.2585541167542	1.36922745388271	-0.968256031823551	4.40415243913861
nort2942	0.859258550251125	1.3208214155327	-1.48206806553935	3.83156178468091
nort2954	-0.160220823551472	1.29951627531638	-3.00660330380592	2.38024690566695
nort2959	-0.535703970386951	1.31565847847559	-3.55406230403705	1.87761672715748
nort2961	-0.383173422272884	1.28991844152761	-3.23632201763969	2.00642886229355
nort2980	-0.63273227515798	1.28465490967148	-3.56034049172732	1.64962505891831
nort3047	0.00790119449997189	1.14877515238507	-2.31130003234328	2.3186057841187
nots1237	-0.761528378263547	1.28459733848768	-3.62205858392747	1.54483101257443
nucl1235	-0.283573786313876	1.30290734753867	-3.12901660685175	2.1992898471192
nucl1301	-0.108581648500384	1.3646840672183	-3.02480434491749	2.56244324551418
nucl1302	0.0707283454285589	1.29521936314047	-2.57218919454992	2.72954623416688
nucl1305	-0.144951956061411	1.38139075694971	-3.12235744335689	2.52048246802797
nucl1310	-0.333729989255005	1.185700131536	-2.86979356735141	1.91968763625516
nucl1417	-0.160545770068009	1.35670135077099	-2.98060507934211	2.49680611889628
nucl1458	1.58443740671915	1.16678578127448	-0.372505335112082	4.03201875607685
nucl1622	1.50643174386557	1.44144245109038	-0.72983785029025	4.8082395097959
nucl1633	-0.504825431422055	1.30456249578231	-3.31813617657061	1.98861675982722
nugu1242	-0.00833199592366999	1.26304159630638	-2.72839820106356	2.60348557547426
nukn1238	0.736879081325833	1.04240551070873	-1.1840207868374	2.95519673900632
nupe1254	-0.137121099607034	1.36751102715575	-2.91616783891622	2.6791808791044
nuuc1236	-0.507329246302715	1.29980401084884	-3.35613375439874	1.90343689259588
nyah1250	-0.156229970928632	1.33848359610248	-2.98565223002414	2.51075518433947
nyal1254	-0.285625271564211	1.30388184958304	-3.06966269124223	2.23768510755946
nyan1307	0.617400839587755	1.33101710736938	-1.83841550145642	3.47085039907576
nyat1246	-0.243966694206619	1.34116438587512	-3.10823177862157	2.41553569202855
nyor1246	0.740936456561864	1.32129573786449	-1.67260065846777	3.63448228128439
obok1239	-0.533406711673804	1.2945575260312	-3.40939178275778	1.85667986374343
occi1239	-0.192835390572106	1.29839223848821	-2.91759725517335	2.37075299360125
ocot1244	-1.36113329248199	1.37802135861221	-4.49941216163413	0.876814138566151
okan1243	-0.406917214461912	1.29216590292628	-3.19491269784357	1.95438885122836
oksa1245	-0.685356017355309	1.29773161021219	-3.63291199151003	1.64720918079848
oloo1241	-0.740371311657861	1.25452189871671	-3.56961296993013	1.55032045454222
olut1240	-1.14188671868089	1.29188863823606	-3.99675523519833	0.953657163477809
omah1247	0.795503677111342	1.2822617753864	-1.40628460504487	3.68017011619592
onon1246	1.11354223926685	1.29152764680969	-1.06521005067317	3.93217591041266
onto1237	1.54218379861048	1.47507388877414	-0.818306563398518	4.75452788842034
oriy1255	-0.302578277032355	1.31161580678574	-3.16451014157198	2.14829137116835
oroh1237	0.0759568356003177	1.19815207842917	-2.44768494615415	2.4767931413146
orow1242	-0.491030359270698	1.30252347147327	-3.38652403636674	1.84288112491229
otta1242	-0.378933419851757	1.30317873026447	-3.20450986090298	2.1331576543027
owaa1237	1.30424589012005	1.41382687950986	-0.953704837440785	4.53139389066253
paaa1242	-0.467696956497737	1.28814884915118	-3.36080168680004	1.9105584844007
paam1238	0.284797200848986	1.08263351056302	-1.79697243722591	2.60613607209131
paas1238	-0.101412316282594	1.38349222248116	-3.00952953445949	2.68273290168336
paco1243	-0.190815271826652	1.33524618979913	-3.04506476307888	2.49248371704131
pagi1243	-0.14531515299074	1.38314282111308	-2.98744813582658	2.57611796304861
pahn1237	-0.311963528204862	1.35594705039943	-3.2015167014925	2.24888639272721
pala1344	-0.143846661897286	1.36912786627907	-3.1164029213442	2.50710272197511
pamp1243	0.0750095573309572	1.31182464902469	-2.71998546291025	2.62039676074569
pang1287	0.550134882672857	1.36286329642192	-1.9601075535421	3.47901255584828
panj1256	1.21038942974449	1.39000915076789	-1.11941400380539	4.34637703862203
papa1265	-0.476900319278636	1.28620479040412	-3.39617426775445	1.83019876469699
para1301	-0.528142829659051	1.34503346957474	-3.4516830138744	1.96445248266227
pate1247	0.134056655329054	1.08126777518592	-2.09914084687044	2.3003053267516
patp1243	-0.702138984099149	1.30230375443796	-3.6165909874605	1.58511177760092
paul1238	1.26541762061164	1.34319612098318	-0.983198316515486	4.22770772183251
payn1244	2.13086338322887	1.28580911242144	-0.0444562542333361	4.78796084883237
pela1242	-0.632567345904221	1.28854540091279	-3.56636710835377	1.6631606467984
pemo1248	0.925696676220604	1.30779016305951	-1.36706216073569	3.88105167191918
pend1242	0.00952281995820143	1.27400996516825	-2.78435663906864	2.50194387342591
peng1244	-0.156397533649011	1.39227730980871	-3.14442210343229	2.58606975402611
phai1238	-0.401343076578146	1.35236701921333	-3.33809540174439	2.15641212621632
phom1236	0.183721394280532	1.04711875796434	-1.8799674979819	2.24095202572314
pila1245	-0.407111971370068	1.29781817000302	-3.29255481321196	1.96848570963775
pile1238	-0.216348805657407	1.34979369035208	-3.18353751478494	2.42201467068606
pina1252	1.17008552765424	1.0986105367923	-0.717665529621726	3.50851734101017
pite1240	-0.249099081179924	1.35845555923378	-3.22796539206164	2.42712655685524
plai1258	1.15347914442025	1.35685883962538	-1.11268140978442	4.17785626079552
pnar1238	-0.085710447145396	1.23931575194767	-2.67173575256727	2.33643251654057
poli1260	-0.240415271176147	1.29362141768211	-2.9838511278824	2.28663386583921
popt1235	-1.13864726936232	1.30270841822643	-4.08544807805925	0.952857887250506
port1283	-0.275582213411087	1.31420754076032	-3.18565955381648	2.21216387567237
port1285	0.0419876561865754	1.04044540878813	-2.07980092949939	2.15842410851099
psik1239	0.0615718765444112	1.11018934880685	-2.20366669772955	2.2957220708243
pulu1242	-0.106433722147342	1.32181224868684	-2.94176496719478	2.57181799857661
puma1239	0.892779249187901	1.02620562269622	-0.844431485943481	3.14615726121553
pume1238	-0.552018707131888	1.31434988986479	-3.50677914786105	1.85585843526907
puoc1238	-0.284512146686476	1.37830133475843	-3.23477105214324	2.34660532242823
puri1258	0.992848457911326	1.30360817160318	-1.2355899872247	3.9041637204776
qanj1241	-1.08310859188429	1.33911307075444	-4.11924464097506	1.0645839465789
qawa1238	-0.349681035601392	1.30693755112579	-3.18257430435906	2.1969547376341
qima1242	-0.187883841819871	1.36447080203782	-3.09745645305908	2.55330977738681
quer1236	-0.667321357230284	1.33720515012264	-3.68581804013331	1.70111748483305
quio1240	-1.27309460197078	1.35893627458729	-4.3390736417171	0.942984768952156
rabh1238	-0.555875510778699	1.25479215059614	-3.37922181419712	1.72348415850512
raji1240	-0.736662702981937	1.28486798394234	-3.60369756372849	1.625119730676
rapa1244	-0.119654235182228	1.38030721165238	-3.0719508170779	2.52450023209084
rapa1245	-0.135076531935435	1.37427057335744	-2.98083294229293	2.60106373873412
raro1241	-0.124527582246597	1.36126225216025	-3.06407135013301	2.54807411918802
rata1244	-0.0788950891811671	1.31750614692623	-2.87110757325741	2.56210202145963
raut1239	-0.748466223072562	1.27118591181586	-3.52903297485637	1.56956492502044
reja1241	-0.190458583135259	1.32177870185854	-2.99793996439063	2.33201429984334
reng1252	-0.247434537256943	1.34898391914239	-3.14298842918523	2.35851767844343
renn1242	0.0869984937999054	1.3260757117625	-2.62708323063803	2.70146255810353
roma1326	-0.317063860940334	1.30838897852922	-3.23787140420566	2.19193366674158
romb1245	-0.183898401064478	1.3237961971562	-2.96624719047263	2.41874780481876
rong1264	-0.566305179700783	1.26440622102243	-3.36688790615335	1.76346410244863
ronn1241	-0.512258881451592	1.29604870770017	-3.30252416088943	1.86238234625694
roto1249	-0.493880897271393	1.28074643972488	-3.39599942543726	1.77471396127962
rotu1241	-0.0887940372323649	1.36081838517957	-3.0297341088688	2.55298902576686
rovi1238	-0.248170253167073	1.24343426616722	-2.99960194026811	2.09446090970288
ruch1235	0.103886845282457	1.34273751017731	-2.69812923314056	2.85583410500471
ruma1248	-0.350845951986814	1.33173903135111	-3.2135495127733	2.21559950566528
rung1258	-0.136489296055395	1.39227098947826	-3.01315661283939	2.62878310958161
russ1263	-0.220462790246078	1.29795748563413	-2.99100613009025	2.25845891944425
russ1264	-0.328002496995024	1.34693387407848	-3.28580204615948	2.21500176313117
saaa1240	-0.00194885165395888	1.20254583731882	-2.59046025798221	2.36904532474202
saaa1241	-0.0760277440308507	1.07065156236317	-2.28710436899225	2.0301556014608
saam1283	-0.0887480543435299	1.33971314393632	-3.01416183113136	2.51650687181609
saar1237	-0.355168100800595	1.34268569285175	-3.28719385095017	2.11593545771689
saba1268	-0.171447786257642	1.28261597249586	-2.93273982105119	2.28510960580599
sabu1255	-0.251729309675262	1.37045591074891	-3.195149928645	2.35853459571192
saga1262	-0.202105406486057	1.35918128064186	-3.07613249984103	2.44140249387792
sais1237	-0.265857711717806	1.34654759941387	-3.11530105337521	2.28675805278984
saka1289	-0.0774652919865577	1.17535511856463	-2.5324591605528	2.23234283722351
saka1291	-0.147727567426834	1.33594850141489	-3.00584108902689	2.45118805266115
samb1305	0.0517739091433664	1.27458149638733	-2.56862399174895	2.67178778551494
samb1311	0.0953788738005655	1.27567388707144	-2.47509805597707	2.65525585928023
samo1305	-0.120578565446593	1.36912153061904	-3.05603316897176	2.59717430834298
sanb1241	-1.19839033695207	1.33472535518337	-4.27204942097954	1.01173240578273
sand1278	-1.0286899956047	1.34704468388486	-4.09753201407766	1.23780923146249
sang1331	0.17405478412541	1.3836308165476	-2.70475131651725	2.99392438157152
sanj1284	-1.36866669695441	1.37678229169838	-4.51978275585551	0.81353870989503
sanm1295	-1.17392794250965	1.36085301299621	-4.30123545894133	1.04135593102202
sant1451	-1.17319266054921	1.31987259347406	-4.17879156316177	0.984465609965015
sanu1240	-0.392733071043682	1.29442835627816	-3.24816915515908	2.00365585480562
sapo1253	-0.509920008024669	1.30447994465976	-3.43181585276612	1.84811640066768
sars1236	0.770356071099184	1.2740276776684	-1.49789783306274	3.57739194844657
sata1237	-0.162348841037562	1.33868031197768	-3.05531298758995	2.53748983663052
sauk1252	0.487894486826005	1.00840387265046	-1.42384872477738	2.56774020765752
saur1249	0.120731703663965	1.3392036293595	-2.55472548636971	2.90813496020763
savo1255	0.108519515360452	1.11932804165295	-2.11521599574899	2.4706841780883
seda1262	-0.247598043641877	1.34712343911707	-3.10837145557442	2.3416615254828
seim1238	-0.124253741540736	1.35062425963715	-3.03038339335756	2.59076177760067
seke1241	-0.116921715366649	1.07383710435082	-2.35319175443634	1.99724378376524
sela1259	-0.107218612261281	1.36490205038671	-2.94639391230493	2.58291351513104
selk1253	-0.114938897764281	1.36155279413817	-2.98583322914069	2.58067215443939
sema1265	-0.203942719081815	1.33993424455547	-3.06133643227815	2.42582627614755
seme1247	-0.168049772736973	1.35212532648553	-3.04450959765703	2.53726267037179
sene1264	0.0490802984240408	1.18099450788166	-2.35706840986323	2.41745094150391
seri1257	0.86939792584696	1.3248511825313	-1.48840083042311	3.90800474105035
seve1240	-0.393712193129837	1.32116075071873	-3.23723383239455	2.13700953775318
sgaw1245	-0.0137361416727115	1.2106412244613	-2.52243995096683	2.37359815845292
shab1252	-0.292479683666222	1.37947184499993	-3.35547941492767	2.38856940901507
sham1280	-0.221507248964969	1.39359011071905	-3.24598934902219	2.50681820857447
shan1283	0.812783329470633	1.27015577952254	-1.36756722091917	3.69869830118375
shaw1249	1.06695112856569	1.32978845818183	-1.21740214633685	4.04879427038943
shil1265	-0.105984560543562	1.39203156410443	-3.02806025932593	2.669656332518
shix1238	0.588003268030113	1.19662744811365	-1.56672155515127	3.25143223908766
shor1247	-0.0853534903547626	1.35231171172521	-2.95967469949086	2.59239895255812
shos1248	1.18303319361526	1.36775077669895	-1.09420540781829	4.29248762646774
sici1248	1.23441333092607	1.39399636513819	-1.07748514640916	4.3381974164456
siee1239	-0.429778618182145	1.29371308461175	-3.29146540136544	1.98579467139861
sier1250	-1.30765682799454	1.35542653585663	-4.42328327397677	0.872553332793844
siks1238	-0.150511639227218	1.28386010697225	-2.9049501708241	2.32833841597083
sina1266	0.790681069831827	1.22709297797996	-1.43933309473147	3.48676386290195
sing1264	0.00413700485008863	1.18731338585425	-2.49845977924641	2.32095230582455
sioo1240	0.463345312092669	1.08862564424278	-1.65056390841225	2.7059722927996
siri1273	-0.749020753275915	1.31448805655025	-3.72753950469608	1.58889920685084
situ1238	1.67517673300364	1.29886537627997	-0.374485207029651	4.52704991009774
skol1241	-0.167339647238888	1.3455087800844	-3.08094400663745	2.40955457575463
slov1268	1.29613802254046	1.41513971463956	-1.00803735111052	4.5351922650752
sobe1238	-0.441107106840385	1.33544084335626	-3.34891714231944	2.11163608465306
soch1239	-1.19214271943401	1.36888546207016	-4.38488240481172	1.08464012780759
soga1242	-0.023127259283931	1.33383340062474	-2.80557247470142	2.66731242106582
soli1239	-0.0439516078392111	1.3878358841326	-2.90573803133877	2.6902882417946
sons1242	-0.134219250096775	1.33072849037469	-2.92899637921217	2.46511034175852
sooo1254	-0.22513003773165	1.36642981692355	-3.11537217130159	2.43851903254222
sout1528	-0.0581770523248101	1.30259025452615	-2.81905064219495	2.479388968088
sout2649	-0.254333387305925	1.30933201233552	-3.16677774091941	2.22383893497649
sout2674	-0.175083031394019	1.3475681775858	-3.05608857255129	2.49126399435428
sout2679	-0.296202412096356	1.34515602477125	-3.17391637371623	2.29719916402475
sout2728	1.52844009633122	1.29333238634362	-0.521224612060884	4.40589511602075
sout2729	0.0607176037852145	1.15842531814982	-2.27898684626862	2.47167470339163
sout2730	-0.889410029834564	1.2999418035346	-3.79022273972674	1.33566181269817
sout2807	-0.0693133910344106	1.42248909631232	-3.02075506091535	2.81432444995789
sout2857	-0.144701589273908	1.08000515984612	-2.42247641160603	1.92539363488068
sout2869	-0.514402763564407	1.26066219591147	-3.28144867597037	1.70561762102015
sout2895	1.0129152698976	1.2910733889666	-1.26286450635412	3.79720381525776
sout2954	-0.0909869544367983	1.31253655775915	-2.89143917541552	2.48981132164247
sout2956	1.23198503450212	1.33768854763849	-0.936481436197732	4.2716790723557
sout2959	0.842390921713258	1.29932369350312	-1.40930160574939	3.75447373988879
sout2976	-0.278565383142924	1.29341953984774	-3.12101729732997	2.1306619958476
sout2994	0.842954544077391	1.27536183771964	-1.40952719658606	3.67665196885995
sout2996	0.829818740906236	1.27537200596957	-1.44083773963998	3.61498626781147
stan1289	1.24594677658524	1.35990457384193	-0.978348214221148	4.33020696305405
stan1290	-0.290677120455728	1.33481928870692	-3.30555636166535	2.21009879626969
stan1293	-0.271386136435174	1.30015832180991	-3.12751993839434	2.22093107598486
stan1306	-0.199878041449092	1.3252031904032	-3.07046707488646	2.35342683628968
suku1261	-0.138189745895865	1.37482393186961	-3.00696724614425	2.61783861411592
sumi1235	0.308878372050427	1.00117707744789	-1.58242442701999	2.41655044302201
sunw1242	0.278596331238339	0.927301505164748	-1.51209054001484	2.13504083045684
supy1237	-0.0426366605974983	1.38523442173112	-2.95203540633041	2.77319903890969
surg1248	-0.114350066365019	1.30390005412251	-2.86338022250779	2.50316194127884
surs1246	-0.635222279595551	1.29986500043312	-3.53332526736267	1.7013893539963
swed1254	-0.232808893917843	1.31366989084015	-3.05186563477207	2.26886198198656
taba1263	-0.352446790887364	1.32324175594049	-3.18237634648172	2.19281400364972
tagw1240	-0.0514049592556475	1.37201965098041	-2.9836236037952	2.61521979466877
taha1241	1.25633075102173	1.40959923536271	-1.03866816984913	4.4202406872541
taia1239	0.912585783524833	1.11453797005859	-1.05387667473425	3.34914565992226
taji1246	0.00670426059468321	1.29735825189247	-2.80115583605113	2.5491688925703
tama1365	1.19462823711031	1.37770245605209	-1.05170194037326	4.37266572383157
tami1289	-0.137449217561742	1.38283115296389	-3.03188618214935	2.68591477426763
tane1237	-0.188694386428525	1.27379992936981	-2.96024359573519	2.22142119506044
tang1336	0.282398162014382	1.01520922525689	-1.67124820358524	2.40952328949038
tang1347	-0.33724585071416	1.1529693673197	-2.84112690534978	1.82743554614011
tang1377	1.88527801962114	1.41373027427014	-0.376319371827086	5.08313790882323
tata1255	-0.190795532946852	1.34369018141128	-3.10167576168604	2.40176619000218
tata1257	-0.277778962061982	1.34735500466026	-3.1409769075249	2.2669687752521
taul1251	-0.705933776106659	1.28667323255803	-3.57937520917049	1.55184935500448
taus1251	-0.138877939410198	1.35185461763268	-3.02420597191944	2.55216039812087
tbol1240	-0.148914695641574	1.34357131569099	-2.99059560107764	2.41924979132502
tean1237	-0.192133400264233	1.27189308408103	-2.92675478069278	2.22295996260545
teda1241	-0.0833107342436689	1.39120824148357	-2.98536354593555	2.7515182602895
tedi1235	1.15781900642351	1.17954879084357	-0.872265848626622	3.7337466138252
tehu1242	0.855165900639801	1.29144706557441	-1.44390583195518	3.70218217999508
teke1275	-0.0764793521318115	1.42834141167291	-3.04095521423118	2.80764839632806
tekt1235	-1.07765591012925	1.28632819808882	-3.95242482402239	1.05565265746875
tenn1246	-0.140781852310744	1.37659311660618	-2.98474598245168	2.59290250884307
teop1238	-0.511632098473473	1.28477388568043	-3.42816770091755	1.72523881681412
tern1247	-0.356055983781012	1.30232586074517	-3.25369223335409	2.13221364576385
tete1251	-0.890394620161568	1.33477053372919	-3.92566243469473	1.39902606364235
thad1238	1.2999482698447	1.22728228856618	-0.759434197714334	4.04853254167204
thak1245	-0.447711244455687	1.11366854575037	-2.87644119944758	1.60196984234996
than1259	0.363139616598091	1.11579982562955	-1.83361747778633	2.73575845054912
thao1240	-0.342851802532311	1.30619187800257	-3.31653309885596	2.08712204382831
thul1246	0.293248793102817	1.02601447410727	-1.7214611288611	2.38068712442833
tibe1272	0.839143086497806	1.27794001509831	-1.41668816639741	3.66345297350872
ticu1245	-0.347341845713089	1.25920573738677	-3.17100382333174	1.99740159135203
tief1242	-0.0868510177019081	1.3900090156478	-3.03122581270775	2.66353758203858
tief1244	-0.0784347114642652	1.39864010079447	-3.08657638994317	2.73143507192343
tien1242	-0.0784770631715597	1.42559880036734	-3.09662421878962	2.74728863472744
tiga1245	-0.618776303274514	1.2764946743206	-3.48150363651084	1.80640310636509
tika1246	0.837596554709793	1.33707757027284	-1.56551354648124	3.78956976849498
tiko1237	-0.0921997413083718	1.34348828781511	-2.97972242761024	2.57606722679379
timn1235	-0.0754003868470471	1.34968502150104	-2.8858923216934	2.68522562237901
timu1262	-0.296138425476581	1.30968480240035	-3.06074754869225	2.23090275300687
tiri1258	-0.467183025812258	1.31402474332895	-3.35320602961806	1.88086014102847
toab1237	-0.187119842387354	1.20855799227645	-2.79553277779128	2.16176611541164
toba1268	-0.41312877947059	1.27944047278511	-3.175192296538	1.97290549404843
tobe1252	-0.335609810995232	1.28344413379973	-3.09267118664806	2.20115524230108
toho1245	-0.332795659604384	1.25910866903922	-3.01871186774035	2.02995654498437
tojo1241	-0.985430180984444	1.33135119724421	-4.02415266117635	1.26074714840982
toke1240	-0.0760800222406562	1.36616873545658	-3.00827619399582	2.57618811952752
tong1308	-0.173150917193657	1.39006204750814	-3.10823989794804	2.58743803674951
tong1325	-0.113504409816639	1.33453456724069	-2.93728072933069	2.51307408634821
toor1238	1.35415990323212	1.43730024141775	-0.996594934293767	4.6580285754568
tote1238	-0.097392450590602	1.36358663355864	-2.96965295898984	2.6281023444163
trio1238	-0.583532411654758	1.24994520208198	-3.28072510283467	1.65467668986427
trum1247	0.182573306879794	1.1311620566135	-2.12005274063189	2.5240625482395
tsam1247	-0.298281298054856	1.25274780722734	-3.02866532654419	2.03862441586096
tsat1238	-0.100191539209988	1.37283689708739	-3.06288702264812	2.67704687885541
tsha1245	-0.265770154749443	1.22849670240505	-2.92610366807963	2.11251619358227
tsis1238	-0.135360389537093	1.33736398435671	-3.01395539033961	2.46119733772838
tsog1243	-0.0585818994070119	1.39801061850005	-3.01843748467314	2.77263102795971
tswa1253	-0.148890337888708	1.35995878224911	-2.99109808498088	2.52015979625185
tswa1255	-0.0411034903589746	1.40295018833079	-3.02949051532795	2.77876651145477
tugu1245	-0.275262410444973	1.31788284169866	-3.03064952854674	2.24688715488142
tuka1248	1.44664185284381	1.45690248824865	-0.910115369854134	4.70965375225366
tuki1240	0.0363415211454744	1.28410728959062	-2.62878168313645	2.64317510657919
tula1252	-0.299575393418843	1.31478082837966	-3.25014661955491	2.18892227571052
tulu1258	-0.142199031497553	1.39966090135573	-3.10135734314434	2.61673906817362
tung1290	-0.434014947737229	1.32317026361173	-3.29311247034626	2.06617849028228
tunn1238	-0.146793416359808	1.33302320019241	-3.0465405832378	2.45153226064196
turk1303	-0.0914092429474853	1.3551071184362	-2.93707758402751	2.50873469952898
tusc1257	-0.306483621018253	1.25988450544543	-3.02065609653981	2.15216786451968
tutu1241	-0.343368713993017	1.12785379519622	-2.83187635121642	1.80451336871452
tuva1244	-0.128729270913298	1.37710182236979	-3.05644973950431	2.55913242783893
tuwu1238	-0.0959043957888701	1.36845865243276	-2.95099162097417	2.6336618099576
udih1248	0.856633289143881	1.36556130319624	-1.48661315233628	3.95064092261015
ughe1237	-0.214627811316095	1.25402317106196	-2.9760528252452	2.19323970449776
ulit1238	-0.133117959804463	1.41489574766738	-3.15778813472057	2.65596938350197
umbu1258	0.970982673722001	1.14376348458445	-1.06160638523411	3.4442458550687
umes1235	-0.220813041062682	1.35022995143922	-3.16057860712235	2.34025377986038
uppe1275	-0.956050513461628	1.30834346216	-3.83074899290504	1.2597655451964
uppe1427	-0.282993607292924	1.32046950643039	-3.19585949059184	2.22236339141445
urak1238	-0.196629886015701	1.32435918546081	-3.06301451961006	2.38900716351768
urav1235	-0.393147036149699	1.2963377841302	-3.22902522983714	2.04918748981908
urim1252	-0.733614421975223	1.22127072507708	-3.47342819143695	1.44697420717874
urip1239	-0.382449665733103	1.05773326632212	-2.69260677777502	1.59940267885989
uuuu1243	-0.744780027516709	1.31721394802148	-3.55518901270721	1.58166976018194
vano1237	-0.20440633640159	1.27877585339452	-3.01470201264664	2.18533895901665
veps1250	-0.199678063758295	1.33046163537603	-3.08967360256051	2.40024790828573
vera1241	0.878004884629397	1.22144204510644	-1.28578258456289	3.53983633277523
vinm1237	-0.294526273084382	1.04717338747663	-2.49037217943619	1.67938276849376
vunj1238	-0.239781065644165	1.38668753279051	-3.1792632200606	2.48683446080647
vure1239	0.872592617217526	1.21790515366188	-1.30126821763205	3.55154994321471
vwan1235	1.48801827030721	1.55872057626089	-0.991289682945039	5.05563625354753
waga1260	-0.236313060571607	1.31166253144395	-2.99109119513929	2.24336900754364
wage1238	0.0942766014358665	1.28332716220948	-2.52647539965424	2.66212261993516
waig1244	-0.185789395927621	1.31819462175134	-2.92577349322248	2.41078765633376
waim1251	1.03528659209948	1.18487966084465	-1.00796528748429	3.58263760141983
wala1266	-0.236092687539384	1.21378442733417	-2.84482226104224	2.10781609023119
wall1257	-0.168166656884958	1.35259295551955	-3.11286293858326	2.48196982861278
wamb1257	0.54876437957218	0.951539180903913	-1.1889249178849	2.59340205253667
wand1267	0.569247787424513	1.215532602861	-1.69239537642251	3.10039614322318
wand1278	-0.192925854340613	1.22181588168478	-2.73090967532262	2.20347727896639
wang1291	1.26071661706481	1.42489103931859	-1.09399654380032	4.43888187706155
wara1294	0.970585420331333	1.28463107877405	-1.31996461392913	3.70193435659786
wara1303	1.05785305303176	1.367455996669	-1.21227571402025	4.11358975799818
ware1253	-0.348103217925551	1.34813615681843	-3.28575015758901	2.21225273357383
wari1268	-0.188495409402244	1.21166332271803	-2.75428254008905	2.23045736514001
warj1242	-0.41317285642161	1.28073518891771	-3.24944836971114	1.9475685924667
waru1265	-0.248486371838534	1.35291830801098	-3.16289077483622	2.40808721334937
wawa1246	0.98227816141774	1.34667020688122	-1.35747089650132	3.99117844461446
waya1269	-0.599125344497538	1.29871799912851	-3.46966750310972	1.69762902424661
wayu1241	0.349910879997714	0.928766872447642	-1.44553933795393	2.31880012582916
wels1247	-0.283257601258807	1.29803071165073	-3.16669195161246	2.21056095026727
west2354	-0.323740673038355	1.33423565858322	-3.21059161861324	2.26257180121916
west2369	-0.243663173081948	1.30354775412641	-3.03818204497483	2.24821339116682
west2396	-0.225752996048349	1.27650057700026	-2.88928053535372	2.24648174973058
west2397	-0.228360974393378	1.3558648092479	-3.16484094055601	2.4326033644852
west2415	0.617964238612205	0.979896816180065	-1.21482791082974	2.73311014909594
west2418	-0.367522332876255	1.12116508687876	-2.74288746932482	1.70517231057641
west2430	-0.255857046282858	1.35233941522306	-3.19620270499076	2.44251290654208
west2441	-0.173181894188189	1.37033045647376	-3.12197852894609	2.52738085974579
west2516	-0.464726154798261	1.30630720488393	-3.291784055881	1.90421880075893
west2519	-0.16562650202831	1.31569231039098	-2.94870378338256	2.43017053194388
west2557	-0.191205268088223	1.36551939476247	-3.24345710452473	2.46045992954961
west2560	-0.297949455700218	1.33136946971327	-3.21954300626258	2.21665974956789
west2594	-0.481816046629825	1.30369019971876	-3.32237681435781	2.04233410049118
west2600	-0.325900714110539	1.29826978585502	-3.10926023743999	2.19012620623522
west2618	-0.341581364553303	1.29742940867514	-3.16126629516151	2.10882890832427
west2632	-0.284002783906001	1.27933418035974	-3.09470984580087	2.0835765647031
west2635	-1.13161957419635	1.28743713849128	-4.09206292675217	0.955032309802564
west2644	-1.17899416261679	1.34850694324376	-4.18680060544701	1.04943530762833
west2650	-0.20236436577689	1.34788556435163	-3.09222596931582	2.42059157238885
west2763	-0.147292135050594	1.33008498173595	-3.01230757722159	2.3931461892022
whit1269	-0.515082127119896	1.25766363241022	-3.25511792728589	1.75107388498706
wiru1244	1.32053216207608	1.21415984634579	-0.687102424679523	4.01843738229963
woii1237	0.0447127060206411	1.30699937844313	-2.65827320918026	2.7004710235222
wola1242	-0.251088182212303	1.31974134122944	-3.08520076357557	2.36061830526293
wole1240	-0.143539882402811	1.34466433024615	-3.11499787414836	2.49665918574486
wood1236	-0.334754220729012	1.26002630202292	-3.16297040055131	1.94862866105534
wotu1240	-0.0622042214681916	1.34218964330038	-2.83853089084037	2.55450951387118
wuch1236	-0.252994641778326	1.27022634829526	-2.97393206086804	2.15223189912533
wusa1235	-0.576126827059102	1.31316509203272	-3.56198859138128	1.87700517842636
wutu1241	-0.0382726375023174	1.19464342635902	-2.57159091367827	2.28763191371414
wuvu1239	-0.296586410379834	1.35595731287225	-3.18890882497934	2.31968477829044
xamt1239	-0.261483564853077	1.34949896641838	-3.12095523958441	2.31771360214503
xara1244	-0.47601138710016	1.32599644177048	-3.35284880792952	1.95924757048693
xish1235	-0.853766586097052	1.30759334734218	-3.84073844620799	1.41765978547861
yaka1269	-0.0761226702263167	1.4115338194576	-3.0041756950648	2.72455941220944
yami1254	-0.245213373296532	1.35836043987687	-3.12804167694776	2.40957942302277
yami1256	0.297924799979582	1.17909074243522	-1.99886012481538	2.84119555419193
yaoo1241	-0.055852836903694	1.42228704267054	-3.06833953704903	2.77066846476833
yapu1240	-0.771042008575029	1.22673191362452	-3.51596763267478	1.47170650344008
yaqu1251	-0.134849061680602	1.30630191131122	-2.94953007252519	2.40933244739138
yatz1235	-1.34131710040986	1.35885155341438	-4.38772154579007	0.854861888742736
yaum1237	0.706424456353165	1.02451695354955	-1.1799317421353	2.8895861323563
yawa1260	-0.179641586705756	1.16767009100186	-2.65248326744747	2.08958482684813
yele1255	1.10223369934391	1.41082700360736	-1.24464168763479	4.29195846095096
yems1235	-0.368724952950109	1.36009346362777	-3.40604948997523	2.19699182871732
yind1247	-0.333851474784602	1.31985530474699	-3.24837114620628	2.13632550786009
yoga1237	1.48222080167975	1.26877626669174	-0.58275177606218	4.25343316651723
youl1235	-0.848812522651538	1.32110085296285	-3.75676645528607	1.45217898977177
youn1235	-0.249644946352379	1.33277040868616	-3.12634358337592	2.33629030379639
yuca1254	-0.400175254929812	1.30384080138574	-3.21953766089162	2.05575488825972
yuqu1240	-0.911116637234564	1.23326192826318	-3.6787791475389	1.20592775971987
yura1255	-0.895457603982766	1.22557869101746	-3.64326544974725	1.18420066871148
zaba1237	0.0714286218375732	1.22804516221306	-2.42631729190028	2.57303766570493
zaca1241	-0.970715582834358	1.33129077483519	-3.94440718339436	1.25060775541743
zaca1242	-1.12643416598999	1.34805519042056	-4.20834469571191	1.11242700160596
zagh1240	-0.0678417154145621	1.4167121960669	-3.02036169990744	2.78406833998654
zamb1245	-0.0925964805111106	1.38957973397285	-2.97437218357279	2.71333524917011
zarm1239	-0.0804746931867673	1.36955833798125	-2.81543006948976	2.70620680093784
zaye1235	1.14688986576605	1.22543401753505	-0.925169085209061	3.78086951096784
zays1235	-0.249405724127562	1.32361963118032	-3.08902412734968	2.34170897970419
zinz1238	-0.101327400402318	1.32383950971467	-2.9487908612727	2.60091615451045
zoog1238	-1.34643925254986	1.36462121445829	-4.4212087170506	0.848810246840579
