Estimate	Est.Error	Q2.5	Q97.5
abar1238	0.218284959023645	1.4641316131752	-2.38655636127916	3.43516016029205
abee1242	0.133254373837911	1.45892943434944	-2.44784010306264	3.3434381476288
abkh1244	3.1142939444698	2.00663575668462	-0.179731052956905	7.59932776080149
abun1252	2.01631011063775	1.84499108548198	-1.20491202596374	6.0348002952798
acha1249	2.71530715153408	1.47228260179856	0.202470933000293	5.95064271286059
achi1256	2.30937173720786	1.60596711850469	-0.791941712353411	5.65979393152987
achi1257	1.11209896422866	1.46570110098419	-1.42206515121278	4.40363291874592
achu1248	2.98689618784164	1.70947768230717	-0.138284686478235	6.7034943290262
acol1236	-0.708109343746595	2.25532565576587	-5.68102732237499	3.36565440131145
adan1251	1.98656884775005	1.9303669695261	-1.4949424973505	6.22481887801727
adny1235	1.65843855104725	1.61582229601453	-1.31317720788602	5.21729579287085
adon1237	1.14914749153636	1.47227645885816	-1.40702377225331	4.35573026709226
adze1240	1.15952971213963	1.46828929169216	-1.33837460602363	4.42713660269623
afar1241	1.69906086877252	1.43157825074493	-0.794523655295602	4.81280774792941
aghe1239	0.198353424886699	1.44425609781526	-2.39486146933022	3.35358077153647
aghu1255	2.05914826897352	1.62692591087518	-0.79158378854522	5.58586026072473
agob1244	2.74015783521906	2.02774058716402	-0.616710083510957	7.19335920734271
agua1253	2.97509937247912	1.70201781069639	-0.132970698863255	6.69004125827978
agut1237	1.18139344702781	1.49849382723729	-1.38964347915871	4.49017106489149
aheu1239	0.806068094636048	1.59292968793727	-2.04824734410027	4.27390361145128
ahin1234	1.28720345121331	1.5256631767705	-1.2919101652007	4.7235568085909
aime1238	1.93383516276062	1.85413656263455	-1.48131220442142	5.92464909498005
ajab1235	0.14410032081652	1.44278768159419	-2.36544942966799	3.33186808106395
akha1245	2.68402793936447	1.46614231675048	0.188447228121566	6.00361016682422
akoo1248	0.236733666539055	1.41974762081375	-2.29252352928298	3.32752037178145
alab1237	3.68936085889148	1.87455766607921	0.412510551929447	7.86416262557085
alab1254	1.76574547453187	1.45687504966096	-0.785015207437774	4.92996962262592
alag1248	1.66088230355241	1.44252095272548	-0.892275115239669	4.74601661985327
aleu1260	2.67405140969619	1.62829766398287	-0.297111389622745	6.09946668920964
aluk1238	0.377101045041392	1.79171835144377	-3.3248652728207	3.96288939302677
amah1246	3.39139623864367	1.72436093143337	0.248728006854971	7.09250517199296
amar1274	2.88854495577523	1.71769445290479	-0.285295790848815	6.53605074545819
amdo1237	3.48339514206713	1.6968134798259	0.659178813649395	7.38788739455817
amii1238	3.41838957034595	2.11353036397607	-0.0853718134860475	8.05710352887805
amis1246	1.13700655098279	1.49566897683825	-1.42999919245759	4.52559998061804
anei1239	1.13493299744479	1.46015808420695	-1.40087778082792	4.40930091894908
anfi1235	-1.00909278446107	2.17084560399861	-6.01172224901069	2.6764452659333
anga1288	3.24552476837101	1.64094933981338	0.564931950723	6.98193247600408
anuf1239	0.137121149299567	1.45115573816069	-2.44267536130237	3.37367503183822
anut1237	1.18852686559126	1.48317430377269	-1.37858337440837	4.46070652234721
anuu1241	2.8402997216219	1.52688047942588	0.249033051193589	6.14968514161088
aona1235	3.26224491403699	1.65154768787723	0.59010109311895	7.05554597445106
aoua1234	0.799949672753378	1.93347151210013	-2.97544482481303	4.70817707811547
apat1240	3.14652740195618	1.60458797627519	0.510319951230278	6.70490649249864
apin1244	3.9374562350532	1.95012684635831	0.528438948224833	8.16845088235682
apma1240	1.1732472427717	1.47859754560945	-1.36070320621159	4.49147699900967
arak1252	1.16952756257305	1.46786189058658	-1.3756291883348	4.47017695289199
arao1248	3.40297933168352	1.74810169476122	0.195507489750536	7.18735151062307
arap1274	2.89273845601112	1.62799247016749	-0.0595985904468288	6.39935699268093
arbo1245	1.69372316121881	1.42430328394689	-0.798551396623089	4.79754903012509
area1240	1.19082486772884	1.48587675707509	-1.39876796608045	4.51996164260205
aree1239	1.22609590892919	1.48359994575711	-1.29240533108906	4.600661969409
argo1244	1.66794414995138	1.47305295784468	-0.895243815717982	4.91738694967036
aros1241	1.22121781298508	1.49501493752838	-1.38906759874339	4.52570098095005
arta1239	1.22390503207592	1.49878323742735	-1.32058486805361	4.54349668299294
ashe1272	2.75089931688221	1.69527412599935	-0.395994374952471	6.40692855105523
assi1247	4.26615346364489	2.04467620005436	0.722569496644419	8.89965843490129
asut1235	0.388502587083268	1.42895214062509	-2.06838646499096	3.64654522806828
athp1241	3.14967352267999	1.62836614197574	0.454782528456334	6.82624660028266
aton1241	2.62616365073918	1.46672845032136	0.100254470712009	5.93511269513659
auuu1241	1.28417360298838	1.76058865370546	-2.0550349439033	4.8781645487658
auye1238	2.12812912570216	1.66869768961755	-0.866926164406342	5.78869890693063
awad1243	2.82872990142818	1.60507489873487	0.158859326921126	6.40908369315192
awar1248	2.12935385934151	1.64891274055011	-0.730109361991147	5.77778664879394
awar1249	1.06858014622545	1.92748639703254	-2.78346548216776	5.10720084746225
awet1244	3.44755239993167	1.77511837843227	0.234272112374365	7.31908095909013
awji1241	2.06576297722185	1.55874603559493	-0.500786764283029	5.54803096516831
axam1237	1.15133273823212	1.45856752873196	-1.32679873972203	4.34695905968323
ayac1239	2.78274314497183	1.6429593671722	-0.240541944621963	6.29349129185403
baba1264	0.195952157152941	1.45080033069485	-2.35384471925245	3.32549022665377
baba1266	0.205070721580978	1.44696078824176	-2.40794109812998	3.33804279009187
bafi1243	0.250586105188977	1.42272402665507	-2.28092156789857	3.40377040683488
bafu1246	0.194596583960604	1.43922618155673	-2.40099662072757	3.34084062123037
baim1244	3.44588923440222	1.68068950339674	0.646572971328176	7.21448101187933
bala1311	1.13729949636389	1.46982520164653	-1.4315469875968	4.37759741812035
bala1315	1.20722198052073	1.50015409269322	-1.30820296020275	4.55852483593537
bala1316	1.12627775009465	1.4691994982958	-1.4163682076281	4.38917880732546
bali1278	1.10784727769541	1.46579700140448	-1.41747575802811	4.45594060337343
balu1257	1.13958700157621	1.47380957457448	-1.43976302013106	4.46778992182885
band1344	0.108081984962616	1.42960585520366	-2.44174084551587	3.28908772822641
bang1369	2.83681112149187	1.50715654818913	0.316822369325073	6.20241605594191
bant1281	2.97293083671437	1.56014031480188	0.388068857177687	6.59254690551724
bara1357	2.89106212146881	1.53476477589658	0.322485388405049	6.32464139211574
bari1286	1.1707664967041	1.47771811289831	-1.39238113252345	4.50305271131511
baro1253	1.15154611863168	1.47421957309851	-1.36409027479741	4.54866757953937
bash1264	0.615639153013632	1.74084979007248	-2.81917999262193	4.19045046029906
basq1248	1.64598008120524	1.83803008497545	-1.71944153560501	5.66695757324015
bawm1236	3.31588252255467	1.67402399374004	0.512607457162918	7.06570118038518
bebe1248	0.242949052207383	1.42126034271631	-2.31022332984988	3.35694309131152
beka1241	1.12432396506509	1.46971150502112	-1.3875206483849	4.42373070085809
bela1254	2.60269698179085	1.53957705325271	0.0307564494813436	6.08368284333936
belh1239	3.15023552304009	1.63215808711036	0.451036260039322	6.79166336357677
bell1243	2.96048160455677	1.6645103235954	-0.0223509067609023	6.59985954996449
bemb1257	0.53083355051738	1.50141329065294	-2.04488795442139	3.90907102741313
bert1248	-0.45423387708947	2.3072660222422	-5.29496466775137	3.88848134904612
bhoj1244	2.91867365824287	1.63490005188112	0.199126672203404	6.58496364175956
bian1252	1.86379953098892	1.87778816287975	-1.58330386281211	5.91531405115039
biao1254	0.549217370574323	1.83729937897497	-3.30147314603217	4.24391797921914
biao1256	0.555366355984217	1.84509837943606	-3.31278361140976	4.26976552955708
bier1244	1.28739383445979	1.49980194742386	-1.24077234923168	4.67599791931173
bign1238	1.14642573400969	1.45136833561912	-1.32613460019474	4.36123590604172
biha1246	1.10853095668134	1.47228197911947	-1.44142894042571	4.42109837989112
bimi1240	2.06967991601283	1.62318524310444	-0.76769806387232	5.6244945090047
bini1246	0.152324366627396	1.44383930970034	-2.42638023012566	3.38575328004182
bira1253	-0.557717763777564	2.36856462834535	-5.92601199013575	3.83084287907125
bisu1244	2.6903508885688	1.46799816147108	0.187470975828226	5.9968648838556
blan1242	0.913838625039142	1.59416664012571	-1.9368910995555	4.48365442852846
bodo1269	2.62800981077124	1.47516614490902	0.076860380540105	5.95613856364491
bola1250	1.16094202966422	1.47993292510892	-1.43457035261827	4.5030889258491
bona1250	2.53986451281634	1.82127805114816	-0.700284963832432	6.49510165982628
bong1289	1.12344278501372	1.48054864749722	-1.41092767554289	4.37402503632342
bora1263	3.57320490553484	1.89258928417809	0.254089973693933	7.7756453177623
boro1277	-1.00953472443623	2.16710314881447	-6.02662627052975	2.66106122823154
boro1282	3.13582015521204	1.75178229398196	-0.0220338595957151	6.90727822012024
boto1242	1.21179656278352	1.48750413704135	-1.30188237154268	4.54611512662334
boun1243	0.0876890943404594	1.42682809151407	-2.51608368087625	3.2073807612695
bret1244	2.64258289138374	1.5611936852041	0.0492294573867116	6.12014690548251
budz1238	0.244293137162328	1.42658250933251	-2.26031982593215	3.31665317912399
buga1247	0.796317717304477	1.5954540894306	-2.04093790746878	4.2183775620242
buga1250	1.16985232037617	1.48305052880967	-1.40796335007399	4.46496871631078
bugh1239	1.17566713412817	1.48503724165645	-1.39124085612323	4.44785080786699
bugi1244	1.14534101418261	1.48478821079705	-1.44578340808235	4.48481167005612
bujh1238	3.02008630322633	1.57360399751338	0.408106339607675	6.55702652533068
bull1247	0.136858310454716	1.4570415228817	-2.50358434957051	3.24657598089388
bulo1242	0.787865753022876	1.58472883615603	-2.09305236593804	4.25094979353164
buol1237	1.32363825105368	1.53339307250238	-1.28369450599684	4.74113704665656
bure1242	1.76672628498831	1.45964548433109	-0.766645811059482	4.91402794374315
burj1242	1.83384755773842	1.47001534607787	-0.681378804418823	5.05418902968731
buru1320	1.6625029885732	1.44599945657836	-0.886735782353404	4.75966910035417
busa1253	-0.0759204086343305	2.1598177165682	-4.32367105490084	4.35592934400906
bush1247	0.253369400727539	1.42740079634365	-2.21270629631963	3.38708015819422
buwa1243	1.89693122211339	1.46889159219233	-0.578901495856075	5.07050912844176
bwat1240	1.13084762263835	1.46579543670408	-1.45215656391163	4.39719594646179
byan1241	3.05625583748191	1.55510345589494	0.466050235857069	6.52461704615617
caac1237	1.12711753900739	1.4658821736902	-1.41785377124601	4.40087032307705
cahu1264	2.42960643384463	1.57881225553169	-0.56382692715696	5.82563896253695
cakf1236	1.76636758132273	1.45289321445312	-0.77011471307283	4.89292392565325
caml1239	2.98760137470256	1.56691237176442	0.426117628375791	6.63541500631841
camp1261	2.81981275053925	1.56735454635757	0.218242557053036	6.34179554485969
cane1242	3.92711284537145	1.93503011731861	0.537462338177121	8.20765782761394
caom1238	0.785624560429131	1.94022646714763	-3.1378489880908	4.7732602560161
capa1241	3.36109887145768	1.73130120747329	0.216227955434743	7.08691905286464
carn1240	0.783163923993349	1.58073469202761	-2.11229898729714	4.3116781369528
caro1242	1.09970409383204	1.462994449094	-1.47805138773973	4.28682401144478
cash1251	3.45508220756471	1.74670936421974	0.262812056709467	7.27709079622217
cemu1238	1.12664616409803	1.47187250472194	-1.44400517969396	4.41804703641673
cent1989	0.784993006116163	1.58170265187588	-2.08866398602487	4.24466822765836
cent1992	0.788861996888616	1.58000741099969	-2.08808487738341	4.22913976808963
cent2004	2.77198880133609	1.53526057343747	0.219014020492914	6.29435814386978
cent2050	-0.734460760641796	2.18893030277967	-5.67839454225805	3.20796708984055
cent2090	1.2098029572884	1.49187226429089	-1.34870935033457	4.39442418652178
cent2127	2.66614868630912	1.62577646741439	-0.341650096919824	6.11689964025759
cent2131	2.28793489548892	1.56048291969816	-0.707485557981637	5.58177250947245
cent2314	0.805338935782159	1.58695846891194	-2.01405129180418	4.26532761037506
cent2322	1.62649922232045	1.61795808020215	-1.19037147585981	5.20825950554049
chac1251	3.37272535285501	1.72493299231614	0.190581517622159	7.09077784433758
chak1270	2.61888485091612	1.46746106185382	0.129725832841668	5.90523215319724
cham1312	1.15111078911825	1.49683626897741	-1.45092209654851	4.49996370247308
chas1234	2.71080980051149	1.46508501968293	0.207690437546151	5.99791435151643
chek1238	1.12711900287232	1.47277211030913	-1.39814951090547	4.38156094615491
chen1255	0.381848842105643	1.81574039760109	-3.26541897026957	4.04462781624292
chep1245	3.00199326031549	1.56666218271251	0.407099156718776	6.55456414949949
cher1273	3.16479772941865	1.70858441655729	0.0811234515085021	6.86384916211408
chic1270	3.78866499660724	1.91629718680835	0.422305063775053	7.9628693560597
chil1280	4.2733938536243	1.94260269946246	0.823632446100401	8.52291342139044
chim1302	2.79854337251171	1.6435381815646	-0.221234070999296	6.31168617978699
chip1261	4.36593878499196	1.9922796831101	0.873154217710232	8.73983000353432
chiq1248	2.76353783732088	1.71315764668694	-0.434786521256248	6.4642640397883
choc1276	3.79094448204378	1.91651819669597	0.447379707632954	7.99070938246129
chon1284	0.805058222066225	1.58791033358972	-2.00840394443026	4.28769147383786
chot1239	3.2848516134407	1.65264010788276	0.561818400433187	6.93142149503035
chuj1250	2.31485828231282	1.58096587948466	-0.695000246784342	5.63988179486686
chuk1273	2.02984424959409	1.90112817891238	-1.49225811337522	6.05807932784884
chuv1255	0.627396675751737	1.73501172978323	-2.80191827107001	4.1071167982024
chuw1238	0.31473483418312	1.42640145769219	-2.15389557503039	3.47748767484501
cici1237	0.167277393953684	1.43273763585972	-2.49575130781745	3.3479330513439
coat1243	2.30138079544984	1.60087700629369	-0.760492815155648	5.62185571187555
coca1259	3.28534366050921	1.71358466574374	0.126563561931062	6.94118505898202
cofa1242	3.40558446813971	1.83805293631227	0.160829038048522	7.40833094804957
colu1241	2.91822861827792	1.64168589429151	-0.0713449929898843	6.50169289238174
como1259	2.99752088575701	1.67239271308359	-0.0286535438098674	6.63643170627792
cori1240	0.173194579914745	1.4856464420624	-2.49345753988041	3.36885946277567
cors1241	2.8748758568257	1.59264328936966	0.225039720283595	6.50820179948059
cosa1234	2.68830723376111	1.46772055042137	0.182396763532426	6.00335599544395
cree1270	3.75292393137949	1.89037176666907	0.483115698312941	7.86630303259448
crim1257	0.621975362384014	1.74797589354532	-2.9039027474105	4.21854717526102
cros1244	0.187121739834556	1.46343964651782	-2.40773215364566	3.3804127740573
crow1244	4.29916779566012	2.0434284442421	0.691496864861664	8.86868484108252
cube1242	3.42944597635018	1.7956478969609	0.177466270708687	7.44189444804978
culi1244	2.72812941204069	1.69371009529889	-0.354126612604097	6.37471741778607
czec1258	2.60061746136485	1.54607354414282	0.0140649215161491	6.00119389607782
daai1236	3.12691915885554	1.59623332690111	0.492835027507499	6.68440858667478
daas1238	1.68789996821282	1.41753292740827	-0.774774895789138	4.76860312903178
dagb1246	0.0937541919449242	1.43545685989903	-2.48486054335278	3.31795666209731
dagi1241	-0.555891868418305	2.36839623320588	-5.71746869049758	3.99400550955341
damp1237	1.16350835593905	1.48152173093933	-1.3815387754225	4.43505101730596
dana1252	0.992392801396472	1.62059028044484	-1.86837862561927	4.62736602155227
dani1285	2.54432112881361	1.52243032726931	-0.0482647851348654	5.98194652350928
dara1250	2.86079374803021	1.61918774327359	0.170255221468208	6.53038591128207
darm1243	3.05449856621151	1.55590542826587	0.457618337805421	6.58232398691569
daww1239	3.12983896095386	1.75006991060687	-0.111156000238328	6.81623562555647
daza1242	-0.734664159013229	2.18706173772923	-5.49898168714187	3.19740356506408
dege1246	0.160810233524217	1.45388420320612	-2.40483057993162	3.36416674643348
dehu1237	1.13185310433042	1.45590671897935	-1.42114245498874	4.28831649883477
dera1248	1.76489212336763	1.45884013207471	-0.737549531756443	4.94549926603486
desa1247	3.39111063503586	1.78633191611275	0.146910870104897	7.33638257234647
dhao1237	1.12843464603895	1.484414420423	-1.40443909509285	4.46325494050485
dhim1246	2.84881945499432	1.5402838372504	0.235402493840846	6.28583386038659
dibo1245	0.248806411487283	1.41510693389419	-2.2403460116894	3.43231487082051
diga1241	3.07186190946117	1.60463316103308	0.451401516516976	6.66198852078615
digo1243	0.388160948071768	1.43954001559366	-2.12982289562459	3.6227323254344
dima1251	2.62260774891732	1.47991652034211	0.10801564368443	5.97963244495913
djee1236	1.25212777152851	1.76922499956105	-2.10140955012532	4.90808542662769
djin1251	1.8967475910744	1.84038609510855	-1.38784673993863	5.87780797592714
dobe1238	1.15299729790972	1.48128350502059	-1.41145349579991	4.50259129813825
domm1246	2.29653584190992	1.70807603955278	-0.622657543616726	6.02545514532024
drun1238	2.87397045899959	1.53751497932162	0.303154602784489	6.33796025069409
dumb1241	1.13695706615103	1.47238837564275	-1.42835107261671	4.4277276203594
dusn1237	1.33384992271309	1.54889423765469	-1.27881779568766	4.82542889321157
dutc1256	2.54684518926618	1.52358779015991	-0.0438524669779662	5.93965896620814
dzao1238	0.552792384194199	1.84219386237287	-3.27307920601129	4.31852604579585
dzon1239	3.45053652605503	1.68258512025175	0.638660375028361	7.18607698785403
east2328	1.60648981948106	1.60205048230277	-1.17443788754722	5.13491392618868
east2342	3.00626585992432	1.57935350536812	0.373266240827783	6.61095895067162
east2443	1.18504801740417	1.47462251394712	-1.35295938792478	4.47736194377899
east2447	1.19152975964541	1.47229843258182	-1.34242379744755	4.48265323515372
east2516	2.02348477695192	1.64157811715761	-0.84950842242354	5.58464880487171
east2555	3.24833064272058	1.70170948513984	0.0767772699742149	6.90167621088413
east2773	2.889366804458	1.52656960428112	0.317470538151434	6.32244952947111
eipo1242	2.10426142631654	1.65734879339007	-0.734418292512808	5.69813803494878
emai1241	0.151316571612631	1.45313335896723	-2.39376401948389	3.35372070272102
enuu1235	2.67993229752026	1.47178650435404	0.177967790272778	5.99712332242177
ersu1241	2.87353809994905	1.52997678232376	0.354605258025928	6.32732303095047
erzy1239	1.70377211370784	1.65257418072936	-1.09728451948051	5.41473584882894
esee1247	1.52327182942776	1.77602238240907	-1.8223027495911	5.29030724811664
esee1248	3.43678114708346	1.76041322929668	0.170467934755147	7.23502692120815
esto1258	1.57288937139881	1.59453484731821	-1.28603368901071	5.13115221432829
even1259	4.38479539614924	2.13937708556198	0.739667324139395	9.14069608483441
fala1243	3.30020674823097	1.6716598600385	0.535600861811677	7.06120301175488
fare1241	0.095412621271135	1.44622881234342	-2.51463936533324	3.23994002770429
faro1244	2.54952740799083	1.52714736335331	-0.023836749143602	5.97524800805659
fiji1243	1.18840930444987	1.47410825111534	-1.38603118371626	4.49923932868955
fina1242	1.22211433371375	1.49659608488904	-1.32409507056368	4.55160221875312
finn1318	1.56829295239754	1.6027160433843	-1.17582743185606	5.22187640239009
fonn1241	0.134967478763773	1.43866775440841	-2.4599738853782	3.29879392077836
fore1265	1.55494244776842	1.63956877768496	-1.34033177824669	5.14711542478883
fran1266	2.74676238184513	1.68869213581687	-0.338646773976382	6.48749165771508
fuln1247	2.97268020976238	1.71930734667607	-0.186569528945311	6.67733704686484
furr1244	-0.475897623588984	2.28895706390255	-5.27934722023386	3.78462959628278
furu1242	-0.847424532393638	2.14166263134665	-5.52716039362313	2.97008462899158
futu1245	1.18341215426147	1.47092878391217	-1.33258520510784	4.44432424478506
fuyu1242	1.86201240070919	1.87061951095836	-1.63505139441202	5.88631046527045
gaaa1244	0.130274041777926	1.43589909530209	-2.48107685037158	3.29364331378732
gade1242	0.180629396415137	1.46752956005163	-2.46845119183753	3.41507141373571
gaga1249	0.612358529363932	1.75084193917234	-2.84154374336858	4.15851810892827
gahr1239	3.04818833387595	1.56222348730853	0.419841357051372	6.56523379209575
gali1258	2.81148384670422	1.56974780813652	0.167297826310993	6.35672140419039
gami1243	1.8387040992663	1.63125954275408	-1.12407001518181	5.39399439596497
gamo1243	-1.02841846427016	2.16429731593258	-6.15724923135367	2.64817282829198
gant1244	2.56623751723661	1.80873794817449	-0.450256431866527	6.65489631842552
gapa1238	1.22641884402494	1.48162797668467	-1.26717629861465	4.52229045459901
garo1247	2.62812051008078	1.47112851600083	0.13565614242688	5.89668731921567
gayo1244	1.13333830154761	1.45988932874777	-1.38373665464208	4.41166458240974
geda1237	1.19905471163869	1.4863946599901	-1.36196719379449	4.53272814151453
gela1263	1.17065202593691	1.47250172250741	-1.36584056681287	4.44966706661916
ghan1242	1.12260521540496	1.45630707895592	-1.38713168922219	4.35875378840734
ghar1239	1.17397146395734	1.47424372732654	-1.3523816011743	4.4978311508421
gheg1238	2.60511729418096	1.58022934603468	-0.0321347220839782	6.15562817557019
gilb1244	1.12957215993055	1.47022371978486	-1.35874579658238	4.33315129592341
gofa1235	-1.02601860996593	2.16388219588391	-6.11843926439718	2.62353471115881
guah1255	2.96242291556646	1.71454677729478	-0.200104409786658	6.70458159679048
guan1269	3.33847523330346	1.76501232661798	0.174627513962439	7.25062614618087
gube1234	0.142099838884567	1.46368578492641	-2.50732014286374	3.3838192823275
gude1246	1.85866845111945	1.46716316856744	-0.634005818330349	5.07149958919237
guer1243	2.32962047670003	1.62478349015055	-0.686196957511314	5.72301240324561
guiq1238	2.8764630019977	1.53003982371483	0.318456925932544	6.32557622634885
guma1254	1.35964461828612	1.53247655845996	-1.1776821188867	4.83611383296977
gunw1252	3.30771836639989	2.06696315560751	-0.171230315528425	7.84494181217328
guru1261	3.05546177874499	1.54644377006328	0.45394844405	6.55200706799824
guru1271	1.77608325759985	1.45587142250193	-0.736123340459189	4.95858976367621
gyel1242	0.233392152299547	1.43002181585786	-2.31107280891281	3.39447603021598
haaa1252	0.408836112362997	1.44542326758714	-2.10852225862411	3.67754712595054
hadi1240	1.76602250458691	1.46026936172359	-0.767272041003805	4.97549699967761
hadz1240	-0.387588495022588	2.34518705442948	-5.36154856758258	4.02601868856644
haka1240	3.31717806906837	1.67078971924399	0.557912880264838	7.04201006642583
hakk1236	2.70158499486224	1.51482592431678	0.155529633787258	6.12773212695136
halh1238	2.53875278851659	1.82489450223789	-0.695111341239296	6.48510046187199
hali1244	1.13629226598584	1.47073621699461	-1.40333547272356	4.39311329868643
halk1245	3.07843760882699	1.70179829361964	0.0539940627428787	6.86279593046322
hang1263	1.44119208350462	1.75359359166525	-1.75000478494637	5.13273637028129
hani1248	2.67944529749092	1.46717598607314	0.177521934006729	5.97433934382549
hano1246	1.1836107145919	1.48165045900728	-1.35170944078499	4.50884934036539
haru1245	2.52669398745629	1.84837402188653	-0.603181871812246	6.56667619600054
hava1248	2.82242462032836	1.68300332167333	-0.271639254399509	6.46707272239783
hawa1245	1.21467144433894	1.47630531366125	-1.27633367773898	4.51951274424797
hehe1240	0.481464468646105	1.4770051429761	-2.01696412579033	3.86540589690867
heil1246	2.82657095351488	1.67958936962862	-0.214947967464533	6.47568660228553
hela1238	3.5181731315214	1.70864184318136	0.691818533790868	7.37860644631924
here1253	0.246854628889354	1.42552561961699	-2.24136926178511	3.41944821554125
hert1241	1.61042819756827	1.42500721118472	-0.87591037866211	4.71632358313498
hida1246	4.3023462037857	2.04986992266646	0.708059915654877	8.8485963362176
high1243	2.68731842148064	1.66968581545935	-0.390372273557404	6.19539151796416
high1276	2.74434979323804	1.68245313695997	-0.301785226111629	6.35794293871689
hind1269	2.94196099055092	1.64084548467055	0.202442016159986	6.57951605656015
hoaa1235	-0.00280102821211936	2.40142216053159	-5.11678725749795	4.64181367455242
hoav1238	1.1139431959871	1.45155802812772	-1.40523787190621	4.37397293700099
hone1235	0.168635057814646	1.45440455196853	-2.4019595708402	3.32473950606869
hopi1249	2.42774319460771	1.58297879351076	-0.516571325168779	5.82900561034362
horp1239	2.91609889690155	1.55486455922667	0.315952180389537	6.4858869672343
huaa1248	-0.384889149455896	2.40841533310022	-5.55004325226973	4.27427592815288
hual1241	2.76566682570856	1.64251323607597	-0.290465405458939	6.34928632174842
huam1247	3.00645703001905	1.71319118940092	-0.121181140288051	6.75030048742511
huar1255	2.28607783258967	1.55483150441305	-0.680689166913675	5.54890545409209
huas1242	2.39332791213489	1.60347195604779	-0.726986912861725	5.76892699157302
hula1244	1.61012682029566	1.42611809844022	-0.947794074399908	4.70102570015897
hung1274	1.82181697906608	1.68663913442463	-1.04630730711391	5.67118293146647
iaai1238	1.13592829918922	1.4587029876603	-1.36384247361433	4.38804019447463
iatm1242	1.44381510144276	1.76608849212066	-1.89174166858952	5.13729488265547
ibal1244	1.2447288712768	1.5165197520843	-1.34314051961672	4.57137622786097
iban1264	1.09125660901039	1.45215837031687	-1.44404159488491	4.41938149545011
ibat1238	1.21206871584789	1.48898790537708	-1.32037405529531	4.57081442513035
idum1241	3.11759011416274	1.61467868276031	0.485139363859454	6.82252921431928
idun1242	1.2324396757457	1.49731521366189	-1.32241128551452	4.58451385939911
iliu1237	1.13919364075225	1.45727947557296	-1.37195355473424	4.33485401188365
ilon1239	1.23268496553369	1.5076288045263	-1.34471576544376	4.58773101358222
imba1240	2.82786876015173	1.65162090969889	-0.212602485271273	6.39916585522107
ingr1248	1.56323862989136	1.59553491612246	-1.22179867693355	5.17819619202268
irar1238	1.15613079514941	1.47130581580593	-1.40223066339544	4.44348411095172
irul1243	0.376619603374165	1.78074761573215	-3.26230057071039	3.9674420710468
isco1239	3.42773394297006	1.73886536261086	0.280583814706375	7.17123113272653
isna1241	1.26075446176172	1.51535905191514	-1.30044415505051	4.67094799248736
isth1240	2.28125828737993	1.55032668136802	-0.718378520474714	5.5903703485052
isth1241	2.2808818732137	1.55767992689388	-0.676261939177712	5.58096255426952
ital1282	2.83687381867952	1.57978631663414	0.207787043887642	6.42268618677062
itza1241	2.2981049811411	1.55473731511124	-0.681359107457311	5.45615188741645
iumi1238	0.560078040173046	1.84536265926392	-3.27722287465239	4.27259069605647
ivat1242	1.21509170556097	1.49599812560354	-1.33067632568438	4.60171607765848
iwam1256	1.71967270945077	1.82313787359049	-1.67141672399824	5.57345240502265
jahh1242	0.769960389722109	1.57610298638933	-2.18067302800724	4.13287388587349
jamb1236	1.08778802692729	1.44535208538748	-1.38832595883865	4.39625114799476
japh1234	3.03899091923603	1.5955665799683	0.430225262048202	6.67029327854607
jeha1242	0.77252585376345	1.57558419263426	-2.12262610319947	4.12746921617236
jehh1245	0.788778825153431	1.58522220172485	-2.11312774281023	4.25302293818446
juku1254	0.166100397559846	1.44393154601384	-2.3989207057615	3.26214708939728
kaba1278	3.26480563276837	2.06663314542835	-0.142047394177801	7.90828064328379
kach1280	2.62025143183527	1.46626694345933	0.0974011451813178	5.91593128096129
kach1284	-1.02303700663874	2.17838854428801	-6.04835691733289	2.67351226878172
kado1242	2.62215854610703	1.47179441118038	0.137958825531137	5.87504134555086
kafa1242	-1.0057512314625	2.16265713364575	-5.91156681751687	2.70632406576507
kaga1256	1.19865069167122	1.4990417260959	-1.3755264180753	4.49982028579458
kaik1246	3.09174194194426	1.57444321234437	0.475018878070977	6.61631295107349
kaki1249	2.16836473332067	1.84780908076969	-1.21186236860766	6.0684938154577
kala1384	0.320519358425418	1.41567250043355	-2.11866179394291	3.48021338137761
kala1399	2.63293907518975	1.62147079911608	-0.350749375499526	6.04690971847956
kamb1297	0.372759246672456	1.43381559392483	-2.10702036022957	3.634794564329
kamb1299	1.1327135527588	1.47340356737524	-1.37691343752433	4.48635600566586
kamm1249	0.114071156971495	1.43018775121466	-2.48792021688348	3.26195848353382
kana1286	1.13199886695117	1.49854124657404	-1.49025061656968	4.45249971506076
kana1291	3.47460032877684	1.87788839661471	0.170605702752966	7.62202444646416
kank1243	1.22195988247259	1.50161969188029	-1.31958207969256	4.63274482656493
kaqc1270	2.31212754305471	1.5965569529901	-0.781320847514552	5.60125720149754
kara1486	1.14649101307439	1.47743698378602	-1.40928490097762	4.49072974316586
kara1487	1.2424954638041	1.50080365238209	-1.3183439604696	4.53044627269896
kara1500	3.85012449707352	1.93160551466751	0.411042464579859	8.12002885095171
karb1241	3.10426234062611	1.59509448844449	0.500447952041114	6.76350934990362
kare1335	1.56374418423529	1.60105499180431	-1.25556040721402	5.12158356604517
kare1338	0.101661556184926	1.43484192479007	-2.47088568118559	3.30829517991713
kari1311	3.5016487481077	1.80569682909538	0.25690998231867	7.37640554573164
kash1277	2.82288848952454	1.60179059208786	0.149986607197359	6.38387548610471
katb1237	1.15016803952147	1.4598059757877	-1.34975774501115	4.36424600629726
kats1235	2.71162706404381	1.47712806422273	0.175527345753242	6.00087570859718
kaya1315	3.06417349098628	1.59933096304459	0.402660397334942	6.69309425909431
keda1252	1.1446085874437	1.46012733493644	-1.40310130559715	4.39105883486102
keig1242	-0.478593952689244	2.35823499112333	-5.58863350561555	3.99969709675705
kele1258	1.13875683273371	1.47718478457532	-1.4296288424474	4.47399543352383
kele1259	1.3123506435855	1.52649854679697	-1.24424153096814	4.67085944591622
kemb1249	1.12730017649561	1.4642967806466	-1.4236202761223	4.38620973045909
kenu1236	-0.492230876359293	2.38890248697703	-5.64851075615442	3.98600858993451
keoo1238	1.1363512933841	1.46245491064973	-1.40126789570672	4.35320133297617
kera1255	1.79464070000843	1.437752717789	-0.633426280494512	5.00426982833046
kesa1244	2.56250985001192	1.81261684333836	-0.459403682153997	6.60117071690779
kett1243	1.40355525308412	2.12073397536346	-2.69222752387912	5.81170769970774
kgal1244	0.318259820087366	1.42758376529773	-2.15170117632087	3.48175093856663
khak1248	0.620312232793992	1.74711064377189	-2.87864074568176	4.17090550904878
khal1275	2.92265299151226	1.54696764892916	0.319648297260077	6.33262341529402
kham1282	3.4860784267412	1.69857310526176	0.661183162352297	7.27584981478397
khan1278	0.178193819935003	1.4578636097828	-2.42194760641718	3.35434783924821
khar1287	0.81540935819176	1.60724854652782	-2.11130810803318	4.29897560059017
khar1288	3.1529233807178	1.60756712177173	0.495830078112766	6.77399469953824
khas1269	0.900110270652967	1.60361480809536	-1.96488973850121	4.45183272756432
khez1235	3.20628078904671	1.61851358288111	0.577677702564146	6.86775537523449
khmu1256	0.810715156342635	1.57646989237797	-1.98478535612065	4.26892309891224
kich1262	2.31116895950752	1.602352643955	-0.746997945564016	5.63946732386069
kiku1240	0.374094321599658	1.44404804094849	-2.1646256729798	3.65770702496825
kile1243	4.39575280887151	2.12986721182723	0.758540444821214	9.0906381819566
kili1267	1.28515936130228	1.51671937416205	-1.31701335246625	4.74532412672249
kimm1245	0.554026481423361	1.84333944471252	-3.23781856609332	4.32714394582513
kina1250	1.19566248886087	1.48165595623705	-1.30907915193374	4.51307818465063
kinn1249	3.06042839188719	1.55729926300242	0.457656367281869	6.54715299288176
kiow1266	3.38781125820083	1.86536386414481	0.129337570616594	7.57316357524287
koit1244	1.51844164878331	1.76463952467011	-1.73853233637443	5.25707392726707
koko1269	1.12803587999492	1.4636443139571	-1.407576918051	4.39736532095229
kolb1240	0.0965380592658982	1.42763695693735	-2.50430786642542	3.23929526753811
kolc1235	0.240980894147821	1.42650820547705	-2.36126721471086	3.43821047246641
kolu1245	1.2249300576714	1.49373933958611	-1.32091529132314	4.66899703888256
komb1274	2.06352015617673	1.64091297797635	-0.834480441433908	5.63491745967783
komi1268	1.64810247088806	1.65483920470808	-1.16360565249811	5.45349036216068
komi1270	3.19150527844892	1.6176340014372	0.472867536372155	6.81674203155975
komo1260	0.257706582281617	1.43555759989726	-2.26179273542552	3.49873414302215
kona1242	2.276078196061	1.888246261065	-1.04981770773231	6.51913454108564
konk1267	2.79736332240847	1.58631720001773	0.121906035284424	6.23839661076737
kony1248	2.62289303517204	1.47423100821713	0.105274556151437	5.98446769723973
konz1239	0.409815525914302	1.44205128716931	-2.09612641967365	3.66825485926764
koon1245	0.236252082301587	1.43050663351843	-2.42444978414468	3.39574654598237
kore1280	3.8517970218798	2.38437272503169	0.0533506385732734	9.27852312517349
koro1298	0.0951010671321261	1.43652973919618	-2.4860384327941	3.20471751992685
kosa1249	2.10533714694786	1.66072466296416	-0.788865322883804	5.67945689549772
koti1238	0.312738502824029	1.42158053114301	-2.20408601067364	3.38714337340213
kove1237	1.16994916349462	1.47933889547329	-1.38502170033778	4.46717179001083
koys1242	1.61100315688423	1.43279623974386	-0.89450577140876	4.69580694379151
kuan1248	1.14732627703202	1.47465441735526	-1.43008846048971	4.48699427164168
kulu1253	2.96455893217205	1.56046883766687	0.395184539863376	6.50523370771076
kuma1276	1.12792931365354	1.47215652933332	-1.41636243833179	4.40675262551518
kumb1268	1.77886206341282	1.63775808252032	-1.17158847599357	5.29617185395045
kunb1251	3.31367027115141	2.0786227947519	-0.184026398554448	7.86106551771383
kunj1245	1.69286494620589	1.61024566545195	-1.24886513764906	5.16962774910206
kuot1243	2.16032035735928	1.90035726200605	-1.20744531518822	6.31079472512117
kusa1251	1.11243631789711	1.45105749005518	-1.43415945884948	4.38006119118996
kusu1250	1.269468028238	2.19024493042867	-2.82987633935476	5.86241267927819
kuyy1240	0.80434071150427	1.59851389438111	-2.05479465730349	4.27187350457683
kwai1243	1.18989008209469	1.49371166462356	-1.37925121167245	4.51805530340506
kwam1252	1.11819347000695	1.46560037209194	-1.40004545801361	4.39090791561733
kweg1241	-0.796449136231099	2.18327286882978	-5.72601227050842	3.13113519236834
kwin1241	1.19777236621999	1.98784487336248	-2.70666077075643	5.31570350608825
kxoe1243	-0.635749122843137	2.38460712780366	-5.77698817949725	3.84065945464359
kyer1238	3.51378818875876	1.70667212672913	0.702490268638291	7.40744900096311
laal1242	0.218922995594755	2.23601243689065	-4.3762565397514	4.56789315437608
labo1244	1.15007578881389	1.45654679370137	-1.33800204183005	4.33807523527194
labu1248	1.15888552226039	1.47881337187814	-1.39756981885462	4.53889257494945
lagw1237	1.78616285309784	1.4548554418653	-0.704380377680451	5.00513627505621
lahu1253	2.71254250371677	1.48864535750706	0.173295312071707	6.07655310061374
laiy1246	1.16427295368667	1.48538945203706	-1.33214001659223	4.46538394124173
lala1268	1.37043804571952	1.53267509589536	-1.23947411126623	4.82463759962012
lama1277	1.15009035476442	1.47131589265766	-1.40487352176685	4.39204264162973
lamb1272	0.322716111842878	1.43177400846007	-2.13456051512386	3.55875647920462
lamb1273	1.12940625674463	1.4681167665157	-1.3717307677462	4.40038456843653
lame1260	1.2311091472661	1.47686346039933	-1.31062903939171	4.50119296937846
land1256	0.134601797424418	1.46189812721827	-2.50506238235085	3.30885699948555
lang1320	0.33883913843986	1.42960234409696	-2.17539477923962	3.51952834933362
lash1243	2.70933118505722	1.46382269625694	0.229091421435393	5.96854834815246
latv1249	2.59423203130715	1.53090460006191	0.0244968987419938	6.00931232815319
lavu1241	3.2794513769934	2.15085455701391	-0.215492630568151	8.04866821695414
lega1249	0.323817639643217	1.41716280851594	-2.11951982998595	3.51540113800653
lega1250	0.323727389045503	1.41869940710592	-2.15022997828765	3.49972638997086
lele1267	1.21786641065146	1.48296123853977	-1.28175496384159	4.49873084184146
lele1270	1.13522838959021	1.47363121587333	-1.40363362693355	4.46289856932573
lele1276	1.79226206972444	1.45402883335916	-0.658304138419446	4.97651294232788
lemb1266	2.02513778736235	1.63314355195594	-0.843572835018224	5.47812475628004
lena1238	1.11983705107706	1.46330692851037	-1.43574603696758	4.36400686727353
leti1246	1.1390886329654	1.45777084213422	-1.33849490543223	4.34790056080218
lewo1242	1.23348532236761	1.48190415393302	-1.3339723489736	4.47721337270333
lezg1247	1.16395677492253	2.07686471165887	-2.79980261062245	5.51773071985434
lill1248	2.92737954739492	1.65952647155957	-0.131352269575505	6.59076351501819
lipo1242	2.71368602305189	1.48067609500184	0.168632390160183	6.02480915110373
lish1245	1.60676874229175	1.42419454040459	-0.859763816645508	4.71503883345031
lisu1250	2.71014319127603	1.46740376402685	0.221540749423983	6.0230400995464
lith1251	2.60038335608834	1.53261413590345	-0.00695159705495859	5.97957011094455
litz1237	1.15510834006089	1.45734224079852	-1.32533934384278	4.36455496973302
livv1243	1.56156265365018	1.59823361051311	-1.21912357826329	5.16272062919368
logo1259	-0.857813763754367	2.15096334540604	-5.6550735094498	2.94966898270235
lomb1257	2.80512614637314	1.56604812786563	0.129988956419016	6.31037695147215
loni1238	1.13471097297227	1.47040895609102	-1.37355396297774	4.41535158198478
lote1237	1.17520055862669	1.47629619990596	-1.32797640430548	4.46473083217309
lowl1260	2.9033568725014	1.76513968151984	-0.283078099527167	6.79493713972022
lowl1265	2.28633493581851	1.56353439674012	-0.74966690389813	5.59506190034478
luan1263	1.14671509129873	1.46119544989975	-1.33469211896367	4.34534030393069
ludi1246	1.56173907868227	1.59631424676082	-1.20945190007481	5.13888557172073
lugu1238	0.373303962842556	1.44309345676823	-2.10005697195045	3.64937038743859
lule1254	1.58086956397684	1.59869877850619	-1.20066545931812	5.06225997941191
lumu1239	-0.558454995228246	2.35109793898458	-5.66757308416995	3.89572647773721
luok1236	-0.712240445175721	2.2675367213895	-5.68611792718721	3.39581481869524
lush1249	3.315113427524	1.68510312303034	0.525472846652393	7.18128359374082
lush1252	2.99966075336472	1.66612686273209	0.00934914896537697	6.6713207322836
luva1239	0.247535652410564	1.41652841425431	-2.22787179271687	3.39254693016308
luya1241	0.251429709568724	1.42575628970912	-2.25846372444665	3.40035671156567
maan1238	1.13422829469086	1.47803220778044	-1.4040467545474	4.38487297872958
mace1250	2.62050532754629	1.54240839973433	0.0557669241364864	6.13321166104447
macu1260	3.44098475359566	1.79918037276623	0.148618192278514	7.38780586214473
mada1285	1.14848912525723	1.47285297792637	-1.36106610602249	4.54316377750431
madi1260	-0.854307908879568	2.16143980161127	-5.68419725117593	2.90955917156782
maee1241	1.14926036140932	1.45027698229773	-1.29956927645647	4.33495994319788
mail1248	1.90346031944297	1.85135956313119	-1.47948204890979	5.78343033640139
makc1235	0.784318458132971	1.95618073633417	-3.07941192862048	4.78775901533268
makh1264	0.313870902651702	1.42249473271394	-2.1965492356368	3.43779294258348
makh1266	0.310147923596059	1.42030124507153	-2.16040361918799	3.42029381716628
mako1251	0.326909783217035	1.42941127746309	-2.18724423512381	3.53731594558256
mala1463	0.363674650352116	1.78042771756851	-3.27255033864604	3.89757660408313
mala1464	0.367502550175532	1.78863414969038	-3.32628303744144	3.92924049744064
male1284	-1.02200330425059	2.18012290094543	-6.07524533387526	2.69669723758321
male1289	1.18127400151	1.48628916524154	-1.35870808903828	4.53643608441427
male1297	2.83839319874484	1.69293345320552	-0.331468000220181	6.38468683449284
mali1285	2.34421139123456	1.60554282980423	-0.686243221410942	5.67513565704759
malo1243	1.1699899587956	1.4600932500254	-1.32725034606113	4.41262844850897
malu1245	1.16593675071148	1.46648046764255	-1.35881947599842	4.40150298758124
mamb1294	0.100097997404002	1.43378365152801	-2.52356417712871	3.37851990479251
mamb1296	0.321856516614889	1.4300723066555	-2.1585728658394	3.42440999021357
mamm1241	2.31651977863735	1.57473262676555	-0.724983486761184	5.48296023214549
mana1288	3.05577606450196	1.5513237174593	0.460078843703746	6.58678337656839
mana1295	1.33326032644596	1.54810778209441	-1.26985186902115	4.77964292144255
mana1298	1.45344838691673	1.77353031684216	-1.78494786794621	5.21888557012648
mand1415	2.69411365639274	1.49685074711527	0.129508479626162	6.06106269611826
mand1440	1.14926810377587	1.47132425287837	-1.40467327969674	4.40244385225678
mang1381	2.07900887729375	1.91275386366478	-1.35010083473824	6.26279193449568
mang1401	1.23148299432147	1.4807309371272	-1.32430029237126	4.53465644036445
mang1403	1.18124205498966	1.48550642689295	-1.38162879474048	4.55424529616435
mang1405	1.13462806683518	1.45811824192077	-1.37557569094853	4.34320225908302
mani1235	1.20057471729562	1.95643329383209	-2.6477102251462	5.30452182574587
maor1246	1.22016834002783	1.48332523362859	-1.29429046149475	4.52115042596096
mapo1242	1.1587931677836	1.47708516624225	-1.43035646841385	4.52232299827884
mapu1245	2.8294713579097	1.71382859170092	-0.206295328077893	6.64055201419442
mara1378	2.79577030515598	1.58509910736258	0.143325205382652	6.28359382114358
mara1379	3.10457535007768	1.60714562318804	0.480700208782202	6.68635946549904
mara1386	3.41636015080151	2.13641420106384	-0.107181583666542	8.1025645100495
mara1399	1.14550655261905	1.45187643800681	-1.30988760203154	4.35092152650647
marg1265	1.79217691114019	1.43752174642698	-0.67147563780241	4.95338635827033
mari1426	1.18855668044444	1.47382698853036	-1.36631920336317	4.4934093199405
mari1440	2.82554385332783	1.69166414541643	-0.251900280260089	6.44741861746641
mart1255	1.62273512456773	1.57718499641725	-1.26429560842448	4.97891105746923
maru1249	2.71403954702436	1.47704342869743	0.22477975672444	6.0711648168004
maru1252	3.37474395676	1.71888928262694	0.231218425820016	7.06760406156497
masa1322	1.80025197617675	1.44815959744825	-0.694909599938287	4.92884901136179
masb1238	1.1932104943427	1.47835713549156	-1.31691495550727	4.44255023981317
mask1242	1.15126846405548	1.45618336210231	-1.3370269828187	4.37494307697796
mati1250	1.19139169279627	1.48382942769688	-1.33705721302611	4.45262285064475
matu1259	0.325117319782157	1.42849909005764	-2.18407443101864	3.48230481468618
matu1261	1.27909906795869	1.51988074820757	-1.3108199113144	4.79430713266121
maun1240	1.89001119524781	1.79425879149248	-1.39418730928808	5.70097618346218
maxa1247	3.63781573312553	1.8422099523678	0.361635238816899	7.71160459269259
mayo1261	0.100652962450398	1.43798697991763	-2.45786748392246	3.44039119202875
mayo1264	2.30244100808667	1.54041080309855	-0.6623055987511	5.59938285918596
maza1304	1.89196356109879	1.46816710998689	-0.58786546743373	5.08079344076827
mban1263	0.105152455424734	1.42147467880744	-2.46831701402265	3.24950909919173
mbar1260	1.79854069440761	1.45141957440038	-0.701536467243911	4.90654117615092
mboc1235	0.233142218975395	1.41899911924332	-2.30322069918377	3.35115394674661
mbul1263	1.17633912694378	1.47110147337818	-1.33957672009427	4.51427958102428
mbya1239	3.25188438002512	1.70550724122155	0.089321046048071	6.95180975655095
meen1242	-0.799106275587165	2.17800189338813	-5.70717861900239	3.04146510451098
mehe1243	1.71785471861886	1.83402250501862	-1.71112928018214	5.66348818681369
meke1243	1.3741710851395	1.53665209744507	-1.22067221500709	4.8446771655234
mele1250	1.18359991335847	1.46576322821747	-1.35581518951558	4.37437178396723
mezq1235	2.32676174471238	1.60815054348964	-0.677796279741053	5.68755748503874
mich1245	2.27736821486604	1.5558849516917	-0.710232805548731	5.55648741573404
miju1243	2.76564130583598	1.52471376608854	0.159528328274306	6.19633394468231
mikm1235	2.91895498597096	1.63598073017826	-0.0499161039713597	6.47664196230794
mila1245	3.19135792396243	1.62944742441698	0.520710737632461	6.84817847117645
mina1276	1.96776593774277	1.48633158386735	-0.516252868609765	5.22707329546338
mini1251	1.15019090888414	1.47469374193275	-1.44922647425635	4.48771205560512
mini1256	3.19727426796633	1.75938535169621	-0.0305378958434066	6.99694996846493
minn1241	2.6991615782726	1.50681369145226	0.100354412093747	6.10827443746299
mixt1426	2.30681845898687	1.60578018023238	-0.749781249960594	5.64071092153075
miya1259	1.04332977758592	1.9025683652113	-2.54579571207198	5.06225673284652
miya1266	1.76770056742273	1.45049611969881	-0.74406405502567	4.90123290838613
mlab1235	0.805545622319952	1.58766610138474	-2.01343014047686	4.29447679528718
moba1244	0.0956114926782748	1.43578334021104	-2.49633066268271	3.21164721959098
moch1257	2.30676490913158	1.57955369594628	-0.685186380747087	5.56061199747883
mode1248	2.60019577354827	1.58132101454051	-0.0617107051698963	6.16179527886845
moha1258	3.34395050717327	1.77349983779278	0.182245908015842	7.19979754510045
moke1242	1.12946495605786	1.47107959156307	-1.40464729848651	4.46362953723228
moki1238	1.11406794876416	1.45662473006716	-1.40111791287452	4.31774354921486
mokl1243	1.12669868640186	1.46637911229802	-1.41490039438187	4.47655774019067
mokp1239	0.243619444577279	1.44451247390464	-2.28923903548161	3.47646971303475
moks1248	1.7367985705778	1.65218686800317	-1.06667974542283	5.45431623978107
molo1266	1.79909857573441	1.44186664862804	-0.664064995310892	4.93121772175756
monn1252	0.784122017297426	1.58093437486683	-2.10794987265669	4.2379979960597
mono1273	1.12149702046034	1.46908520865059	-1.41668656228834	4.46564098109726
mopa1243	2.29642985192501	1.55643717332758	-0.723645303198293	5.45207651799564
more1259	2.2753849593083	1.5530699470417	-0.714524602741084	5.56599725902937
morm1235	1.18122589824707	1.48345633954826	-1.41211310215492	4.52366667884273
moro1289	2.71455881159353	2.01659772226957	-0.57796378333468	7.26362694664948
mose1249	2.97464192384076	1.7341399595763	-0.166706439507878	6.78691042664493
motl1237	1.21962387528202	1.4874067703974	-1.28409143004949	4.64744910911344
motu1246	1.40642844821284	1.54667568388132	-1.20033315708605	4.92505946703324
mpad1242	1.79156222687011	1.44164503187698	-0.678035287032104	4.93526898381982
mpii1239	2.67962664015004	1.46812811383819	0.170061141693414	5.89488554267111
mpur1239	1.97772694584701	1.94463124469572	-1.45058794278823	6.15450364140242
mual1241	1.09459041582459	1.45381823425202	-1.44742497558668	4.40543520863413
mudu1239	0.371764159484541	1.79375155541521	-3.27959833052126	3.94589554670737
mudu1242	1.15423939122914	1.48309277507791	-1.39784077591663	4.47874148339172
mull1237	1.68807759386113	1.76239504815109	-1.52042484478788	5.45555080877746
munc1235	3.12839536623637	1.59394896423831	0.488554308273981	6.68513462259247
mund1325	0.101393359395793	1.42245488394703	-2.48766191555519	3.39737821805224
mund1326	0.102709303048935	1.43700553823438	-2.42311320479681	3.32109427447047
mund1328	0.22381315157748	1.45524188224396	-2.31745587108724	3.48564303102616
murl1244	-0.795306925803329	2.16336311817144	-5.72559523213933	3.08197474739681
muru1274	3.23848644757565	1.77094436636357	0.0206212577070585	7.03863505746965
muso1238	1.16227193711522	1.48207684221091	-1.415504691475	4.48218209117629
muyu1244	1.2865031078065	1.51304526523583	-1.30405154457765	4.74124690427958
mwag1236	1.76695121657677	1.4646494515996	-0.796509617018213	4.95334456839807
mwan1247	0.381322687802435	1.43360779136723	-2.12937876502881	3.53973465110247
nali1244	1.14633695719522	1.4705585583552	-1.41098352563403	4.47716099408089
nama1268	1.17264119913105	1.46064162524527	-1.33799396105971	4.4028904128754
nana1257	4.33492305511216	2.10582943222778	0.732931251719635	9.02522383941356
nang1262	1.14859989962624	1.47500374959884	-1.36142876569554	4.36955863220941
naue1237	1.14437749505705	1.45880850862545	-1.40443319870772	4.29783914910145
nava1243	4.33601407263935	1.99760457098512	0.78827565167951	8.75135871431953
naxi1245	2.9506254742908	1.55468766268314	0.364161717381503	6.38246739275518
ncan1245	0.229283714804804	1.45053640900647	-2.29568747302783	3.43626294168313
ndam1239	0.323321086110576	1.42819370442812	-2.18294957172746	3.56208010849735
ndog1248	0.0934722072944466	1.41893077388631	-2.4614722486039	3.23054712671248
ndun1249	0.0976250831055888	1.43212903446115	-2.44826411050845	3.24876826616304
neha1247	1.12739648727787	1.45954217308654	-1.40701878657371	4.41322223035828
nend1239	2.4823074527813	1.7765206729876	-0.505451212387415	6.4111437950556
nene1249	1.54448341734413	1.64060942027118	-1.37975365115343	5.2192514406863
neng1238	1.13394912197787	1.46188121155246	-1.38720870898522	4.28506227396281
nenn1238	1.23731503214363	1.7429172967598	-2.13224964596517	4.84793675268811
nese1235	1.16329095528758	1.47532851311742	-1.35213799439493	4.39117302769897
newa1246	2.89169031377468	1.52742202277676	0.325315426639289	6.32898217024448
nezp1238	2.87876241019878	1.71824452979682	-0.258888726169822	6.5116441162063
ngaa1240	1.63962251783834	1.59477260574963	-1.30745700653668	5.06085731856114
ngan1291	1.55437032976292	1.64557324019161	-1.33435480829612	5.19751570958378
ngas1240	1.76254313036147	1.44532455808836	-0.712034084161688	4.84529332707014
ngba1285	0.112995350893179	1.42378143840206	-2.41293069667865	3.26965217811044
ngit1239	-0.857881880869111	2.14930141816308	-5.56521023948677	2.89200728327224
nhan1238	1.62671536663215	1.60482151545929	-1.30639940838604	5.17904348641865
nhen1239	3.31825603397729	1.73632339416192	0.125641735768186	7.03412437521188
nila1242	0.34395110586887	1.44092870054132	-2.20151983668838	3.42579991721921
niua1240	1.177055144336	1.47597554579167	-1.3777566695184	4.41155305120133
niue1239	1.18951246367243	1.46873602648644	-1.34253862651047	4.43784984805228
niva1238	3.50720981557642	1.88035344376133	0.228749133915841	7.67999693009804
njan1240	0.539440343431412	1.52938116466285	-2.09164848711298	3.87741026620329
noct1238	2.62432145339674	1.47720610653816	0.120104118406452	5.96596602620235
noma1260	0.255915309739429	1.43865620476208	-2.25906266239651	3.49714315958688
noon1242	0.148491085885255	1.48086908130295	-2.56467978743449	3.3581887518951
noon1243	0.223775921258376	1.4558016520266	-2.31379584985355	3.43827405635313
nopa1235	2.30804968438685	1.6022887860757	-0.672772356341234	5.71896071126278
nort2684	0.78642080079129	1.57965015542199	-2.0896708887936	4.2118140031478
nort2690	0.614532193003925	1.74234407190042	-2.80249591948197	4.14528031162969
nort2702	0.380980982277957	1.78903603187191	-3.30310628753117	3.91698625699314
nort2722	2.95096639441714	1.56802371333816	0.343140014752436	6.50482320410361
nort2723	2.87739472772272	1.52746656922218	0.256318648179274	6.29364522510128
nort2732	2.76483165622288	1.51452843532633	0.243121334225048	6.19013203976551
nort2745	2.01074914578742	1.88402648196843	-1.5425229323573	5.90110915795333
nort2747	0.549903370706854	1.83147288439999	-3.28105317405327	4.17847707457451
nort2839	1.17027527966899	1.46170572735801	-1.35918226737367	4.40912180657925
nort2845	1.26722559883902	1.49282113415647	-1.27211840395596	4.6160198323862
nort2885	1.19339009825426	1.49358796603094	-1.36803274550452	4.45002708292958
nort2930	2.16766195837911	1.83116314857087	-1.09717002376617	6.05980739436622
nort2938	3.73825752791143	1.94134815294837	0.399984157415046	8.06755974912702
nort2942	4.40740359669879	1.99469246629862	0.853418863627621	8.7695633634073
nort2954	2.46437215706116	1.58501146942701	-0.505051053246206	5.85635595985099
nort2959	2.27982017488995	1.54369480273915	-0.721420406924902	5.59517068427953
nort2961	2.91489897016219	1.62806854887583	-0.0417385763426898	6.38194690322547
nort2980	2.76947577348463	1.63787905867803	-0.263649801948442	6.36303546243659
nort3047	1.78958440135099	1.44071094549799	-0.739190316314714	4.92236740489586
nots1237	1.15079492364712	1.46907962488589	-1.40476397348218	4.39001578326007
nucl1235	2.59443728181432	1.55767018655869	-0.0600081688918837	6.05799976793846
nucl1301	0.613212470798145	1.75087553084332	-2.85037790748223	4.17065323431685
nucl1302	1.12372435804438	2.10938054144297	-3.14469131137603	5.41031859556289
nucl1305	0.37242386643527	1.79067613910511	-3.29133541946877	4.01568836005171
nucl1310	2.73024333230092	1.46920112623481	0.273917901425066	6.13829297331093
nucl1417	0.175726095729679	1.45431526114641	-2.46046541221678	3.37043306696952
nucl1458	1.68241755273349	1.76313197431723	-1.54564564741521	5.39516411893548
nucl1622	2.81115962407067	2.03456591063179	-0.601640922024748	7.38371488723085
nucl1633	2.02358107611254	1.8443903842426	-1.38629176034616	6.12386869062829
nugu1242	0.246579190885314	1.42096499465751	-2.29314171396618	3.4167329316647
nukn1238	2.29136336498901	1.70847389187502	-0.629466101124082	6.03625980246498
nupe1254	0.165349990041906	1.47349367349036	-2.4979368867683	3.35676126988883
nuuc1236	2.82888781519439	1.66365801157051	-0.201282923827722	6.3903374004073
nyah1250	0.783039101687672	1.58439087627643	-2.13804016775501	4.22298320695971
nyal1254	1.12523835889169	1.46529555875168	-1.3824342310072	4.36083443779355
nyan1307	0.484206548772559	1.47552530683305	-2.0031850514591	3.83062449975397
nyat1246	0.346843699897656	1.44287036353105	-2.18856961491764	3.50267613281551
nyor1246	0.496845911934562	1.47358350891854	-2.00706185498411	3.82540835693951
obok1239	2.43776935509714	1.93441194008416	-0.931687837736057	6.67399731861824
occi1239	2.80863962889452	1.56938797600309	0.191305713040117	6.34819806869768
ocot1244	2.28510144912312	1.61332428822591	-0.746163493121143	5.62126790888431
okan1243	2.92341859999883	1.6565196334075	-0.0700296092714273	6.56399348051306
oksa1245	2.06964478568401	1.63549930604539	-0.852326442822394	5.64512850194086
oloo1241	1.28010445802416	1.7485163020202	-2.02984068418786	4.83415994539928
olut1240	2.74398216519594	1.6798878158525	-0.335865676958555	6.37192524307058
omah1247	4.27494984515266	2.04724284439756	0.6748461906457	8.88716964934559
onon1246	3.35595586023825	1.77592803904087	0.233148230400137	7.25958614145264
onto1237	1.27901111115404	1.50540865450575	-1.29674965367157	4.63400633533973
oriy1255	2.82022485905809	1.58970529929193	0.17977040734649	6.39442743296399
oroh1237	1.18795660182577	1.4818678284733	-1.38999199772324	4.46673473225027
orow1242	1.1324868259763	1.44998867634726	-1.38473686021736	4.33097279548864
otta1242	2.91279269880918	1.63242873431958	-0.0661550818552085	6.42781784344326
owaa1237	1.26892651062105	1.51441155431613	-1.32974876155457	4.58752149100994
paaa1242	1.76542848543163	1.43586652540772	-0.699469272612436	4.92031339043482
paam1238	1.16518018458551	1.46369375199206	-1.34946001813412	4.45633509919579
paas1238	0.0923864532082202	1.4262555448012	-2.46849567643881	3.21550275311335
paco1243	0.801264648646172	1.5929520311341	-2.06222860483113	4.22048813843957
pagi1243	0.255477836012317	1.43874727199763	-2.30279511690696	3.47389878596455
pahn1237	0.55333395936006	1.83722367236868	-3.30277690837422	4.20884661915951
pala1344	1.14834325061751	1.47197326146411	-1.41022211781714	4.35894566130709
pamp1243	1.21345400418834	1.50262635467957	-1.36511084783158	4.53792654529935
pang1287	0.470956438423389	1.4727635014937	-2.01243374847019	3.77340859987924
panj1256	2.93253359785494	1.64641521758513	0.246380136436921	6.532088571445
papa1265	1.12850098396485	1.46301506430695	-1.39800537048844	4.48811399120727
para1301	0.915851103510895	1.60337746570033	-1.95611169824967	4.55779882607634
pate1247	1.15618565043263	1.4778303308691	-1.41334967273742	4.50285406018498
patp1243	1.15012985788724	1.46618430639838	-1.39748005246225	4.42247042161199
paul1238	1.3249491563023	1.52135312488736	-1.24405983130678	4.74940570846708
payn1244	2.55624730922142	1.81596335467041	-0.479301066052371	6.54467064803344
pela1242	2.71701870559486	1.48075234572881	0.221371219743078	6.09826677515944
pemo1248	3.22131068111089	1.75036455195403	0.0755510030771108	7.1099261025923
pend1242	1.16571914565181	1.48123474414046	-1.39532834236432	4.40909166998193
peng1244	0.37741244631075	1.80055428480433	-3.32249933586312	3.93304471810635
phai1238	0.812993999166958	1.59786400479928	-2.06142378981017	4.26574898640314
phom1236	2.6156559327232	1.47833943454429	0.150538299568424	5.97552994333762
pila1245	2.91821854759029	1.71936031139403	-0.229337721185855	6.60238009617151
pile1238	1.1886022983525	1.46927134625797	-1.34912348995903	4.4277503324129
pina1252	2.37207772023975	1.80488987897768	-0.731912560469147	6.17276793611007
pite1240	1.57814942290183	1.59494643596847	-1.20828173214931	5.05295377084216
plai1258	3.00585152638906	1.65012324664117	0.0384519274256568	6.55876618707776
pnar1238	0.902350899216021	1.60447938827563	-1.96472910111543	4.46294344833552
poli1260	2.60109973494974	1.53958904491315	0.032475457671488	6.11354480490489
popt1235	2.30579116021005	1.58136159350928	-0.631687864374603	5.60684416868536
port1283	2.81027001752322	1.5729372056414	0.1797959777687	6.33421307000905
port1285	1.1503302484597	1.4532594050018	-1.34536611892608	4.36792158526384
psik1239	1.79032854675867	1.44747611246187	-0.731473817948381	4.88499530405053
pulu1242	1.10379025268341	1.45963694117071	-1.46235982801006	4.32431523146122
puma1239	3.0279507364063	1.58189729483835	0.400844148133553	6.68303404374559
pume1238	2.77335984486904	1.67969710786221	-0.382507463881024	6.37850495341231
puoc1238	0.811208285795159	1.59527507741644	-2.03872818689435	4.28375149721568
puri1258	3.43918439943353	1.68562825571577	0.642035974022599	7.34542190120993
qanj1241	2.30533141388703	1.583831038045	-0.68543940208277	5.61164106092923
qawa1238	2.99668660518784	1.73176331121704	-0.141917413902714	6.74839674098919
qima1242	1.66008478731838	1.44896074633391	-0.946692073382414	4.70402429042475
quer1236	2.32744533277706	1.60728606829911	-0.668909676665209	5.60824030815308
quio1240	2.33561604900414	1.60595862781063	-0.68018945924434	5.65283166304891
rabh1238	2.63122961034497	1.47023242978115	0.131411728955943	5.9180556062959
raji1240	2.85625856250479	1.54232029136401	0.289932339819366	6.31702208632482
rapa1244	1.21529279233632	1.48104483335438	-1.28013560244667	4.48443450379741
rapa1245	1.2140304424712	1.47564764024251	-1.34279699425246	4.47847983890054
raro1241	1.21815802875846	1.48087014933506	-1.29996234336735	4.51687613532933
rata1244	1.14732440000346	1.48696100815964	-1.40224643250808	4.40396067851763
raut1239	2.86133430956564	1.55428234273245	0.281630707380911	6.40045083213856
reja1241	1.12047845073159	1.47668769800858	-1.41469266077157	4.43810948134037
reng1252	0.781640736587367	1.58336709594029	-2.10069143150069	4.20489310423025
renn1242	1.18287181396783	1.47997275315873	-1.37734595575809	4.50760654047876
roma1326	2.80156463115155	1.56870687664154	0.16443898777285	6.36376147870771
romb1245	1.19227837881788	1.47979653063394	-1.33102684412465	4.40405178770721
rong1264	3.04886453038898	1.56410280893999	0.463091766887549	6.58532853540313
ronn1241	1.77600156752156	1.45081014135468	-0.70470890415485	4.93480138787165
roto1249	1.8842390120065	1.79950214600197	-1.35606315712992	5.79928657139473
rotu1241	1.17775946583869	1.46800263663537	-1.38104990125117	4.44814144448721
rovi1238	1.11955903339765	1.45971851428914	-1.42492907002326	4.39784109529829
ruch1235	0.917164534592835	1.59145172728525	-1.9130239473311	4.42584057778493
ruma1248	0.919152291417014	1.59890745209943	-1.93096227264647	4.46102603854913
rung1258	-0.421375040753658	2.32928451007696	-5.55945564299589	4.04747704347024
russ1263	2.6002124667627	1.54610892695991	-0.0172272441602213	6.02246463230345
russ1264	2.53793578091882	1.82128279598631	-0.711972624848811	6.5021513875799
saaa1240	1.19731047478743	1.4777745371437	-1.33649822962777	4.51564262966497
saaa1241	1.1777998071708	1.4734891719784	-1.33437589171433	4.4892509720462
saam1283	0.427596888708844	1.44766005087003	-2.03709262806017	3.6449451283811
saar1237	1.13464317352907	1.50204929590513	-1.49181999765275	4.50792550506225
saba1268	3.41083019432916	1.84489549650251	0.124352409347736	7.49079756892474
sabu1255	1.13321745061742	1.47902492212492	-1.42623162551606	4.35545707288599
saga1262	0.375970870195582	1.43911177206916	-2.09749131977135	3.63367656950839
sais1237	1.13541795773182	1.50141815124987	-1.44658954167909	4.50596119754322
saka1289	1.16788432273654	1.4685500369434	-1.33629586414009	4.41961566712717
saka1291	1.12865854643201	1.47292886934023	-1.41321087009987	4.39808948000395
samb1305	0.0987422097854944	1.42401901844503	-2.4514874726796	3.24588700351691
samb1311	0.420941022245276	1.4994899183382	-2.14661218130895	3.7593314899729
samo1305	1.18097392158195	1.47507238662709	-1.34386445555832	4.41717192901094
sanb1241	2.30096188081897	1.59753562233938	-0.758345979499623	5.55494698849919
sand1278	2.87678821896744	1.72691753548648	-0.35252338253847	6.56729615394906
sang1331	0.247945629181698	1.44673307857784	-2.24378589646121	3.39205262479954
sanj1284	2.29772210712916	1.60398818359013	-0.743441342736404	5.63624255544484
sanm1295	2.34614218131352	1.62694265872415	-0.648545852329676	5.8017204479761
sant1451	2.29303490475579	1.6044425995701	-0.684239258770992	5.61351807447607
sanu1240	2.87300286266426	1.74039805141936	-0.237710395676223	6.64803413419338
sapo1253	1.13024200911643	1.46277486348782	-1.38415505940444	4.41063002012737
sars1236	4.33964942678816	1.96759407716919	0.800124191950872	8.67281503260858
sata1237	1.10327157057604	1.46089167982151	-1.42175083208869	4.32439329912857
sauk1252	2.16564990419442	1.66494867313295	-0.768460311041599	5.81498627319957
saur1249	0.4083528100417	1.816581626277	-3.30958424476128	4.0625595245477
savo1255	1.74748598895887	1.80968766096933	-1.61401006701995	5.66721760063785
seda1262	0.780731578072963	1.58457251130928	-2.09005577219951	4.22707535302857
seim1238	1.14858192578903	1.47021836828777	-1.41574609291317	4.42619778757996
seke1241	1.1766080511735	1.46641669011908	-1.34150553830242	4.46540654039649
sela1259	1.1491748579137	1.48239575672711	-1.45059263265135	4.37923832364052
selk1253	1.55864469053644	1.63619657100259	-1.31634549125654	5.176755547495
sema1265	0.771543008708492	1.57440708368973	-2.06819555334759	4.16798973081185
seme1247	0.774849606290181	1.57534902397309	-2.05627727368104	4.20183514716583
sene1264	3.23117692061549	1.73196664437407	0.184275119735729	7.02761594254783
seri1257	3.43550440119924	1.87795434466229	0.144107019017356	7.5697830131888
seve1240	2.90759324055022	1.62644396308798	-0.0120979309026211	6.48017123164248
sgaw1245	3.00911835657115	1.56747929563585	0.373875790406372	6.48346522619895
shab1252	-0.43867760198746	2.33566352255293	-5.55136286932959	3.95030430129913
sham1280	0.379228041683299	1.43544572678263	-2.05190083612109	3.58514275210251
shan1283	3.43686098881425	1.73940990394696	0.258506818422961	7.17900269803834
shaw1249	3.02236943546955	1.65881814368877	0.0356291397952618	6.6855288821398
shil1265	-0.711978794677463	2.25461890997958	-5.55178638444817	3.35224994073405
shix1238	2.99696860786929	1.56927683487354	0.398217531598247	6.56635441423739
shor1247	0.614891050393504	1.73800186160084	-2.90495813740931	4.13674721877446
shos1248	2.54180298528191	1.61471689583218	-0.431776860521416	6.07797441539
sici1248	2.86068726800075	1.59082032591739	0.188444004938632	6.43752653467234
siee1239	1.11963440430022	1.45714613931017	-1.37680446102961	4.3448158460152
sier1250	2.2995857296927	1.59575184397314	-0.684844600166528	5.62427640075084
siks1238	2.88735634333119	1.62379259286989	-0.0723119292238671	6.36762280839199
sina1266	1.32052690063925	1.51720098881264	-1.274767741898	4.72278940422158
sing1264	2.61986402614804	1.46541615238913	0.117083277080768	5.91877119914004
sioo1240	1.18055562910222	1.48750884980185	-1.34311180649915	4.54745880327545
siri1273	3.24412269943275	1.69341036500114	0.116825367721575	6.82902673678993
situ1238	3.03639275409084	1.58182276350486	0.423997674099851	6.67608003964951
skol1241	1.58115021345848	1.6050873106658	-1.20715094994118	5.17204718013293
slov1268	2.67314251567264	1.55599725364557	0.0935058468899093	6.19796679698668
sobe1238	1.1712147117364	1.47490220510529	-1.32732553669913	4.48421118849787
soch1239	2.33439417443598	1.61623745329068	-0.678639430721003	5.73886886759415
soga1242	0.443722310203581	1.45886635826668	-2.03846763801159	3.73449526707143
soli1239	0.334810484646711	1.41108878738494	-2.1042062377366	3.55673517051746
sons1242	1.10412173193703	1.46842938783462	-1.42786881631499	4.34695243580417
sooo1254	0.800179884342601	1.58914358030596	-2.04596872658269	4.26653995306095
sout1528	2.63906501244188	1.5455462200581	0.0150985707833147	6.17791368254018
sout2649	2.71926605195017	1.5784251807968	0.102167813777261	6.27854745085077
sout2674	1.57732513428074	1.59758176593656	-1.17849170864192	5.12619503372949
sout2679	1.58271855531735	1.60382862218387	-1.17049696279538	5.18706886416147
sout2728	2.96934342520574	1.57922426311701	0.32099578063824	6.49981540173669
sout2729	2.8761431356379	1.52629000602537	0.31629829013347	6.28132483159708
sout2730	2.77213637291587	1.53261803656971	0.22606891326348	6.2898404362803
sout2807	0.315474728054978	1.42082324879121	-2.14424417887992	3.44839996611208
sout2857	1.15052247167414	1.45422528042282	-1.31973130194575	4.41102111196025
sout2869	1.11940792604511	1.46222851817365	-1.38801563458031	4.36518985805046
sout2895	1.22075739563619	1.49015992006615	-1.32762270434324	4.48930582099415
sout2954	1.04206251486413	1.91970265899643	-2.60411389775267	5.15993561203921
sout2956	3.74147473938743	1.94424480311183	0.390579663406287	8.04748762691112
sout2959	4.40792088538506	1.99211999845416	0.899625831638251	8.74572125020859
sout2976	2.28390085769588	1.5503802047012	-0.724668757176122	5.64919747118488
sout2994	3.54509628561783	1.87379820390827	0.232687573575116	7.71217349362136
sout2996	3.50305189424466	1.89620656770524	0.170150002406207	7.62903765529333
stan1289	2.85692243853861	1.58431693124386	0.253728145666276	6.48112897076201
stan1290	2.80103845136743	1.56740319543496	0.160685705939774	6.36532371721554
stan1293	2.53884955577755	1.52003045560592	-0.0243534821290997	6.00475615445927
stan1306	1.08955345592527	1.44769148689866	-1.40151740738057	4.36952834896205
suku1261	0.384623328399653	1.43477418570576	-2.09884974626027	3.60450583001898
sumi1235	3.18417766422111	1.62400115476013	0.53001308699371	6.89213898963072
sunw1242	2.91632263642059	1.53853053568532	0.332804083899872	6.32751793173098
supy1237	0.111316332486262	1.43767427085806	-2.4371237059519	3.29898297578237
surg1248	1.62960276571709	1.61367940460027	-1.19704933919577	5.18774298451704
surs1246	1.1492894193972	1.47003827599027	-1.42552747315641	4.43245442725708
swed1254	2.54607976755866	1.528707358307	-0.0776791125370275	5.97000382390079
taba1263	1.17412419932625	1.73156951347115	-2.16696824537365	4.68024774133773
tagw1240	0.111306652949582	1.43279885943311	-2.50883589997155	3.15871540383144
taha1241	2.38518211974995	1.64099668630162	-0.26162579266176	6.171085652768
taia1239	1.06267596444489	1.90406769588831	-2.65879096681378	4.99107664281539
taji1246	1.16889040804797	1.48462090996104	-1.38811524981671	4.47379788106603
tama1365	2.38579583933993	1.65037479207682	-0.294216061168274	6.13631789418553
tami1289	0.370992974803314	1.78026531242594	-3.29645519939157	3.89117294723189
tane1237	1.15151029637916	1.47335153768376	-1.4287441635572	4.44237559149094
tang1336	3.10563614343132	1.60917059116756	0.484554401922396	6.74851240962718
tang1347	1.16438810677813	1.46362672015147	-1.34664437374773	4.43487747129951
tang1377	3.18287628543439	1.61999534739696	0.529062018848246	6.85973346855682
tata1255	0.614884201890029	1.74353672378945	-2.84040766297059	4.16311589748641
tata1257	1.12440716212403	1.48066770800909	-1.44112431936986	4.42447063542986
taul1251	1.92023417591817	1.83638465069126	-1.38826227723235	6.03464667688227
taus1251	1.19857268524979	1.48324746810028	-1.30649176885095	4.47246213441867
tbol1240	1.20185608327331	1.49492306210427	-1.3304640288786	4.47190830605177
tean1237	1.1482956383284	1.48145711301584	-1.39198679082531	4.43032330102242
teda1241	-0.732397682026494	2.18647079204712	-5.53277689060803	3.23551569564142
tedi1235	3.14689330674626	1.61005733448424	0.500018170489149	6.76753731773114
tehu1242	3.54783362547662	1.89980638510056	0.230680277437207	7.71520645619883
teke1275	0.244182809802561	1.42659259433014	-2.26896111008553	3.42053288774858
tekt1235	2.3182266929407	1.57677065924349	-0.73050393598904	5.51185494100933
tenn1246	-0.797561499477631	2.16627854624352	-5.67169871659749	3.09622876160013
teop1238	1.13198912187021	1.47326112178132	-1.43982828448652	4.38878074179553
tern1247	1.18036624412086	1.73301392295172	-2.17790591782665	4.80566603120073
tete1251	2.27457719825735	1.55612583075822	-0.660426763107641	5.6052354902879
thad1238	3.18572709052378	1.62205023060165	0.515685145579562	6.85147081810407
thak1245	3.05689254770516	1.54841721456419	0.467100301316457	6.52592917913136
than1259	2.89040821155309	1.53154520123018	0.325768445669863	6.33923381318957
thao1240	1.13824123404003	1.49504163288326	-1.42059034963221	4.5176583368569
thul1246	2.91336435101235	1.54389666745707	0.326490504540461	6.3366889187674
tibe1272	3.498741038602	1.70147446543435	0.682829389480397	7.37628526541476
ticu1245	2.85963780065718	1.716992332488	-0.324440217813946	6.58324912421342
tief1242	0.0934985575501025	1.44079041743004	-2.48744582151347	3.30603303287123
tief1244	0.0933393751338474	1.44233077830974	-2.50860160078898	3.27023290069525
tien1242	0.253878428873892	1.43595134097269	-2.31251940549789	3.43949714617603
tiga1245	1.14723349587699	1.46774605838114	-1.39440082970144	4.41210987517482
tika1246	0.416015630705703	1.50163979572813	-2.15331633602088	3.7543418695625
tiko1237	1.18404381998196	1.47879645968632	-1.37775495824283	4.49641472150228
timn1235	0.140030581642896	1.46121423768693	-2.4995914598323	3.26703454779106
timu1262	1.11999921244647	1.47210224104959	-1.38342703646649	4.37863238776964
tiri1258	1.12986295567006	1.44836545853314	-1.38740874430323	4.28921834404795
toab1237	1.1915126950472	1.48842755399388	-1.37150550953272	4.45520906247996
toba1268	2.79944896311111	1.71510868950898	-0.277778669264962	6.41376742115877
tobe1252	1.18047939345692	1.73427170965096	-2.14501031630579	4.74837137402926
toho1245	2.28687540769368	1.55282737147083	-0.741445591519666	5.59335102498898
tojo1241	2.31693332661733	1.57732936664121	-0.697417646959404	5.59965788573658
toke1240	1.18063648447564	1.47068496946389	-1.32730502689273	4.44472906620119
tong1308	0.770559111839698	1.57933203599199	-2.11743945970802	4.11109679598551
tong1325	1.19341751374549	1.47987822888658	-1.38670327635394	4.46176636610794
toor1238	0.512077792279901	1.47583535572616	-1.97828184918857	3.86811310570204
tote1238	0.333909280016594	1.41808242635799	-2.13339925514924	3.4680867515282
trio1238	3.06759092536523	1.71536471310674	0.0132227994918611	6.73802802556995
trum1247	2.70188694819403	1.67420958071934	-0.418206930355987	6.29376908279612
tsam1247	1.69436966918451	1.43778119798919	-0.814723370223386	4.80517993279563
tsat1238	1.10630733441977	1.46164794623417	-1.40955876340578	4.32196390587557
tsha1245	3.23800796147146	1.61278876848369	0.577084665175487	6.89885609770385
tsis1238	0.167162392938989	1.43861340620943	-2.4666535190301	3.35334451587094
tsog1243	0.273987481232217	1.43486052077999	-2.30691924869806	3.43060434050319
tswa1253	0.317165263592401	1.42461990475514	-2.17571435966819	3.45869062909468
tswa1255	0.320751575496091	1.42331702463329	-2.19205351407218	3.41804478833326
tugu1245	1.14051555443164	1.46401869063915	-1.3535159552398	4.35315795270995
tuka1248	1.32006874054004	1.54083758348376	-1.25711651085176	4.74922099647112
tuki1240	0.255371452007323	1.43210280481301	-2.20967630134823	3.42536151520675
tula1252	0.105689691608608	1.42758858895	-2.48458846878031	3.26908871564444
tulu1258	0.382336641932003	1.80235096645194	-3.25212615368534	3.99338034149868
tung1290	1.14382076959245	1.46455834395898	-1.3555838295911	4.42451041275559
tunn1238	1.69483613243315	1.42907353810306	-0.826696608230574	4.78969994001943
turk1303	0.618345004367232	1.74581128478739	-2.88675861611176	4.15461556620251
tusc1257	3.29068675548754	1.75327828070149	0.161307124190648	7.14128909431807
tutu1241	1.16728109259269	1.47050449366924	-1.37084493857031	4.49930084549955
tuva1244	1.18282199317597	1.46626475734982	-1.33784526275311	4.46825647648687
tuwu1238	0.131621505813224	1.44616766085137	-2.47763137613624	3.35618776776401
udih1248	4.39280068577449	2.12881952319231	0.782386346166812	9.0441530086663
ughe1237	1.11166630331174	1.45062715882279	-1.40092082967032	4.36560084454218
ulit1238	1.10896580935132	1.46318219692438	-1.40551617324266	4.34813564899623
umbu1258	2.16471206751249	1.67056761368842	-0.757968461992806	5.81688502573295
umes1235	1.57691937826635	1.59528336392566	-1.18358277113014	5.08592189551229
uppe1275	2.6842249821335	1.6670179384681	-0.338090830119676	6.21619899897162
uppe1427	1.12175729791288	1.47102289856732	-1.41617706567733	4.44555341408629
urak1238	1.09003991026015	1.44787989185578	-1.39471562202223	4.34879206181433
urav1235	1.12154851843472	1.46240806875914	-1.40901297806664	4.35106889837345
urim1252	1.27985693898016	1.76953336324047	-2.08748519071886	4.95097639537402
urip1239	1.15781561254277	1.45988953903894	-1.33750739480674	4.33249837025088
uuuu1243	0.917053318753695	1.59472440294777	-1.92964048446852	4.48941377489137
vano1237	1.14898093906801	1.47775672585451	-1.429441508686	4.41277589736622
veps1250	1.56036672615191	1.59716061406872	-1.20528003736456	5.13516671215138
vera1241	1.28954272294429	1.50855055527531	-1.26767330610413	4.69469084847214
vinm1237	1.15974315575292	1.46617967382483	-1.33302025755929	4.37762830049745
vunj1238	0.371839997060446	1.43552344592355	-2.1380086277823	3.63997176724369
vure1239	1.21253295732704	1.48403557611677	-1.34555049830654	4.51081231472983
vwan1235	0.526586191208274	1.49616648950896	-1.96003322233673	3.96664134144831
waga1260	1.6800682731232	1.61883456048137	-1.26650401457915	5.17696720431647
wage1238	1.53523885904315	1.81721446486312	-1.86434210367238	5.38773140178468
waig1244	1.17544417296186	1.48840062664012	-1.34826456450492	4.52719889651986
waim1251	1.40722004936145	1.55122906736944	-1.21653932235728	4.9174797887728
wala1266	1.18876586838026	1.49973096806201	-1.41114339767463	4.50622667696
wall1257	1.17866309631078	1.47401066139502	-1.34827275672387	4.35978743898923
wamb1257	2.91689693633993	1.5430236433576	0.346141000255232	6.30574434747343
wand1267	1.20348841577789	1.49866246129211	-1.38941881400077	4.54938578446977
wand1278	1.79784617972152	1.45071125543863	-0.706882295029181	5.02256162259595
wang1291	1.92540923859773	1.65468984763541	-1.01460414460839	5.48930167314589
wara1294	1.22537780764066	1.74173307979021	-2.1292785760474	4.86487532549312
wara1303	3.53089697164419	1.89138374680416	0.293875816680922	7.67153682292684
ware1253	1.17794524027111	1.48075669303611	-1.37561603620346	4.4510462118862
wari1268	2.91309041624645	1.71377172095537	-0.339335310616731	6.45502556714631
warj1242	0.905855444213058	1.59688252092172	-1.92869298433564	4.44160530241563
waru1265	1.63791415823055	1.59508450786399	-1.29224631858145	5.02903507011789
wawa1246	0.468851288367949	1.49665117330307	-2.14185981390451	3.83385063384657
waya1269	3.07159277601562	1.70803362209754	0.000358118008390942	6.67855167776746
wayu1241	2.91809950730523	1.54644849535803	0.328708165628068	6.29136615561127
wels1247	2.63850854999995	1.55003107137326	0.0379673060472027	6.14244294582845
west2354	2.54308145804703	1.52888502610961	-0.0501764388416975	6.00234391167675
west2369	2.72285909048884	1.58651868375508	0.0666151267429629	6.23363579812386
west2396	0.912291040572172	1.59653357109531	-1.91182784281165	4.50569088999544
west2397	0.801643596209161	1.58842346912961	-2.04489831581366	4.23955377890333
west2415	3.06013679990893	1.55319534766808	0.470289064372167	6.63387412563461
west2418	2.97629483099791	1.56374478601048	0.377753602911914	6.53907033349125
west2430	0.561343603176009	1.83043338447482	-3.2275776917728	4.23733403294264
west2441	1.65953098718295	1.60430234230526	-1.26842130949537	5.0921485134576
west2516	1.18645476964445	1.47762130037161	-1.36985723775507	4.42012903059008
west2519	1.17519491759639	1.47199827071084	-1.36236131025878	4.39412325858744
west2557	1.19283901660058	1.49153785573557	-1.36733749809521	4.4282647006193
west2560	1.14083102823302	1.46751295571049	-1.41200085258757	4.33714799879208
west2594	2.08746014539662	1.64884798994635	-0.781297097630765	5.69052678491515
west2600	1.18983882315626	1.74211785314211	-2.19711103493736	4.81049520661296
west2618	2.63780045478661	1.62946593260473	-0.343293939874414	6.05195721943707
west2632	2.91694478965471	1.72473034570075	-0.260206759146031	6.65294520812403
west2635	2.30731831806029	1.5817113427535	-0.645800796325814	5.5279371384999
west2644	2.30465661397057	1.60075776951274	-0.649871474676916	5.63949561368188
west2650	1.11048578046969	1.46039895392747	-1.43928874770014	4.40559763647791
west2763	1.6228451980587	1.43718509726398	-0.934149588751267	4.76408336738965
whit1269	1.12296537242524	1.46465598384504	-1.41273619639519	4.39767155327316
wiru1244	2.95200665971896	2.06736161726719	-0.433656116097199	7.65357000958156
woii1237	1.20408548960745	1.49192409599311	-1.37511681148187	4.53400653604044
wola1242	-1.02533395732689	2.19017082449167	-6.04093945925425	2.69080755792423
wole1240	1.10466461371124	1.46522682991067	-1.40870048480057	4.31698826956133
wood1236	2.9704582974069	1.63387323442468	0.0110384448770688	6.4965969639464
wotu1240	1.17074163510868	1.50068035622709	-1.36421015238381	4.53190255547418
wuch1236	2.70208444295017	1.49873665120924	0.177101090173192	6.09786380008822
wusa1235	2.7183363002101	1.48334524605661	0.193035940342589	6.0594530830656
wutu1241	2.69463007883011	1.4960245965142	0.180599898813684	6.06373315518456
wuvu1239	1.1503723288799	1.47764403602217	-1.40483153730885	4.42529116978501
xamt1239	1.66038650427753	1.45108830006495	-0.907363881545091	4.76537109984425
xara1244	1.13613096328815	1.45799773565964	-1.39906200368283	4.35492031833526
xish1235	2.71140674547836	1.48637317198918	0.181641787189237	6.07016283551005
yaka1269	0.250834879341122	1.43907677842475	-2.33306769548162	3.44066917834305
yami1254	1.2143717813933	1.49171279666545	-1.33372306601202	4.56486500168291
yami1256	3.44054104655676	1.74131710584459	0.254449838076181	7.19633571258521
yaoo1241	0.320702736195949	1.42819008632591	-2.20738013086071	3.54164093442594
yapu1240	1.28567616012194	1.78283513689931	-2.18168656582685	4.83273615672233
yaqu1251	2.29973432151242	1.53982634302288	-0.648784447397298	5.5964452977013
yatz1235	2.3013062344556	1.59136091747258	-0.713560491938679	5.61959841635838
yaum1237	2.23908240636808	1.69108628827621	-0.637288589923497	5.94588573951524
yawa1260	3.41487384617988	1.73930336029839	0.216666415015977	7.17069069752561
yele1255	2.9919294400985	2.16218310996394	-0.619401757942002	7.97169429759118
yems1235	-1.0053027825273	2.17546757690327	-6.02418248905441	2.70298978425632
yind1247	1.6256779300849	1.57732979796254	-1.26710565545763	5.01161050168145
yoga1237	1.32656440632353	1.5371548977514	-1.27152559568542	4.68091166905893
youl1235	2.70077939896394	1.48211414624269	0.195919009268625	6.07569833968621
youn1235	0.551605976382034	1.83847081727991	-3.30186104625201	4.16072630393159
yuca1254	2.29799859098514	1.56357281740995	-0.644789892171105	5.49235869991803
yuqu1240	3.24508450934896	1.69421493799207	0.116625721058272	6.86416200520572
yura1255	2.97787796265061	1.71486398952561	-0.153317088844494	6.69789508214254
zaba1237	1.11971390445288	1.46428695506154	-1.39902051265932	4.36078358814122
zaca1241	2.28118529094606	1.55740426695313	-0.686801572013093	5.60722789249744
zaca1242	2.30413896035636	1.5958849167976	-0.675640766530509	5.61602508204462
zagh1240	-0.723304318427861	2.19266464348807	-5.45832292903862	3.23632817579758
zamb1245	0.240371269255541	1.42345019772554	-2.22219719121289	3.37031170156689
zarm1239	-0.363264844524218	2.41182846670352	-5.62407423771612	4.24972085640671
zaye1235	3.02500340029457	1.57961207107406	0.362979438082625	6.60459721595274
zays1235	-1.02439929492077	2.18175793521767	-6.17574750991508	2.70288308237003
zinz1238	0.463421848389594	1.46270027182278	-2.01117407045527	3.76043501784256
zoog1238	2.30535894683723	1.59104604899379	-0.699395356774859	5.59661566090833
