Estimate	Est.Error	Q2.5	Q97.5
abar1238	0.802606419728744	1.68623462708401	-2.2995583441828	4.28678373695485
abee1242	0.657448139709739	2.75816484712313	-4.09907735859526	6.49531521740019
acha1249	0.872152468670395	2.42499618031847	-4.01745294071508	5.45388332114642
acha1250	-0.175398282860198	3.3323148652853	-6.81591341689757	6.21071951702282
achi1256	-0.255320788570964	3.50519675762262	-7.23811782246824	6.56820085816152
achi1257	-2.45041563220301	2.67015767571501	-8.32716009107438	2.09737975905324
acol1236	-0.670691939941919	2.41587840494989	-5.3816449730346	4.20275747723185
adon1237	5.50771397348333	2.38514353479252	1.67023790992767	10.8926482308052
adze1240	2.70161148936141	1.63257142428892	-0.30554660675266	6.13181284386837
afar1241	-0.96543256622916	2.99930520912564	-7.29537136059238	4.57157256633535
aghe1239	0.685622441144541	1.68966323359158	-2.42106035589885	4.31494010414
aghu1255	-0.443495272797084	3.28577835843768	-7.1296789669132	5.79990690205722
agut1237	-2.75722637660038	2.5735834831785	-8.51480127750799	1.43673825967182
aheu1239	3.23923067242554	2.32843081494482	-0.922404820514866	8.37366985141322
ajab1235	1.31576109676496	2.47634239721732	-2.86606615651285	6.76936858674973
ajie1238	-1.27568844197903	1.82272293367445	-5.02366151164433	2.03615840470556
ajyi1238	-0.287843912441571	3.43236776771345	-7.12300232619605	6.4092883408067
akha1245	0.607661816748845	2.33845611917945	-4.09996524674221	4.97525193791799
akoo1248	-1.01479012331369	1.70690482240047	-4.2244866193771	2.4768678412243
alab1254	-2.36285723272189	2.98559172398925	-8.64509897259268	3.10188281356942
alac1244	-0.308562422285633	3.425552901725	-7.13075566782154	6.1996343503775
alag1248	4.28965615610996	2.40133367133704	0.193357390264293	9.65332788929474
alor1247	4.64927986230589	2.35598905202183	0.693713064026845	9.82380939952364
aluk1238	-0.552681123606271	3.29163493471541	-7.17526712653803	5.68081204427279
alya1239	-0.39195301151321	3.26079126415947	-6.94412880559012	5.70663971895857
amah1246	-0.26475949704038	3.37165125892123	-7.0144252862407	6.39753421248429
amdo1237	-0.515603605344706	3.19211315227657	-7.12578074215538	5.20961193648507
amis1246	-3.06978260414605	2.6505179747386	-8.97313902130024	1.60387676768609
anei1239	3.32405803435213	1.98627343379163	-0.309580025049034	7.58122538731128
anfi1235	-2.73373941010678	2.97182971406029	-8.8936261923204	2.84512280439565
anga1288	-1.86605226704849	3.03707115157081	-8.09141665704394	3.77206643199477
ango1257	-0.107750979895251	3.42879677504891	-6.89677451204016	6.56243162876596
anta1255	-4.28242917637898	2.52855339477665	-9.57418183219895	0.431387615797151
anut1237	4.13866483397413	2.49000787714627	-0.0857194466819718	9.5842220939897
anuu1241	-0.752944748796263	3.16690344390647	-7.20256705889739	5.07421329951298
aona1235	-1.53678571173143	3.03904587031717	-7.86795342238648	4.08162006643464
apma1240	5.73480756737013	1.80829885288974	2.62691579155433	9.65427852083832
apur1254	-0.11291470058332	3.54222235051371	-7.16782495911682	6.76656039512947
arak1252	5.7506497516936	1.95718999005753	2.39590868293284	9.96930056495209
arao1248	-0.137884050645632	3.47578064799196	-6.9803365091202	6.50752109197965
arap1274	-0.12776751675484	3.45171440985698	-6.89795029245041	6.57794825809887
araw1276	-0.192319299927334	3.38237953855742	-7.12302881149424	6.306372204102
arbo1245	-2.069108247629	2.29136008602968	-7.08914741763487	1.95665491514119
arch1244	-1.08056870667995	3.23380776997147	-7.61459419739727	4.97484209578167
area1240	-1.55384462381704	1.89607694706889	-5.61850481430233	1.93128052156414
aree1239	0.190564412168785	1.58085170175528	-3.19896443669729	3.17415351959822
argo1244	-1.41666191591436	3.07745427678436	-7.86193795612076	4.27316097619565
arhu1242	-0.1805834276667	3.39809569741993	-7.19618079261426	6.47646005528785
arig1246	-2.90175039180618	1.96395713455759	-6.7677644935008	1.00806700199181
arop1242	2.8716294597431	2.25772991608202	-1.18567472672437	7.81563794061473
arop1243	2.75259624447382	1.78424491732974	-0.634538985293517	6.45305908183531
aros1241	0.208862806190448	1.7684701657249	-3.44416094275458	3.67844955734771
arta1239	-3.90864348904358	2.63890051745795	-9.69188549034779	0.517671501428653
ashe1272	-0.258375204325149	3.49560192236814	-7.41076651976558	6.51714601619856
asoa1238	1.84548287103037	2.35159367498077	-2.31187473909066	6.94490915765298
asut1235	3.0058079337092	2.95094304695886	-2.26556113259231	9.33514354548579
athp1241	-1.44825964333133	3.03831885818647	-7.85435536633672	4.0878081090788
atii1237	-2.94886231417185	2.72680187520759	-9.01240048999044	1.55578596284255
aton1241	-1.95511034206076	3.17949903592823	-8.5514962786728	4.02652119922128
auye1238	2.79308887700567	2.48032635030288	-2.0750128621206	7.7056311415202
avok1242	-1.42526436036235	1.7480782511184	-4.80568455335397	2.06774958843979
awad1244	-0.0442319545349498	1.68155613122951	-3.47947228363386	3.14622220981074
awar1248	1.90127376530768	1.63400707037407	-1.20745562416194	5.19354588913745
awet1244	-0.21783359054094	3.30739957272299	-7.10570767308714	6.09057421165612
awji1241	-1.8295623291168	2.74699032679321	-7.79886809710456	2.85771635183445
axam1237	5.11415270444354	1.50059363360225	2.46047932472363	8.40561302419907
ayac1239	-0.169837956333276	3.4032991013439	-7.00077791735945	6.44472054508678
ayiw1239	5.30630577134943	2.41283878364358	1.47161777280733	10.83010356672
baba1264	-1.73721407009823	1.45857377601361	-4.61173411394348	1.15387787768338
baba1266	-1.04271197537639	1.51502741873688	-3.98824782260794	1.99120694403339
bafa1247	-2.0104897377927	1.59285743396854	-5.14114340190456	1.16378458566789
bafi1243	0.119182013031705	1.94471211232565	-3.35045072195544	4.34144021362008
bafu1246	-0.0152472730907747	1.55620595427874	-2.9244279708378	3.2195251982976
baga1272	-1.46460331877576	2.02824193131444	-5.32936224968789	2.72426041041955
bagi1246	5.95204023172247	2.54176173662996	1.66056050731938	11.5396980322844
bagv1239	-1.11948485933673	3.16755966901395	-7.67147633814853	4.73738537558404
bahn1262	-2.84345734133154	2.55689258876968	-8.53920526205788	1.53404741697862
baim1244	-0.526731157424864	3.19843149510242	-6.96659235528533	5.4683097133083
baka1272	1.48125132526842	2.82545561087844	-3.50531920809601	7.60506141752226
baka1274	0.169583574248477	2.03717064554098	-3.72589594255983	4.28369444086244
bala1311	-2.46744159697031	2.65067356317584	-8.33036536234069	1.99139265147782
bala1315	-1.92027970829616	2.72718619155484	-7.95182934144314	2.65294291070928
bala1316	-1.91857712394476	2.04767742231473	-6.61750623534394	1.56990183571572
bali1278	-1.98222408210741	2.67541226456701	-7.8064039626124	2.650133758582
balo1261	2.72852610214178	2.72367642940396	-2.07427376375083	8.61360815267824
balu1257	4.94032068265931	2.18730444444017	1.27437041184075	9.78305056210178
bamb1270	3.20503899640756	2.24496668681905	-0.782936035115651	8.20590913886005
bamu1253	-2.86246783659281	1.81751368504887	-6.54314312901126	0.599648076373582
bamw1238	3.24458088764164	2.74586106005537	-1.51238419982485	9.26180096193057
band1344	2.25241596436849	2.922619649477	-2.86966298936597	8.50341687590149
bang1354	1.84776260815179	2.95648776216911	-3.35418986110445	8.25184617416346
bang1369	-0.978761654838866	3.26226301567386	-7.61697992749014	5.20956778204292
bant1281	-1.47005046624504	3.0218870797884	-7.73322227185603	4.03025197922119
bara1357	-1.23850839693397	3.1356042039369	-7.73040425219395	4.5000752579214
bara1380	-0.348458914440999	3.38856983111048	-6.96184253941603	6.17973419949024
bare1276	-0.196875519408231	3.40692851985687	-7.0252483395625	6.49114259706027
bari1286	5.33186813877678	2.15095372128296	1.59396762740229	10.1243475266699
baro1253	-1.38498761631327	1.79343929489022	-5.23277570499438	1.83732882413897
bash1264	-0.206785479656368	3.37772785821701	-7.07087039059977	6.31014775400344
bata1285	-5.5132941126545	2.17343797128463	-10.4049157976309	-1.8187590298461
bata1289	-2.18823150050829	2.80838324740418	-8.27043160015923	2.58693967438272
bats1242	-0.890802895703761	3.2484428751649	-7.51147666943119	5.18667285323713
baur1253	-0.0824128453154393	3.44878734444216	-6.9491759405071	6.70699523258574
bebe1248	1.54132833900542	2.75331364064596	-3.32946757873973	7.36748074441305
beem1239	1.7530504238926	3.00294016700598	-3.49836968754277	8.4571980081055
beka1241	-2.1951908969241	2.70142642695546	-8.13307598763139	2.32569507263818
bela1254	-0.0870637549693663	3.40210689242791	-6.84688913852541	6.49211775673771
beli1257	2.70227358029917	2.68201321523111	-2.06193375571767	8.53958429532645
bell1243	-0.0907235024656809	3.33968429577987	-6.81114320440483	6.28946192901325
bemb1257	1.2313875978529	2.9381256065643	-3.75109638827946	7.68354174562513
beng1282	-5.44084869100097	2.19148405664552	-10.2775921517247	-1.68688548022685
bezh1248	-1.1058485255304	3.21737707630694	-7.71579359913799	4.92906778627331
bhoj1244	-0.822491112802511	3.32072972639317	-7.55938835701275	5.45089525869379
biao1254	-0.400165167632438	3.3373631681205	-7.16309416994292	5.95440450489447
biao1256	-0.417840626315435	3.21342990971159	-6.85099353492572	5.76979381432766
bier1244	6.00000523255387	1.83182988226484	2.97479647896277	10.0669985540796
bign1238	5.54862388434022	1.61642842228855	2.7918234379674	9.18576380162957
biha1246	-1.77033050512337	2.51239772030532	-7.06388460317067	2.72135456450035
bilb1241	-1.19702315421074	1.68072353653103	-4.8359803062752	1.728971994548
bili1260	-1.89990131585892	2.71403220271702	-7.82625948724657	2.84079557751784
bimi1240	-0.137013477487389	3.10602431988691	-6.43880330446502	5.58252432685932
bini1246	-0.126761614983425	2.31875172522845	-4.23400550204604	4.73148615537118
bisu1244	2.38227572355783	2.52743881017011	-2.72723165105559	7.29327990168988
bitt1240	1.07864346006106	1.71911371484262	-2.20853469042301	4.47726845982669
blab1237	-3.10040776064235	2.41382911311736	-8.52541243361538	0.856681752430875
blan1242	3.30048216600886	2.19901284502979	-0.704802926393025	8.00944750031972
bodo1269	-2.19312446348292	3.13415976444058	-8.62828877964872	3.74148946850549
bola1250	4.48559648586023	2.04715978322646	0.948047734211342	8.80192223178958
bolo1262	2.81729775810739	2.75151841842319	-1.9500583163672	8.95972282029997
boly1239	-0.686131056552655	2.23980280130911	-5.49940150370176	3.40876987606195
bomb1262	3.16053636853196	2.78046726411234	-1.60616629253367	9.36367304010685
bomk1234	0.716322357350603	2.71496932410837	-3.96879093786484	6.6197865605369
bona1250	-0.646158977966723	3.20780781596886	-7.26180182688626	5.26273052470358
bong1285	2.55201441838769	2.83807114075789	-2.43381337440478	8.93310260480875
bong1289	-2.47917083156186	2.77099682469697	-8.62633821791042	2.20747233619957
bord1248	-0.0384686000149646	3.35700018195948	-6.70158156424317	6.5915955478211
boro1277	-1.83748578954145	3.11081434358353	-8.13388339346527	3.97165803545784
boto1242	-3.04879037158929	2.65752642137251	-9.00752123871268	1.43645706551948
boun1245	1.88876395613317	2.58933540635062	-3.21508806680488	6.85071987816826
brah1256	-0.333277531332191	3.3870541036497	-7.12245439316395	6.03881711914535
bret1244	-0.152594462334884	3.41074894050875	-7.05301170664456	6.50308554767288
brib1243	-0.208817027839217	3.45964187940257	-7.06359274345212	6.7260867239416
bube1242	-4.19672582202591	2.09575717179757	-8.87604431805738	-0.400274639341633
budu1248	-0.757671998434157	3.22575713042255	-7.69351604448013	5.28563423539162
budu1265	4.92559181174302	2.65308981226341	0.485820754590558	10.9742734680202
budz1238	1.80894453139568	2.85493632097236	-3.28970869743462	8.02370023567304
buga1247	2.13231537441318	2.18140415743537	-1.95471368943588	6.65435341619097
buga1250	2.97520164140491	1.46811852438898	0.247677442304741	6.01068831762836
bugi1244	-0.608139529036174	2.30553003374389	-5.57465404827273	3.50944363452082
bugl1243	-0.0821530968319526	3.50919382426291	-6.99424867915734	6.68597453300802
bujh1238	-1.12545995580325	3.09842800908535	-7.5386029699068	4.73517909384776
bull1247	0.868640965885969	2.66579034849497	-3.81506690368797	6.52763585849267
bulo1242	2.17025486720506	2.14067586397712	-1.86310748387202	6.58878605314728
bulu1251	0.74748085838439	2.51797671194751	-3.6406340799471	6.06952321951241
bumt1240	-1.25198113301389	3.1570331833167	-7.88541791622932	4.62967790153811
bund1253	-0.22574780793354	3.35712958145196	-6.81052721747007	6.25774618878081
buol1237	-2.33662194400914	2.77339007193244	-8.41491806895647	2.4088709852625
bura1292	5.24475170635002	2.31979308440977	1.34794945673885	10.4790089756672
bure1242	4.41333875753972	2.32717189842241	0.36322726048868	9.448702232937
burj1242	-1.46436684281501	3.0654129557174	-7.8630407429913	4.23247243453092
buru1320	4.24426517719161	2.4140011970877	0.126866787703998	9.61913863189112
bush1247	1.19884862662991	2.98126531400894	-3.88923819664536	7.78030577163612
buwa1243	4.56497522959859	1.86206978249263	1.22798272367969	8.45015409009576
bwat1240	-0.932778181655276	1.88525285643036	-4.91888031358868	2.5397116655016
byan1241	-0.788776032294606	3.0602757833559	-7.23295348894921	4.79608130037262
caac1237	-1.05984908924271	1.94319357363696	-5.27234114460236	2.42803099493435
cahu1264	-0.0668606209456352	3.39898243907965	-6.72493169201756	6.50615769542221
cakf1236	4.75416076129849	2.27709297459531	0.935604928641052	9.71408688936444
caml1239	-1.47063940113425	3.03691723967435	-7.90547430413662	3.94977227194774
camp1261	-0.0902851247370461	3.33622587195552	-6.72954100154262	6.20614540493923
cane1242	-0.0814566872742654	3.31990707066912	-6.73822324333538	6.36585123796162
capa1241	-0.237061314250196	3.48588365892158	-7.23979045487117	6.58580028422201
carn1240	-2.16377006427435	2.65098869207645	-7.93554187972525	2.44791665101535
caro1242	-1.86497179757976	2.64227968005117	-7.56728631730263	2.68155260094433
cash1251	-0.275017496816504	3.48834762486746	-7.24498180172967	6.43683290022968
cavi1250	-0.0804969915738099	3.43585257165613	-6.78933092445487	6.85697052939538
cemu1238	0.658850699049731	1.83372606109957	-3.03624428489181	4.20160019155845
cent1989	4.47918609285933	2.66222121802337	0.0142452885029308	10.4716425231726
cent1990	-2.16363438510664	2.72558717269955	-8.24802004673373	2.57519259161722
cent1992	-0.801488106490949	2.15021101358509	-5.40770242284877	3.15877356961673
cent2004	7.15976381855102	2.47809447917396	2.68046985236636	12.4369928043336
cent2090	-2.59477756545845	2.65773858205316	-8.54548349134766	1.84152215940204
cent2131	-0.109615289967933	3.4687530490385	-7.00438727565064	6.63992082254785
cent2150	-0.137451358556561	3.43884256119507	-7.13219514009097	6.47714899777026
cent2292	-4.09974104128337	2.56105647874164	-9.87046836841938	0.211480689270772
cent2314	5.13923747568519	2.46817376242353	0.911740326775611	10.7129898940923
cent2322	-0.0971823961502603	3.37529066959327	-6.9677219065596	6.43550057615167
chac1251	-0.126191038964911	3.40318308514701	-7.05220450525539	6.6637586564088
chad1249	3.76635866144968	2.62752943335784	-0.718587917739462	9.60640274742201
chak1270	-0.782299192453762	3.19711634136625	-7.34532270083603	5.12470712140864
chak1271	-3.56238506588857	1.88652616870483	-7.4632970820735	0.104409522736718
chal1275	-0.54204386371024	3.17772714221956	-7.14468560814292	5.43311767312158
cham1309	-1.09320801331179	3.17465656675709	-7.66963724417591	4.74113859845925
cham1312	-1.93321431322289	2.77191912760916	-8.02604465788293	2.80228650363815
chan1313	-1.25546520745055	3.07512550040772	-7.69020761031603	4.52207436056433
chas1234	2.85966015102544	2.52971875096024	-2.30721086952399	7.76550821959502
chec1245	-0.722524756458106	3.34555650555339	-7.54428443425481	5.60500802208277
chek1238	-3.25855223556586	2.45764552437807	-8.7277380295335	0.86241905912786
chen1255	-0.259968289399032	3.26838846000211	-6.84646151817066	5.88278745985413
chep1245	-1.18551366146804	3.12743458561825	-7.72717337176028	4.60229944042318
cher1273	-0.100651826687583	3.48557380293694	-7.04239895989991	6.72253069916752
chey1247	-0.0785286979462403	3.56182074882404	-7.21383497146017	6.85124543598383
chhi1245	-1.45080136720908	3.01042817570437	-7.65686833043905	4.10585295611709
chil1280	-0.140334769195172	3.50157483408275	-7.0905262466377	6.57447253661875
chim1302	-0.107904277913942	3.46832755639896	-6.92207554252983	6.66206143366307
chip1241	-0.0699313291626999	3.41532739656699	-6.81364281092464	6.6160056141571
chip1261	-0.11823416017684	3.39572363973868	-6.86914099416392	6.45092252208002
chon1284	5.27374784971524	2.52385620526372	1.02992773792352	11.0607964060216
chot1239	-1.36513405880935	3.09429812880549	-7.88007918856587	4.26850008603665
chra1242	-0.433654765162475	2.56015236514617	-5.74178862166038	4.32205932583513
chuj1250	-0.329293382697611	3.35508665971666	-7.16757095295404	6.11459781513652
chuv1255	-0.314996585226138	3.38889497799313	-7.29074268249399	6.14776166991806
chuw1238	1.23784208822844	2.87078612737889	-3.88490945001333	7.63405305470998
cici1237	1.52301748064258	2.82247421258926	-3.41174887498616	7.5988665191659
coat1243	-0.383296573780917	3.39037867326607	-7.39670496661078	6.31833723016901
coca1259	-0.134423335758026	3.37433825560482	-6.86770862665085	6.4927705384129
cogu1240	-0.17783421049735	3.42700801767589	-7.1980395310972	6.44557895317115
colu1241	-0.168711067494583	3.39772744896241	-7.07972872081085	6.3425945407371
coma1245	0.00220925462490204	3.44690639925236	-6.93847861078081	6.70704213405395
como1259	-0.16695182506878	3.41521174742285	-7.20529832517596	6.44093680271794
cong1236	0.491663810023474	2.72431398266985	-4.29199111283262	6.41121158774208
copa1237	-0.384905712522595	3.34813014330755	-7.21576355346341	5.98871940175888
cori1240	3.21074532672071	2.61373051016485	-1.34700581962332	8.9373964977661
cors1241	-0.280213111003763	3.36696907684807	-7.20346202759513	6.06359556628723
cosa1234	0.602554972005145	2.06083417122099	-3.48134793624568	4.55083753127654
crim1257	-0.167197570682743	3.34965454053469	-6.98894708557278	6.26852737781842
cros1244	-1.73911112899193	1.80428820399494	-5.23703504635085	1.86108082230073
cube1242	-0.323227193569891	3.46896685757691	-7.20334518477739	6.14380442877238
cypr1248	-0.438366145301771	3.30801021346968	-7.1891799903577	5.69549638777247
czec1258	-0.130434183906722	3.48985185095882	-7.16681585830423	6.59519527494416
daai1236	-0.14156195811352	3.10833900993376	-6.75337462603085	5.50911920503272
daas1238	-1.42075940253842	2.32704353104392	-6.38960851205652	2.75529236940553
dagb1246	-1.30738484588197	2.15911055235593	-5.24923012018898	3.28335727472884
daka1243	6.14840357498767	1.68014344181426	3.24748592469949	9.77284228816433
damp1237	-2.43911726248363	2.61869657516546	-8.11093674815616	2.08526175602447
dana1252	7.6379768359143	2.68355960997055	3.08006310756016	13.5706126301613
dani1285	-0.103720146704234	3.36890636884071	-6.79845794737461	6.60386187677213
dara1250	-0.977684073090956	3.11752300377717	-7.4305288645662	5.0255219969549
darg1241	-0.940062166354215	3.2238899204751	-7.57235914838735	5.21033958602121
darm1243	-0.802195892329995	3.07498204443699	-7.29045081089957	4.72910912229203
dawr1236	-3.02207489060389	3.07634185629886	-9.42039080439687	2.69789113694404
dege1246	-1.62611754486544	1.80180392530138	-5.10307576077425	2.0649813136057
dera1248	4.62108123961519	2.31395316139855	0.655929137286866	9.65885558730967
desa1247	-0.398305410686563	3.35027788385621	-7.10823649375412	6.10423043529402
dhao1237	3.46181220466978	2.01947719689638	-0.0410666794700337	7.90782240144458
dhar1247	-0.275504390652302	3.39645755060956	-7.22993677188064	6.16452560987828
dhim1246	-1.36352021494197	3.11152450438052	-7.829580690345	4.294108688788
dhuw1249	-0.306058847280961	3.21040847680478	-6.97029928771948	5.69040484130121
dido1241	-1.07047922566215	3.1904890611885	-7.55172506608421	4.85141784175032
dier1241	-0.306712854603924	3.31848270077486	-7.24844247461443	6.07146571395059
diga1241	-0.669289029431704	3.01575429773151	-6.90768360839061	4.90046886639649
digo1243	2.3148373845917	3.00198033109483	-2.99674291334184	8.8572075260853
dima1251	-2.21763429489113	3.08182041574196	-8.44948104637361	3.52917346300333
djin1253	-0.330018452866335	3.16672479005768	-6.7169892568823	5.67545109444986
dobe1238	4.16911586797514	2.39699308784223	0.083639973844455	9.58159481426338
dobu1241	-1.84050023167247	2.11819240331759	-6.29405905858374	1.90523453784972
domm1246	4.62427427279475	2.57718246020536	-0.294982589742245	10.0299080623134
dong1285	-0.492338399650584	3.25994691179132	-6.95321225647683	5.75986433428721
drun1238	0.319992705820397	3.05807576471916	-5.93268423658814	6.15154738526315
dual1243	-1.48449815197611	1.70893071987656	-4.67455677319583	2.06892339833014
dumb1241	-2.67524567632615	2.60539717312234	-8.22003305988967	1.93396865392868
dupa1235	-3.40995784971256	2.7177469243417	-9.45088434302573	1.2404467828708
duru1236	-1.73045834194559	3.00430377568621	-7.89795503769549	3.81479523114919
dusn1237	0.393970981093206	1.88203950953453	-3.53443358179008	3.99257246133039
dutc1256	-0.128915019712272	3.36244842763798	-6.94370110478939	6.50552452608605
dyir1250	-0.510100835612967	3.25391702091248	-7.06899893732349	5.66764130028587
dzao1238	-0.441432271591744	3.23167583192137	-7.08752126095269	5.79327651131327
dzon1239	-1.24376567863594	3.26139959854095	-7.96449797773242	4.93230695533192
east2328	-0.382563002749351	3.31765469085919	-7.03068085467843	5.92534579404068
east2332	0.00596264995407652	2.07498165753476	-4.30347977868429	3.89253906389479
east2342	7.89115904789944	2.60571402799564	3.48628200278939	13.6329525449883
east2379	-0.398657205862458	3.22402513509339	-7.01637857672812	5.59349906913618
east2443	4.56173202867199	1.75824063763077	1.46720959110014	8.34672306693039
east2447	-0.911210836510163	2.47676990711679	-6.3518827491352	3.33448961309776
east2516	1.8948565147475	2.77661241847804	-3.70334028410533	7.27695186020944
east2555	-0.120888932041144	3.40516165848894	-7.13907704890778	6.65425197550548
east2690	-0.566887221055417	3.36056632525021	-7.58512104421545	5.75204217641181
east2773	-1.37365351119649	3.09329947637663	-7.84100462673353	4.3033660303286
east2782	1.65627029187173	2.90390603433274	-3.36929596843087	7.9637057444418
egyp1253	-1.80675644909742	2.62833027662698	-7.50319503433766	2.6978113499847
eipo1242	0.155478238287202	3.07409717850367	-6.18729890331203	5.91478429225276
elem1253	-3.23669753612163	1.38969471597596	-6.11097987732934	-0.546922701795472
emae1237	5.79185732083703	2.08706464668301	2.31590275234052	10.43441359953
emai1241	-1.47499106696799	1.92227100947297	-5.12094903567973	2.4994771541377
enap1235	-0.0464362822680708	3.4210839293374	-6.72367876243776	6.65218522247758
enuu1235	2.23269848473615	2.28181037714244	-2.1138292433487	6.80515220698958
ersu1241	5.36821872785636	2.52940231585178	0.630326535868562	10.5945955852917
erzy1239	-0.223566898329737	3.32795649193897	-6.85893649025848	6.19922066453979
esee1248	-0.17399862089032	3.32842746354197	-6.90837377759127	6.40203424868069
esim1238	1.1423116159178	1.97756967365465	-2.48314559343885	5.27857475017578
esto1258	-0.303305651477514	3.33134981662826	-7.05429237294309	6.09343927655747
even1259	-0.258122010138973	3.34256664200547	-6.84188309454896	6.05462123336683
even1260	-0.392965196642749	3.26871406572803	-7.07801858595407	5.88095643201225
ewee1241	1.27984286262551	2.70053827017374	-3.53843562042254	7.09178423974685
fare1241	-3.70309186120519	2.14985767530697	-8.18460188570739	0.297349420507491
faro1244	-0.0144367786196007	3.36018146797975	-6.68660376330394	6.53903383016609
fiji1243	-2.08766642723991	2.58634254833654	-7.71097707188155	2.36569549824967
fina1242	-4.18930930608457	2.52832592545324	-9.8651246172453	0.0238597043700034
finn1318	-0.117552384430467	3.28779522412187	-6.72888108333269	6.27850010243744
fonn1241	1.23936376293302	2.49595604047539	-3.04941880277707	6.67208527817904
fore1265	-0.0866881262955358	3.49136834650093	-7.04273856110968	6.54373757217201
furu1242	3.19068070066509	2.74299972065641	-1.5439923619964	8.97028969343891
futu1245	1.16208360809958	1.82649098404304	-2.61680527874563	4.67825205504158
gaan1243	5.04855839783041	2.19880298546784	1.17832138533686	9.94334476325367
gade1242	1.76667565813864	2.72320042708529	-3.10243575685666	7.57067287210115
gaga1249	-0.2863141571714	3.3657486674442	-7.08601649623355	6.17877288458581
gahr1239	-0.577627838031774	3.14099569714241	-7.00889258984323	5.27167088979445
gali1258	-0.0675774982401278	3.36467010665749	-6.9058903711842	6.40714771356885
gali1262	-0.169949487905758	3.36503406331831	-7.0712013584698	6.33830215463332
gami1243	-0.334705573198412	3.25859636976699	-7.2798643972045	5.68564722366774
gamo1243	-2.56610221332407	3.01720866615716	-8.86589115942519	3.08149779914061
gand1255	1.38259241333833	2.68671921419015	-3.34319470608092	7.12700096766315
gant1244	0.975235698544512	2.46849582806966	-3.85047773223628	5.89962696141857
gapa1238	0.712427012371797	1.66456374262258	-2.70189248858653	3.92071510438748
gata1239	-2.21770332897593	2.61472604153491	-8.01648162736085	2.29594170737954
gayo1244	-2.19380290748509	2.66789380901249	-7.94011010090013	2.39900429670891
geba1237	8.21323887475426	2.52761876871485	3.90664600368912	13.812657077918
geda1237	-1.38037900788343	1.70077836435919	-4.98358504742688	1.5583210745656
gela1263	-3.62426110654639	2.37348256281257	-8.77661231177943	0.652617567374583
ghad1239	-1.8509519256247	2.64075830880542	-7.60741940980564	2.65138131819289
ghan1242	-0.987856206811535	2.16658058458416	-5.71818446220891	2.88615939583069
ghar1239	-3.41911843893431	2.54301760038238	-8.92920750345713	1.16016565546758
gheg1238	-0.239406767394299	3.42522331151049	-7.15879945368045	6.28697699591682
ghod1238	-1.05280170664522	3.18466871223234	-7.61359327044407	4.89076784930661
ghom1257	-2.18672180361625	2.65401656153947	-7.98560410276861	2.36869734618212
gilb1244	-1.61236438357779	2.59709834342085	-7.19028642082768	2.81778413461186
giry1241	2.57698561213846	3.00563369798122	-2.67719628676402	8.9590400683412
glav1244	5.10448365403805	2.01675325935956	1.61843804519658	9.5640292353378
gobu1238	2.77416027379314	2.8911279049556	-2.27466244187997	9.04260521343649
gola1255	-4.15879436495565	2.29845705927518	-9.21048674518429	-0.0161624365809826
guan1266	-0.289709155441005	2.78173366204225	-6.04040484781564	4.91019255444909
guan1269	-0.387509781831985	3.37458578654664	-7.15278734707516	6.17767369548868
gube1234	1.08345296449375	2.78001125505141	-3.76494256961716	7.1333296118121
gude1246	4.45103430746266	1.9538194303055	1.01653156346872	8.71408350812595
guer1243	-0.355511722380344	3.33596527756553	-7.08114542973747	6.08576146381879
guiq1238	1.59436689999403	2.70403064928273	-3.83985163310423	6.71820167086983
gulf1241	-0.409251072983581	3.23974633762542	-7.04466684820994	5.55824168226019
guma1254	-2.12397374341422	2.00176589258883	-6.30034146177741	1.42824716382015
gura1251	-0.526173173327282	3.32289904570819	-7.23863741748777	5.64864733515465
guru1261	-1.43075204876274	3.0821179079135	-7.93021711331051	4.10396104048517
guru1271	4.30279062094298	2.17745064909229	0.557325519146426	8.98994866817432
gusi1247	2.49923979404154	2.96250835918149	-2.6061864948776	8.90036513137339
gyel1242	-2.21179882465776	1.90914865760166	-5.88080392174469	1.76754914683671
haaa1252	-4.21119966239985	2.28527651866665	-9.13685998334079	0.00482527850733215
hadi1240	-2.71571221443865	2.98547343096623	-9.01391210739213	2.72006032256978
haka1240	-1.41645672565165	3.06015267581995	-7.87920581624933	4.23533128881925
hakk1236	-0.40163916050179	3.24362430300611	-6.94854960266523	5.73910897958285
halh1238	-0.365199398541191	3.33319905479956	-7.16079768512198	5.97337291002231
hali1244	-1.52473950331852	2.05003129654943	-5.94489325214876	2.11422313113595
halk1245	-0.153008479944913	3.4682707827056	-7.02259908272759	6.54115424477941
hani1248	1.14866360055239	2.74761213014186	-4.32838760402297	6.4104442299578
hano1246	4.81690439587964	1.81473609910415	1.58660303915755	8.7518093188219
hass1238	-1.81111569643484	2.70537706643062	-7.70405778865247	2.74965522774358
hawa1245	-1.69554219955806	2.69941123362566	-7.73062139087859	2.94174366054861
hebr1245	-0.52273336252474	3.36554023636762	-7.50264835533319	5.75166732114409
hehe1240	-0.606135294366915	2.25627012880053	-4.71775580329041	3.98817774963878
hela1238	-1.33521029844872	3.05149907139599	-7.67661740912115	4.19570739933528
here1253	1.05776631162432	2.90662233764373	-4.05321302513585	7.50367392310221
hert1241	-0.434459027856021	3.24532050156317	-7.04646591848159	5.73472812478382
hind1269	-0.282532476013644	3.37398504712292	-7.05929281473926	6.31230405180093
hixk1239	-0.132560489479498	3.48495670186642	-7.26879933737331	6.71642536568663
hoav1238	-0.871588993484921	1.58433350284607	-4.31043178312925	2.00416207566598
holo1240	-4.07940635037434	2.26898057985376	-8.95070615486304	0.0506912498559777
hone1235	2.94642128812192	2.29879116082684	-1.27452420773023	7.7846402220134
hooo1248	-2.0136126992352	2.63370765881705	-7.6972061239145	2.48522997583354
hopi1249	-0.146979752387352	3.39440447682576	-6.96839456233988	6.41902783105454
horp1239	0.251354188706715	2.77656489057597	-5.37514846118024	5.45260818283785
hual1241	-0.280123197296177	3.37837904336896	-7.21305259158409	6.21495089553185
huar1255	-0.142257818979737	3.45083700300202	-7.18308209045544	6.76055629620668
huas1242	-0.119481389198597	3.44936529286003	-6.99568641360919	6.69126812893167
huba1236	4.55591784336958	1.96634412599509	1.04113331018604	8.75300863563097
huic1243	-0.0409669402517538	3.46473408053778	-6.98337044937485	6.76344707854102
hula1244	-0.341412898749042	3.24403226666936	-7.09505142006366	5.82941742804533
huli1244	0.197605778809815	2.91291567657667	-5.62708660080017	5.78034561452049
humb1243	1.13055123817158	2.84046038988733	-4.21084308947128	7.03502344707045
hung1274	-0.182362855878927	3.32026463136431	-6.67964702534564	6.17966671613448
hung1275	-0.628305190502192	2.35197678642946	-5.51733068990176	3.80526103424947
hunz1247	-1.11798525435604	3.21552320916883	-7.73605245862421	4.88990234689046
hyam1245	3.02755693465776	2.63818158155114	-1.57968299918082	8.76394396866378
iaai1238	-1.9599654349881	2.3068503585692	-7.14233219930549	1.90544079282871
ibal1244	-4.01503081794335	2.59376571755495	-9.97203516216102	0.390276146648917
iban1264	-2.31672505242806	2.78288540255062	-8.35964515420389	2.44253121815965
iban1267	-3.69511618591582	2.64683189278438	-9.46734930685549	0.913316557030337
ibat1238	-2.66753431331077	2.76402954894776	-8.76046513397894	2.01809235897462
ibib1240	-2.48748894045133	1.76642718705305	-5.89798209107622	1.04488577886439
idum1241	-0.707275511718709	3.19763215261057	-7.27241091279217	5.28355605187099
idun1242	-1.13607613802941	1.75342271532664	-4.84603452054519	2.0796931697819
iliu1237	4.76109497158178	2.3785035727133	0.751454515622091	10.160543599099
ilon1239	-3.9840230200301	2.62565798868394	-9.83726842428359	0.442421067830066
imba1240	-0.157765467277615	3.40145626680412	-7.12184498437521	6.59105009301117
indo1316	-2.24937113779765	2.58079560011457	-8.01397327806546	2.15749939620291
ingr1248	-0.261030355035311	3.30149763179548	-7.0114168748723	6.29278643598408
ingu1240	-0.693580042576122	3.29838726498171	-7.31150849289871	5.4398931292572
irar1238	2.43962788342033	1.97023987815561	-1.17259686560638	6.53081778377537
iris1253	-0.116665165263031	3.41216473095675	-6.86544092079157	6.43288405186608
irul1243	-0.279420825521553	3.1972446640017	-6.73140663635834	5.72035261974852
isco1239	-0.280710782331789	3.52197526081317	-7.37490628796265	6.69863678398472
isin1239	-4.15136607439273	2.57879137294101	-9.86096580902285	0.167208661625031
isna1241	-3.22546011468297	2.77713001876151	-9.33641372378932	1.57924904922081
isth1240	-0.1615524142684	3.42568382754821	-7.14699623794831	6.52398565317145
ital1282	-0.174397248099552	3.3905037398015	-7.11516265133528	6.47561438995561
itza1241	-0.243105405178122	3.39165722423451	-7.00203962792342	6.35522299509596
iumi1238	1.43740097219729	2.41000448871965	-3.29024585446693	6.1789851711981
iwal1237	2.65851701792706	1.63762747818632	-0.369820586165164	6.15000508438481
iyoo1238	0.662737272382493	1.81395188768472	-2.88294744712519	4.26569887889048
jahh1242	-3.49228611630777	2.68163314763254	-9.49609559935822	1.14119528612943
jamb1236	-1.96657337042498	2.75479375931644	-8.07727096246304	2.68998873272301
japh1234	-0.587213069737851	2.97937539477629	-6.51281856661896	4.95566653862969
jara1266	-2.32248399997589	2.54852958264738	-7.84768771418346	2.33797882064487
jaru1254	-0.296764127851928	3.23404979437567	-6.94417750819604	5.81107975805739
java1254	-2.30910913559623	2.5989747061302	-8.06533172372653	2.0947995475249
jede1239	-1.9169492679397	2.2349448187375	-6.80207049209894	2.13638059245969
jeha1242	-0.89073688249779	2.03733193468641	-5.15926051065003	2.84810880688377
jina1244	5.96835295774207	2.5376209147127	1.76088899241985	11.5913872753635
jjuu1238	2.84707422459177	2.73331083676732	-1.94012815032035	8.70382543403549
juku1254	1.29776622350615	2.20201371599182	-2.66057672959541	5.91591541969345
jurm1239	2.47893577361111	2.59022776701672	-1.99921010941435	8.12996483492355
kaba1281	3.18683959630192	2.84923866558836	-1.71360235188602	9.40490482928327
kach1280	0.406127328335493	2.99186399250887	-5.53127857181587	6.1556178749193
kado1242	1.75480848849498	2.21410122582253	-2.80038152427176	6.00116190989673
kafa1242	-3.4556492436409	3.07282537870046	-9.88548095159397	2.23161850397955
kaga1256	-2.76199842175901	2.65267228105046	-8.58762248739445	1.67085958352338
kagu1239	2.28422925533144	2.86724323166559	-2.6657518943112	8.49407569880352
kaik1246	-0.739694542305204	3.25159738446309	-7.38558701129448	5.28258127580352
kala1384	0.949061452243029	2.82400977429269	-3.96247527425274	6.98160572702323
kala1388	-2.54060814544781	2.62025572776591	-8.49257869529443	1.79837383350222
kalm1243	-0.349516918609904	3.34912909288407	-7.13876542565195	5.82975214550841
kamb1297	2.91516312573471	3.01109609522867	-2.46131410393445	9.32831574170443
kamb1299	-1.11418620980045	2.41772131289188	-6.31239720847145	3.10329081722105
kamm1249	-0.419561363699268	1.98990207998557	-4.1335544154852	3.72331855125932
kana1286	-3.13429659947385	2.50147879952079	-8.61752096248813	1.04259053422035
kani1286	3.13555312738877	2.32300056183203	-1.24424941601374	7.86234053959821
kank1243	-4.01263459981325	2.57497277134381	-9.76693272491023	0.299942565872083
kaon1241	1.08767904631577	2.82444117389407	-3.75090537719184	7.24618751105246
kaqc1270	-0.261427760730521	3.39520110401596	-7.06560196494994	6.35480363806976
kara1476	-0.332139180675494	3.2160301937678	-7.05714875287789	5.69843906803354
kara1482	2.17621306421422	2.69721099479494	-2.57700425955192	7.90682201684799
kara1486	1.76783813417461	1.37579238247803	-0.887608997637308	4.52357518487684
kara1487	-4.2146486585455	2.48643654292834	-9.86898331703844	-0.13383773068017
kara1500	-0.0831975017554794	3.45185970482583	-7.05930644365825	6.74045896392823
kare1335	-0.201655236545196	3.29861380188986	-6.75710769454469	6.02729160136163
kare1338	2.46259017336699	2.99588951653074	-2.78989618754269	8.92181939435669
kari1311	-0.11105341891143	3.4832767619922	-7.03567335327069	6.66100130866275
karn1252	4.34381209151322	1.70172858805329	1.28597051297154	7.85848183619947
kash1277	-0.203681475356772	3.3685377254537	-7.02857036835107	6.49422262946434
katb1237	5.23844681269315	1.46033198838447	2.67624092531824	8.41005530952406
kats1235	0.477939990440759	2.99200821307454	-5.59727255948887	6.33494284495644
kava1241	-2.51541278696722	2.72335350726088	-8.59006437989141	2.11974412231725
kawa1283	-0.0524175862652937	3.4880192739883	-7.14144685384967	6.66433864619228
kaya1315	8.62389900443833	2.60406141431038	4.10780770505199	14.3268660093176
keap1239	-2.12552568216463	2.62998459662185	-7.64429557645153	2.57594992715604
keda1252	5.19152228055793	2.40111840194071	1.22767067213168	10.4899550363666
kele1255	-0.240274274336099	2.34035933791796	-4.42348171111909	4.7175580386024
kele1258	4.92379941994253	2.15850919332882	1.41452920090249	9.84229914788225
kemb1249	-2.61739462483072	2.70164123023783	-8.50729977777336	1.88072098584325
keng1240	2.61535144328496	2.87457890286542	-2.40633005621758	8.81824850952366
kens1248	1.3003946569877	2.01778213573624	-2.57607842427377	5.36576918741682
keoo1238	3.70299138018885	2.04672517765369	0.14916877017666	8.18995877080187
kera1255	5.67479505419205	2.56421288883395	1.36101782135513	11.2582038227188
keri1250	-2.29010140834966	2.72447948765199	-8.30414151134567	2.30728311764402
kesa1244	1.2367859027516	1.98821505309692	-2.71813154984676	5.12927866123126
kgal1244	1.21747652125751	2.84624892233505	-3.75234324171108	7.28625396358157
khak1248	-0.421223137801931	3.30098812159543	-7.20646334118233	5.8456197062352
khal1275	-1.43383596079134	3.02225961801403	-7.83271823318611	4.11926032421582
kham1282	-0.355620284590108	3.31218687454567	-7.10869486723956	6.00972769560709
khan1274	0.170620406457062	2.09032553826971	-4.09701624102857	4.07741777873898
khan1278	-3.58240080394085	1.49903602913919	-6.66641861100449	-0.729011361044813
khar1288	-1.80503413546298	2.99231722619625	-7.93152473759506	3.69204226482099
khas1269	-3.08870886928449	2.56140129383694	-8.96090495041999	1.19658574126254
khez1235	-1.67826054120181	3.0611254259698	-8.09394193369266	3.88661684211999
khin1240	-0.827450859209705	3.16936282884509	-7.5564732020636	5.20342673215885
khmu1256	3.37259281076011	2.30013895382233	-0.727862748307538	8.3632112644959
khum1248	-1.36457376539734	3.06336518933694	-7.80986383845616	4.34730104630822
khva1239	-1.11320474810165	3.18838626363971	-7.74391948701839	4.76251893181236
kich1262	-0.261310493324295	3.40428819606151	-7.00196994205578	6.4072244249863
kiku1240	3.30665958430405	2.8653062482672	-1.79080810655601	9.42999055292234
kile1243	-0.230826937819635	3.31903695773796	-7.21254155410882	6.34514222916328
kili1267	-2.09200429546188	2.42844846802399	-7.29299794626084	2.14086021119508
kimm1245	1.4319372260391	2.62567141296833	-3.79915863697704	6.68334914310688
kina1250	-2.85510468488378	2.76867153260443	-9.0329125608692	1.85216313405249
kinn1249	-0.593573670024664	3.10002398345879	-7.03398341407839	5.25600973885027
kips1239	2.6735713628343	3.00896014730079	-2.83098257540941	9.01175975580644
koda1255	-0.509854335678873	3.28862532720298	-7.12318838600856	5.89543667850485
koko1269	-2.99646656724825	2.40212059184855	-8.22362602506691	1.09861014360429
kola1285	4.26704679695521	2.40441434386844	0.215973595914746	9.71884954847644
kolb1240	1.82870074176898	2.73007572068108	-3.09471362884386	7.63828367988791
kolc1235	2.04460536236758	2.63935094766464	-2.64388690246012	7.82480792214215
kolu1245	-1.56924811930262	1.78664092750992	-5.37819925962144	1.64247405398423
komb1274	-0.391102968539064	3.23346645317159	-7.02083419796752	5.63988118000318
komc1235	-0.410026178791844	1.40989346047981	-3.14345354717087	2.48314431739696
komi1268	-0.138135892692839	3.27179708249362	-6.66054797018298	6.28267853489326
komi1269	-0.143630569671736	3.32710089232478	-6.91384564522172	6.30891203815217
komi1270	-1.29309160170362	3.0454300248227	-7.47781571408318	4.39250748809584
konk1267	-0.142643505523752	3.42753226725325	-6.98293606346059	6.6323992385126
kony1248	-1.1859055988533	3.01375982103746	-7.68327856041152	4.40272518280776
koon1244	1.6362552357147	2.91249408606122	-3.45925655302368	7.94438755076907
koon1245	1.93420033080094	2.82048157898473	-3.01922346549676	8.11720687666611
koor1239	-2.24346241343994	3.05197339167205	-8.54883356035494	3.41784700287271
kore1283	-0.244803389102035	3.37440534105874	-7.07836079542414	6.39435267617206
kork1243	-1.34836862027082	2.77682677882775	-7.1893291614113	3.52128315598486
koro1298	-0.167448815595403	2.20842818794437	-4.29949319706189	4.35308696077718
korr1238	-0.449631592561429	3.29460526413543	-6.98293393605231	5.88466948508082
kosa1249	0.365445040245902	3.02213876629928	-5.88936055575231	6.00698694253633
kosr1238	-1.19556588023174	2.56010382104051	-6.86081658129164	3.23509547346785
kota1263	-0.530872980280303	3.30469726941665	-7.16891078737312	5.91124361157929
koti1238	1.41644716578316	2.9743075365541	-3.70597617933256	7.86361964137438
kova1243	4.33818626261617	1.71595388411095	1.19283834072867	7.91284882395666
kove1237	5.18439872806405	2.26834168788462	1.30054078547652	10.2312807366576
koyr1240	1.24307315057409	3.00429785271391	-4.30968798668748	7.23366126834518
koyr1242	1.25612590858631	3.05711705148657	-4.52577809756696	7.68953422440901
koys1242	-0.539023979263535	3.24907439132677	-7.19794034106268	5.49719009401969
kryt1240	-0.796823840002086	3.1836628677666	-7.54099895656761	5.16575925260924
kuan1248	-2.36825959987431	2.26877574088651	-7.25928604543227	1.44879754804999
kuik1246	-0.219644211667377	3.31979182783439	-7.04589268691704	5.93476214285564
kuku1280	5.58287997947288	2.53415029382969	0.890364908401455	10.9329407791769
kuma1276	-1.80796924343614	2.03975703891891	-6.37782457266391	1.67834632421402
kumb1268	-0.362913912806463	3.32659714840826	-7.16787544478801	5.8602389746844
kumz1235	-0.145929102369405	3.53619033138829	-7.47091156829663	6.52755930197051
kusa1251	-0.957872552936474	1.64955051427977	-4.40791333355021	2.0835255596286
kute1248	1.53306424516973	2.19239171920333	-2.44499373068953	6.07968160055744
kuyy1240	4.83713405048102	2.73222157060746	0.153966668686315	10.8600987977378
kwai1243	-2.45174334855299	2.0004413591598	-6.81388263262558	0.975516607772931
kwam1252	4.44382245073286	1.66476659218292	1.67449550615472	8.14069946066806
kwar1239	-2.90340372287118	2.06252618644334	-7.55237133294995	0.630000359376551
kweg1241	-0.795214306053673	2.29528830213493	-5.30216361186696	3.83788854053655
kyer1238	-1.28913696605915	3.1070779353539	-7.70644270095637	4.33184983713133
labo1244	4.46861243430396	1.48123761221894	1.83430282475428	7.64131538751227
labu1248	3.13471740795994	1.29982331286956	0.819721650624597	5.89132394765539
lagw1237	5.84534897384773	2.56639665789782	1.59495491022358	11.6073299338791
lahu1253	1.46088196400101	2.29840443754275	-3.3738204968765	5.88211212403813
laiy1246	-0.990667130637201	2.43507152977365	-6.14278590353717	3.23732922914617
lakk1252	-1.08089008385509	3.24499791113876	-7.61871260307743	5.03004149901425
lala1268	-2.38747130502462	2.3854270525592	-7.48820088963225	1.64597539212063
lama1277	5.46646894896231	2.39197879956859	1.66180632558678	10.8615699277778
lama1288	4.6480501145424	1.92482524573922	1.3049121262267	8.94987428629786
lamb1272	-2.99740959417245	2.07001557552365	-7.28701445834617	1.17922231968673
lame1260	6.06623023523934	1.81952838121544	3.10921008325704	10.15793125333
lamk1238	-1.21949970437298	3.12374276846951	-7.87637340734065	4.47507886477732
land1256	-3.23554029272726	2.06582447852536	-7.50220467186242	0.848551664829369
lash1243	2.16289542304312	2.57169440275762	-3.06891095972453	7.04088492838993
latv1249	-0.198062738358208	3.34665774633968	-6.89801000793315	6.27542363162811
lauu1247	-2.56253938730154	2.18987464818337	-7.23350985222049	1.21075468484109
lave1248	2.79371425127812	2.27776908219022	-1.2552581156102	7.69649974081218
lega1249	0.472071710308176	2.60592757288501	-4.18838148971556	6.03155006086212
lega1250	0.0484424147019906	2.56677186108846	-4.55168069206785	5.56524750145172
lele1267	5.07776811400546	2.00626204602924	1.73153054272976	9.64168275808244
lele1270	5.06059593994935	2.10808468811119	1.68248289252005	9.9440057100967
lele1276	5.0259282252766	2.5948378422765	0.674357874400144	10.9055549528819
lemb1266	0.242738684319237	2.85019397949132	-5.39709457178824	5.64476181442299
leme1238	5.44035427471509	2.14413842038072	1.88824758476627	10.2853082101596
lena1238	4.56735779823476	1.64860342748706	1.76990207610508	8.1098453990426
leng1259	-3.15967421748141	2.22906125034037	-8.04876380940394	0.709913176119842
lepc1244	-1.35126403215121	3.07113708551967	-7.82971507647844	4.28472493775886
leti1246	5.5488307115254	2.45987237316962	1.5665064438447	10.99553154356
lewo1242	6.03754231547851	1.99024959852996	2.80336133691686	10.6167084655356
lewo1244	5.44095382341041	2.39058732935884	1.59446140443108	10.912619267485
lezg1247	-0.920011952066887	3.15667381823005	-7.38369518233686	5.17865971084113
libi1244	3.23437503863482	2.6876116154804	-1.37764507162034	9.28783842159695
liby1240	-1.79832137244763	2.66527984588605	-7.55969386972013	2.78221362657359
liji1238	3.02498524200743	2.75442053142238	-1.99655003741348	8.80299717798319
lika1243	1.19721785388226	2.51273118007467	-3.24638486103598	6.66736883949839
liki1240	3.20242782658191	2.74032314171581	-1.54831321164937	9.27704434148938
lill1248	-0.128248567498763	3.4896123217535	-7.25508990533308	6.52416419975865
ling1265	5.52293476117643	1.49067043196483	2.89993689434355	8.77402940460727
lipo1242	2.09289450284001	2.40312191317128	-2.8680907296618	6.61371637048589
lish1245	-0.581976705422677	3.24733814258712	-7.20254017870999	5.42679552203621
lisu1250	2.28249548134565	2.50529622319118	-2.84230127731207	7.04330067410356
lith1251	-0.169364951163636	3.40561697917033	-6.99643363858742	6.38588540627502
lito1235	3.19853981028584	2.81233043923819	-1.74896566774897	9.22694924128504
litz1237	5.63576633151365	1.51675621200788	3.04032952461824	9.0333098667945
livv1243	-0.244581116610389	3.36411810101892	-6.98731463517534	6.16830224262932
loba1239	2.97579926250817	2.84425603832006	-1.98077230014941	9.13230170726154
logo1259	-3.94051194931728	2.43712954900657	-9.09346056628892	0.416106377495352
loka1252	-2.72492168091648	1.78781236429407	-6.298062426907	0.793843977775171
lolo1259	2.38096768588472	2.44520035017439	-2.49161154571854	7.01691397699385
lomb1257	-0.146545870739235	3.37878316946977	-6.99565528521046	6.38289159545134
long1395	-2.50321534342552	2.15245020153937	-7.14783798650883	1.29900080322743
loni1238	5.08650876095816	2.14074735139184	1.62025519682335	10.0534288122899
lonw1238	6.1689714656943	1.68814615108358	3.21473780260008	9.80352696690922
lote1237	2.77515562573658	1.62736979822098	-0.216017967442788	6.20289044939546
louu1245	5.14690906870304	2.09374741456574	1.65005043385631	9.81747333209485
lowl1265	-0.160950721534694	3.43086982336277	-7.21282282585826	6.51876219077628
lozi1239	-4.30029569012968	2.34288387596817	-9.48164254099605	-0.0657867342933527
luan1263	5.33814265108908	2.47654230179298	1.33274903506687	10.8838288550824
luch1239	-5.00696775130245	2.37492431445531	-10.2359356502965	-0.917782661606375
ludi1246	-0.195162609571544	3.42974070276537	-7.05527131209272	6.34845500363632
lugb1240	-4.10326684228491	2.51828979480612	-9.45593758901542	0.455456775488144
lugu1238	1.69263299355841	2.79454341221321	-3.09778051434232	7.79872472049234
lule1254	-0.226923385354289	3.42726050629939	-7.30499587996464	6.19365236169179
lumb1249	1.32745644253651	2.85481879073508	-3.70402969068231	7.46502544609478
lund1266	0.956487327123596	2.75193782630913	-3.70815839621904	7.00185757517539
luok1236	2.33808355062919	2.98280568092145	-2.88680180454822	8.83799873647144
luse1252	2.41203116456515	2.87606020213312	-2.7364390928636	8.38800765436725
lush1249	-1.31770291289136	3.07177026577154	-7.78604452978673	4.41769996639404
luya1241	-5.15242186154269	2.41208906066453	-10.4389939964073	-0.983054475395739
maan1238	-1.64527951088382	2.7001348311993	-7.62041813526024	2.94594202127599
maba1270	2.79206371314132	2.81025792528862	-2.09493759327521	8.70807180842977
mace1250	-0.29243067721821	3.41768506861593	-7.06047265796559	6.14606996511866
macu1259	-0.138466902224779	3.36887771542904	-6.83572372869473	6.63806235180795
macu1260	-0.415831956268764	3.34986954126431	-7.15055967067505	5.91837940216218
mada1285	-0.648351963255632	1.60661308794767	-4.00662380514422	2.29773074191158
madi1260	-2.68421970326708	2.20351606620229	-7.44346643144095	1.40042263633936
maee1241	5.85937102239884	1.62195489315219	3.13672750598863	9.48843056197371
mafe1237	5.85525334071601	1.90953300468967	2.58605441958148	10.0265338817432
magd1235	-0.413810286867602	3.37339387619854	-7.17928908891275	6.12741520262052
mais1250	-1.40822983199745	2.30974006458628	-6.43001491200377	2.58112923231544
mait1250	-1.21338566269383	3.21761183556976	-7.73614160701781	4.93888812651107
maja1242	-3.78694814644879	2.65232405455302	-9.505613476997	1.11046828666385
maka1304	2.03891759188908	2.68292672806523	-2.68113393716051	7.6930570886463
makh1264	1.65642340945354	2.96576485817226	-3.5022451599913	7.97304239577858
makh1266	1.68127086694752	2.86787567192256	-3.39345464952802	7.74077390420473
mako1251	-0.0507687717536891	2.46535273812607	-4.38099974110889	5.31180692708278
mala1463	-0.337060863177506	3.35998712952325	-6.96757558472682	6.05494194805503
mala1464	-0.396694675714506	3.42592482277439	-7.36406808987362	6.10994029307945
mala1479	-2.35487647226356	2.79316840203146	-8.28790077413556	2.60012761700188
mala1522	-0.189968201354265	3.39652251384691	-7.09158905375768	6.45245680599288
male1284	-2.31993813975475	2.75365034728849	-8.11454563818197	2.84097469784057
male1289	5.11027911432708	2.021036112275	1.62234694881326	9.48653594734309
male1297	-0.183418526660267	3.48284580170026	-7.28833904994409	6.77813721564598
malg1251	5.24680066521713	2.50532538800133	0.822642243960314	10.834291608604
mali1285	-0.30442698478274	3.42100082839951	-7.16952493446044	6.18209925491862
malo1243	6.01896286180632	1.82808613348698	2.93019356767503	10.115441814789
malt1254	-0.310033672400525	3.26162005601386	-7.11357682652646	5.76085024419853
malu1245	5.77715918445135	1.6713920850685	2.92454727163844	9.51278401947444
mamb1294	4.56700228897455	2.65618278714028	-0.216893359445236	10.2043737384879
mamb1296	0.43057001213875	2.68294768643827	-4.24943090725266	6.22536837014466
mamb1306	0.857510849439423	2.01380623625223	-3.2525655410125	4.64196197088242
mamm1241	-0.262237529114247	3.36243095072842	-7.12668803497358	6.31395864177968
mamv1243	-3.11058498475101	2.39353277494973	-8.15028395332613	1.24813247981909
mana1288	-0.984820579918573	3.14809609443008	-7.51542096328267	4.98749625306043
mana1295	-1.42263331261397	2.3386476660302	-6.43624125112662	2.60009632782133
mand1415	-0.233972126230121	3.2338649461142	-6.87725945661145	5.85456932864031
mand1440	1.76391311970623	1.70260505210922	-1.54332371426189	5.14286968674927
mang1378	1.66062355853406	1.80599918074586	-1.76270467695123	5.29818784562945
mang1394	2.17695416545554	2.30229064360117	-1.87672866646718	7.18918855789545
mang1401	3.36834587708991	2.40491672366304	-0.880276202496385	8.81194383371929
mang1403	3.32442134143625	1.6229063978833	0.456718801530155	6.85248663612257
mang1405	0.126785767685331	1.98475732548535	-4.01392003425858	3.80390421126895
manm1238	0.11333476006434	1.95004818675837	-3.96460197399874	3.74189432277733
maor1246	-1.6780430670147	2.73534941835699	-7.6769984060347	2.94901259058999
mapo1242	2.88766947011684	1.30953181166352	0.508013169007137	5.61169047156361
maqu1238	-0.101876444333732	3.52199091427863	-7.31266366421181	6.73932920900783
mara1378	-0.208540063477689	3.40880636466633	-7.16066697492824	6.40744264751084
mara1379	-1.71040432946999	3.0051651643246	-7.9894489675474	3.69342021190912
mara1382	-1.04926719294545	3.1072694182994	-7.63137073103056	4.59665665264085
mara1399	5.72648927270305	1.56544763453721	3.08444395575457	9.28025185256956
marg1265	4.5847356981127	2.16324407427435	0.726976342120293	9.24359286540756
mari1426	2.61845089633866	1.79045890887949	-0.735223503291848	6.2867165407352
mari1428	-0.68581972109711	1.7326520246768	-4.42959296013269	2.36444490894909
maro1244	-0.830092851927154	1.76008957248513	-4.46517478189106	2.45104321861351
mars1254	3.43423383742655	2.50017578548383	-1.06523064786959	8.991350540181
mart1255	-0.443845717810847	3.2611831214614	-7.31844702068803	5.73877784229816
maru1249	4.39434431439455	2.45149996639944	-0.389069676539622	9.36489984225048
masa1322	5.64448436131378	2.60773078164762	1.22714443054281	11.4246703034316
masb1238	-2.73436151394479	2.7562580876325	-8.66613870572152	1.95693559552502
mask1242	5.44555358156354	1.56596172566495	2.75694413903313	8.90692273295261
matb1237	4.58787474449833	2.57231363231171	0.238346925627742	10.2711627025546
mati1250	-2.50113102361907	2.66090702595837	-8.2815189719561	1.98539133062747
mato1252	1.51303254897188	1.43980016439643	-1.29185478895961	4.35018996777462
matu1259	-0.180860945269477	2.42983986561987	-4.48566795990471	5.23218900333286
matu1261	-1.59976848435819	1.92297592677583	-5.62366554868126	1.80553531331813
maxa1247	-0.0480298770024914	3.40440456252235	-6.83593180191693	6.66675778978209
mayo1261	0.89604050991267	2.50470114295549	-3.49755711231237	6.21726964196241
mayo1264	-0.112538198664787	3.4057189795839	-6.98620060134465	6.47846155219084
maza1304	4.60167676397598	1.97084209765908	1.08586443891746	8.84895236783104
mbaa1245	-3.41588299092102	2.10395001136786	-7.82008636146111	0.577079771761884
mban1263	2.94768267226251	2.88823552169034	-2.24119989942606	9.17458557481123
mbar1260	5.55989310047726	2.70656218776709	0.941339477935313	11.3854479406981
mbay1241	4.08537642238686	2.73582229229998	-0.706141554193125	10.1708519944585
mboc1235	-0.742556402279626	1.81970115045895	-4.15625630842397	2.92996889660774
mbol1247	0.914516379409501	2.72231993125476	-3.84502301733971	6.81172691538401
mbul1263	4.61240278800732	1.76124672898741	1.56549061782602	8.43290102881342
mbya1239	-0.133934484274352	3.48275285506209	-6.98335666867131	6.67418414008169
meen1242	-2.72216382088278	2.88907820559251	-8.85181294515445	2.65399489247416
meke1243	-1.06266349866527	2.11754271803812	-5.67694366165578	2.5839236391088
mele1250	4.98124348464523	1.98179038438847	1.70706127737537	9.50980622953963
melp1238	1.99983279530767	2.53920176263846	-3.04002461037073	6.91301082114891
mere1242	5.57505560673886	2.11923119097684	2.02615143208941	10.3173553652282
meta1238	0.032790854485803	1.83277685725225	-3.46255480314702	3.82982337009849
mezo1235	-0.339650679296443	3.34490056564302	-6.99169225564934	6.1626094619062
mezq1235	-0.191152316388031	3.390221231605	-6.99219254620938	6.40583794006065
mich1245	-0.0830357691405969	3.5087370315516	-6.98989310606346	6.77103810715931
mids1243	2.21973585147687	3.0250925495829	-3.041939967133	8.73898149843444
miju1243	-0.615515371604419	3.04185554374109	-6.8985439172426	5.03425402820428
mikm1235	-0.092073051981283	3.49651731084139	-7.0743909501825	6.76637132448552
mila1245	-0.897523583727118	3.21281667371927	-7.53168299172645	5.21273147543348
mina1268	-2.20688460882466	2.7989285663347	-8.39842524038316	2.50647991617844
mina1276	4.60544281043947	1.91321385395881	1.2488682285694	8.73553839423423
mini1251	-2.19362179360049	2.28062282982529	-7.14212101419358	1.69731472161819
minn1241	-0.702826493279461	3.32460767334976	-7.38087387294751	5.42361137260037
mixt1426	-0.297894720022364	3.39272863299509	-7.00864973605277	6.3506986276164
miya1259	-0.461982925418095	3.33956218809681	-7.25077691188716	5.88337560742856
miya1266	2.84233093810813	1.97391638479349	-0.789718933264801	7.07395806817577
mlab1235	4.1920576584604	2.43533330799649	-0.00451220270971287	9.68390409215372
moba1244	-0.75645884437266	2.25633821474905	-4.83948376366709	3.97315548933641
moch1257	-0.32337637981098	3.35510163075763	-7.22648580933995	6.1438273061141
mode1248	-0.130810320019615	3.41363165819404	-6.72091997103059	6.2412082694609
moha1258	-0.137664985243509	3.35978040826598	-6.87581935968539	6.46751863406436
moke1242	4.36430628755703	2.67840543637528	-0.382315603109684	10.1832564328195
moki1238	3.597405484895	2.28843114097742	-0.398606785416839	8.61864440962815
mokl1243	4.79379721074287	2.63688434235526	0.0885118708018418	10.4458427736437
mokp1239	-1.97080762602899	1.62145077135011	-5.20540412158604	1.25246440280776
moks1248	-0.241478787267773	3.44405325321825	-7.28516625930544	6.28897576460463
mong1338	1.51271708925456	3.05185391372437	-3.75296559768193	8.2094615207456
mono1270	2.91343519466463	2.82403096184216	-2.04043059806747	9.08864298448035
mono1273	-0.820950947576132	2.29597457084398	-5.71156922711246	3.34620986689703
mono1275	-0.0370577639466385	3.39915731381479	-6.88965812099654	6.68438884888469
mopa1243	-0.230076196489423	3.40781268733826	-6.87501881145108	6.27293586808665
morm1235	3.90735822107286	2.12840410284782	0.171119312943933	8.54125794181214
moro1287	2.67735283483252	2.20388713937332	-1.3652402816839	7.41888216333992
mort1237	-1.7222572185822	2.71273390388757	-7.66105022124657	2.84829186487675
motl1237	5.19783387036671	2.22172142703709	1.46624302973355	10.1589740090951
motu1246	-2.67601753344496	2.56135658241659	-8.34570568479938	1.76499604922326
mpad1242	5.40752607729091	2.64806250540309	0.959144629692827	11.3538800673183
mpii1239	2.54309176491323	2.6065751524457	-2.76889271215567	7.52732609425719
mpot1240	1.02133443013207	2.69073792999257	-3.68798529286597	6.7974721722376
mual1241	-2.46019176353479	2.73387535434189	-8.44190885108102	2.27542534395838
mudu1239	-0.540776735385786	3.29485628536359	-7.04428091966872	5.7337710316544
mudu1242	4.68950921871298	2.41416807992791	0.590190195126623	10.0300789762053
munc1235	0.658243931941972	3.20105584272501	-5.93118467137914	6.55565072346169
mund1325	5.18525406672557	2.69218819901895	0.418637434436297	11.0141613868188
mund1326	-1.80467224673163	1.77559894454159	-5.1195207990906	1.79574916674398
mund1328	0.740295462326441	1.6714573759594	-2.31139275306535	4.18873273480639
murl1244	0.446534568195922	2.76252273349251	-4.757501352431	6.16134032700045
muso1238	3.15460304788585	1.37240411793075	0.64931134476419	6.05013129636306
muyu1244	-1.66186375657114	2.55453158442212	-7.23946593859841	2.82793837417504
mwag1236	4.90183567490983	2.24247057460691	1.098331768397	9.98200875879615
mwan1247	1.41232070016677	2.86658408995388	-3.72988409106415	7.45535230764617
mwer1248	-3.57645394202656	2.14190095738079	-8.04558948927041	0.529527707505926
naka1262	1.777276958201	1.58339650807451	-1.21705815874804	4.99981273776955
nali1244	1.73747305021891	1.37566743801888	-0.965283594616262	4.56042197466428
nama1268	5.80344854509819	2.19883180014877	2.18656257365405	10.6653990282362
nana1257	-0.278280429279463	3.33274171062418	-7.26359486036025	5.97181770063342
nand1266	2.47251587089744	3.07664778447241	-3.20187648925676	8.99364840700518
nang1262	5.2921948223256	2.51794819675006	1.00137510441077	10.8202695627726
nant1250	-0.211330065925813	3.40574030304038	-6.946551266999	6.52264469032013
naue1237	4.81406177704756	2.28232018054893	0.987473755540613	9.88666802305253
naur1243	3.4003760866791	2.4004175917713	-0.861791486450155	8.67643668010479
nava1243	-0.160207564154827	3.39435622636032	-7.11468544533714	6.4778179044936
nawu1242	-3.60243085569592	2.17780864688366	-8.04916776560393	0.582828968954108
ncan1245	-0.197048105454255	1.53669765925614	-3.02890348833324	2.89634023668695
ndam1239	-3.18919331651816	2.16374380137827	-7.54419885867885	1.04266101618898
ndob1238	3.0463527184062	2.77203403926444	-1.66384822945992	9.10254584447315
ndog1248	2.22458222877734	2.85081801659273	-2.7323817766625	8.38182401965164
ndun1249	2.6264677081405	2.80296410233344	-2.36958778770339	8.66047776796374
neha1247	-2.17495225498612	2.5791995859515	-7.59631005462924	2.35489751587861
nend1239	-0.0581642416794182	2.43338525867233	-5.0469183893743	4.56531293267514
nene1249	-0.114246178282044	3.4471047879443	-7.06921220183849	6.38739493476455
neng1238	-1.54827769317833	2.54989183750703	-7.08421269264239	2.80167086589496
nese1235	5.85158857869568	1.67737273238606	3.03225277677925	9.56961279489461
newa1246	-1.27793543908119	3.06723880977599	-7.674533056164	4.34984348109262
ngaa1240	-0.335590574129481	3.29246047286644	-6.91275473988234	5.91983306775549
ngab1239	-0.179757985272726	3.51965950721931	-7.06104009439734	6.68725121477055
ngam1268	4.43239920417949	2.74656548959581	-0.224744043712378	10.2682733813742
ngan1291	-0.0879162365943525	3.30221813954055	-6.80308548806911	6.30521485757591
ngar1235	-0.272259166435983	3.27330604372575	-6.87306639890412	5.98390993308132
ngas1240	4.92685248490306	2.23116164498128	1.18797986243313	9.94006805479336
ngba1284	2.43452495911003	2.92572663513349	-2.86334237438398	8.81087970611283
ngba1285	3.10565220377444	2.83905145874738	-1.88194545134315	9.09245858374464
ngit1239	-1.9212793705958	2.66726473917289	-7.48043148544945	3.07389434439214
ngom1268	2.72561247247466	2.90217740385681	-2.53500570768973	8.79757281641281
nhen1239	-0.205246897121875	3.3756243384515	-6.96255695556734	6.36843275894334
nila1242	2.36335607821144	2.9418479689904	-2.90445584754129	8.62317020077175
niua1240	3.56928458893268	2.42208870641147	-0.558732768234672	9.025260631978
niue1239	-1.61512885593958	2.62333789412267	-7.48125989157499	2.84536621371674
njan1240	-1.93707085894258	1.68663500916369	-5.19468299530303	1.39857063235111
noct1238	-1.04817672565097	3.03456741014542	-7.3768485760913	4.58936197095024
noma1260	0.130057045949914	2.02508830642923	-3.56056158978161	4.55890543834647
noon1242	1.09187344980911	2.82211890199703	-3.81967057292514	7.06734387470943
noon1243	-0.758394398153075	1.46503534401567	-3.51050743792335	2.1923703552719
nopa1235	-0.37200231590658	3.41239724046774	-7.38848860048298	6.35497967565503
nort2671	-0.217912764966487	3.29461110826876	-7.01879107840814	6.13804106787116
nort2684	5.01087559481739	2.75775273509033	0.415942473747533	11.1761078241858
nort2690	-0.166223639086897	3.32875515517415	-6.87585720228999	6.18666708183353
nort2697	-0.908485593396972	3.17124085414569	-7.32043842722149	5.10174759520088
nort2702	-0.880303416067456	3.3574255674863	-7.49184333173115	5.64264746984528
nort2722	-0.596476281447327	3.03485886916267	-6.85468454692206	5.21324773056915
nort2723	2.39991365720484	2.71950763182617	-2.89118204094887	7.75019551555806
nort2732	-0.446192220564791	3.25413445260899	-6.96919563457763	5.74656089282346
nort2747	-0.399364626620161	3.34013818429343	-7.08999436345888	6.0514919410301
nort2774	2.76952829925716	2.83817283496447	-2.27476982653123	8.88576704729181
nort2839	6.18705039635681	1.77020393954336	3.12554529982502	9.97702737647623
nort2845	-1.65216609097308	2.75061460970523	-7.82286437398924	3.01673280462933
nort2847	4.42277060773207	1.61588706077406	1.64798275916336	7.89262463851416
nort2877	-3.97828734387177	2.59712824101825	-9.78868111479624	0.381201057723032
nort2942	-0.0487625453993517	3.48819793900245	-7.07429017093844	6.81006444696484
nort2954	-0.0753787420342163	3.48341909548081	-7.00650970428904	6.76962255886397
nort2957	-0.23471693319623	3.38934114017142	-6.90740179629988	6.39488923053522
nort2959	-0.153569871552819	3.37421294000485	-6.98797470768006	6.39580043613878
nort2961	-0.0832405060115008	3.52947057318011	-6.99566445530623	6.78802511294224
nort2980	-0.221787271275277	3.45376846683368	-7.1518499072047	6.51538556073078
nort3047	5.36898399094783	2.11807670958607	1.67712833107275	9.83811372927739
nort3139	-0.505136213832891	3.23708524639178	-7.05578646154355	5.60423378030024
nots1237	0.873733903323924	1.41010737618625	-1.94597165546019	3.64754132309959
nsen1242	0.516659378406933	2.73409565966567	-4.23621407418046	6.32232061192621
nucl1235	-0.479087364125102	3.29586491380319	-7.00003906793991	5.80714446051393
nucl1240	0.685438908919572	2.1615727268107	-3.3246383797064	5.2059048946619
nucl1301	-0.170502933310984	3.31897570460333	-6.87304887548886	6.22185096606926
nucl1305	-0.438974999487553	3.27767781955058	-6.98779928432512	5.80380589995249
nucl1310	-0.00566032957555736	3.09057203534038	-6.60318648262756	5.67407289335094
nucl1417	-3.03666203533341	1.41382039980802	-5.91491544302413	-0.300170593218464
nucl1643	-0.243460868111464	3.29788915947693	-6.83708941008904	6.18996311028127
nucl1706	-0.390372953639478	3.21743960305474	-6.93848768553251	5.6850469605697
nuer1246	1.11451839858791	3.08688151638942	-4.58546070843993	7.72489400692709
nugu1242	0.483849525779098	1.98039429003651	-3.0893322273396	4.85144498356792
nukn1238	2.06618611397306	1.4563308757148	-0.713046312342417	5.06617240001842
nupe1254	0.720515341294203	2.67619666176334	-3.92690800480023	6.48400563485045
nyah1250	3.85244649966814	2.61043723945314	-0.646056676007716	9.59683802846413
nyak1260	-0.774871448499148	2.09963541830038	-4.63436614908146	3.63779443710533
nyal1254	-2.07467409122565	2.54074307705431	-7.49703497711455	2.42379532474229
nyam1285	0.794383465867247	1.8905081763	-2.94755583838075	4.41481767387375
nyan1301	-0.373582539650795	3.32566870803792	-7.20082955196486	5.85878367850839
nyan1307	0.866962977108666	2.75637311729351	-3.97513270655534	6.80732943968531
nyat1246	2.81867981670059	2.89360875611067	-2.30164254179345	8.86080295939828
nyor1246	0.485289197771357	2.58299866792368	-3.99924367159747	5.88826395512172
nzak1246	3.37611120702653	2.89280596550874	-1.6014707791816	9.63476000714241
nzak1247	2.18089143650087	2.89821848073097	-2.95416924288572	8.23257001257642
occi1239	-0.102639281443261	3.38839132981206	-6.92429397912312	6.36260009933457
ocot1244	-0.407848311106352	3.40626026946082	-7.22069139186592	6.21068760364758
okan1243	-0.156817829922359	3.40061070569741	-6.96759151131066	6.45520013255633
okin1246	-0.342308682970245	3.3260350944939	-6.86108142100745	6.04696215362262
oksa1245	0.0109335631226815	3.1346656620469	-6.51582246067456	5.7809287835678
okuu1243	-1.15180317613354	1.40086435365369	-3.88917663787093	1.67707261732048
onon1246	-0.228640478731492	3.39898546567604	-6.94580246818555	6.28111809543859
onto1237	3.2809350150104	2.37160695286943	-0.830340513045482	8.51270553879999
oriy1255	-0.680899961845063	3.40824374571508	-7.66102852060805	5.8398243532416
orma1241	3.64099231785232	2.47935209908229	-0.481687933065134	9.23478582920343
oroh1237	0.859445073456762	1.5503694485109	-2.27410601880134	3.82976228987546
orok1265	-0.225658205953317	3.31960564248746	-7.03605193186661	6.09886045143432
orok1266	-1.2309429547297	1.77976311572231	-4.5904249943124	2.41075677827599
orow1242	-2.01834601487893	1.9497712962662	-6.15094344055003	1.46160108053988
otta1242	-0.060305795064619	3.50524619824127	-7.1986697355802	6.66948672135253
owaa1237	3.20181551401596	2.24736604932286	-0.708968225256786	8.21692748897879
paaa1242	1.1650466285487	1.91716494445255	-2.53060357934531	5.02671597107364
paam1238	6.17663428572194	1.84956367755727	3.09990269571783	10.2632385443983
paas1238	-2.68306030620145	1.79483544036963	-6.19563365737346	0.880447623945738
paco1243	-1.34855871094868	2.46468185327835	-6.52899731448094	3.1341341044245
pagi1243	2.56578325587109	2.82219946016306	-2.41116680037775	8.33747472615106
pagu1249	3.2284176238469	2.77743485050306	-2.1095828348932	8.94545442429985
pahn1237	1.0825432913312	2.75619754979808	-4.48898085291959	6.39752288349933
pala1344	-1.84787570815293	2.76868536650191	-8.08951372356608	2.75415827323428
pamb1243	1.74293082539313	2.81474279172415	-3.15324507224313	7.6848857370392
pamp1243	-2.99331919844408	2.71028253232814	-8.96034053435994	1.62748277677446
pana1307	-0.162119560997477	3.40807800533999	-7.16196188346	6.56297935999516
pang1287	0.506649377490476	2.53652093389679	-3.99141367590687	5.90358846387317
pang1290	-3.56478147797603	2.72852954966792	-9.58540934750061	1.12174622592982
panj1256	-0.16515522803594	3.37061960427595	-6.74082980865745	6.24925676351932
pany1241	-0.329218113738514	3.36156176107196	-7.20847214571877	6.04049306986851
papa1265	1.42772921278569	1.81340534396245	-2.18817410470007	5.04881548064451
para1301	3.71360622739399	2.38991862086141	-0.486453345572756	8.85056718203207
para1302	-1.1295879494765	3.07347099749015	-7.62582657197415	4.75425084682168
pare1266	-1.97743265538045	2.91055901823501	-8.26042008768147	3.19511603536933
pare1272	-0.0930915458338586	3.47193966737103	-7.01818017470659	6.750271522825
pate1247	2.91730206400556	1.43302503029447	0.308214122501887	5.91418505359402
patp1243	-2.22807714309509	2.06891624028215	-6.69365606019722	1.29495416612017
paul1238	4.62100884186608	2.41414516085283	0.586404999503501	10.0224474982583
payn1244	-0.341143810202549	2.45946736725503	-5.36679875722643	4.35909938846896
pech1241	-0.109171512943307	3.45908434618605	-7.02175075539029	6.67541191356944
peer1241	-1.05607652880608	1.96123199674962	-4.71512022530275	3.027248388727
pela1242	0.847468657105662	2.38460597312001	-3.96255108268256	5.45009499313089
pemo1248	-0.107964153769226	3.40152807599294	-6.93972512221839	6.54873455723326
pend1242	-1.89525529350221	2.36352983538626	-7.03327782489909	2.00462659293414
peng1244	-1.8971755498234	2.95357988692339	-8.23269586470229	3.42377521441399
phai1238	4.41926537993042	2.45465741943809	0.260155820493484	9.88442656844571
piap1246	-0.11006297236188	3.34869023667512	-6.83009369751346	6.27913032460182
pile1238	5.15937764712697	2.43448502811558	1.23850650057246	10.8626300924239
pima1248	-0.125032672542872	3.407680902613	-6.82563546359545	6.5704309249331
ping1243	3.78480607381032	2.44837198755235	-0.372474731938435	9.29505779492454
pipi1250	-0.152876139911236	3.41624550535437	-7.00396603373037	6.5169695786841
pite1240	-0.231274291813544	3.40991670433319	-7.13459730659108	6.39396392952448
plai1258	-0.0832559209224897	3.4728576360543	-7.10798115891277	6.68945774091563
pnar1238	-2.9994954636362	2.65045271074215	-8.62925191950486	1.5381331947484
pohn1238	-0.729076694661474	2.34853974363374	-5.88831694937871	3.40838196383785
poko1263	1.84260881733683	3.01739835180391	-3.69173845324944	8.19132974660975
poli1260	-0.137891888625639	3.40836044355087	-6.96172596419311	6.66574309795749
popt1235	-0.334606949512658	3.31454059776623	-6.97359925978158	6.10159164201938
port1283	-0.15315948487055	3.40091932554805	-7.09781293731211	6.41882070001494
port1285	5.34439317921295	1.53788020254407	2.69571436103371	8.67666411689092
psik1239	3.68179659335909	1.78497409623926	0.335006688663851	7.39753343064201
puka1242	-1.66727605109823	2.71793242737732	-7.61600037048243	2.97976681612358
pulu1242	-1.86950658604694	2.72707144298022	-7.79449157731172	2.751655218278
puma1239	-1.46511553337768	3.03073831907975	-7.88172479220164	4.01023365400003
puoc1238	2.15816619516166	2.15184060368598	-1.92251895439643	6.69850412424142
puri1258	-0.348687072804889	3.33041265609476	-7.15418854590071	5.80820848233156
qanj1241	-0.32699970416266	3.36601864314314	-7.18741826083194	6.07701237538782
qima1242	-1.51481968813629	3.11973384800239	-8.11620512991874	4.1818120997307
quer1236	-0.180043550245531	3.39112662723611	-6.96170812833821	6.29444333102392
quio1240	-0.411468758336817	3.40588928955739	-7.32072534545082	6.10357274307633
rabh1238	-2.15389432087996	3.13719570765979	-8.41626971081145	3.71966560606209
raji1240	-0.665294414377768	3.27591998749869	-7.11613768234571	5.56648192484366
rama1270	-0.178765639283767	3.44800391393304	-7.18898475008261	6.66754752806258
rapa1244	-1.65888010559129	2.70978939700447	-7.74451458481107	2.94454763489949
rapa1245	-1.59841866881161	2.67107299463192	-7.42391901739647	2.96966751505745
raro1241	-1.65256111638013	2.70156153401655	-7.52324047358452	2.91103691795251
rata1244	-1.51430366355339	2.59113876288996	-7.03351993201762	2.95739976322899
reja1241	-2.18721443056017	2.81155760223594	-8.29994251796198	2.59044916561304
remb1250	3.09198462842172	1.84268084831737	-0.254462902566342	7.1592845405143
reng1252	-2.60372930393742	2.47534876468586	-8.13383393581101	1.61953717800645
renn1242	-1.67464707465166	2.62667290544376	-7.35052474626813	2.81116586462071
reye1240	-0.0884816525414198	3.38028866263883	-6.86814253041399	6.41720151550651
roma1326	-0.169110101995348	3.27771068490113	-6.80238933489156	6.12018264717558
romb1245	-2.83410831480718	2.75191513193012	-8.65155881506189	1.80795342018441
rong1264	-0.763306875790319	3.15380602408865	-7.33348374267811	4.94924681070986
ronn1241	4.99644919414102	2.21829438071783	1.30655990766799	10.1192349428083
rotu1241	3.38466316153862	2.40022886699145	-0.830580173893987	8.59105805177728
rovi1238	-0.461238558122961	1.53341463562991	-3.75529972024617	2.39101063676801
ruch1235	5.25593102892668	2.81444149440056	0.523700913380725	11.4892315500898
ruka1240	-3.0200432263047	2.5906623358616	-8.65015266983065	1.42053307410718
ruma1248	2.62445719500116	2.03951970750792	-1.34766407715244	6.79216092723733
russ1263	-0.145378951996205	3.39907808062752	-6.91271353624758	6.45478591251327
russ1264	-0.36826409621366	3.31988792343416	-7.11955723178181	5.82707684018102
saaa1240	0.403448698009344	1.54194504078155	-2.80950619105471	3.40220383330085
saaa1241	5.86877368251403	1.81599474121398	2.75117148344211	9.81131225286573
saar1237	-3.05621368925699	2.52020859547706	-8.69005466456096	1.24025305554961
sabu1255	0.500886999297649	2.00765225160354	-3.72655901534244	4.25816452038673
saga1262	2.9210596968921	2.96875632815784	-2.25726441311149	9.29547522606944
sais1237	-2.59692817585705	2.75667853077077	-8.44945472630551	2.29591192158801
saka1289	5.40744429026874	2.13628411829541	1.78950790073114	10.1680368961932
saka1291	1.1671477160981	2.91018925836589	-3.97606439593634	7.5394161296592
samb1305	-1.70843096787119	1.63503989913407	-4.79147972483048	1.59717420892866
samb1311	-2.12934146263698	1.67196031372587	-5.34807731624976	1.27399777492623
samo1305	3.45575684965043	2.45247557837291	-0.810528339057549	9.09329951067235
sana1295	6.70792627083153	2.71978715086872	1.70370774650847	12.399865381879
sanb1242	-0.14364728529271	3.45054864265182	-7.0086326108729	6.67908225131332
sang1321	-1.47044101034936	3.04579306514325	-7.90792042858634	4.20410108549526
sang1330	0.199231945738136	2.3933644626966	-4.02817607702241	5.3564838111718
sang1331	1.43505442159027	2.96317403221262	-3.65262275918364	7.90965234176005
sanj1284	-0.410908791394069	3.37002716685483	-7.19676486306726	5.90538332585922
sanm1289	-0.18960092354001	3.45598979544597	-7.0905926585014	6.45710753299728
sanm1295	-0.420917977978755	3.34217250853244	-7.15091809153899	6.20924729309414
sanm1301	-0.314634068104906	3.44511657102002	-7.27633444060536	6.28046586904847
sant1436	-0.36534358449128	3.31611265900416	-7.07430493095436	6.24429256845258
sant1451	-0.26966804712443	3.40720559731778	-7.03454537635643	6.44945719316752
sapo1253	-0.999828034184887	1.80321372162682	-4.84638325791859	2.22137235193773
sara1321	2.46164067547335	2.83357805477578	-2.48327891794429	8.67954931699401
sars1236	-0.118680347594624	3.50363863535062	-7.2912181343426	6.92007194562078
sasa1249	-2.04685195222956	2.71836428271623	-7.9893584744409	2.64477435203797
sata1237	-1.92458169183304	2.74815338580326	-7.92333131812104	2.80294347365893
sauk1252	2.50544912181395	1.48484978150896	-0.235977870190903	5.56009342001778
saur1249	-1.56513149693662	3.1402787767158	-8.07991020977738	4.42285977492091
saya1246	4.74687950276076	2.22103938585031	0.893382948046129	9.69356541475819
seda1262	-2.50931073606145	2.51274312664064	-8.07494751904215	1.93155791874139
seim1238	-1.58748903317209	2.59817683046474	-7.18837998277787	2.76145074520896
seke1241	5.78257192171333	1.8053814700369	2.69987225783343	9.71926384904631
sela1259	3.79455768867257	2.4225951528879	-0.266168517551055	9.29331852104958
selk1253	-0.123504944113336	3.32932913069034	-6.91975981370223	6.14487979547722
sema1265	-3.11525247139428	2.75347236410731	-9.22670516670551	1.52577143063234
sema1266	-2.90412239635713	2.67380017985226	-8.70392313047866	1.83997655698483
seme1247	-3.13665142553556	2.78928910361373	-9.19931201018625	1.74079436980515
sene1264	-0.220326904211896	3.47325993235571	-7.25006178644515	6.56971809404862
seve1240	-0.0679993488480345	3.36413956115691	-6.71011329156655	6.5251713636356
sham1280	2.70104166145323	2.99646100434512	-2.57287103449757	9.00177179817201
shan1283	-0.231154103092831	3.46895761022232	-7.03477762389237	6.50385614714402
shaw1249	-0.127470668094331	3.41774313273326	-6.9485332668552	6.59803078103444
shil1265	1.06641643440759	2.99501904231022	-4.4336564401207	7.29025108231459
ship1254	-0.233560384169519	3.46846710176563	-7.10311299249795	6.52538832550141
shix1238	1.31818366474297	2.88532941114355	-4.60056423571642	6.85302996985579
shon1251	-4.0927922244412	2.34790868291031	-9.12123685304188	0.179741003068136
shos1248	-0.0620243904263585	3.41634779187624	-6.82628034700856	6.60293685822932
shwe1236	1.11557415080617	1.86342438640424	-2.63690667796377	4.73673933517563
sich1238	2.37514564252988	2.62999014559175	-2.96371139546532	7.45706751807771
sici1248	-0.240224609037144	3.37736575442186	-7.02612578996345	6.18542235016542
siee1239	3.04971447377057	1.58114257977116	0.0240844752466747	6.35634601142885
sier1250	-0.422894546773853	3.40953607880654	-7.30413877738627	6.07022980445865
sika1261	3.34179672079028	2.38851059917203	-0.819827674702704	8.70682376735823
siks1238	-0.108236994727373	3.45991992157849	-7.0399163943837	6.58697146905612
siku1242	-2.13726457574917	2.75451216973381	-8.04791634739667	2.57803184881738
sile1255	-0.856957875966618	2.19575956150032	-5.35947163463028	3.18521110854781
sina1266	-2.43963238514814	2.52059821766865	-7.84935671965843	1.95094489363841
sing1264	-0.967979742550778	3.1273728556908	-7.49959929189425	4.74304908638159
sion1247	-0.286939029199522	3.46646310482259	-7.35441218272776	6.54623626248017
sioo1240	3.30209699195006	1.59627144732879	0.362839744077343	6.76755895010657
siri1274	-0.428914483689638	3.41077813852104	-7.32796611727303	6.20192482672919
situ1238	-0.334113429369925	2.89840779447974	-6.22488955291499	5.12747865185827
siwi1239	-1.82737081564643	2.63603875345698	-7.61534728737005	2.72390710260555
skol1241	-0.126497824362249	3.46287511561269	-7.05104742060526	6.58416010373314
slov1268	-0.106148219403492	3.46488740304038	-6.98464283559348	6.78053538300752
sobe1238	4.02692713847606	2.40792382024832	-0.215491314416208	9.42659647271718
soch1239	-0.39228564586044	3.38263776139557	-7.30014303755345	6.07917208046066
soga1242	1.89075072989517	2.86134341159986	-3.09986315884399	8.09604579249095
sons1242	-1.74873470462315	2.73668405569019	-7.95420568467533	2.95430647664203
sooo1254	3.2231237498179	2.07729091855348	-0.456864195743103	7.59198962794721
sout1528	-0.133376599215262	3.38441772732228	-6.86013390165047	6.37051062379877
sout2649	-0.164993310923944	3.37173717531969	-6.73611110253512	6.25435795846788
sout2674	-0.177111210297486	3.37389175628981	-6.87194913833745	6.35858423210109
sout2679	-0.2283750886477	3.30386168554456	-6.97584022867567	6.01410078024837
sout2728	-0.27535608413332	2.97753886364995	-6.40237887558526	5.23387901049123
sout2729	1.81642129186168	2.85265740368569	-4.0685594666292	7.22002567593388
sout2730	6.94377884720999	2.38032825058646	2.47326472078982	11.8448682066408
sout2782	4.15577377597482	2.63306714751506	-0.701964829924322	9.69295932262572
sout2797	1.52623048068972	2.00885182495059	-2.11398927342819	5.75737684185813
sout2807	-4.66607259150034	2.44247868717898	-10.2097105765851	-0.296296426385161
sout2856	4.94604344240526	2.00361476693455	1.58096193523452	9.49362110694411
sout2857	4.20635494715614	1.51938860866259	1.49846442725628	7.48008578395196
sout2859	6.20046337742161	1.81723942730297	3.13558019063165	10.2078235101921
sout2869	4.57663317904206	1.6553080821801	1.78448153212455	8.21985258655522
sout2895	4.76411717029785	2.43796034306412	0.770675772750773	10.4213174027865
sout2912	-2.24680355739084	2.81944058018583	-8.38954700567828	2.63156396507147
sout2954	-0.282664566413709	3.28730740767945	-6.8836152152122	6.01057669591329
sout2959	-0.0569495326886929	3.45506917630831	-6.99786784457365	6.6376016884964
sout2976	-0.0549826171910046	3.4599182818279	-6.96017509936459	6.75912022701955
sout3261	-0.997410138586976	3.25366021387612	-7.68722286655773	5.13732931936249
stan1289	-0.115054776781393	3.37037965042056	-6.73007356054102	6.49926903084861
stan1290	-0.121574756605741	3.41406368220547	-7.13035693242263	6.37235043000178
stan1293	-0.114778412997365	3.30839417154276	-6.68792790848451	6.27030780678785
stan1306	-3.10176566627444	2.8390480147657	-9.18314691931421	2.04951170757672
stan1318	-0.319019340723578	3.28054824618885	-7.082817710759	5.9096245305995
sude1239	3.15484009317372	2.35373809939811	-0.999347309932461	8.33669217720486
sumi1235	-1.5856058834688	3.01550124727743	-8.02203139102401	3.88854578748584
sund1252	-1.86668750215954	2.68036611591656	-7.9432294700998	2.70880741799026
sunw1242	-1.4179709171027	3.06584003161764	-7.88374888883338	4.09449896410594
supy1237	2.63052029568697	2.7060798239512	-2.2280850372694	8.37770565488292
surg1248	-0.127535513079915	3.39003592762369	-7.01893113728935	6.19272809383254
surs1246	-2.52918632380828	2.28161902891677	-7.5057274305769	1.42062099868196
swah1253	0.00482016319218858	2.47893621566489	-4.35057110189516	5.19840305451135
swed1254	-0.102541508398496	3.41942963587516	-7.03405452778333	6.7055162101777
taba1263	1.77330773747511	2.70963574777211	-3.50901705172685	7.22680317844977
taga1272	-2.66741424819065	2.6064110023691	-8.4436546012783	1.6123578042994
tagw1240	-4.06095100090621	2.30635422371498	-9.01551029385628	0.151191162548206
taha1241	-1.7929647824107	2.66545344027791	-7.68893351497276	2.82131193033186
tahi1242	-1.58734153488798	2.65583002644621	-7.39266095086371	2.98681647526368
taji1246	-1.61600963285605	2.31988149670011	-6.89897680879738	2.27219695779811
taku1257	3.50782419531635	2.46014869226881	-0.77144882417677	8.98766977453688
tali1259	-3.13917329711251	2.37266271515491	-8.39576884709895	0.970379078158516
tama1365	-0.622516969040033	2.11734166532428	-5.0761225027676	3.25971989898978
tami1289	-0.37700150463101	3.35037544018092	-7.1845351534456	5.90706761071402
tami1290	1.79986540939695	1.71113164550572	-1.51449349482012	5.29852154968498
tane1237	5.79307632713414	2.42734048068037	1.84301959731762	11.3263063547905
tang1336	-1.51906818396112	2.9902012117226	-7.66119337651087	4.0668029195351
tang1377	-0.823494934374259	3.24099700857304	-7.30717972482079	5.22508243649281
tani1257	-0.33942965403986	3.36979126150835	-7.04816672939428	6.29599153976878
tari1256	-0.342177213593307	3.33734516372666	-7.07892890775453	6.12784662416603
tari1263	-2.17221445804522	2.66021258865674	-7.85574486325696	2.37056898230628
tata1255	-0.344727252413073	3.3592546179929	-7.18150227630361	6.1414177821519
tata1257	-2.64515583287702	2.75033005258073	-8.62705621934588	2.05207266462868
tata1258	-0.358289799706655	3.38864981686445	-7.22237039535756	6.3150901522379
taus1251	-2.30327357868722	2.86005577318277	-8.63789510712731	2.56466754680994
taya1257	-1.80936646797132	2.67579244957713	-7.63440835513524	2.74682350564949
tean1237	5.81781547893122	2.40518601529636	1.99754123126507	11.3401761358431
tedi1235	-1.46258172222614	3.13460675669263	-7.95053544064047	4.27305957058997
teke1275	1.6017904357379	2.91285599775692	-3.45302966109168	7.76485199976278
tekt1235	-0.322343706880004	3.34148537146028	-7.12402063328651	6.10750655470182
temb1272	2.92996260475628	2.84326436510808	-2.01355784676567	9.03252792089865
temo1245	-0.212298518163262	3.42721962705485	-7.41136089654881	6.42859150439428
temp1235	-3.07428689194086	2.71785812791056	-9.14120897580922	1.59456289356724
tenn1246	1.11240866656388	2.75179883637311	-3.95699762014804	6.85781494285725
teop1238	-0.208020136203563	1.68616322571662	-3.74358396074673	2.89445180721542
tera1251	4.89866726787391	2.50598283785641	0.592963298810692	10.5014549424362
teri1250	-0.203744856077246	3.542517187515	-7.386811889615	6.76562471199749
term1237	4.10522499565706	2.2014768630108	0.286503166343171	8.95653687955289
tern1247	3.85129446287762	2.89860744804044	-1.55110551715819	9.87548862952947
tete1251	-0.263999222277069	3.40411130712409	-7.22633924785981	6.48032781526824
tezo1238	-0.366934277399423	3.39797700566101	-7.23721291801778	6.1130344258033
thad1238	-1.63111915314679	3.10928995968549	-8.09573231640886	4.16807266611218
thak1245	-0.880282599532935	3.17836801787322	-7.40235551574952	4.97645952394058
than1259	-1.09830470554829	3.29158463013194	-7.89433753182643	4.99743071583337
thar1283	2.94624108101094	2.99016765768338	-2.43935557321402	9.30573192955544
thul1246	-1.39092433451968	3.03307769651592	-7.67337238882419	4.11919270216865
tibe1272	-1.04237413806	3.16819834592147	-7.55788062328659	4.90199172815084
tief1242	0.813916049073758	1.9004343107145	-2.69325472331333	4.75489375563707
tief1244	0.524538361745461	1.91527760511197	-2.98519355978313	4.52565417042893
tien1242	1.65409758854962	2.92375769535848	-3.38789962911209	7.92297422754019
tiga1245	1.90837307147132	1.54262853470261	-1.02001481364463	5.03677280179997
tigo1236	0.0442326288438941	1.98440097993163	-3.70521242489894	4.16786070312685
tika1246	-1.23783972757454	1.88703162224415	-4.82337880520008	2.5245737991522
tiko1237	4.89594531966104	2.54174953922592	0.547012045826025	10.4903160053407
timn1235	0.942767186232911	2.61534067970418	-3.68380392145286	6.45499126432396
tiri1258	-2.53852245918406	2.15495842861355	-7.24184374443272	1.16278962519833
toab1237	-2.89933615317056	2.28909459343674	-7.89090497066747	1.11162467773875
tobe1252	3.9365878057469	2.9264068554197	-1.47258285747985	10.1919069568597
toho1245	-0.0771245206350084	3.37758449183327	-6.74809679196808	6.66999824081416
tojo1241	-0.300281975220826	3.44087270121698	-7.25484812174975	6.41063945019851
toke1240	-1.55123423795339	2.66288573328894	-7.35396254966739	3.12583131131063
tond1249	0.971323574365279	2.81376658436436	-4.37527495145984	6.58311869320807
tong1308	0.134834484842205	2.12704039034502	-4.24674625091497	4.18175073457562
tong1318	0.0938978913849618	2.68932357448657	-4.5201142820947	6.00440826534066
tong1325	3.41391054942287	2.3949173628441	-0.742476595267179	8.6800065305497
tosk1239	-0.160077249235145	3.38705491405718	-6.99428257789523	6.34028344589151
toto1302	-1.33952374245204	3.121077398401	-7.72169553733988	4.51715206323817
trin1274	-0.0535760254473	3.44221897162405	-6.98179327021067	6.6021089320038
trio1238	-0.161169919805788	3.38490591739012	-6.83506655358081	6.29300267907105
tsam1247	-2.17363311450475	2.28330764711958	-7.04434239588682	1.91935661429218
tsat1238	-1.67575175370548	2.93226565093326	-7.94458502195402	3.53842246277715
tsha1245	-1.32323325206063	3.13281482947712	-7.67367178425347	4.70550326179041
tsis1238	1.57598516532076	2.82473686461887	-3.33944778714042	7.64266689777694
tsog1243	0.837743714945887	2.76050069794131	-4.01742222671262	6.65432089471519
tson1249	-2.02413356387995	2.37327146744927	-7.00899991466341	2.32565514657683
tswa1253	1.16131941014549	2.80744671175724	-3.80486405005311	7.31099742875244
tswa1255	-0.368068580795826	2.40648134212112	-4.65947277100312	4.75755451853269
tuca1252	-0.412606655318555	3.35105461417018	-7.19204048553545	6.12110561893486
tugu1245	5.47523725376381	2.4676096982407	1.32340959282092	10.9677606743729
tuka1248	-0.559701471450841	2.36788464081237	-5.75301316541178	3.62014876677429
tuki1240	0.867796744725263	2.18002317627861	-3.06339698832371	5.51640855040372
tula1252	3.39265678527012	2.39078596565429	-0.946049106806029	8.44712198317311
tulu1258	-0.458153013495091	3.28154691794874	-6.92050699862461	5.86006915151323
tung1290	0.471067906015757	1.99392017236009	-3.74695454117102	4.26992110556906
tunn1238	-1.74712733838189	2.6965200034636	-7.64893670969524	2.83034964636007
turk1303	-0.270489416109802	3.30042216576082	-6.97979065391949	5.98263460798048
turk1304	-0.158639882931011	3.35766471517254	-7.00409339194915	6.22246781959789
tusc1257	-0.136974479106253	3.41139286479656	-6.87029680348008	6.65667563853155
tutu1241	6.01650733230137	1.84731051837665	2.87995731329016	10.0439954689801
tuwa1243	-4.26647458942523	2.48172779036057	-9.83240950804205	-0.191456206836047
tuwu1238	0.000233549863062629	2.44447543039928	-4.37842130651544	5.25888569054276
udih1248	-0.248574712517089	3.33655323403677	-6.90688171732474	6.09370204353879
udii1243	-0.860763164428968	3.18897223129445	-7.44208625950729	5.21482726100727
ughe1237	0.507407683194628	1.68845543007706	-3.01229834093443	3.70212065243044
ukra1253	-0.15081288652991	3.43138462287753	-7.10928787273753	6.54748915384626
ulch1241	-0.206191256996956	3.28525346724105	-7.03857866887127	5.92612606731625
ulit1238	-2.02140862369759	2.74785320511542	-8.00022446783886	2.74439183556025
umaa1242	2.76035048507827	2.15385735506189	-1.24167311493348	7.35122556563204
umbu1257	1.01275374548956	2.88326949703262	-3.89939280267297	7.2704433398552
umbu1258	1.6866302882164	2.61243781634811	-3.52427090953983	6.61225354535822
umes1235	-0.203745657758179	3.40029151606182	-7.09580947890197	6.23629567368243
unua1237	5.46333891489634	1.46725149498152	2.86502035216073	8.63355419599178
uppe1427	-2.86177198598669	2.8104777046016	-8.96118516785202	1.9342929254061
urak1238	4.01851142678825	2.3903277218234	-0.290503335925409	9.12972217728958
urav1235	2.59404090892221	1.63204119188192	-0.52480419967206	5.97691260462103
urip1239	5.88296088476403	1.5984280475645	3.15049892561925	9.46954722028441
utes1238	-0.110640990231046	3.43649786770187	-7.05492151039121	6.70795056107478
uuuu1243	2.35632630032237	2.06064034634704	-1.43237110694288	6.73082320509142
vano1237	5.8184959485576	2.4309176263742	1.87773331585736	11.3731198323222
veps1250	-0.186616204924274	3.39904840886325	-7.03252220753399	6.35533976459379
vera1241	5.33119338517473	2.08968880855649	1.90477113872113	10.1705290676794
viem1243	-2.97822590296431	2.04402931267636	-7.10351103047339	1.01632796103969
viet1252	-1.57104733854053	2.57335266021187	-7.24451997740593	2.94492948774196
vinm1237	5.32769227510755	1.48359902111574	2.76837806846654	8.58423306291723
voti1245	-0.262586156691057	3.20942431394362	-6.78575619290977	6.0054517675708
vunj1238	2.95505945904486	2.93094442285084	-2.25672666702652	9.28503926829381
vure1239	5.29936742832139	2.07974094822091	1.88510121530921	10.0793997338733
vwan1235	-0.0410670019282031	2.20899501412428	-4.02402287190755	4.65591187068481
waig1244	3.96879141437254	2.53079916593063	-0.358206445596503	9.7921926458446
waim1251	-1.99673988337768	2.22281964969645	-6.89498070581259	1.83606228700177
waim1252	4.63049835217892	2.17123995954472	0.9873101398005	9.39408039611956
waja1257	-0.370570472636477	3.33355247012304	-7.30277417196548	5.81466274365929
waka1274	-0.343488058746002	3.27765008091758	-7.10095294887975	5.62911828166951
wala1266	-3.0466575524578	2.06625386614812	-7.66382796904893	0.560064539568296
wall1257	3.47381745244983	2.37013566906978	-0.59514310767882	8.67972060347399
wamb1257	-1.44653618927276	3.04887730659199	-7.66269284896442	4.04129760328871
wand1267	0.145418960217761	1.94715684828595	-3.96512126762332	3.75454896972649
wand1278	5.3766920321752	2.19248319953534	1.59922462653842	10.1373025367816
ware1253	4.76709734815878	2.52490007112298	0.531393025957377	10.5538258553007
ware1255	-0.207300478733032	3.38720245109359	-6.95550514766025	6.40989087010994
warj1242	-2.93934715808481	2.61573585921049	-8.7256428593842	1.56504589793182
waro1242	4.87509137719455	2.4305888222984	0.711302055095041	10.2375713392795
warr1255	-0.527366422751178	3.32189996984767	-7.42073425849432	5.66598082817283
waru1265	-0.396260572078475	3.29284050128391	-6.9913329988166	5.87478113250662
wawa1246	-2.93226315796681	1.8578492901455	-6.77286815848494	0.652355605911882
waya1269	-0.0528530869986719	3.35715804351443	-7.02137319997561	6.49415034327423
wayu1241	-1.39785786399965	3.08971487984599	-7.80865214859218	4.27270661287897
wayu1243	-0.135224562977763	3.5112674439143	-7.17880644053522	6.54342352027366
wels1247	-0.145531910654586	3.37645760615828	-6.90491994526991	6.23820720936056
west2354	-0.105486251247984	3.35949345748164	-6.83608650867061	6.36371091361736
west2369	-0.0967186093783838	3.32118816484751	-6.7346798079941	6.33168086632536
west2396	5.44839559465382	2.68324230748027	0.878091262881261	11.3185665491135
west2397	4.25870226331159	2.32379469246533	0.140695149075362	9.29054893493582
west2415	-1.27688133064173	3.08673962668072	-7.63756197902932	4.40933137448222
west2418	-0.840309425585161	3.19935340462051	-7.51058962042732	5.15936528581364
west2430	-0.486373332030983	3.31029306553528	-7.23470524330678	5.63426359355195
west2466	1.57966814198465	2.05041486093557	-2.18976199720741	5.76970032819441
west2516	-1.69518948444034	2.34416102525259	-6.87188318546538	2.29298912826109
west2519	-2.07532088688077	2.59199441394573	-7.60764404965888	2.44763937739813
west2548	4.65844343407362	2.60793809348598	0.244683758127846	10.6037104041543
west2557	-2.52778925846881	2.76567925802667	-8.50500275654976	2.30164399850818
west2560	-3.05681832555358	2.64620396296325	-8.88225359404683	1.52527296618448
west2594	1.22807470836195	2.9957091157551	-4.96745577337505	6.79887798676753
west2600	4.56331157695631	2.98343437752691	-0.8810040819639	10.7223936976466
west2635	-0.335785071480093	3.30348125471936	-7.02756258531104	6.01548813833895
west2644	-0.374895181278457	3.392925963149	-7.39062898281645	6.2078321274086
west2650	5.47334069522157	2.67772852809209	0.825348338604281	11.4030804881755
west2763	-0.451009880282151	3.25037907788942	-7.19271032232251	5.66766804722939
west2778	-0.100095598066683	3.5662080433856	-7.51754213898065	6.93920264034186
whit1269	4.51578177636058	1.61306785774186	1.77481887750958	8.06615116299443
wikm1247	5.30966104958529	2.48846958843099	0.706905950839215	10.4677738699756
woii1237	3.80468311067513	2.31268084856209	-0.205596106358829	8.85815217771084
wola1242	-2.43360486387049	3.10296618457877	-8.91335708936227	3.38159075595564
wola1253	-2.15866109711435	2.96466824028446	-8.4047449660732	3.34604579928938
wole1240	-1.81399505518858	2.78954370517261	-8.1007205274525	2.82048604745797
wood1236	-0.0866268143042515	3.50114595353213	-7.11848381461197	6.56569251578962
wotu1240	-0.187360572522821	2.20601039041507	-4.90413224022871	3.74454905850301
wuch1236	-0.29003017830252	3.30457050012019	-7.08210609748108	5.91192665489565
wudi1238	0.19099273085374	2.85341634673564	-5.78095783083554	5.4438962829768
wusa1235	0.389959111531424	2.91098358943942	-5.66128443609915	5.84334251008031
wutu1241	-0.679118279779318	3.22240316749878	-7.22354385216907	5.30712837658331
wuvu1239	-1.07620546104992	2.45947643436254	-6.52544902769139	3.13490808709629
xamt1239	-2.21459136023248	2.74298164616184	-8.19662842907835	2.55008179877468
xara1244	-2.60945337182338	2.20326548502072	-7.36435216348187	1.18151581043332
xava1240	-0.170783414079043	3.41475244258416	-7.14466282244272	6.45330089449231
xhos1239	-4.63316104921523	2.3518180003766	-9.80084050115364	-0.412086086098963
xish1235	3.40455738374719	2.43530997253202	-1.31953771480692	8.26548591776989
xokl1240	-0.0883577943763951	3.42105790122105	-7.02979685512575	6.63319534976804
yaak1241	3.76314210189446	2.54135703139886	-0.544861686508508	9.49784672647665
yaey1239	-0.947593809761116	3.21202101467012	-7.45828281564262	5.21081968632548
yaka1272	2.05605541876825	2.87784712538573	-3.04859368466632	8.24918706874716
yaka1277	-2.66451888180979	2.65122388728992	-8.48206522093715	1.83730590816866
yakk1236	-1.40994023207181	3.07512520835719	-7.82550758140326	4.14036566119059
yako1252	2.63706809646982	2.87218370850097	-2.54585580453367	8.67566801149034
yaku1245	-0.188906939308172	3.45030628747588	-7.28866024909514	6.4246088724676
yami1254	-2.58979230116016	2.72416478562288	-8.5082563920941	2.04290270897643
yami1256	-0.254751849323604	3.45379390962038	-7.14136623158001	6.55514791756662
yamp1242	-1.41611412574462	3.0357065153987	-7.79793535091957	4.17434489389332
yand1253	-0.3365231805072	3.34357743147884	-7.10172391184477	5.70275104068195
yane1238	-0.233759596491597	3.44370644047203	-7.09682840114843	6.52564927558267
yank1247	-0.400788793820961	3.27654726355216	-7.19482452854757	5.80601601757182
yaoo1241	1.26874397993642	2.92441069078684	-3.73835487134879	7.52570018525381
yape1248	-2.01252152446449	2.69636703558218	-7.87330458320924	2.49190734109822
yaqu1251	-0.0463244474918152	3.48168064186169	-7.23087944530446	6.86083309309156
yasa1242	-3.75600638482843	1.99214295517417	-7.942060737542	0.0859651369076556
yatz1235	-0.350859751464728	3.41595397891347	-7.12065132951092	6.31289761590597
yaum1237	1.88000336484822	1.45626677363486	-0.979847797556873	4.78360256933614
yawa1260	-0.198930213455677	3.48952367022459	-7.39223406313041	6.61529152681064
yems1235	-2.86034259173272	3.01414155074491	-9.31710820157373	2.67373366029841
yidi1250	-0.502649542419477	3.21983674588987	-6.96437718526276	5.53762469085664
yind1247	-0.467618979498068	3.22916926661725	-7.11078588436234	5.65484921170677
yoga1237	-3.96554464465279	2.64016880944813	-9.83880370755577	0.508176497979068
yong1280	-0.448533839721163	3.2171173709514	-7.10713450528401	5.71535967239565
yora1241	-0.261447608814887	3.33323698745539	-6.81589688070523	6.23154927219564
youl1235	0.204319987212605	2.01436370214249	-3.82458126668126	4.01183680512038
youn1235	-0.397417539148159	3.36051766319848	-7.1415292205928	5.92161383283393
yuca1254	-0.109536242236993	3.3678330786576	-6.92517480386123	6.64631889342049
yucu1253	-0.263171040339401	3.40995405917849	-6.85324509405322	6.1428359666422
yuec1235	-0.39993399373039	3.30551828370606	-7.0009920235238	5.82559329946439
yulu1243	2.40324785962288	2.84963736589715	-2.51080951932834	8.45594213335393
zaba1237	-2.28373001438205	2.50629276129079	-7.7768628119026	2.11656881726529
zaca1241	-0.237241110272988	3.38260609410348	-6.96117171028421	6.36447045246932
zaca1242	-0.350591445699337	3.41922122063707	-7.38677960176901	6.39768804897047
zamb1245	2.92429612014386	2.71920514101308	-1.74401114774105	8.88790602588268
zani1235	-0.434410613647731	3.36510421977601	-7.19386900738891	6.28494794840691
zarm1239	1.06668987265882	2.99712408479674	-4.53424496294786	7.33429986398847
zaye1235	8.25119819994552	2.54003618706206	3.92498727198985	13.8668507107248
zays1235	-2.41104442168323	2.86457061936148	-8.37615389407118	2.94676195748788
zenz1235	-0.404627119530037	3.33901139222252	-7.1160068300111	6.2548637645717
zinz1238	0.65492487175317	2.77658405419995	-4.24591889661935	6.5755738349372
zoog1238	-0.362560555288542	3.40625105100934	-7.13753038192581	6.29580247126221
zulg1242	5.13528643046789	1.98634377485314	1.59550748296356	9.41284014842109
