Estimate	Est.Error	Q2.5	Q97.5
abar1238	-0.63825839385637	1.78412654066156	-4.48713976715791	2.72917290071145
abee1242	-0.175288083283984	1.85232018182454	-4.08525667220685	3.49108131854637
abkh1244	0.589684897137398	1.87915594276192	-3.0378581839728	4.58530049757486
abun1252	-1.02756117562443	1.82823752147117	-5.04035586446489	2.28680582712723
acha1249	0.681325441986764	1.6636028063244	-2.34565496081684	4.3307429548643
acha1250	-0.687911202470978	1.69029171643236	-4.36008274346868	2.39173107960983
achi1256	-0.88058979822906	1.86042853561422	-4.86398069022978	2.46234715806841
achi1257	-0.179880959423401	1.84903915243421	-4.09359981196276	3.38695810967256
achu1248	-0.0370637422199523	1.76046727647234	-3.78976934779103	3.39394623282868
acol1236	0.728579976060682	1.70701385941823	-2.51303750052135	4.41303768735889
adan1251	-0.373067301982348	1.79324606874333	-4.11283851702645	3.12881789375264
adon1237	-0.300603366262259	1.83937171114862	-4.17614758504547	3.27787772628656
adze1240	0.685916741575815	1.55667436653247	-2.26225063801454	3.88955535701281
afar1241	1.65005476154924	1.75183399823843	-1.28166955908654	5.55721493784878
aghe1239	-0.607955889927547	1.78955511233404	-4.40423781654414	2.74615306478342
aghu1255	-0.385080014094449	1.68906372017177	-3.89965744337381	2.9227790189802
agob1244	1.26600066616125	1.82074964818569	-1.93681311047061	5.2629487093023
agut1237	-0.20950935870841	1.79426394279603	-3.92952182890625	3.215091788537
aheu1239	-0.39365689033675	1.83458870947302	-4.1825008939213	3.14854904457718
aime1238	1.93576894801499	1.8745165893537	-1.14699493283358	6.06225178635549
ainu1240	0.291557443423226	1.89625160440613	-3.40059025662483	4.19470164366735
ajab1235	-0.207524047698046	1.76665494241881	-3.84161282998418	3.27162363508053
ajie1238	-0.395580392836854	1.85006737800504	-4.32570457978316	3.2204068527191
akha1245	0.220376400878721	1.51112539832158	-2.66446243215412	3.38499478815367
akoo1248	-0.399356397281588	1.85507469471254	-4.25771497240529	3.19542476574764
alab1237	-0.513339035080808	1.77661947650068	-4.28553826571471	2.89686742323902
alab1254	1.45616232019721	1.60086592583619	-1.31722576876361	4.97776630533854
alag1248	-0.798824328246507	1.76390292797934	-4.57079297408467	2.45923605371961
aleu1260	-0.336433214859443	1.7947526801811	-4.24396599129635	3.03965357399749
alor1247	-0.363803152143131	1.79086836941149	-4.0853669442659	3.12527376780118
aluk1238	0.335402931943818	1.78674893955987	-3.09706928002298	4.10137658010101
amah1246	-1.34208495672164	1.69606172387258	-5.09260139050106	1.60620554487566
amap1240	1.41184313733456	1.74243236740591	-1.5611765852603	5.31264494287069
amdo1237	0.796043806094288	1.76642997874127	-2.39452604187357	4.61406682871595
amii1238	-0.48396121286143	1.84871891057153	-4.44351611299869	3.13918154072291
amis1246	-0.377662546541781	1.78546474551393	-4.13748304341485	3.06488762063736
anei1239	-0.255829878728116	1.83673638025307	-4.1136367243796	3.41278017868083
anfi1235	0.489830427351995	1.72147092293336	-2.72607202926795	4.17077229167084
anga1288	0.501358212248708	1.3724821104877	-2.14342536807627	3.45923697891308
anta1255	-0.0997154646763642	1.82597746299999	-3.87272776974832	3.51154264357382
anut1237	-0.0513384706816797	1.88238669506507	-3.93799747861671	3.78446424076408
anuu1241	0.316364935774884	1.45430996567664	-2.4419750119713	3.39026758674128
aoua1234	-0.419603697585847	1.81888232606743	-4.12249048329311	3.01983623435489
apat1240	0.982855495403987	1.55940191182856	-1.76511024025366	4.4515894866156
apma1240	-0.531612762297285	1.75029791055407	-4.28233097089502	2.80804666952978
arak1252	-0.467125926733593	1.7693904055451	-4.27878242187141	3.00635403593287
arao1248	0.464994374395858	1.60159132362083	-2.60130024293954	3.86732541600567
arap1274	0.728609566212958	1.67537321520398	-2.41562761195546	4.32063441522206
araw1276	1.60766753204966	1.6960987653306	-1.24663923870429	5.39638887329212
arbo1245	-0.553269438557465	1.60971131047593	-3.99892937224192	2.45820026663968
arch1244	0.561288873648332	1.88753709432117	-3.04539994097213	4.69180540278705
area1240	-0.235969271120666	1.75415038553105	-3.92395643781347	3.08925481997463
aree1239	0.675271138906155	1.68385274120272	-2.68242765581302	4.22106041034302
argo1244	1.82898797166281	1.88664417500616	-1.27039072108671	6.01204443319198
arhu1242	1.39004984296538	1.64192265983878	-1.52244108370484	5.08120128154193
arig1246	-0.146966787062776	1.87576791100062	-3.97519222715803	3.5531796953379
arop1242	0.728468589466267	1.66585811897685	-2.42930428863296	4.29173265643993
arop1243	-0.266873165951383	1.6980728187882	-3.8146786314687	3.0603957086531
aros1241	-0.231330678387683	1.82685359790695	-4.02984659327667	3.41842089354215
arta1239	-0.323449355579177	1.76086004853248	-3.98885551959288	3.05164054281646
ashe1272	-0.706529504662668	1.66981251799678	-4.33596528172608	2.3790419176883
asoa1238	-0.85238770555975	1.73976970462178	-4.64986234300791	2.26147425959065
assi1247	-0.251599805245123	1.80323068286409	-4.1500519195918	3.28264000328925
asut1235	-0.309932405145437	1.82641031156335	-4.13900343050803	3.38872315665527
athp1241	0.705734686318369	1.56645229587419	-2.23074353361278	4.10843958371892
aton1241	0.711362981516507	1.62969349270114	-2.35693785484065	4.22530288272533
auuu1241	0.987664130520605	1.60628472504553	-2.03062218413605	4.47209770054969
auye1238	1.6407325024281	1.79334018012683	-1.37438043485679	5.65933185538231
avok1242	-0.834864914030251	1.76243872839725	-4.66108910714415	2.397623446265
awac1239	1.25668282387237	1.77259360996906	-1.86562394028072	5.18795195312659
awad1243	1.04637162986404	1.75271338101355	-2.01975347329572	5.02050809666895
awar1248	0.5555882168627	1.49980754843294	-2.28754771309418	3.70280722562904
awar1249	1.50021556849758	1.74334633566705	-1.52272981180687	5.31739175421751
awji1241	-0.281379516199938	1.82968426955709	-4.21878260349445	3.25495154083762
awtu1239	1.01620928982402	1.61223096851259	-1.92477925689221	4.48208816451475
axam1237	-0.572298605843147	1.74085244209217	-4.2880098586812	2.70854174931245
axiy1235	-1.72875420761424	1.58523601243251	-5.2411523063607	0.993833301888606
ayac1239	0.598357000222389	1.67597333768825	-2.40771426896152	4.41341171231556
ayiw1239	-0.180091437710171	1.84212377595948	-3.99641799231536	3.4308492383575
baba1264	-0.611100316129866	1.77255659826475	-4.43715328354029	2.81908298589741
baba1266	-0.592252965671574	1.77537294257008	-4.47058312496416	2.78073757768621
bafa1247	-0.35429655530908	1.87659420382101	-4.29694996193945	3.32911253252657
bafi1243	-0.426213003957791	1.83479639414309	-4.25058453375023	3.16688323037225
bafu1246	-0.598928262842075	1.77658605682748	-4.48500140650035	2.76718998732535
baga1272	2.17086971310944	1.91345574491705	-1.01081861236563	6.45727600358895
bagi1246	-0.948653095025123	1.79353591917228	-4.92234351366688	2.22893279030848
bagv1239	0.621279520835822	1.87046503362003	-2.88949128027717	4.6563284783422
baim1244	0.521439689253675	1.70053135332054	-2.57200113946733	4.19153293706955
baka1272	-0.278724251567449	1.78862456884174	-4.06222637953667	3.16784529050951
bala1311	-0.152796599450583	1.86996525749433	-3.968554506446	3.62330809563937
bala1315	-0.130394912766664	1.89046345796592	-4.11501828813716	3.51183899518255
bala1316	-0.269967418133621	1.83762736526309	-4.25951256136932	3.32469816224054
bali1278	-0.153872468421399	1.85946725835798	-4.07863979625291	3.55424269855504
balu1257	-0.089153999449495	1.78660578201188	-3.77940086237911	3.46500749864975
bamb1270	-0.138998998934978	1.83080850339014	-3.99729445280745	3.46787630747043
bamu1253	-0.517899572194787	1.83764942799258	-4.39048250145605	2.99215092878952
band1344	2.56876513128491	1.96438256342429	-0.565260361913492	7.08794267037362
bang1354	-0.0555069779351595	1.93664318061354	-4.01704862380611	3.8904458896975
bang1369	0.7496454998777	1.61448424098211	-2.2003237207896	4.24755490363021
bant1281	0.997320661202357	1.58839401495107	-1.85518122033537	4.52039772724556
bara1357	-0.917839038718674	1.39745940702392	-3.85704234259185	1.68322944615864
bari1286	-0.384874859006889	1.80734714238501	-4.26148467391138	3.10862614107942
baro1253	-0.805150073788006	1.78104760883514	-4.69181940818894	2.40880359307496
bash1264	0.093497791168008	1.89810896353101	-3.80052085471789	4.00545934199906
basq1248	0.60743799304016	1.82602164793242	-2.90376228145653	4.54188026483127
bata1285	-0.133731031164398	1.87269289510995	-4.0901552445885	3.64589866717512
bats1242	0.626374535230669	1.86165271662318	-2.93535480002047	4.64324028260405
baur1253	-1.01443543152397	1.79083560297491	-5.02852540058502	2.19855520455399
bawm1236	-0.758680125057793	1.35310859998515	-3.59753438248168	1.82180321134128
bebe1248	-0.300324347706637	1.90666434564327	-4.30547248678055	3.34819740497947
beka1241	-0.145160812563189	1.89623022684803	-4.08413779128675	3.6423663554042
bela1254	1.771499269677	1.72837329963026	-1.25232536726437	5.54211249326305
beli1257	-0.779863791848379	1.7215672908602	-4.55730457420936	2.40879349036611
bell1243	-0.302098253617675	1.8178151219211	-4.11203186513978	3.26609928472541
bemb1257	-0.0778359668806265	1.9027337882473	-3.99040921407703	3.70965763142513
beng1282	-0.109544530801564	1.88389046978773	-3.98143440976277	3.64808781240658
bent1238	-0.517667704004696	1.77730191483206	-4.19877688632666	2.91206190091914
bert1248	0.129853270165152	1.78176411068762	-3.3754116865659	3.7425251521616
bezh1248	0.645304707499221	1.87291845410933	-2.82111433506861	4.70588504662699
bhoj1244	0.69090549270089	1.66197370400817	-2.45084468365848	4.32252536712634
biao1253	-0.237586901948539	1.72760133462856	-3.86914957794122	3.10095504209827
biao1254	-0.839850431000595	1.77634867221735	-4.77235515062213	2.43374644787036
biao1256	-0.681581564242623	1.74097288245772	-4.44854211587871	2.61128968094766
bier1244	-0.541710804897373	1.7464318187245	-4.2646999341953	2.73145557532027
bign1238	-0.537715936683573	1.7364768212567	-4.22057030215491	2.68183344923679
biha1246	-0.438535932374227	1.81055407186103	-4.39712370432677	2.97281936709411
bilb1241	0.545785950128311	1.562448417711	-2.51271709477417	3.83232768771636
bimi1240	2.54632027981403	1.84534937233911	-0.476969678820915	6.677305017004
bini1246	-0.189591851644543	1.86601593802762	-4.15733627127625	3.4508674232099
bira1253	-0.433196962263717	1.55615654391418	-3.82551875097166	2.57068144414118
bisu1244	-1.36245650186902	1.59455894101585	-4.82512780919629	1.49222439418841
biwa1243	0.868849883721976	1.65327686149586	-2.27422973410745	4.39298285552933
blab1237	-0.168039196517883	1.72717881184555	-3.69031050257273	3.20085736278245
bodo1267	2.17583670308113	1.85254396836981	-0.809479215627085	6.36022100461429
bodo1269	0.962419913033181	1.68764863755547	-2.12590049540065	4.61418382192315
boka1249	-0.367912344747193	1.51564485463135	-3.49487343971051	2.5798997545904
bola1250	-0.426006914609	1.85831084805543	-4.38371528560043	3.07733861889343
boly1239	-0.871455253215238	1.78012016744127	-4.75455421562286	2.43573207460918
bona1250	0.96698821754794	1.69473877191688	-2.06714271104501	4.7241072601224
bong1289	-0.157577577774047	1.88177124402587	-4.01420365702814	3.56435422968073
bora1263	0.104990216032176	1.75447131752797	-3.37486177809119	3.63735761542282
bord1248	-0.649197439075085	1.75889618240904	-4.50795876351824	2.66058344738507
boro1277	0.416174539681292	1.73880857009066	-2.97794347855316	4.0983339440842
boro1282	1.1373343814003	1.78087058820524	-2.0368145229722	5.21850646629145
boto1242	-0.182691765512891	1.8612105870133	-4.09550440357637	3.46954317450086
boun1245	2.00305458121839	1.67186960367824	-0.811049199276431	5.7042713806969
brah1256	0.358794236010262	1.84968385947417	-3.11059561724786	4.36476443143974
bret1244	-0.527362472921138	1.75659098396337	-4.36919811126105	2.65638178179262
brib1243	-0.386946898292337	1.72823669831505	-4.01898882231112	2.96528923564971
budu1248	0.381553498703472	1.86282559327164	-3.17922796226303	4.2745169001818
budu1265	-0.503886397962007	1.82381519745832	-4.43180200619992	3.0336434203768
budz1238	-0.162406584286003	1.82960087003559	-3.97813327079198	3.46413362035091
buga1247	0.153873428768401	1.69503212391301	-3.26306374975416	3.66101113825076
buga1250	-0.0372056731956581	1.61394139916031	-3.32818954883363	3.29409304607049
bugi1244	-0.162416748887952	1.90752309772749	-4.31852651627581	3.54109258997003
bugl1243	-0.47670962977042	1.75429937797879	-4.30987730978614	2.86934099165336
bujh1238	-0.550164243918342	1.3367127912699	-3.27113769127663	2.04509125437653
bull1247	0.134303216752252	1.78096114206649	-3.43333179952641	3.63641012336175
bulo1242	-0.463001982144027	1.81667504569194	-4.30956649576797	2.99606115346338
bumt1240	0.908335771802273	1.70364926445639	-2.14651403511935	4.73259101831915
buol1237	-0.102139137451861	1.83698596443009	-3.91959783089044	3.6913241994314
bura1292	-0.841353032363958	1.82409282730763	-4.80956155035372	2.57434902642665
bure1242	-0.643769636433634	1.81631746795267	-4.44485203945482	2.75946268600484
burj1242	1.29682223937154	1.72972080080332	-1.71333794081761	5.11740376038073
buru1296	0.556911685299706	1.91238760176059	-3.14774413552876	4.68167768106702
buru1320	-0.762827902400622	1.77297786784348	-4.58458815405797	2.50416336342546
busa1253	1.1988678435035	1.8080011712902	-2.05871794369886	5.17971869495276
bush1247	-0.0707447528346158	1.91022829474906	-4.04161663567246	3.73785555167433
buwa1243	-1.00241284734247	1.77969237442209	-4.80831824414817	2.24462907550232
bwat1240	-0.376207065362751	1.85628604200639	-4.36463434746721	3.25523873467541
byan1241	0.820192604120438	1.76627162854834	-2.34910475211428	4.71124639966672
caac1237	-0.324212419623809	1.83044957215763	-4.22740986844543	3.20750986265954
cahu1264	-1.07847043829952	1.67559354356437	-4.73631277554322	1.8965927317134
cakf1236	-0.563251183370047	1.81159544418772	-4.32563056632951	2.94894297037591
cane1242	-0.604746571397649	1.76011307640798	-4.42509341508765	2.67519037766756
caom1238	-0.645494004857709	1.81014406293661	-4.42639782682092	2.71668034042444
capa1241	1.6245150125837	1.73851152003737	-1.3295290129903	5.45153343559777
carn1240	-0.284925841593751	1.83397777836514	-4.19069928822554	3.25579450917757
caro1242	-0.0771454401162352	1.88379362922843	-3.9988309310441	3.67510573372343
cash1251	1.46610302345697	1.70234828704834	-1.43393530548957	5.20726315619198
cavi1250	0.13191971924346	1.59776705575439	-2.89615397323195	3.50857054975248
cemu1238	-0.376097092493144	1.84206754594725	-4.29107733899376	3.16152001464987
cent1989	-0.341414972013885	1.86152145680998	-4.22485123724178	3.22402635622786
cent1990	-0.282890292693943	1.83504553535976	-4.10730710548362	3.2133275238587
cent1992	-0.485508605834421	1.7893716391529	-4.33529006782801	2.85646852658043
cent2004	-0.439015956510394	1.53333022926158	-3.78492950561622	2.46891296050967
cent2050	-0.686697122835358	1.80643076535158	-4.63403254825142	2.62448326497706
cent2090	-0.210029309162751	1.78888936568623	-3.98591193367505	3.2736413834388
cent2127	-0.250347337215568	1.81039128377835	-4.12511459452782	3.27215778547884
cent2131	1.39146743362785	1.71691894350271	-1.55128857344474	5.21207110295607
cent2142	-0.653813762857416	1.7968738840294	-4.53226219762258	2.70473919476553
cent2150	-0.407670171323568	1.75217987907887	-4.2009551619918	2.8965574979795
cent2292	-0.31163095698961	1.8202296881102	-4.13680490475547	3.22423063398474
cent2314	-0.290361758004062	1.85309590897377	-4.09308919399571	3.21820526928212
cent2322	0.105624562270484	1.88403562683403	-3.6123533356155	3.99264330947716
chac1251	-0.636261840812343	1.59316410991217	-4.04070192475996	2.39378312990448
chad1249	-0.251670563674997	1.85005414488044	-4.06341691965344	3.3542674452204
chak1270	0.307016777823993	1.48868732011663	-2.47503187730653	3.51907265839033
chal1275	-0.860634495285035	1.7188088063476	-4.59092372229164	2.21729528876533
cham1309	0.610991229329443	1.8721967166346	-3.00114547577712	4.70020649382684
cham1312	-0.110747803286283	1.87573110124484	-3.95088811478169	3.49565842131066
chan1313	-0.306544429807824	1.40843608737308	-3.14788278662473	2.45400319100607
chas1234	0.555870863244925	1.54845756684809	-2.4105007245338	3.82786319000145
chec1245	0.439445966105781	1.90881452079579	-3.24421626463686	4.45030732598872
chek1238	-0.127785487399769	1.71871012530203	-3.65157460807763	3.36251827587227
chen1255	0.39604444070976	1.82561880715314	-3.08960957992519	4.23166091095941
chep1245	-0.720641387343543	1.36681916579103	-3.62383258781549	1.81002193359585
cher1273	1.46818318227391	1.83333968331305	-1.63671104830949	5.58331454981669
chhi1245	0.872520185528886	1.56398394494349	-2.04363797206856	4.2870293767232
chil1280	-0.53768825123696	1.77704231311276	-4.26906177356606	2.75110112187793
chim1302	1.06651791223555	1.76288440800741	-2.02351025327459	5.00355528508476
chip1241	-1.25751995167338	1.67138198158954	-5.03303092286244	1.70213407292801
chip1261	-0.32227182923229	1.76022675835792	-4.07147774139669	3.03155076409077
chiq1248	-0.681431757568812	1.78987241006732	-4.50897348158583	2.58464133360195
choc1276	-0.0237186702220206	1.7791077886118	-3.66657014436144	3.47064660821006
chon1284	-0.306670464512906	1.84047294161474	-4.15655736733386	3.20318215463425
chot1239	-1.1353078385566	1.4497477540597	-4.33530086004969	1.43828875445122
chra1242	-0.382151866843922	1.7955993069605	-4.28841462276012	2.95843097696782
chuj1250	-0.87625370220595	1.82027035635839	-4.84226187037264	2.47883952868207
chuk1273	-0.763107079700203	1.84736266130764	-4.80260013656116	2.59905925593412
chuv1255	0.179717889086526	1.88648220686058	-3.51383269874899	4.10317702220699
chuw1238	-0.038112825988044	1.95596394060497	-4.02197391535183	3.83537804757854
cici1237	0.408237770116689	1.87769715497176	-3.30016198130198	4.43786767504787
coat1243	-1.04431381067953	1.87062549157883	-5.10012942142599	2.26869970198138
coca1259	1.02851977204076	1.7108013542555	-1.98193511263861	4.80079390563566
colo1256	1.38771491797985	1.82267954461324	-1.83759480395794	5.36900923838915
colu1241	-0.288938407869276	1.80152942987137	-4.0817998498767	3.21078312819808
coma1245	1.08359955034791	1.73093786714603	-1.9291816446724	5.0434668446455
como1259	-0.453174656738905	1.83174826407779	-4.31946507936649	2.97474431119322
cong1236	-0.0503053884531287	1.87963091925342	-4.07390270928341	3.67840877423968
copa1237	-1.06159816500855	1.83385795799655	-5.28245087453646	2.2642954671525
cori1240	-0.321528892355995	1.8434328326929	-4.19079364682882	3.22391958776183
cors1241	-0.44254668775567	1.73398997090022	-4.12949130486192	2.82520278329626
cosa1234	0.719062545222416	1.5854210749886	-2.1914050902533	4.18017631505442
cree1270	1.55723079444565	1.85768925842911	-1.65256777322627	5.67941312855577
crim1257	0.0750124990256031	1.90211988181046	-3.76181866883816	4.08514823887298
crow1244	-0.13793934336385	1.7459925128743	-3.85219424799143	3.26872420921069
cube1242	-0.253234548193074	1.62151337642195	-3.62617013992335	2.85947869206914
culi1244	-0.986158687824439	1.79627634290008	-4.8447665350575	2.28487960438136
czec1258	-0.659438984245535	1.71543101097012	-4.41756107374728	2.49372857495402
daai1236	0.940016727845344	1.57638817598433	-1.85432396783745	4.40514500544757
daas1238	-0.638558894669259	1.71106172616721	-4.35502967156798	2.58344095021395
dagb1246	0.365848403568989	1.74889350753775	-3.09891094961563	3.98312754414676
dagi1241	-0.473380383203408	1.85485756014875	-4.43510876221554	3.16925117935223
daka1243	-0.583923532453799	1.73914395364051	-4.37102779322807	2.64975136345795
damp1237	-0.169064657013879	1.91270884903657	-4.17762406420478	3.6160721537393
dana1252	-1.46084770336021	1.81681232724803	-5.57919647365052	1.62772482044354
dani1285	1.3938670683317	1.72538506562092	-1.67470370282507	5.18487659933242
dara1250	-0.09778799446141	1.41795801882808	-2.81670338374956	2.7141669144137
darg1241	0.486859112270483	1.88889826090428	-3.18967897383003	4.65551504266366
darm1243	0.829382925525251	1.7604716211686	-2.35025328434625	4.68242070032619
daur1238	0.0338829884088521	1.89690541658185	-3.81156537767738	3.81239740732541
dawr1236	0.868375194058876	1.70837686148381	-2.30065961479819	4.4767307792937
daza1242	-0.220775236882156	1.93633952436071	-4.32246786815553	3.66051252372731
dege1246	-0.282315604939922	1.80275698605808	-3.99294822935776	3.24656911544131
dehu1237	-0.341716528810515	1.82767702107866	-4.27034782867322	3.15464548899225
dera1248	-0.84937644564951	1.7992508268074	-4.78043872311292	2.51671646501976
desa1247	0.785380746365179	1.55179368756809	-2.09075426666313	4.10699029999312
dhao1237	-0.119926856234212	1.84835596671171	-3.9757921612642	3.54184118144148
dhim1246	-0.882063324844194	1.57440958580894	-4.32745594485035	1.93481252218933
dido1241	0.636929045241832	1.85840236247125	-2.83169873330541	4.65459269556192
diga1241	-0.289188087807324	1.42189563556679	-3.21469886750953	2.43132665599992
digo1243	-0.180709403746821	1.86913533624927	-4.0487183529485	3.54037377087221
dima1251	0.647429730404803	1.54511522362995	-2.31739864762019	3.93421909349141
djee1236	-0.746412826887131	1.85625576147693	-4.60290606116382	2.74249201566928
dobe1238	-0.0691252304015488	1.90239968692425	-4.0604475869566	3.59579327401579
domm1246	1.62992436073718	1.68793184311736	-1.22221307514674	5.34050844220512
dong1285	0.525265172302303	1.87577985312611	-2.99541823929649	4.48491878270642
doro1266	3.61726188319057	1.96220657686239	0.209676000399867	7.88672195513042
drun1238	0.43343743887745	1.58885924284866	-2.63768252822417	3.78662193515636
dumb1241	-0.301472893401821	1.8384190544081	-4.19672940768645	3.31301285645901
dupa1235	-0.27630352786998	1.8191389651015	-4.10179324648738	3.33223890576586
dusn1237	0.177763228772773	1.79087926348297	-3.49070134085918	3.75046238373831
dutc1256	1.13277129442657	1.6294604012819	-1.74754613013438	4.6905444516758
dzao1238	-0.809944443903978	1.76655432899745	-4.62462160674446	2.40761241677168
dzon1239	0.202818999818544	1.57459429089889	-2.86490507349491	3.47550021929929
east2328	0.186066796980136	1.86784824074898	-3.51774461252169	4.11408234123191
east2332	-0.455708297134619	1.79518903284203	-4.21965246027056	2.90565349751953
east2342	-1.96333050111326	1.84047188515833	-6.1321238019382	1.13220844068911
east2443	-0.480336607037553	1.78779748945424	-4.18114366700977	2.96765255510312
east2516	2.68851547555084	1.87908205560771	-0.347855044433007	6.87228361729016
east2555	0.835360117331831	1.71011707027543	-2.32335146124146	4.49036533745337
east2690	-0.353193218545244	1.81087813852571	-4.10213787600553	3.16146273416175
east2773	0.63113186874679	1.4515236324707	-2.03760990813725	3.77016911342517
east2782	-0.0683369049202218	1.89252547084527	-3.96886052981878	3.77778913298842
egaa1242	-0.250615858299461	1.83100171651531	-4.06281886167116	3.39479348374003
egyp1253	-0.2155413612651	1.78002152246231	-3.94151790543486	3.27999135265329
eipo1242	1.56325723133787	1.82262024412005	-1.41316674114772	5.72285153892858
elem1253	-0.343399881368325	1.75664035862782	-4.09478166111382	3.06747061634666
elna1235	0.575504080415275	1.51351408170515	-2.265185460182	3.7479669794549
emae1237	-0.466766185816206	1.77543657976061	-4.3286511043111	2.90678878742908
emai1241	-0.182735387078625	1.87068514002345	-4.07787742310146	3.48437923276272
embe1260	-0.614377213697718	1.75888300588522	-4.37294713674336	2.72305214157094
embe1262	-0.406707590197172	1.85113039307977	-4.34683291658045	3.06741492658564
enap1235	1.0710148684932	1.73907068631932	-1.97169361577234	5.03721959422815
enuu1235	0.805821320764992	1.65387040877792	-2.18161050455136	4.39587715339774
epen1239	-0.318285995079315	1.8261053890881	-4.16949117400615	3.15381126398321
ersu1241	0.780640742830885	1.66330834261755	-2.21516174960808	4.54898270635021
erzy1239	0.134967580068265	1.88409036798406	-3.51797995988747	4.2074137421699
esee1248	-0.533927193872363	1.61981845554819	-4.01265209754825	2.54104335647227
esim1238	-0.581969687012512	1.77972186562103	-4.40723339796715	2.73512435776283
esto1258	0.487411574559638	1.85750916269494	-3.15322517166491	4.3727753903709
even1259	0.0914392861045187	1.92713811475993	-3.72136136732492	4.09612844095081
ewee1241	-0.258005866497542	1.86646314620299	-4.11441594949292	3.38627731893877
fare1241	0.481597894965074	1.75026495611458	-3.02744384335773	4.0709570916387
faro1244	-0.741610722437505	1.69492307858691	-4.44737417376572	2.29001127015869
fiji1243	-0.10858770897893	1.94596150853957	-4.14652307733067	3.74459654427382
fina1242	-0.338622667901242	1.7879081166954	-4.14145404411505	3.13931677159097
finn1318	0.041360250523171	1.87126905416733	-3.63433841983964	3.85092644363497
fonn1241	-0.197657787021297	1.77200404261144	-3.79857563795721	3.3150476946718
fore1265	0.115993149776488	1.88893019127297	-3.69488367041175	3.9984244887789
fuln1247	-0.393402783341483	1.789600760456	-4.21174071331165	3.01607127115669
furr1244	-0.250061160497345	1.88092686922668	-4.12431630943016	3.43397281971267
furu1242	2.00424964536131	1.7298537347392	-0.826380049971605	5.82630730772008
futu1245	-0.239099338590563	1.88932174252238	-4.25070148377386	3.5640102009233
fuyu1242	2.5612314036801	1.80434848916734	-0.508811833577188	6.50179560211108
gaaa1244	-0.186073232534494	1.89005183676219	-4.00092331029615	3.47460388628095
gaan1243	-0.886236383521269	1.79167306619046	-4.78931280205042	2.55026960620597
gaga1249	0.0217041107528087	1.89950507337068	-3.69684746802136	3.99115517150336
gahr1239	0.767215049945834	1.79653121345434	-2.60188460940736	4.69023244808822
gali1258	-0.416559984729472	1.73857916494557	-4.08039269662827	2.94230208290984
gali1262	1.56183670256605	1.70391530193897	-1.28546663462215	5.4392317899766
galo1242	0.243413884631852	1.49805986329595	-2.64052211935418	3.3543167204501
gami1243	-0.19919062899668	1.88979434926051	-4.21763199999811	3.5328211712629
gamo1243	0.237968916100593	1.63331481354142	-2.97794407912105	3.6359301110515
gang1266	-0.977699019666683	1.41494807817111	-4.04672874565894	1.63492006539657
gant1244	0.554950176871676	1.49105217846929	-2.33712562777323	3.64943292651163
gapa1238	0.857026051965026	1.67303953051548	-2.39350031086121	4.35744664532369
garo1247	0.653173594314038	1.63350449070114	-2.37950911672063	4.17753321010603
gata1239	2.29267390298802	1.89613887667212	-0.747050610355277	6.74565689706067
gayo1244	-0.173514061905668	1.82109714478407	-3.92854267025552	3.45750874494092
geba1237	-1.87318888489212	1.81531655678381	-5.87616104133206	1.15996111880266
geda1237	0.507302518363913	1.57713070195582	-2.61761424103898	3.78923669044796
gela1263	0.0293949013383283	1.65420789442994	-3.25206278397193	3.36143802645278
ghad1239	-0.318403179426139	1.80168202668231	-4.05509707031864	3.15658405236971
ghan1242	-0.189850795928388	1.84932571137268	-4.04197855980197	3.44027007912556
ghar1239	0.0793046425428284	1.67634726146109	-3.2826604640896	3.51137068558426
gheg1238	-1.09998444759474	1.73607836724957	-5.07173209316775	1.89831189230395
ghod1238	0.546538570832899	1.84798378682792	-3.02709043822566	4.59794158284623
ghom1257	-0.427939961605174	1.80346349409071	-4.24789303901635	3.04475932061257
gilb1244	-0.0793405212219898	1.87130179973572	-4.01563801009611	3.61543714569612
gily1242	0.583126219278207	1.87069866678437	-3.01203269783091	4.63300932922676
glav1244	-0.976309404920748	1.76264702413086	-4.80737822594859	2.20981223883762
gofa1235	0.542196219104881	1.6664148777961	-2.66435875914312	4.07721113214367
gogo1265	1.81244997917767	1.88882913518079	-1.40202900706833	5.98411748477033
gola1255	-0.206249843010325	1.81930185066316	-3.97355364816548	3.34570107387528
guah1255	1.14912168845575	1.80663715323926	-1.97807206619957	5.20262300759604
guan1266	0.892685977634731	1.63405550047172	-2.03501768310118	4.51389918160158
guan1269	-0.0962099846707423	1.53835868294117	-3.22231269411905	2.92820120272657
guat1253	-0.32410750837437	1.81043950460197	-4.16209231463241	3.1419656992021
gube1234	-0.054096463224943	1.84586791009491	-3.83543635758735	3.59755703106995
gude1246	-0.96068074220192	1.73900491673862	-4.77687296383206	2.23207986122031
guer1243	-0.970070683981254	1.84367207685905	-5.03852670544737	2.43360203486853
guiq1238	0.740497951633365	1.66271521140233	-2.33393825851317	4.37703568384911
gulf1241	-0.317340575735508	1.82015367824191	-4.21910872210692	3.22165839767336
guma1254	0.0483036042589722	1.73210551962302	-3.52378023456477	3.49773996602123
gumu1244	0.503999954899591	1.78504726918327	-2.92137246778463	4.25808117460667
gunw1252	-0.856133673766386	1.88745028833617	-4.888120633266	2.5893394041928
gura1251	-1.19082232877601	1.68822058791077	-4.87438514367461	1.81975083901214
guru1261	0.947882434279245	1.49111081577691	-1.73204094957201	4.14278699203278
guru1271	-0.700588574657543	1.80326435794394	-4.62313031243981	2.68253772552856
gyel1242	-0.18477189738256	1.85910226712483	-4.08034821742687	3.55067318991017
haaa1252	-0.0748405753215896	1.90497425242574	-4.00188850616314	3.75436153609375
hadi1240	1.08654112701749	1.51812532700618	-1.73004201484828	4.36737346992826
hadz1240	-0.580079605452866	1.88938133487267	-4.59315971508365	3.03026596483023
haka1240	-1.14855608761997	1.39548599485489	-4.04804496334199	1.48500788950204
halh1238	0.0980084922661796	1.90045992750422	-3.6160779891614	4.13837119663546
hali1244	0.0667666624291852	1.76849506882513	-3.56370917090866	3.63612758152843
halk1245	-0.536344376910282	1.85864008361266	-4.5467084755241	3.07158592109217
hame1242	-0.708341075610552	1.60665453187559	-4.14785485520103	2.27700359459635
hang1263	1.25045279887051	1.65616085868223	-1.70984640268946	4.9178565628792
hani1248	0.633325022209297	1.67631586685044	-2.40699777566265	4.30211025618259
hano1246	-0.491224285278564	1.76017078610427	-4.21730350916333	2.90129878697539
haru1245	0.724786780854308	1.49479553099144	-2.05704059299668	3.87666115146419
hass1238	-0.158443637831814	1.80203375195074	-4.01815977280922	3.3773913121105
hawa1245	-0.0811856810498778	1.89809316983782	-4.07532357490565	3.76761295831162
hebr1245	-0.353823851192992	1.84806650665841	-4.47194887599063	3.17783707373462
hehe1240	-0.195070649302543	1.90862080882505	-4.08613764186433	3.62150554300802
hela1238	-0.241188276458859	1.35154026469021	-2.94715656680666	2.45601314175262
here1253	-0.000182628289099455	1.90013163000726	-3.94389279865851	3.80721483357423
hida1246	-0.306336887364508	1.87797798409213	-4.37080414643416	3.39659677009548
high1276	0.16285620226679	1.48839334252405	-2.78996616215329	3.22773982185821
hind1269	0.666252557504605	1.7053206847654	-2.42786502126304	4.42113156889673
hoaa1235	-0.197756974026835	1.89045788574273	-4.04184202169411	3.58574528718166
hoav1238	-0.283714564388771	1.77321912575559	-3.9706796660087	3.2170441996595
holo1240	-0.0762555819392004	1.88985491065709	-4.06083453800674	3.8382202722043
hone1235	-0.800849332257011	1.72492629693231	-4.59222690396642	2.35222427862296
hooo1248	1.63653536550098	1.82434090164318	-1.41158999246249	5.76876408833979
hopi1249	1.54490988102955	1.72975736683112	-1.45388367922269	5.35997570816535
horp1239	0.888370113556204	1.67230899733801	-2.11556554794592	4.51399679947204
hual1241	0.83981807149817	1.63867222875391	-2.12418666686551	4.42110450664003
huam1247	-0.461636502718636	1.84050754562427	-4.45547379294761	2.99564110510391
huar1255	1.31168573793305	1.68445984462411	-1.62609509029021	5.03132248108645
huba1236	-0.942704878669246	1.73284048771312	-4.60990877327005	2.22008314007185
hula1244	-0.351506466988927	1.7624584160619	-4.14003844588738	2.96665174860514
humb1243	-0.335653532335476	1.85193290291177	-4.21779301889022	3.24852755888097
hung1274	-0.0112943034676479	1.86979507004188	-3.75662044283497	3.9337597789283
hunz1247	0.640619192171451	1.8797096421499	-2.8798044674887	4.67577508336828
hupd1244	1.0618143569721	1.60981773201501	-1.97550361800799	4.65381664885673
hyam1245	-0.298313580761207	1.86717354306365	-4.1772760688103	3.33112359567935
iaai1238	-0.362188187975937	1.79989948682605	-4.24472327587346	3.13881578804826
iatm1242	1.2286209678666	1.71794933891102	-1.84743087043365	4.93610514223699
ibal1244	-0.307565674016299	1.73763205105991	-3.98832191770218	3.07322284824684
iban1264	-0.148946874076438	1.91531325611943	-4.14882242152816	3.5880036580881
ibat1238	-0.211067288490805	1.88100441225579	-4.06313133893997	3.47289847956532
ibib1240	-0.375923673646793	1.84533311051961	-4.27441976413045	3.19296867101739
idum1241	0.650474085041981	1.55313518961677	-2.29963611472249	3.98234134540394
idun1242	0.351104185995359	1.67041065088976	-3.03281110490573	3.77834460061081
ikkk1242	-0.201805196730358	1.881996245286	-4.08538067264734	3.51527015156588
iliu1237	-0.266508111223711	1.84241748489366	-4.1771555500737	3.28113484429243
ilon1239	-0.329876274789162	1.75981628953601	-3.95608722186974	3.04343137991346
imba1240	1.426803670551	1.81399444248368	-1.56859939303298	5.44276162362783
indo1316	2.49857464076433	2.0031746931614	-0.869523482839343	6.8071802232622
ingr1248	-0.178409382510283	1.76893170778216	-3.70491542928044	3.36901203662666
ingu1240	0.535590136577315	1.89451529700992	-3.14278345981187	4.61146417375896
iris1253	-0.542103349438896	1.68191076114635	-4.10316751800233	2.64107928595075
irul1243	0.330624750997705	1.86522846174362	-3.19986559322807	4.43252996419662
isco1239	1.66404832044558	1.76149297259132	-1.33743100694188	5.66042061430776
isin1239	-0.335035482547109	1.76047851785902	-3.998725328868	3.07961968955547
isir1237	0.0329766738836173	1.71050260486211	-3.37505579020016	3.48908153960873
isna1241	-0.220963441376848	1.81334109049996	-4.11270507480219	3.34242895145862
isth1240	-0.013762440184691	1.43250430187052	-2.87628777185635	2.77475510669184
ital1282	-0.472877901512159	1.76011032284418	-4.30386184866337	2.91153281581176
iton1250	-1.07621687938032	1.78828485686722	-4.9486090657375	2.16616938884813
itza1241	-0.482915284763868	1.87258899811943	-4.48769351253925	3.11265647508501
iwal1237	0.661073090393012	1.64096940532308	-2.57812976336317	3.97871490236204
iyoo1238	0.548837989014459	1.4834023570992	-2.21949084839476	3.62484067855839
jahh1242	-0.487370055748145	1.79346555015508	-4.34471677915712	2.84154821570865
jalk1242	0.126329727740098	1.5958066624354	-3.10485744998496	3.32436124759523
jamb1236	-0.124985327111739	1.77272305240917	-3.79325114110621	3.39181507302245
jams1239	0.0609646655212347	1.68262158748822	-3.39842062380185	3.45815383832204
japh1234	0.790527082238651	1.63960352299543	-2.22889282168678	4.36123442089495
jaqa1244	-0.347404493730577	1.74542433147226	-4.00279201535943	3.0944647877612
java1254	1.84578555369012	1.92248937299155	-1.4877154461077	6.01648325556837
jede1239	-0.437733716520605	1.83518103096834	-4.39106384062483	3.06671163951496
jeha1242	-0.438179027305916	1.86120463958132	-4.54489227548334	3.14442532528189
jina1244	-0.930696983239158	1.78292071746314	-4.90807636508905	2.23109641102595
juan1238	1.96216256483999	1.81104744504668	-0.969553796857155	6.03838901320919
juku1254	-0.635961390792254	1.83429062248695	-4.61405267876738	2.81694257942553
jurm1239	-0.804935196713286	1.73801165420912	-4.57875235371742	2.34877250599641
kaba1278	0.59605629865706	1.9179680279204	-2.98963851532961	4.71177090110085
kaba1281	-0.723349849539018	1.75355236009436	-4.55494617622659	2.4769024980891
kach1280	0.728911665824103	1.73182916602783	-2.4486741620944	4.51265267667891
kado1242	-0.232415443004653	1.52499723680599	-3.27495000685839	2.87288114514701
kafa1242	1.22329233832064	1.82725632950042	-2.08454768207631	5.18031265609262
kaga1256	-0.204696510823095	1.8200036168506	-4.0149037145841	3.37823506168882
kagu1239	-0.296856340165914	1.87928586245268	-4.32788003938358	3.53677831224335
kaik1246	0.428485668588471	1.58510008178843	-2.51397630067854	3.88141756510672
kaki1249	2.60611989158384	1.95632860024799	-0.640996319641505	6.99163412361153
kala1384	-0.0238790917850541	1.90933386001181	-3.94673817172044	3.81402943529789
kala1399	-0.249455179018078	1.76495081569175	-3.84500871308486	3.16251829524813
kalm1243	0.141882059883462	1.86851662333836	-3.53904199079437	4.01154346151866
kamb1297	-0.28450934908064	1.87554593494514	-4.25775509797286	3.331509209865
kamb1299	-0.197128392266759	1.834291828938	-4.11693721894336	3.35572190833317
kamm1249	-0.782996647807688	1.78071763470374	-4.60439167545283	2.47406777820484
kamu1260	1.45634064602002	1.79498058934937	-1.71367140425857	5.39646443942732
kana1286	-0.476720811175167	1.74069654045502	-4.16414139672972	2.86346951131431
kana1291	-0.645353460822465	1.81351383375348	-4.64185050330548	2.63856695243205
kani1286	1.15031623018484	1.61953074420347	-1.81345517793079	4.63678465181502
kaqc1270	-0.89553159762754	1.89352467509136	-5.05985107801362	2.50882737058491
kara1486	-0.657040594979882	1.8007558840096	-4.58870443732021	2.78910321019216
kara1487	-0.339373488475391	1.74743621355119	-4.0442824467455	3.09439033474682
kara1500	-0.292663503351321	1.78355437384019	-4.05481619617938	3.11821571600088
kare1335	0.0282019144222977	1.82829190198304	-3.62777865654891	3.8049909319532
kare1338	-0.59317883285046	1.82740406442501	-4.49200207420188	2.8359697436533
kari1311	-1.164618291297	1.75286711886603	-5.02665993231232	1.87754540633843
karn1252	-0.420646358650494	1.75841473548365	-4.15853330005054	2.927795493386
kash1277	0.851992743370764	1.76206945173432	-2.29970427340988	4.76494635227461
katb1237	-0.57011461025624	1.73107891051236	-4.39267899986706	2.6287520210763
kats1235	0.226310702943037	1.5646625099753	-2.74449950557258	3.47907584266595
kaya1315	-2.05968058318632	1.84488581239301	-6.25693258126006	0.887492694835534
keap1239	3.70924565610512	2.0330686719464	0.194513807295146	8.19965897358855
keig1242	-0.433440786001681	1.85438428988106	-4.26147329288104	3.11103580633721
kele1255	-0.220442659655363	1.87338788960378	-4.14363153905449	3.491428541626
kele1258	-0.10092402237472	1.81036654038693	-3.78051309284777	3.53594594550279
kemb1249	-0.173655755102019	1.83248559632017	-3.99996115593373	3.45606259404174
keng1240	-0.650799189434994	1.79611168717298	-4.62659162981882	2.74339244417438
kens1248	-0.390953356230446	1.8075717248423	-4.20623449971775	3.1242811145338
kenu1236	-0.252056341393107	1.90372008367788	-4.21631271351707	3.57455535133982
keoo1238	-0.278113927263108	1.8966081458989	-4.28863229897368	3.37951734065955
kera1255	-0.963390724240085	1.84225915009731	-4.94100943150999	2.38458921177401
keri1250	-0.188754040251941	1.85736059748057	-4.12456078093629	3.41262325959757
kesa1244	1.05299547423253	1.57676145746151	-1.82125060906199	4.52659950823887
kett1243	0.360979873493885	1.86188026712281	-3.31268972072756	4.18522240803723
kgal1244	-0.0562772652289342	1.95290504762973	-4.13142216820818	3.92982353828842
khak1248	0.0880020068227536	1.93273507029201	-3.72000154057514	3.937074511746
khal1275	0.691834712839204	1.58261995654046	-2.23980720955235	4.13973010779352
kham1282	0.461069723058337	1.71022462538041	-2.77218439079952	4.15826561328395
khan1278	-0.356408694494616	1.75291672003689	-4.11351733177984	3.09816700384627
khar1287	1.8210242044243	1.86448486762213	-1.29290151378013	6.00619310411813
khar1288	0.330218163389694	1.3266331562877	-2.17205651962478	3.13243110961978
khas1269	0.126188564835268	1.61033157706528	-3.19888590127993	3.29474309008047
khez1235	-0.00969180849239891	1.33446795365152	-2.66596359964492	2.63541424340488
khin1240	0.430344762342606	1.88430969651654	-3.19722869508596	4.38516706011658
khmu1256	-0.348188221241573	1.72866623260859	-4.04932502955925	3.03761303305854
khum1248	-1.04743384973523	1.38867466783343	-3.90050135501755	1.58886345230662
khva1239	0.639687688780622	1.87153745137024	-2.88188913288559	4.6818402625668
kich1262	-0.893481537422976	1.88128014053616	-4.99759582266115	2.49222799194509
kiku1240	-0.349783509939378	1.84480197813793	-4.29437652655148	3.31324932826737
kile1243	0.0717013096216711	1.88942871853931	-3.72221417586658	3.99523450664943
kili1267	-0.132310363751861	1.75499153659977	-3.80541969064473	3.33607074126852
kimm1245	0.993593338165865	1.66887106856405	-2.02661122220543	4.64597480196661
kina1250	-0.139415676688	1.94712732023969	-4.19962007048644	3.76966819869141
kinn1249	0.770072505769267	1.79674492210189	-2.51887104659138	4.77535758696253
kiow1266	1.31279966687072	1.83475398755662	-1.99486092905838	5.36488478748944
kips1239	-0.282889269791251	1.8601727546838	-4.16570456244418	3.26226369339208
koho1244	-0.428108671633804	1.84687796935782	-4.38288107445232	3.04233809922258
koit1244	3.18698250972837	1.83922841663064	0.0107636913225762	7.14853938416162
koko1269	-0.209453380092246	1.76056456549616	-3.88370953713279	3.24945225929718
kola1285	0.0388443894846522	1.84362070561264	-3.84603833064947	3.79748869510811
kolb1240	-0.724727134185881	1.84024609728069	-4.69331577615191	2.67969941002625
kolc1235	-0.254409254815885	1.93417765627438	-4.25308254918259	3.49296371530028
kolu1245	0.219086375313702	1.67090282801062	-3.2302235355544	3.54234422290481
komb1274	-0.04158532321251	1.65421273655667	-3.39584850081169	3.29859958799662
komc1235	-0.62310076335785	1.77203077523482	-4.53572633614602	2.72299413603854
komi1268	0.110340312358432	1.84983401251213	-3.60606471631812	4.00824755928145
komi1269	0.0338518206408199	1.83733653010226	-3.67847217596086	3.97863416525738
komi1270	-0.186607811398551	1.34935015408757	-2.90107898206549	2.5391362380876
kona1242	2.44860147907499	1.86233442681644	-0.571992756344969	6.68593872397805
konk1267	0.66208833060452	1.74197206946575	-2.55006681810544	4.36042915707048
koon1244	-0.0315457735336935	1.94461933023471	-4.08670505475494	3.95602519429144
kore1280	0.290843374570596	1.88002006494654	-3.37868851366225	4.25492907389828
kork1243	-0.672259440004291	1.6706713701541	-4.16382617460109	2.47549972692561
koro1298	-0.0873135407213663	1.70334633639262	-3.65318308739754	3.21118439075573
korr1238	0.43569403696415	1.76752862390958	-2.94534152240852	4.20699034973313
kosa1249	1.45965655055458	1.80966322882051	-1.5854825491975	5.59150455157073
kosr1238	-0.0452241341834661	1.89370868794617	-4.02556443656839	3.81078837216076
kota1263	0.394789852236216	1.77515009930509	-3.02121748944229	4.09427330648203
koti1238	-0.0501046515985248	1.89438707295229	-3.89256718935969	3.762546273416
kove1237	-0.389371098772272	1.8207659030062	-4.32270366536724	3.00011563533674
koyr1240	-0.27215823780006	1.95172551040171	-4.40041448928674	3.55333627821185
koyr1242	-0.099210881963306	1.88808517014299	-4.04428930051892	3.71764267484143
koys1242	-0.962321733177261	1.7395531900934	-4.74322179507263	2.21866020702078
kryt1240	0.408185568225378	1.86923218496744	-3.12035923249832	4.38080301649206
kuan1248	-0.913885592322114	1.78581381202535	-4.70453410088922	2.33688025014139
kuii1252	2.12615266732213	1.87460404113939	-0.844581280429843	6.27780048730393
kuik1246	1.44648972614914	1.76681087377199	-1.58127554498625	5.52218557424029
kuku1280	-0.140474958775197	1.87037529090704	-4.05484640474696	3.61077689999206
kuma1276	-0.275824795560995	1.82791983562562	-4.20570259569178	3.26172150811802
kumb1268	-0.197308440294751	1.88851065973727	-4.21275516116009	3.51371797095998
kumz1235	-0.924023994396512	1.68644723400658	-4.53695482127965	2.16790995188713
kuna1268	0.174917183579958	1.85535019726047	-3.46931447345685	3.85320124844666
kuni1267	1.97074588181916	1.69545845965851	-0.964258576286486	5.70575544170236
kuot1243	-0.783256861685229	1.77796716696839	-4.67538214478633	2.45756484139551
kusa1251	-0.275104195089613	1.78488031485259	-4.03606070647679	3.20841990884889
kusu1250	0.946373501898524	1.67781408865548	-2.00865029748684	4.62349295188293
kute1248	-0.620154217647295	1.84360407252944	-4.55625411201995	2.8789194858285
kuvi1243	2.14945537363563	1.87934173634549	-0.832036326600684	6.46976372118955
kuyy1240	-0.397259436742579	1.89054916345393	-4.48278867158495	3.2604293439411
kwai1243	-0.227420338408224	1.69413239491927	-3.83267002429625	3.02577727839618
kwam1249	0.0507400227939106	1.85377195837355	-3.69560681437331	3.82228881989543
kwam1252	-0.321340435162704	1.79166812388619	-4.04924154799602	3.25055090251792
kwar1239	-0.217221971175729	1.68245592043386	-3.76332777182942	3.07456428009469
kwaz1243	-0.599677004846243	1.78480326172202	-4.46413414377447	2.78126554463559
kweg1241	-0.560310429443265	1.63639922877603	-4.02151147024219	2.60352144108739
kwom1262	1.32393937189914	1.65138548168254	-1.61035975783978	4.91445143613487
kxoe1243	0.336372621784311	1.87046449748795	-3.42112439344491	4.27383159845368
kyer1238	-0.914187286113758	1.38427533585522	-3.78405349495803	1.65517938668913
laal1242	-0.765781082803974	1.92988301270913	-4.89984380784799	2.89319233850683
labo1244	-0.555815869471431	1.74879298404776	-4.35093454990531	2.72334580345184
labu1248	0.212050804260841	1.5363800832277	-2.85207066924104	3.37096868044908
laiy1246	-0.158045332939255	1.91544958963058	-4.10405776625846	3.63314194537448
lakk1252	0.551610514016617	1.90121059244095	-3.04426083106581	4.68818867761382
lala1268	3.39036277203123	1.92965838079737	0.0697173296254157	7.52032545200784
lama1277	-0.303646610082835	1.8234482275802	-4.1446077850619	3.24959597624814
lamb1272	-0.101901298919647	1.89487176693672	-4.03905155669712	3.61904919706488
lame1260	-0.547925938412579	1.74911885303534	-4.32239287757537	2.79255078384249
land1256	1.46121507280446	1.74753734602957	-1.6933250425553	5.36709223641648
lash1243	0.680714934087222	1.5860545942371	-2.29641746465416	4.11494875512277
latv1249	1.74277604351756	1.784614747702	-1.26872757380664	5.78124300835622
lauu1247	-0.231402958826531	1.70708253743564	-3.85988410560855	3.08826515446001
lave1248	-0.495237077577447	1.89118404308207	-4.57233308549154	2.95429256304471
lavu1241	-0.0824235622224329	1.72590015270768	-3.59887070261663	3.33374734760027
lazz1240	0.483622249251048	1.85475917826985	-3.1192688309987	4.35643928154479
lega1249	-0.0635810792796966	1.88653993518711	-3.88708883423005	3.71216841711416
lega1250	-0.0808172890937127	1.96329810775936	-4.22783550280906	3.77975814471568
lele1267	-0.386160350149553	1.80171176381374	-4.16966942735938	3.12487781399815
lele1270	-0.129098656095887	1.78647109907447	-3.87397391198303	3.39030976922166
lele1276	-0.989359917257969	1.84257731728767	-4.99787046703999	2.34562058394381
lemb1266	0.875679682115424	1.55787677344769	-2.02182236346304	4.14169671038925
leme1238	-0.284683311422979	1.84171412831219	-4.16170744781253	3.23880579978458
lena1238	-0.334219479170398	1.80717252471183	-4.07915060128938	3.23718890370796
leng1259	-0.0727206260836025	1.6474035619489	-3.3628702028719	3.24022336972547
leti1246	-0.225293332125758	1.83062736722023	-4.11983864568567	3.38761596016872
lewo1242	-0.515014044695213	1.76944708041603	-4.3895802292646	2.840807706206
lewo1244	-0.310456738093987	1.83578037933414	-4.18915982930555	3.26797401716292
lezg1247	0.450317911199598	1.92088779384356	-3.32591016685413	4.58604212108093
libi1244	0.194253096028037	1.8398394334275	-3.56829210094366	3.90010650854824
liby1240	-0.154200281530953	1.82757947422969	-4.09209562461908	3.42401242745779
liji1238	-0.404705856729525	1.85664011021433	-4.44935083764326	3.22231320135923
lika1243	-0.688050960145647	1.79175023756468	-4.50899115224568	2.64277731450568
lill1248	-0.537130174627958	1.87623690390161	-4.59704790314118	3.03050771307849
ling1265	-0.570670105769078	1.73540027338983	-4.37710065207071	2.61237544996341
lipo1242	0.668675157454138	1.57978529830351	-2.29424250250186	4.03961105311182
lish1245	-1.01853888433121	1.73637522824767	-4.9278641683221	2.09738094290401
lisu1250	0.595674827843503	1.53497170164493	-2.22140839527075	3.9290490552895
lith1251	1.71294547115899	1.82244918642991	-1.34914019069108	5.79719596005708
litz1237	-0.562143415283908	1.74152818662982	-4.37903780438162	2.63600760114019
livv1243	-2.64061776650949	2.1071438586602	-7.3816381350997	0.743853474151056
loba1239	0.283754117082754	1.84316281003052	-3.37976507037577	4.1287352157426
logo1259	-0.706333297046108	1.7852529329617	-4.61046337509069	2.55989959200776
loka1252	-0.342528308550832	1.90085904243035	-4.29848990498047	3.30708160774793
lolo1259	0.591396708950112	1.55584301863843	-2.37121115209803	3.99278110429841
lomb1257	-0.434990125041639	1.73599689590899	-4.15967767726976	2.88269435423209
long1395	-0.150669097878188	1.67036831773642	-3.56397672265255	3.08970491169564
loni1238	-0.1516328471666	1.77948394085884	-3.94107182824747	3.44713260349222
lonw1238	-0.581552913879383	1.73644305774575	-4.37013094758984	2.64438840743197
lote1237	-0.443180244696745	1.83425587148739	-4.28628559698911	3.05331594085354
louu1245	-0.133105004528722	1.77148628965256	-3.86198270543376	3.36584403587675
lowl1260	-0.976457021328456	1.79415376397115	-4.85314505807591	2.34232402214635
lowl1265	1.40675286239967	1.6396537930109	-1.51464552738899	5.08158892112274
lozi1239	0.153863032622738	1.84793048259868	-3.55005083362722	3.93260777801766
luan1263	-0.20928638861758	1.85829881003874	-4.18606695638019	3.3490133664358
luch1239	-0.089416527092262	1.84647562574317	-3.9605239676071	3.586095701357
ludi1246	-0.263765440554496	1.81313541351144	-3.83083392486795	3.38153371503864
lugb1240	0.0378836888265413	1.6673147600847	-3.40797753054933	3.30631313249074
lugu1238	-0.173782442804664	1.92407685436039	-4.09968677502111	3.66505814246939
lule1254	0.198357869237477	1.84749856847114	-3.46422991628788	4.09534150344668
lumb1249	-0.0539555871665355	1.90597462975774	-3.95908297761167	3.79150943536955
lumu1239	-0.454253877608607	1.89076416531226	-4.40503508144875	3.19713139636985
lund1266	-0.0684662593208313	1.90160563273554	-3.98016893090999	3.60718708734182
luok1236	-0.213019018290566	1.8502198511802	-4.04182010114997	3.44362599026607
lush1249	-1.05342849049331	1.40105290634681	-4.01211777362463	1.57631973943663
luva1239	-0.0991119082006114	1.88096135000949	-4.00737565519749	3.59404612444651
luya1241	-0.00953279589599482	1.87073210619949	-3.85235106373088	3.64281259404968
maan1238	-0.0724325810381786	1.84421236975779	-3.94993510735716	3.61769251162071
maba1277	-0.198367056113391	1.86058044922277	-4.04187519575283	3.43553874324934
mace1250	-1.08716627392649	1.70897836900199	-4.85444320466069	1.92368976173734
maco1239	-0.185179248676589	1.75821720739844	-3.8609962614235	3.19056607655633
macu1260	1.45898176596594	1.74613121640852	-1.57545789657262	5.32817484900292
mada1285	-0.808222164391868	1.75289015842487	-4.6755398229805	2.33609543409614
madi1260	1.20211034743991	1.69119846044056	-1.85864280859088	4.89502244784296
maee1241	-0.542283055507423	1.73315627058185	-4.23853655123999	2.73205682581742
maib1239	-0.870660342150555	1.85917928586365	-4.87859548944861	2.54461354696723
mail1248	1.48723938625748	1.81716628616561	-1.610355532451	5.48452625358205
mais1250	2.22603160508416	1.75361540012461	-0.724754910693	6.05334398107966
mait1250	1.09712232897683	1.7276297143528	-1.99874119616719	4.85651869620862
maja1242	0.633072662251567	1.72167517169936	-2.64661107826857	4.13793398888429
maka1304	-0.253956176345624	1.8795950210116	-4.14244370143222	3.35400681905875
makh1264	-0.0621610497916105	1.87341044984508	-3.94819791152276	3.67910144847055
makh1266	-0.030453287341331	1.8946777843645	-3.88536660762366	3.78778758587686
mako1251	-0.0127599553967473	1.87146595677366	-3.79741290149705	3.79478486112227
mala1463	-2.08726991061116	1.89983135020959	-6.41100634329537	1.09606559216903
mala1464	-0.895612119071903	1.77670865492686	-4.6003244726151	2.53897205120094
mala1522	1.10357964510742	1.56747012546447	-1.76120804676135	4.50959741946316
male1284	-0.519272408032692	1.60554164082458	-3.94472177119768	2.51463407631968
male1289	-0.404403024296194	1.79270966474838	-4.11879343358387	3.05013812043394
male1297	0.168667152186047	1.72265389559206	-3.33975409069544	3.69549693485577
malg1251	-0.796945413321097	1.76625492201844	-4.71678690880472	2.47291246010834
mali1285	-0.914451916882501	1.84324627859436	-4.87973439510374	2.49493335354671
malo1243	-0.501631894720293	1.76289139232674	-4.25103057148421	2.888663725768
malt1254	-0.299655209625355	1.8167913157774	-4.10170495406761	3.10884191423864
malu1245	-0.531366228345277	1.74197063170109	-4.2086833098615	2.74161826971347
mamb1294	-0.962508759589741	1.74326368785637	-4.74845368036387	2.23459543643852
mamb1296	-0.0603794541860726	1.9102580529785	-3.98638866716477	3.90559136401756
mamm1241	-0.85829207489349	1.88137993283202	-4.96879834631601	2.6660183965024
mamv1243	-0.595270479244213	1.71103335770152	-4.30738808846882	2.64033363445815
mana1288	-0.811370298111551	1.4578462531707	-3.93115462407422	1.87585416023158
mana1295	1.70266972374267	1.79816645663218	-1.39633160984586	5.6181719795712
mana1298	1.36899775368602	1.68897651574756	-1.57767753099375	5.13196331240852
mand1415	-1.63982117444101	1.7504887686527	-5.57746392651037	1.34423619458936
mand1440	-0.6568049971267	1.77492921574465	-4.50424510315246	2.65928827176787
mang1378	0.473333879354651	1.64889409872993	-2.6990759918472	3.84540597826874
mang1381	-0.515536093892924	1.90029317901666	-4.52899079790792	3.1981112384978
mang1394	-0.897472474133703	1.71920722943333	-4.6086322225526	2.19863664781213
mang1401	-0.0233334839502714	1.86481334384592	-3.91458997488977	3.75389875183407
mang1403	-0.435057432210779	1.85066781685893	-4.3319152131763	3.08113943684716
mang1405	-0.254177798055018	1.86295728387545	-4.1528463641234	3.42933204131724
maor1246	-0.063130632816209	1.86434646379877	-3.87567284521453	3.66219104161139
mapo1242	0.430133767068266	1.56972055685974	-2.67076197500793	3.63149498494202
mapu1245	0.927294040312033	1.79294485625973	-2.33071732496725	4.90572815727603
mara1378	0.68637287385527	1.67400709948686	-2.38699661377469	4.38237025074004
mara1379	0.217717402228867	1.31729454668848	-2.31000435678828	2.95193557433732
mara1382	-0.57294382322912	1.38326879248985	-3.40499486964963	2.06476047647616
mara1399	-0.549882693837787	1.73775896768705	-4.29441061478702	2.63149859990962
marg1265	-0.873712117824063	1.77762288064055	-4.78084393779754	2.34069342107829
mari1426	-0.405121472125511	1.76864598892008	-4.02071611156912	2.9720236557178
mari1440	0.13015595274585	1.77393193924722	-3.44088822510614	3.7824108436531
mart1255	-0.281130848285121	1.85219346860432	-4.2271504409314	3.38059101679487
maru1249	0.202495938551354	1.62904063170099	-3.00548948668584	3.60531386386551
masa1322	-0.914500403259925	1.86699808266932	-5.02890312272172	2.53996668472741
masb1238	-0.106698807118188	1.85211067955681	-3.91189310220105	3.5808607525594
mask1242	-0.576439304219821	1.74191887142311	-4.24483175494926	2.70724964724526
mati1250	-0.0862190371710713	1.90996114422864	-4.03204070843415	3.6200169255426
mato1252	-0.221636267638984	1.49115168527036	-3.2983321562205	2.77818833145862
matu1261	0.515603932044439	1.63219643100677	-2.7327513976461	3.88289905309757
maun1240	-0.841336981933908	1.87036156216289	-4.8301903667887	2.70502499247507
maxa1247	-0.492281211357481	1.77321188341939	-4.3328958875844	2.94311900682057
maya1285	-0.370161746085887	1.84036733846074	-4.32509249196862	3.24430634909945
mayo1261	-0.778109427874379	1.78742603143802	-4.68596421098389	2.50700384240477
mayo1264	-0.452166674349045	1.54358979882848	-3.69467627682657	2.53292148624676
maza1304	-0.986993708954053	1.74436771926565	-4.77899988591557	2.24702796058016
mbaa1245	-0.359117725183054	1.83343682383397	-4.31098449862839	3.06159639639482
mban1263	0.992479049742179	1.63656272841702	-2.04961440361787	4.44637831986026
mbar1260	-0.840682296117734	1.84316773871582	-4.84981201467034	2.54669028387328
mbay1241	-1.03643443569703	1.7446329153538	-4.97501901962556	2.01351212273503
mboc1235	-0.440757073145834	1.87067402416748	-4.37619011725367	3.20068986116317
mbol1247	-0.12309527921129	1.89815487468749	-4.08148258026301	3.60569799513579
mbul1263	-0.424329740526777	1.77305287533558	-4.21650673889616	2.96835811567691
mbya1239	0.881671406723897	1.7053476005251	-2.2645359273398	4.63267789768357
meen1242	1.45087604617557	1.8361330510853	-1.7069930154753	5.5004455840958
mehe1243	1.23798239531199	1.64392670192139	-1.68010104276395	4.7944359826321
meke1243	2.44994510345076	1.71786219312524	-0.382641904036505	6.21293483875701
melp1238	1.17716859511441	1.53490807088291	-1.61792395524496	4.36357466809001
mere1242	-0.430873303487145	1.78538360763084	-4.23549361471278	3.13986022107616
mezq1235	-0.885890194739405	1.81610989962808	-4.92830775602086	2.38663728603917
mich1245	-0.771955750424624	1.73596836659817	-4.61020151786412	2.39120051300516
miju1243	-0.207847594374242	1.4235017372142	-3.1559709257313	2.53459646542459
mila1245	-0.179657810724169	1.46293187934998	-3.17646608578404	2.62896773612953
mina1268	-0.203289005274315	1.81002970160204	-4.00726820175945	3.32118724195736
mina1276	-1.01061212234915	1.76183964424507	-4.80918086316688	2.14976229854615
mini1251	-0.920488453812065	1.77977809103042	-4.69258929010992	2.32251822730698
mini1256	0.882492657158027	1.71440408050373	-2.18645220775559	4.60544545153786
minn1241	-1.59643356281584	1.73297117917639	-5.40302562175332	1.40892659030486
misk1235	-0.474039267726929	1.80443309887445	-4.38446451339861	2.94290155433019
miya1259	0.340909851760107	1.88763468683434	-3.36397686351332	4.22147409238844
miya1266	-0.480227777276119	1.82337849641059	-4.42824580082474	2.9475832719258
mlab1235	-1.25993039824523	1.83972282421949	-5.27196900416491	1.98798480712101
moba1244	0.0313573842071121	1.7295839232904	-3.57444011722604	3.51632847601601
moch1257	-0.85683451366458	1.81415960183201	-4.81335017597108	2.41170151447821
moco1246	-0.485355719249551	1.82001371708252	-4.34709573958218	3.01484729348153
mode1248	-0.816266726752707	1.7464308738356	-4.68332575280786	2.29526449833604
moha1258	-0.623650193449946	1.83808395846812	-4.73379089163829	2.7272078624143
moke1242	-0.12939697772285	1.9082780017628	-4.11779886265244	3.65761377037234
moki1238	-0.0903011336538257	1.88559215853501	-3.94679147403388	3.61630991973681
mokl1243	-0.136445343138159	1.84153886687755	-3.89349288041022	3.36120641561915
mokp1239	-0.305307325815197	1.86466417707823	-4.23003726470283	3.29981658046798
moks1248	0.154060818437849	1.85805729555082	-3.49184801867173	3.93070043739956
mono1270	1.31140957803537	1.63296163160008	-1.6781867534456	4.76684223427457
mono1273	0.0449247997331377	1.78712184227094	-3.61660925701956	3.64474135835595
mono1275	0.90603222558426	1.65887508877305	-2.11988070329425	4.62753904748894
mont1268	-1.09379650670874	1.69548509985045	-4.75058823057784	2.01519749325668
morm1235	1.73906200426341	1.81624928809372	-1.31061200428467	5.81472064993514
moro1287	-0.120170450805952	1.87699433097019	-4.14857421209151	3.61792873194589
mort1237	-0.0929412840445216	1.92980541372167	-4.16385010653363	3.7540369683926
mose1249	-1.06816654300121	1.71797259268804	-4.80121028113404	2.09391347886352
motl1237	-0.277940423447582	1.86591018423125	-4.16796673134437	3.36292160740587
motu1246	3.70680397135651	1.96017137885154	0.221336272181111	7.90258235215691
moun1252	3.00753497612019	1.83490042366085	-0.123294468289442	7.04980075449553
movi1243	-0.771652327794217	1.70458151037541	-4.41063438670822	2.53986322826181
mpad1242	-0.635411610034087	1.81620701662482	-4.55078124272621	2.78975375164124
mpii1239	-2.01506181710481	1.75073288330621	-5.88674578242257	0.869376979780192
mpot1240	-0.0894512794881284	1.93855882893987	-4.10224606821935	3.59715637473709
mpur1239	-0.801701241639751	1.82704744248303	-4.83951471047896	2.5729965523152
mual1241	-0.147217968289272	1.81921521327162	-3.9106823199522	3.37171581808484
mudu1242	-0.398087133613505	1.83055455068696	-4.19191733052576	3.16036239495083
mull1237	-0.562955560241442	1.84930296842251	-4.39168485612817	2.98181306996331
munc1235	0.764307014873557	1.62425898211519	-2.22437785139937	4.2573108066179
mund1325	-0.999272723168779	1.78960976588317	-4.94090796002757	2.26131562781975
mund1326	-0.807736255670487	1.75955107162441	-4.60793860841946	2.41517392787828
mund1328	-0.642110896057522	1.78308923308061	-4.47696235517382	2.72965375257517
murl1244	-0.0668285431114428	1.75775886805253	-3.72078161707266	3.56273265700596
muso1238	0.00418865420585539	1.50451813030268	-3.09166733015056	2.96578284260917
mwag1236	-0.535002468522296	1.79835210723738	-4.23016546532031	2.91308803628026
mwan1247	-0.0235888883223616	1.91424978449337	-3.96120078525285	3.81039967896485
naka1262	-0.509493178638081	1.83733040380544	-4.38217778294869	2.94312647323445
nali1244	-0.724605574915649	1.79546591123718	-4.6395512547632	2.70876434302928
nama1268	-0.471617398704769	1.77893168248393	-4.27815725315445	2.87804979641028
nana1257	0.104907307080627	1.90892486664731	-3.70580937498781	4.11031383607722
nand1266	-0.304405422951943	1.88858987442035	-4.30610432602052	3.44847594495745
nang1262	-0.18823247129579	1.86758714607612	-4.03819036930089	3.46629334574087
nant1250	-0.752394972347892	1.71388034442138	-4.53265788403802	2.39341629124142
naue1237	-0.215201853900022	1.84390391237729	-4.03038670073017	3.39107424659498
naur1243	-0.0588369589555934	1.86780021550412	-3.96313723879519	3.68608231264669
nava1243	2.06103754194088	1.84544110085184	-0.911497888094004	6.20141342404458
nawu1242	-0.0196573130484074	1.79766972509625	-3.60817211937467	3.51513637080933
ndam1239	-0.163970447225802	1.9239709530622	-4.14203455722177	3.71409186865172
ndog1248	-0.331253933351596	1.81854557363961	-4.18026277807108	3.19196515281214
ndun1249	-0.0965283613251222	1.75966200717028	-3.84951639836567	3.3378270718892
neha1247	-0.183295251428987	1.8354462894986	-4.05020566110783	3.39600781855009
nend1239	0.456205231228188	1.49198644221419	-2.49775929929119	3.51495213844112
nene1249	0.0949571371625286	1.87150686782938	-3.61487119111389	3.90540043170557
neng1238	-0.253235555094441	1.8192542393993	-4.03288068707221	3.2780383524036
nenn1238	0.810040005298028	1.78266691008466	-2.5439765545948	4.62257719240144
nese1235	-0.532399648959493	1.74079720894549	-4.20471994907677	2.71230759378452
newa1246	-0.303145900761206	1.36439879403172	-3.05975124346008	2.39431504784854
nezp1238	1.2748296726896	1.8347541372769	-1.93675198574786	5.40023509644275
ngaa1240	-0.120718063052681	1.8903867084576	-4.15780359284112	3.76107228822344
ngab1239	-0.542616110635695	1.75127449187736	-4.27993378060225	2.81389204190043
ngal1292	-0.626844691794388	1.95132763378167	-4.82957754856611	3.08545191618494
ngam1268	-1.06036309666166	1.77827956313715	-4.91034135246809	2.15589632548621
ngan1291	0.101287679105179	1.87093641711138	-3.70404394436971	3.91190460409401
ngar1235	-0.294055841512621	1.88316293211029	-4.24788642653548	3.42022202458711
ngar1283	-0.354095824411658	1.86331626335777	-4.31104063068489	3.29671091767983
ngar1284	-0.151639370404019	1.82813835169687	-3.92859768180702	3.48870798327556
ngas1240	-0.627435659649559	1.77425396183996	-4.31622924452109	2.77941802396437
ngba1284	2.19438428743175	1.8586871310081	-0.890617020558291	6.35597769202401
ngba1285	0.676210873085422	1.78659826000977	-2.78122267647026	4.36201944879641
ngit1239	1.37525642314745	1.73457068190105	-1.6654827293254	5.22137765890064
ngom1268	-0.045874270572293	1.83271452422541	-3.89998502408398	3.62333800392844
nhen1239	-1.28048101634916	1.71224895519463	-5.04830583953554	1.7100531866184
nila1242	-0.429506303898939	1.8573890435591	-4.28989598496814	3.10658417214117
niua1240	-0.0295250550650715	1.85735247923486	-3.79352297592489	3.71032645512042
niue1239	-0.0357757786564492	1.88609637553204	-3.86029877000735	3.77321996990659
njan1240	-0.617606435693382	1.80322663800528	-4.39863523672977	2.8472237899189
noct1238	0.283527392304765	1.49205813720104	-2.61637576373553	3.34779845568558
noma1260	-0.397576883124734	1.83214035191492	-4.26173299911434	3.18965041331151
noon1242	-0.137064632291507	1.90253116570636	-4.02239234358203	3.56913116526224
noon1243	-0.630672360769524	1.76004341919435	-4.4016111934911	2.72682550417234
nopa1235	-1.016945100018	1.86579602308556	-5.07084731598846	2.31112532955575
nort2671	0.120092263308867	1.89601127228802	-3.61003064808336	4.09116985124461
nort2684	-0.391617270699396	1.86947817656028	-4.49503011825059	3.23489067248627
nort2690	0.0678320806991779	1.88236089084916	-3.70459209532623	3.90906833871818
nort2697	0.675617253528166	1.91415536410338	-3.00115372905687	4.81747793667196
nort2702	0.956839676721682	1.88256037227717	-2.37048783512598	5.12681356949559
nort2722	0.394734550744598	1.56046018729671	-2.60976703918823	3.66227745104965
nort2723	0.410323524163792	1.56669992305982	-2.59003060015099	3.66336477765916
nort2732	0.550318169235248	1.67649921898886	-2.62042104317824	4.12716534359654
nort2745	0.80465795676336	1.86986704549399	-2.62389720222518	4.9912179453599
nort2747	-0.579363089113481	1.76594988261193	-4.33105556187583	2.80698075011594
nort2774	0.340093887440903	1.73927232906767	-3.1432159327368	3.88021638656796
nort2839	-0.566458338831144	1.73503661738407	-4.3432577621412	2.74383191582084
nort2845	-0.0398687890468021	1.8525278387776	-3.91271342148913	3.5639161939555
nort2847	-0.338638303228425	1.82226374107775	-4.12553873987458	3.25897421288392
nort2930	2.33365809446057	1.94470656563255	-0.842691132263041	6.6833370535836
nort2938	1.52155291944874	1.90464467628849	-1.83449394057254	5.73451310652588
nort2942	-0.360986780546223	1.80250051644132	-4.2180014208376	3.02404508006527
nort2954	0.994633315909041	1.70038623714371	-1.99718663177776	4.67055695378982
nort2961	-1.18762887062187	1.70511983619808	-4.97799360686927	1.83025781929033
nort2972	-0.597368555650837	1.77706966797936	-4.38071723413828	2.78586493342473
nort3047	-1.01132885266264	1.80283738127004	-4.94690477464937	2.30821890057695
nort3139	-0.426586118559358	1.75203342582956	-4.27893005333561	2.88021694860984
nots1237	-0.780459151399753	1.76168370441199	-4.61825349422747	2.41933905145867
nucl1235	1.14937520035255	1.72393505914961	-1.8906641409358	4.80183127556953
nucl1240	-0.86236066476801	1.7729904371227	-4.70594337203471	2.40112822537183
nucl1301	0.0561941878949656	1.86801818549427	-3.68152315949023	3.9007337904741
nucl1302	0.633388809478228	1.83862654585232	-2.85450630851971	4.54476045750629
nucl1305	0.445569366461394	1.83594214369077	-3.07209458810066	4.42555411080307
nucl1310	0.910573051842803	1.59024622254394	-1.93262484625223	4.3703564750657
nucl1417	-0.335321778822868	1.76494926346747	-4.15209689411814	3.07935698928351
nucl1593	1.35411072065335	1.7107568377734	-1.66526931427774	5.11364576321576
nucl1595	0.0802195623000489	1.72167808714628	-3.37762401594434	3.56434885038831
nucl1622	0.490075681133782	1.76551586308469	-2.82896003529525	4.26309635621957
nucl1633	1.11373218969093	1.86833190858345	-2.1924275765087	5.09657033702664
nucl1643	0.209093460526195	1.7945924732288	-3.28541100488147	3.91701406194261
nucl1706	-0.423441231497974	1.81548342893848	-4.34462892701542	2.9728627664699
nuer1246	-0.214971707073613	1.88922010670515	-4.2199067492924	3.47069114458416
nukn1238	-0.314954300730919	1.48262929714992	-3.43507004344301	2.56165215606307
nupe1254	0.397883967396327	1.86366450762169	-3.31478710106033	4.28099708634287
nusu1239	0.615644019798303	1.51134447120307	-2.16344234230947	3.87366986718738
nyah1250	-0.460297654476066	1.85415302111653	-4.32849927493261	3.12053617933685
nyak1260	-0.0969509953271045	1.91293182813518	-4.1091620204149	3.75666064925142
nyam1285	-0.809803916772394	1.75728305979907	-4.5690587256404	2.54292345116711
nyan1307	0.364698512048896	1.81289671544859	-3.20513203687468	4.07304655261364
nyat1246	-0.495264809284284	1.79418818703408	-4.20966383264811	2.94989441274818
nyor1246	0.640174759432569	1.86557480521049	-2.92227787597717	4.61261013813721
obok1239	0.399530391534716	1.75610171081742	-3.02610976102825	4.05738182770687
occi1239	-0.414973313872006	1.73571132940448	-4.23700819427942	2.8394559914535
ocot1244	-1.1176089835742	1.8267555393776	-5.04730038076475	2.21046813724989
okan1243	-0.43790410122412	1.8409962181134	-4.25694798084362	3.09122483063973
okin1246	0.372542078048197	1.88105137594979	-3.30300013162237	4.51678794937746
oksa1245	2.52335097775049	1.83450894640117	-0.489553848577126	6.77560196658359
oloo1241	0.828331213177066	1.62135075645137	-2.19050190765625	4.33756265179369
olut1240	0.00598077489301325	1.45335522891103	-2.94947265700252	2.86182331825019
omie1241	3.05529460793008	1.91904614517951	-0.0713029726670533	7.27927924542879
onon1246	-0.829039125795288	1.77747378331984	-4.699580655522	2.43371695004101
onto1237	-0.0768176692416037	1.91819853094187	-4.02639920723054	3.87183473968716
oriy1255	1.93958284749235	1.79669170640451	-1.0074406456962	5.93778021532202
orma1241	-0.47177343346433	1.76276755270732	-4.22872093859945	2.88712777384133
oroc1248	0.128160724364154	1.88223958704955	-3.64334262687987	3.95773109408431
oroh1237	-0.247163596574872	1.78237810069225	-3.95376747872219	3.22974178754479
orok1265	0.0712847238665499	1.89487823397947	-3.75190125157498	4.03026527079224
orok1266	-0.388582653115122	1.84947657495666	-4.28291276935391	3.24584425594238
orok1267	2.4057511450847	1.96365774705787	-0.797690227187646	6.74569469226562
orow1242	-0.385475527507276	1.85245721927321	-4.30484607630402	3.16557665693657
otta1242	0.830676707616164	1.66272623984356	-2.20486410697112	4.42481818574709
paaa1242	-0.394052683012259	1.85430217525991	-4.31770562628219	3.16577335430375
paas1238	2.00346586531953	1.88956144589366	-1.1336298509483	6.15426677668712
paco1243	-0.448780563644751	1.84375375329643	-4.34856312351205	3.03929929434838
pagi1243	0.0639926583921618	1.77877544216441	-3.61352178561045	3.60148823274395
pagu1249	-0.653040811814868	1.91966963494757	-4.94633767405226	2.99027620170274
pahn1237	0.911428768882497	1.65267409997679	-2.16296379849042	4.55933348951825
pala1344	-0.0835714663464227	1.88424497863793	-3.99263304586044	3.63867143703912
pali1279	-0.712012323890717	1.72129032963005	-4.37975033320936	2.50046894194958
pana1307	1.60603046028415	1.81787955083835	-1.48832610605886	5.60189187677933
pang1287	-0.0823600411342711	1.95251980410423	-4.23389237394539	3.7098951568893
panj1256	0.757183843944616	1.72766268776192	-2.33690363122922	4.51673578373976
pany1241	-0.194698049646907	1.87376097554603	-4.01445006878113	3.49222062958808
papa1265	0.412870472062031	1.6990093317933	-2.93669229994028	3.89532998418367
para1301	0.0614285479861004	1.76692429847283	-3.50590150287227	3.61838447579366
para1302	-0.165524423161869	1.40480852569731	-3.03146943040051	2.55954627819581
pare1266	2.1052182680224	1.83725687992394	-0.861016245591872	6.35743755299791
pare1272	1.35685759330893	1.76033523484572	-1.69304229193825	5.32650207902126
pate1247	0.602803317948814	1.61103542687002	-2.47968712974111	3.88851658998159
patp1243	-0.77734389910697	1.81592851574755	-4.67149457681132	2.56809005195929
paul1238	-0.114508193501426	1.94250682295836	-4.11610870262769	3.72534871127666
payn1244	0.49484219018551	1.50752530637544	-2.45374378309138	3.59159654886318
pech1241	-0.561513595993929	1.78514486224597	-4.48064254844561	2.70934778077811
peer1241	-0.749446893084526	1.77298036543721	-4.46554368731322	2.61717386825712
pela1242	0.644937428197847	1.68713777131995	-2.43817894900568	4.39210307809989
pemo1248	0.858335209919386	1.72426767596014	-2.30515563145623	4.72801007839329
pend1242	-0.183114395094307	1.82986483514897	-4.15425077549323	3.53161506077637
peng1244	2.05516303274726	1.87616968060826	-0.939348442086935	6.29719413339775
phai1238	-1.09066161943252	1.81833270888258	-5.00413012102967	2.24533047041543
pila1245	-0.368534163616702	1.83092533785631	-4.36731008314585	3.21960844048896
pile1238	-0.170565565090761	1.85583532142545	-4.02983413992375	3.50782738468971
pina1252	0.848256465814802	1.5210559399483	-2.00126486228011	4.07125354931191
ping1243	-0.0896792128108021	1.89218545992915	-3.97254079460106	3.61195810832894
pipi1250	-1.0190664259328	1.75768152846644	-5.01059831210854	2.07178269087294
pite1240	0.164696510662802	1.89007717892092	-3.63709278799671	4.00308202677697
plai1258	0.879026246619179	1.73630757850756	-2.23360756501445	4.73586539557362
pnar1238	-0.0192456479821582	1.61881463721738	-3.32330576761145	3.11228235435493
pohn1238	-0.101405636758843	1.84335919372116	-3.89344250934106	3.59452561480051
poko1263	-0.23919442870313	1.9024808006885	-4.22576802499723	3.50315699556064
poli1260	-0.575223849286393	1.70439361012504	-4.34652469271046	2.53513894687358
popt1235	-0.924246041432176	1.8330207834014	-4.87139795266362	2.47541063586045
port1283	-0.419899219144318	1.84302068166094	-4.54231345668212	3.04061636014157
port1285	-0.576688797828118	1.74398768975577	-4.26037578398289	2.71669765898964
psik1239	-0.97820165266714	1.75948018375749	-4.82340383290116	2.20257864311908
puka1242	-0.05436259391498	1.88210082432005	-3.84267287935983	3.72029522695374
pulu1242	-0.0867649187713719	1.92329992370958	-4.1718652425323	3.68704851987498
puma1239	1.07968964078321	1.60489297019089	-1.82459516845735	4.6784882536636
pume1238	1.32337016563705	1.79736140926393	-1.86403205158585	5.41058434197283
puoc1238	0.00698181836196263	1.80994179475743	-3.75157659496191	3.66223288136504
pura1257	2.2607663621761	1.93918261825627	-0.984033900657119	6.51515855728029
pure1242	-0.736309060378573	1.85115865132451	-4.70290952850754	2.74798708608887
puri1258	0.742476674027564	1.77532218495896	-2.55784814459678	4.65161412168821
qanj1241	-0.882334695690798	1.84398303618636	-4.8018229277693	2.59799531278441
qima1242	1.72514111102584	1.87184512026601	-1.40532803469847	5.98310189840629
quer1236	-0.798358499066677	1.83146596060615	-4.72521838072446	2.59883444589044
quio1240	-0.951055749976021	1.78291740331418	-4.86371235151955	2.22697049986517
rabh1238	0.831585446423794	1.66788185429803	-2.22856058599917	4.49300106288714
raji1240	0.986903505706455	1.77157071432712	-2.12628712119848	5.04163842085809
rama1270	1.59650694796845	1.80142143853251	-1.47783349618673	5.61715741221017
rapa1244	-0.0425076047540346	1.87349877119755	-4.01969636570453	3.63678840788181
rapa1245	-0.0455120317392054	1.84243554979801	-3.88448763063176	3.71108799390883
raro1241	-0.0349585791207895	1.90394059753567	-3.95193355524033	3.75164431255299
rata1244	-0.184625436344062	1.87642064816666	-3.99297849739282	3.6445681901417
remb1250	-0.279774873313507	1.90446550669582	-4.31342934306861	3.38492042593726
reng1252	-0.514545576052165	1.82651241674676	-4.33872353145215	2.96733291815387
renn1242	-0.082450478117282	1.85041039862016	-3.87116614274485	3.73671689719102
reye1240	-1.38528835380683	1.71298262832541	-5.10767932096058	1.60351782567928
rong1264	0.733015223538159	1.79483245145994	-2.6209873015273	4.64828632759778
ronn1241	-0.544989346756885	1.80931816792157	-4.33469155914822	2.97394847041772
roto1249	0.428246149961116	1.69080409237034	-2.88562391427935	3.91135758423249
rotu1241	-0.0131504118071976	1.869951268717	-3.82115663481561	3.83763287498304
rovi1238	-0.275876168700691	1.76207431672915	-3.93859628577849	3.15336498602036
ruch1235	-0.762262944940917	1.90497153798688	-4.91429648852152	2.79772354301457
ruka1240	-0.42275629604102	1.77784884502582	-4.16838226247646	3.06596873317082
ruma1248	0.186886946553745	1.70898665182732	-3.21783896979684	3.78011000220372
rung1258	-0.236894899953325	1.85437647043935	-4.13880006334805	3.45543862922764
russ1263	-0.596900589922476	1.70562997855375	-4.28317161629272	2.60523004381367
russ1264	0.0850321737753118	1.86919962405566	-3.62424211301884	4.02549056567663
saaa1240	-0.252282992026773	1.78466669617922	-4.00054325072861	3.27818879168313
saaa1241	-0.537850821643325	1.73787327893962	-4.23722315434534	2.79473606482423
saar1237	-0.492313632705842	1.75338361962901	-4.30638861109401	2.88106980179405
saga1262	-0.271069364681885	1.91323062004801	-4.27468092595024	3.51801906153582
sais1237	-0.357283608618784	1.82236945298156	-4.28608946302781	3.15052007016465
saka1289	-0.424291219846282	1.82049441376876	-4.19377870885133	3.21562710149248
saka1291	-0.0686583230562917	1.87743797366574	-3.98143961580831	3.67283448956074
samb1305	-0.817449216045251	1.75452401454281	-4.65521230997247	2.40361956070931
samb1311	-0.803851581628888	1.7501282583688	-4.56673141197821	2.38162757378002
samo1305	-0.0502529675094851	1.88493237251334	-3.95459408355047	3.76397895969604
sana1295	-0.175209687354405	1.78031540442098	-3.88495477003884	3.30844369520241
sanb1242	-0.497630889193954	1.78319588866583	-4.3637779139837	2.82726367433157
sand1278	-0.777161062754304	1.78285004263275	-4.63849177936944	2.5518932583636
sang1331	-0.0386808344367084	1.89482342695368	-3.97894656381994	3.84675320646388
sani1269	-1.68621065148417	1.58167363177618	-5.18229748925552	1.05196630086964
sanj1284	-1.07088165723039	1.82555863121408	-5.0416014285128	2.25890418392595
sanm1289	-0.982820647929296	1.65441257047063	-4.74562424459137	1.93382485821084
sanm1295	-1.12341203730481	1.8539411947128	-5.35818839921152	2.30939128102912
sant1436	-1.02487712871081	1.85206129258056	-5.14845886676964	2.35107201384563
sant1451	-0.988197528611279	1.86086977269159	-5.11641528543774	2.4097932214641
sapo1253	0.203434514660684	1.73099374515327	-3.23840104447129	3.67453538830303
sara1321	-0.601845277670848	1.77874862886674	-4.47662597371485	2.79039215670542
sars1236	-0.334451557469788	1.72640072948881	-3.95835668388613	3.03821185022703
sasa1249	-0.137357152033988	1.87213419518789	-4.08720616921477	3.52723454743369
sata1237	-0.0930811086190368	1.89568281709083	-4.03418599411988	3.64688032246112
sauk1252	0.018299001859733	1.46628517096507	-2.99064644590488	2.95077637694656
saur1249	0.905224742383062	1.81235450653979	-2.36474718185871	4.89203943431197
savo1255	0.148585937372647	1.65266093183093	-3.1354021144527	3.44759700080346
seda1262	-0.517511177138634	1.87256205256425	-4.55503367728635	3.06928921332689
seim1238	0.0680964031185017	1.87803987858839	-3.77059882879426	3.8543777424395
seke1241	-0.533871913257956	1.74757631608905	-4.26564124518689	2.8071414118905
sela1259	-0.125486023642954	1.9191870417486	-4.00634297525299	3.67070893358091
selk1253	0.0987867892109214	1.90529438760823	-3.60460333429831	4.09814952716281
sema1265	-0.434229477873901	1.80067342719269	-4.15875156926546	3.01612598107128
seme1247	-0.403053343563485	1.80379062255707	-4.30754894568631	3.01816051704649
sene1264	-0.798486347045438	1.77443093358105	-4.60710905239307	2.43425388179499
seri1257	0.0203798081322404	1.79756485689669	-3.58997487272302	3.61850346740073
seve1240	0.739704791334026	1.67767226509623	-2.44618031941734	4.44318903577101
sgaw1245	-1.54834322102607	1.82902934400236	-5.61881064164286	1.55843298811982
shab1252	0.872630477777811	1.74686686570532	-2.42901723370335	4.5713165559518
sham1280	-0.255978184209695	1.87592005387637	-4.0738436416696	3.45710544968949
shan1283	-0.275169898367325	1.65025023155897	-3.78733524674707	2.88595016048348
shaw1249	0.849091044647348	1.68839064989274	-2.25016818842031	4.51995500439436
shil1265	-0.208481633366786	1.88263465424992	-4.15723905354808	3.45701925689748
ship1254	1.76747202167578	1.7459884524581	-1.16534695360456	5.72101074937875
shix1238	-0.580004727667546	1.50246112554516	-3.77162950445725	2.25103130043888
shol1240	0.436841272955071	1.81643605160498	-3.08074799178002	4.36273880446649
shon1251	-0.0481603093488325	1.89834968254072	-3.92655172594151	3.76330218234546
shos1248	0.94492043568334	1.74066183486573	-2.15612943097927	4.80723043268142
shua1257	-0.423939759651478	1.76926434316654	-4.16440761301381	2.92852373988133
siam1242	0.720075044537038	1.57750835378198	-2.19704179503561	4.05631405273977
sich1238	0.772585393466476	1.65057929262817	-2.28664528736348	4.38835873904494
siee1239	-0.339709477570041	1.87169383368206	-4.34919813711029	3.43962107765849
sier1250	-0.993143755381005	1.80158454585108	-4.9387190161244	2.30056230094338
sika1261	-0.139907622036189	1.88771153184368	-4.14483691049823	3.54840348125132
sile1255	0.510645436916695	1.55390752995862	-2.57388265247719	3.71121720502498
sina1266	3.89579658111529	2.02893171977159	0.283731253208916	8.32167587216655
sing1264	0.312387695064992	1.52745657242948	-2.68463036691462	3.47242707273686
sioo1240	-0.42203331417842	1.61974267316254	-3.83787600737237	2.6349543855483
siri1274	1.30282015563696	1.70934134436459	-1.73399366442698	5.03341478075239
situ1238	0.368635213133136	1.52838385267519	-2.58418778134566	3.65401533253408
siwi1239	-0.28783816064068	1.78069180326925	-4.07245600639946	3.0502664325152
skol1241	0.110050538741036	1.81733451861911	-3.53673704421229	3.82443837413663
slov1268	-0.664336870683674	1.69053035211796	-4.39368871922232	2.5049797151122
sobe1238	0.0375274546229595	1.7337736582987	-3.3821308127388	3.57077367947916
soch1239	-0.856847106973686	1.78143272018771	-4.75605627080078	2.38971691073227
soga1242	-0.017413413982712	1.91431517764418	-3.92492948421696	3.8384593774485
sons1242	-0.105839495006367	1.88898378433534	-4.00283688633887	3.65511054873243
sooo1254	-0.470666632268012	1.77489420049535	-4.3219037257159	2.8668422896155
sout1528	-0.710483451651087	1.72603896356334	-4.54266597395029	2.38284822143317
sout2649	1.03077758198899	1.69942862388569	-2.0935053032056	4.72856075426775
sout2674	0.110418303274839	1.87846221593856	-3.53726849959035	4.10368284675879
sout2679	0.602311758596942	1.86547985071539	-2.97973067950949	4.62310391360791
sout2728	-0.607240915895902	1.56028475524304	-3.91436600510968	2.31632767245028
sout2729	0.1364980876331	1.49046441215759	-2.73832283287245	3.27839358295203
sout2730	-0.34574194600305	1.48796790124423	-3.48714647517292	2.51489820851554
sout2797	0.987540453743319	1.55996544764168	-1.88284096580279	4.2814431423225
sout2807	-0.0571329396321515	1.92860267375774	-4.0633952983836	3.76367324535435
sout2856	-0.387272586399755	1.83874715286893	-4.20085848286173	3.22147326401696
sout2857	-0.550247718786919	1.75489138848719	-4.31436131286623	2.75038998371508
sout2859	-0.561106758194995	1.74404147143408	-4.36130462985905	2.72770844355289
sout2869	-0.326610771059593	1.79100619606991	-4.00274638826475	3.29947372540936
sout2954	0.378610682804419	1.82113651433665	-3.17882528527819	4.27376229674569
sout2956	1.50266414917705	1.91804209954748	-1.73151002080781	5.80921816460591
sout2959	-0.349390332701357	1.79093092303453	-4.2029444508458	3.08915038662163
sout2976	-0.434276669534733	1.57234978252265	-3.78448065573172	2.62040639209417
sout2994	-0.342262130816496	1.76179490158082	-4.05892124841344	3.06636894609881
sout2996	-0.485721599449163	1.81092775016452	-4.29584145492175	2.8673700199996
sout3236	0.366434393513433	1.79413983989301	-3.14974495421573	4.10481085925925
sout3261	0.500415961348066	1.89839035576784	-3.1352715104254	4.61717025836497
stan1289	-0.310693351893566	1.78620249201141	-4.18768851382702	3.0835521972662
stan1290	-0.383801635601593	1.66708994666234	-4.07144945297911	2.68825735125781
stan1293	-0.777771804855185	1.75020371929999	-4.61221330069518	2.41747766269877
stan1306	-0.434465090493295	1.82038506794445	-4.46957204798904	2.99874071548456
stan1318	-0.207563853161438	1.87584081465842	-4.22913899474614	3.61915257502929
sude1239	-0.249374814855281	1.82165368186866	-4.02407952810125	3.37216352257026
suku1259	-0.0211579017162388	1.87690757477969	-3.89376571747006	3.79781945929975
sumi1235	-0.0107417831840104	1.37661438556834	-2.81963516796251	2.67366041487386
sund1252	0.195896045317895	1.83184760196572	-3.60509866392769	3.88692634540914
sunw1242	0.845494473040936	1.48238445978996	-1.88956073577289	4.03802573818704
supy1237	0.0875937756514982	1.83309134520577	-3.59302570444233	3.76744259474934
surg1248	0.112461969020367	1.91267438869232	-3.81074931465833	3.944250092962
surs1246	-0.6988849257383	1.81713741446044	-4.57558112975572	2.73309002498844
swah1253	-0.10720750449315	1.8560669683482	-3.8826694814405	3.62367553230734
taba1263	-0.606759536333751	1.92302619118928	-4.81631617971598	3.00678295482584
tabo1241	2.06241110339557	1.94649339591405	-1.16683223600644	6.47443160180472
tagw1240	-0.112210519911092	1.83168438221439	-3.92432369487829	3.52961013141094
taha1241	-0.249456219916425	1.81141394699505	-3.92478000310908	3.27037676658438
tahi1242	-0.0610984426859797	1.92635606413733	-4.07103999317552	3.7639366186609
taia1239	1.2089793868399	1.73054033153436	-1.84873120599363	4.87405587502206
taji1246	-0.178959718062344	1.82116623667736	-4.0859725855841	3.53984571243845
taku1257	-0.0113912199290992	1.89554783328311	-3.87991922452596	3.87658782138997
tali1259	-0.0480476844680135	1.68772144335211	-3.45402802223771	3.25728003599839
tama1365	-0.0182185026495827	1.65738520762611	-3.40658514528649	3.25085182915243
tami1289	0.0912532957949198	1.7800433062125	-3.40580084368537	3.81771289275728
tane1237	-0.247443384490121	1.82083909931434	-4.14570176370691	3.34916813357705
tang1336	0.0477042417613488	1.33118069291507	-2.54399843863768	2.77677223037727
tang1377	0.210325735848783	1.48504002836423	-2.66844706148734	3.2661333546369
tari1256	0.0881233198275026	1.57876650152141	-3.09542456462684	3.27016098387715
tari1263	-0.402446963763168	1.76879021027431	-4.13999640107995	2.98492855758306
tata1255	0.166715924866208	1.89500049295048	-3.5692640693399	4.06342854817158
tata1257	-0.135329107837372	1.85754882745188	-4.01281737667576	3.61942032939407
tata1258	-1.0155995116435	1.83802560953757	-5.14495315445187	2.43191046384379
taul1251	-0.903726315122011	1.77235906235848	-4.6862598878309	2.41723480232498
taus1251	-0.126653567580837	1.87543510146583	-3.97912088543859	3.65060589798341
taus1253	1.08681021926011	1.7369494678196	-1.95832935062293	4.9310265165312
tawa1286	2.31118045036971	1.92537881251721	-0.807444256154001	6.55181513207464
taya1257	-0.243101350827404	1.78452516874789	-4.03304999736161	3.23225726252659
tean1237	-0.245914239347177	1.82524739851525	-4.10228909070052	3.29742181442998
teda1241	-0.104030803177691	1.9373219797854	-3.96986946459494	3.74323716550785
tedi1235	-1.36834358235621	1.5160639454072	-4.61327915115105	1.31778568650987
teke1275	-0.107306076203089	1.90089427900061	-4.11799248811096	3.69029883739132
tekt1235	-0.872816456546508	1.81464890975092	-4.81968076708787	2.38251492726171
telu1262	0.432886470608865	1.83012669538669	-3.07654107335577	4.25311587827376
tene1248	0.328745514466665	1.82027864041407	-3.17813047008483	4.21558182704093
tenn1246	-0.162595508859231	1.7401264155284	-3.7937633528657	3.25801346446589
teop1238	0.298768418205476	1.69030493883108	-3.02363570704329	3.71879254718141
tera1251	-0.651020354998247	1.86211228410834	-4.63757954296161	2.92050656832501
teri1250	-0.499712852167643	1.72395320280997	-4.27254668421522	2.77921771793935
tern1247	-0.611145933686307	1.87287160949843	-4.61250615991323	2.99490739317411
tete1251	-1.28497965844124	1.74860776951103	-5.09912692115655	1.74850310558631
thad1238	-0.952899223890199	1.45417394433278	-3.96644386340835	1.83098840324605
thak1245	-0.162283857905293	1.44343587528955	-3.12649345638643	2.76871759374469
than1259	-0.504871957800007	1.55292226196928	-3.63618559403348	2.57175299731983
thul1246	0.622912796905806	1.5973449613744	-2.37307113941048	4.0659659399912
tibe1272	0.716065580051357	1.74535399322988	-2.44737405989193	4.56518805224684
tief1242	0.879342669133638	1.57432476546251	-2.06849166651425	4.17223091791552
tief1244	0.955598289380215	1.58188381375299	-2.04541492270364	4.29927003665149
tien1242	-0.0565211695938057	1.89183773302733	-3.8980412070454	3.72231875240683
tiga1245	-0.582722437758853	1.82398211043309	-4.52644289918602	2.85374734587667
tigo1236	-0.666291340917702	1.81206774017064	-4.62812710752196	2.7876461867606
tika1246	-0.539448909375202	1.87003255001621	-4.55447747923917	3.06051082830627
tiko1237	-0.129021354347556	1.84339773441538	-3.95542118730414	3.61499775683434
timn1235	-0.139368635262094	1.84511520763394	-4.03394590048504	3.51643312313218
tiri1258	-0.381148891004046	1.84570826952523	-4.31888809244928	3.13619432029631
toab1237	-0.191270379331375	1.73484938811593	-3.80539902655509	3.31408992589179
toar1246	2.53031925199187	1.8595124270546	-0.571880815266775	6.61682672623326
toba1268	-0.540652883934449	1.78333634540274	-4.41677556528209	2.86213456073908
tobe1252	-0.619916905349624	1.90896764434678	-4.67431646680094	2.96453315171839
toho1245	1.34202971801666	1.73532531114438	-1.67819829975799	5.28308674956406
tojo1241	-0.744541412292396	1.83110806461769	-4.73411899371721	2.57259036938864
toke1240	-0.0699793735227807	1.86192864349269	-3.91751281192059	3.68811403421797
toll1241	-0.59356629529553	1.79115202471516	-4.44997201327889	2.73570420985089
tond1249	-0.558778222821927	1.83477883281829	-4.45708887586428	3.02661500678833
tong1308	-0.30587008873916	1.82811119327773	-4.15862746555659	3.28634500535865
tong1318	-0.0158635033274071	1.884073587157	-3.85188905667194	3.73336757897372
tong1325	-0.0402080140563054	1.90882503347961	-3.86959924845673	3.86189645880672
toor1238	0.875209806130619	1.78112123638681	-2.43437994385055	4.64219977319759
tosk1239	-1.00505663171373	1.75130735239831	-4.80210799883102	2.08204480758107
toto1302	-0.954534126917081	1.6081003549651	-4.46824888310653	1.98762488086642
trio1238	0.327841420014411	1.74859574468744	-2.94221774333837	4.1419887535605
trum1247	1.68645568346689	1.81593551464561	-1.43420806991136	5.78748355106992
tsam1247	-0.545082557354708	1.53687365547772	-3.87570452915295	2.32507996338288
tsat1238	-0.173725223864223	1.83582349374483	-3.93548823864319	3.39801971628428
tsha1245	1.06630878703832	1.75165002412248	-2.00925764744231	4.91863032087253
tsis1238	0.701485023305981	1.76558092179477	-2.67253584834485	4.45986999961552
tsix1234	0.359783345942357	1.87386371198702	-3.33488555548187	4.39764907613395
tsog1243	-0.0439403038579546	1.92106114679797	-3.85258074506567	3.77390300806766
tson1249	-0.105951349092751	1.91257575231471	-4.01449448409462	3.75164406031188
tswa1253	-0.168441476317276	1.91609830054966	-4.09148521719442	3.61203050409839
tswa1255	-0.0692244451423209	1.87735821989517	-4.02537359268646	3.73857668571903
tugu1245	-0.21190118001398	1.85795084989228	-4.09574934054295	3.44767053967809
tuka1248	-0.148337820308963	1.88532325348259	-4.16317881538026	3.67173361138937
tuki1240	-0.379254852540156	1.85925505745888	-4.29142904730461	3.22836361654695
tula1252	-0.855394548364046	1.74332016513169	-4.6740666004566	2.3552718678222
tulu1258	0.444620341404303	1.77273966867983	-2.96433428371318	4.21156533724788
tung1290	-0.407454821211448	1.89995416758346	-4.47605038465174	3.1847607478245
tunn1238	-0.600236759947513	1.70679550007795	-4.23178741579906	2.56687308488673
turk1303	-0.0776242699507375	1.84862930700748	-3.80975117454639	3.76531842753132
turk1304	0.0266152960480463	1.88320174963488	-3.74516883696081	3.96414689602064
tusc1257	-0.605250751594108	1.78354010016475	-4.51409752184918	2.73370960472606
tutu1241	-0.503658926833017	1.759483448737	-4.29082602503975	2.90526134315913
tuwa1243	-0.357027222034439	1.74144669995522	-4.03254531317593	2.99654191608188
tuwu1238	-0.234694930067737	1.8528827489444	-4.12035500651973	3.37470185963002
udih1248	0.0711928122872679	1.90966807817957	-3.73424910967247	4.10649271639579
udii1243	0.463834159511499	1.90325650190697	-3.25113515987816	4.48689283634795
ughe1237	-0.261044691629557	1.76734498962591	-3.95294565317391	3.18004473476316
ukra1253	-0.572813435134338	1.72621302632969	-4.35973270158761	2.63511804314581
ulch1241	0.416464491111506	1.90451169866862	-3.1702056759468	4.45477970125533
ulit1238	-0.0697992379070627	1.86935872301864	-3.86297734915359	3.634956028899
ulwa1239	0.225365978306465	1.78355896421034	-3.36674508051751	3.80704504325116
umbu1257	-0.0581677665481766	1.92745127620758	-4.09886535592485	3.78683537578367
umbu1258	2.269102743869	1.73974241762315	-0.569681142439041	6.13885082451481
umes1235	0.124185603629723	1.87479526196764	-3.64177377366556	4.00269230456104
unua1237	-0.580936049561962	1.73287020220987	-4.34905988409815	2.65557930357554
uppe1275	-1.19810451032234	1.71997473975019	-5.0317728662386	1.78062405555822
urar1246	0.248342137217141	1.70118049607432	-3.16967327523413	3.7038020056895
urav1235	-0.337676132420369	1.86922824969329	-4.30381336714084	3.32462122386919
urim1252	1.10751142751166	1.64960527098068	-1.86333190638309	4.69465959413288
urip1239	-0.549422832302834	1.73465107243564	-4.26360542114771	2.68245285943279
utes1238	-1.07860785966939	1.66556906210972	-4.86491916266779	1.81242417148511
uuuu1243	0.817714439891554	1.65311700994986	-2.24424898131646	4.41248928122728
vano1237	-0.247567627712885	1.8386882921501	-4.12963636430983	3.35625027181009
veps1250	0.0174132335422238	1.8403434827473	-3.57336424851486	3.84081353453371
vera1241	-0.305771955305184	1.82860677712241	-4.15996389756122	3.24789441196089
viem1243	0.76513110588667	1.7277470647804	-2.46635384948638	4.45696157430823
viet1252	-0.144570765334491	1.82227357495913	-3.96770321341443	3.41856453754937
voti1245	-0.108421381634514	1.77390910444643	-3.71422317477034	3.43154616795408
vunj1238	-0.328816727558761	1.89504049515511	-4.16381022943334	3.4028561724752
vure1239	-0.308546549523161	1.81979903348052	-4.14282544823023	3.21704468261589
vwan1235	-0.11319693555744	1.90040764015003	-4.04623054810635	3.70929305858699
waig1244	-0.440231000374262	1.89856147493371	-4.44292947367681	3.28279106829635
waim1251	3.28918549721302	1.92809084475042	0.0164176199715571	7.50699826406929
wala1266	-0.199745426528409	1.68048680181842	-3.73428907488654	3.11171461252767
wall1257	-0.0731515131899873	1.89218883537169	-3.96106240671683	3.76714287071393
wamb1257	1.10747827929638	1.57967706208189	-1.68450531942177	4.6292965095691
wand1267	-0.1204080489036	1.81368965000622	-3.89882008024102	3.42824936319335
wand1278	-0.955474743574542	1.76334692990458	-4.7722683213189	2.19187112908
wara1294	0.419196632727317	1.78362791602712	-3.05073219458184	4.09853552470613
wara1303	-0.212439916502699	1.74648774841889	-3.84748248733467	3.34102381842156
ware1253	0.834837315748166	1.77300362246148	-2.48950426186935	4.5959863752872
wari1268	-1.07767108836056	1.84871066068613	-5.10336382589048	2.19789329134624
warj1242	0.322741917185391	1.62900458773748	-3.02885976191261	3.61680273326215
waro1242	2.49823208557213	1.99914241292358	-0.752838584146286	6.90146747946184
waru1265	-0.15588267946819	1.86837728863939	-4.15091891301061	3.50746376102124
wawa1246	-0.622746673942349	1.79993905830029	-4.39881881829195	2.81760428256114
waya1269	-1.20856461881498	1.75516421253828	-5.06030064494058	1.86371779162123
wayu1241	0.916385607093881	1.51967113712817	-1.87573913317542	4.24473439790278
wayu1243	1.37483848823949	1.6788189635989	-1.56057284402314	5.0055404626048
wels1247	-0.675284748988037	1.75256659082547	-4.51739264011413	2.54080317552819
west2354	-0.0924691448343633	1.62503673430572	-3.5481435136989	3.06202117116589
west2369	-0.947831566582444	1.70463911751585	-4.68062075948509	2.15939803768448
west2392	0.160531416038937	1.83576741825993	-3.39409117907572	4.05488020831582
west2396	-1.73028829479201	1.86297659183727	-5.90908940751313	1.4844521237447
west2397	-0.446296726441451	1.77409672599493	-4.23572954732955	3.00471885077119
west2415	-0.770103389605523	1.3106811849797	-3.50353601728573	1.68983394545751
west2418	0.256995303215784	1.43225978687203	-2.49376434842749	3.2831111581104
west2466	0.671698163082877	1.54965314001364	-2.29639916319872	3.97330084447654
west2516	-0.348703759431459	1.81326200547977	-4.2457428487071	3.22697146000091
west2519	-0.127018243783736	1.90863411923152	-4.01869667193102	3.53596478044056
west2548	-0.16630292629921	1.86250366107715	-4.05454771137296	3.50542207245937
west2557	-0.138164406832484	1.9268794514122	-4.17722865131652	3.7213677078272
west2560	-0.17762429370815	1.87241155127555	-4.08804698253683	3.51469947070744
west2594	0.0844703628483067	1.65704879970116	-3.26818056964943	3.49409286997917
west2600	-0.577139661232453	1.88040805523659	-4.58650840441073	3.10588563655901
west2632	0.0757808132092052	1.7201837696949	-3.26546220597049	3.46479711364999
west2635	-0.919539821047073	1.81250549647235	-4.82659985992479	2.3556952486682
west2644	-1.04281523585153	1.84674829074887	-5.11359581332542	2.35412214555747
west2650	-0.329350338231366	1.8725659313775	-4.20544109214363	3.33372948993759
west2763	-0.457550093687937	1.77050209400442	-4.25192349920525	2.8572655058206
whit1269	-0.332131293328037	1.79726625344355	-4.04395608952876	3.23421536703737
wiru1244	2.5503880696574	1.87521846848917	-0.446845874619784	6.7329312945587
woii1237	0.845917809633124	1.82515213883642	-2.6486573915799	4.66644676012474
wola1242	0.754344660980545	1.66470942136504	-2.41011205757615	4.34247036853682
wola1253	1.65655098455645	1.73854336434238	-1.25973557608098	5.67364107283884
wood1236	0.783901233993874	1.71908856729735	-2.35494004881213	4.55685412216384
wotu1240	-0.130172084911614	1.89814267875061	-4.02100458085132	3.68239041835535
wuch1236	0.575709445462996	1.73341330009698	-2.63011078467913	4.36218621261008
wudi1238	0.492514018654276	1.59451113279417	-2.52751875196389	3.88924359190936
wusa1235	0.620390790726531	1.62307691931095	-2.45125400271219	4.15913690082914
wutu1241	1.05446854040595	1.6854860924492	-1.95372886062659	4.79196310275806
wuvu1239	0.193366920388973	1.88678631027398	-3.71297505941446	4.07723589379805
xamt1239	1.72726679021025	1.86073381761892	-1.37639700307513	5.91124199736826
xara1244	-0.391914268696512	1.84531779701638	-4.38179009926948	3.21077153827228
xhos1239	-0.0515576899155538	1.92199115935005	-3.96573778643493	3.79608738755889
xish1235	0.471893713995707	1.54272410358584	-2.50742506341478	3.65032608028371
yaak1241	-0.466406953131725	1.72018243396064	-4.16648458782365	2.76612511096501
yaey1239	0.282831194694064	1.8141066180693	-3.2768202116965	4.11805254549784
yagu1244	-0.362666570321778	1.78841531168127	-4.251746972456	3.12560498502814
yaka1272	1.21914655165266	1.8650056406336	-2.13375680530787	5.23198135899072
yaka1277	-0.152144959495348	1.90868661171762	-4.11367638504041	3.70208863138444
yaki1237	-0.709291924540123	1.76684125068674	-4.61549304193099	2.62899990088908
yakk1236	0.299606109875879	1.57231553412399	-2.79367601215615	3.63507799577483
yaku1245	0.0637925578538184	1.87779884154569	-3.75657383467022	3.94218292602576
yale1246	1.39466181382485	1.69219297873296	-1.60312897218342	5.05280387976585
yami1254	-0.255987582451565	1.81506338332465	-4.04765375530407	3.33232002210146
yami1256	-1.42003498605027	1.76735278982908	-5.41164985353161	1.66231777999534
yane1238	-0.42647504607373	1.59365055472028	-3.8584893041009	2.54936724116772
yaoo1241	-0.0572483047604421	1.90858334419421	-4.04369359421529	3.74421768156532
yapu1240	1.00004839339203	1.62478006615184	-2.05630447905346	4.42353644170895
yaqu1251	1.30363686891541	1.66062165764846	-1.59677011693557	5.0310756282506
yasa1242	-0.163101202562869	1.85609927207229	-4.00814080745864	3.5405081862518
yatz1235	-0.942102134526911	1.79673823993108	-4.82343544516969	2.38572771883852
yaum1237	-0.187737967151839	1.4651539246208	-3.22506670530969	2.73004212981105
yawa1260	-1.34985685388365	1.79253754423154	-5.27879725243854	1.80537030885566
yawu1244	-0.240235062106272	1.92265633641822	-4.15115522779595	3.62395578731027
yele1255	-0.275099671785863	1.83556499104973	-4.0820880942534	3.33880843423186
yems1235	1.07539695378558	1.61504698358471	-1.79071725976149	4.55804702486285
yind1247	-0.284475097711384	1.83682503234276	-4.08546574289692	3.3391661446664
yoga1237	-0.326606950294529	1.74519443543094	-4.03673891754022	3.04294545366875
yong1270	0.360314211971629	1.54118378558093	-2.54143427207242	3.62256164424317
yong1280	0.345758928488233	1.63214859659411	-2.88270757288415	3.75099388319552
youl1235	0.782895321622081	1.62536890322694	-2.15639604207517	4.34806686787977
youn1235	-0.789557570439361	1.79141471427972	-4.62284901489213	2.45871311253692
yuca1254	-0.304339140969254	1.85513963272875	-4.15657078571265	3.30408684808774
yuec1235	0.236426979742964	1.64839485205809	-2.95036339611129	3.71859462204188
yura1255	-0.834524771425561	1.78480862810039	-4.80442945006758	2.39061471539845
zaba1237	-0.245769014620722	1.82875920991723	-4.1300956603156	3.30583689623337
zaca1241	-1.2805828289428	1.71518202155017	-5.13935388900204	1.6865895266389
zaca1242	-0.988470397578498	1.85287751242712	-5.0717726174229	2.38282936115047
zagh1240	-0.0795684227315005	1.87165108723843	-3.95596168877528	3.62255225166964
zamb1245	0.0675822559361564	1.92459699189678	-3.9159572582245	4.03668746132109
zani1235	-1.13718654121843	1.83992188466096	-5.19162681568817	2.17415376993662
zarm1239	0.348257039637834	1.94933498011097	-3.49340522494771	4.38734201333684
zaye1235	-1.68917759973777	1.78511108868084	-5.70005742156913	1.30673398868193
zays1235	-0.0782551900986359	1.62123165351427	-3.44124011666241	3.14068901957765
zeme1240	0.546536496734974	1.40526453231161	-2.07396587155384	3.50227824472472
zinz1238	-0.0717790901944151	1.95099187465859	-4.12563902557259	3.8528580129033
zoog1238	-0.961783707730832	1.80080481545652	-4.89646480093607	2.35081950944854
