Estimate	Est.Error	Q2.5	Q97.5
abar1238	-2.95602091608006	3.01400349620667	-9.10610634261467	2.95716553323976
abee1242	-2.13169486897768	2.84819297302688	-7.82474956519071	3.35331000564545
abkh1244	7.27101597641758	4.20508390441343	0.0717439753171683	16.2369023266779
abun1252	1.40676876852279	3.6474282804422	-6.01828648307364	8.35221811069827
acha1249	5.95282499806449	2.65684680627499	1.07460608843358	11.6211411309279
acha1250	0.84811592079509	2.91127241294363	-4.7161787845391	6.95392346551173
achi1256	-1.41412769965217	3.36307407082641	-8.31009459924295	5.21907749171959
achi1257	-2.70884843978994	2.81032380666348	-8.40968453979011	2.7166037634424
achu1248	-0.576288713617296	3.25328861183917	-7.05527910185719	5.85914769175016
acol1236	-4.97689492213516	4.92992382610294	-16.5142429355984	2.86916623851006
adan1251	-2.64111057143284	4.56017700795734	-12.4894111206349	5.40264086078496
adon1237	-2.98413330303359	2.81360911156614	-8.55427920589996	2.48947231610551
adze1240	-2.74240171862994	2.77812070984757	-8.2563205098307	2.68638074425519
afar1241	1.60192562260045	2.48083844122532	-2.93709717029577	6.82072160311737
aghe1239	-2.99171622222365	2.97870879823195	-9.02703206871141	2.68962666314208
aghu1255	1.11460321172403	2.89532709637894	-4.60314492463845	6.96745483891824
agob1244	4.464402142969	3.7299403611766	-2.35690254194617	12.3810607171628
agut1237	-3.05459099716204	2.91413613317885	-8.82003953222468	2.66643135417648
aheu1239	-1.78906685267047	2.86466681854172	-7.52803812206228	3.84912118725624
aime1238	4.84310188600654	3.88447829847481	-2.33422431694406	13.2268669648852
ainu1240	8.4597904210112	5.30903206087179	-0.374851066067143	20.3265311345299
ajab1235	-2.1204167222711	2.84175291797708	-7.80592707676086	3.51153560123747
ajie1238	-3.15936190657033	2.81115087902216	-8.73981355433946	2.38888759653381
akha1245	5.26045289374753	2.54326504544265	0.563672197537712	10.5088038899485
akoo1248	-3.66729942406422	2.91627265065941	-9.81559924659019	1.91904801021928
alab1237	1.75127936039628	3.08376789145902	-4.04781315558203	8.10204231742295
alab1254	1.61333948474963	2.49670519447439	-3.07750297734015	6.87095568104295
alag1248	1.05909390653956	2.62850560042939	-3.92577336071646	6.49284357862947
aleu1260	-0.295662001798584	3.42956449337493	-7.24877389067926	6.22693266749785
alor1247	-2.99540643103602	2.84588681625298	-8.689341802358	2.60072717435515
aluk1238	6.85581016205033	2.96411544047267	1.40771489967057	13.0147116857124
amah1246	2.50512019558695	2.80347201013796	-2.78642207250327	8.31214468638406
amap1240	-1.14236356233641	3.7737308992305	-9.06365085637319	5.9740998361247
amdo1237	5.7597186624261	2.62375758694315	0.911501608945798	11.1980335197432
amii1238	-1.13208654732028	4.41340455184257	-10.1848502406556	6.9669512254426
amis1246	-2.81618708507618	3.05491637713332	-8.91468285534833	3.26330398213503
anei1239	-3.1430735982603	2.80271824019477	-8.68863570370012	2.40689760152716
anfi1235	6.21137154857773	2.87018899139837	0.983018604325567	12.4151047080048
anga1288	4.72153058649056	2.61992617439284	-0.198642559159524	10.2034341765561
anta1255	-3.03366314919506	2.88549013922562	-8.71715291502872	2.61935883018013
anut1237	-3.37682204427871	2.82974722605651	-9.05487541553862	2.19113677667145
anuu1241	5.25886432465151	2.82455043670224	-0.066215461542027	11.1582060586391
aoua1234	-2.75159680789894	4.09923197096291	-11.5750754676742	4.42975453552354
apat1240	3.68698021964773	2.59203245829558	-1.21392115603782	8.94270395902614
apma1240	-3.23462733264195	2.84011888787231	-9.04067063369303	2.29833132160484
arak1252	-3.20135789742589	2.83178465496971	-8.83927356219527	2.20634912326936
arao1248	3.14844669979455	2.80860193114851	-1.99724938838481	9.03908505841331
arap1274	4.51077445677315	2.89983100239772	-0.647708140156705	10.7763530963985
araw1276	2.04940166000311	2.88615615768998	-3.33827728549696	8.15341155546314
arbo1245	0.758177429245778	2.51215446912476	-4.0464971308125	5.91655112659353
arch1244	10.9867598227536	4.70952011854661	3.11721028921869	21.4552789914773
area1240	-3.09880853123353	2.83384980171461	-8.75073997621286	2.53606184255054
aree1239	-2.3562667601681	2.79563810510768	-7.91956675554539	3.06131791811474
argo1244	1.75660593949283	2.7225700996267	-3.34818058765045	7.38028838530362
arhu1242	1.18073712490929	2.84521906974048	-4.30580278289011	6.91599076997883
arig1246	-3.03290484693149	2.98523043121907	-9.2743963435852	2.71825531835794
arop1242	-2.49102809102263	2.79787898784569	-7.90586872585615	3.05673131397015
arop1243	-2.75894166975115	2.83724583726261	-8.42260991211341	2.86101304316206
aros1241	-3.09080129562831	2.83250837619691	-8.7118696739656	2.53779846978921
arta1239	-3.18140199780067	2.83137676544987	-8.93881106405925	2.30898608268743
ashe1272	0.33585110058622	2.92643062563278	-5.41295302827468	6.3018880423447
asoa1238	1.13983470008163	2.60102377000642	-3.83672912482243	6.45290317319529
assi1247	-0.28893596553803	3.43105807278175	-7.1575878705662	6.5983892361766
asut1235	-3.86052253149098	2.86954687806044	-9.78664387402551	1.60267787117578
athp1241	5.79696223051834	2.80157718203763	0.575241607865322	11.6275454247134
aton1241	5.74449581875824	2.74186892900397	0.73845712992223	11.5597935754198
auuu1241	-2.44237162335902	3.68354067341029	-10.2556277325026	4.24424180841342
auye1238	3.18758139579368	2.95025143052853	-2.37972814768849	9.21281565523464
avok1242	1.34193918312376	2.58570359064783	-3.58310338887133	6.67085820804605
awac1239	3.8090843967202	3.34705138950741	-2.44946766913258	10.762390194295
awad1243	4.02842045390441	2.82258146488175	-1.17384508341365	10.0809360662059
awar1248	2.33082457024455	2.87240797864443	-3.15152729863874	8.0165643420723
awar1249	-3.80574507101146	4.66562165274923	-14.197231765914	4.38060645682206
awji1241	-1.40551695938544	2.78671087420386	-6.96283786582966	4.11089156290218
awtu1239	0.492657322867124	3.19056982746171	-5.92396915652806	6.74862934498719
axam1237	-3.23724237616768	2.81474900276554	-8.97208931683713	2.19413716385133
axiy1235	4.52787402725384	2.59636581551948	-0.304239961585016	9.90270778850293
ayac1239	3.89063235879227	2.93736797265544	-1.60961793732667	10.0224709294916
ayiw1239	-2.87318550071306	2.83970441420306	-8.47308103817107	2.81555004446997
baba1264	-2.98171993087313	2.95836462701291	-8.99964403287415	2.6577113283414
baba1266	-2.99535547039079	2.95592976478721	-8.91728378977635	2.5680306287962
bafa1247	-3.66758736506483	2.92571933357594	-9.61103853823094	1.91752695880304
bafi1243	-3.61771793248965	2.91115098708498	-9.48597671975318	1.89595196582204
bafu1246	-2.99398830702797	2.95142508980049	-8.86291782043917	2.67300069232554
baga1272	-0.316147358648473	2.66928610606997	-5.45417534740653	5.02772182551071
bagi1246	1.03736523005297	2.48426053430894	-3.85882744563104	6.02813821116904
bagv1239	11.0297106267755	4.6941684700616	3.25403151328594	21.6470772202829
baim1244	5.74597785800475	2.61453039780979	0.84654151286328	11.2221870870823
baka1272	-0.252713421891666	2.54799747008815	-5.15735815440285	5.00626179222402
bala1311	-3.02477018500969	2.91685759131348	-8.89725695451062	2.67713387474246
bala1315	-3.03812164993497	2.88459287995993	-8.79458128490872	2.72843500446223
bala1316	-3.15719014203678	2.80208766961284	-8.62314457104952	2.37659641303563
bali1278	-2.63824753294759	2.80605581218423	-8.29250980335606	2.85680834516402
balu1257	-2.91584098892694	2.81909629602055	-8.68530931372447	2.55922602886724
bamb1270	-2.93576763677905	2.90165506040016	-8.80274041264852	2.82830196717063
bamu1253	-2.98363274205642	2.923024297645	-8.903886094319	2.65889656431256
band1344	0.111808636026698	2.53770974240946	-4.702762009406	5.50748876252599
bang1354	-3.73814458511835	2.87307616041508	-9.53507761905623	1.76410548580284
bang1369	5.18309427147183	2.83678755036051	-0.226052868976438	11.1795246003457
bant1281	5.64535724220651	2.81319026303036	0.440875246115956	11.6248997051113
bara1357	5.83734524933143	2.74950138940822	0.744189136070591	11.6731985000336
bari1286	-2.73304572707388	2.8251504447487	-8.3912198622597	2.90171158035108
baro1253	-2.74827674700939	2.81170991359345	-8.37592090775559	2.80774779306781
bash1264	10.8130775041652	4.47470587417288	3.50775887945692	21.1488266737285
basq1248	5.1078441122817	4.03295045514103	-2.02717360053197	13.8437126199105
bata1285	-3.6763217465534	2.90722472309461	-9.78270214641136	1.85428545994998
bats1242	10.9613484975087	4.69917208991318	3.14111121465685	21.4309020705822
baur1253	0.468594794044936	2.97029546817814	-5.23779924022069	6.47919539751469
bawm1236	4.10801639997218	2.64289632042716	-0.835485620584804	9.6020548178627
bebe1248	-3.59735895469595	2.89422155166302	-9.64357945189012	1.86757487196029
beka1241	-2.95045064140589	2.82524551009513	-8.5714021829341	2.71161345978373
bela1254	0.948322527384275	2.56561991335543	-3.93714710459522	6.1498603114294
beli1257	0.988396342408341	2.56716564775636	-3.8837330562233	6.28881036220466
bell1243	-0.649504361555589	3.32452373497737	-7.4356972448673	5.91074179801201
bemb1257	-3.75134382824271	2.8219663795416	-9.37940007990442	1.56520324430316
beng1282	-3.68490277327559	2.90789102598515	-9.75876878893377	1.83300576957606
bent1238	3.1605833240054	3.13266112249577	-2.79879994416993	9.52998825883684
bert1248	-4.15861782649308	5.81858550451828	-17.7950177145791	5.28126518822979
bezh1248	11.0161907375728	4.68892318830859	3.14065905500878	21.5891314922947
bhoj1244	4.49702666537137	2.75155893645262	-0.684681901989197	10.3530613501815
biao1253	-2.79299489916557	4.04739691554266	-11.6883760570884	4.30514505284402
biao1254	-0.256713902131017	2.93427202688433	-6.01604418801914	5.51644753529609
biao1256	-0.0357778459853664	2.89451349483771	-5.66537582886726	5.82234469424591
bier1244	-3.22286786270653	2.81124543477998	-8.84479919197413	2.14162345112283
bign1238	-3.23763203554591	2.8237295956685	-9.02300653654597	2.23807907938284
biha1246	-2.74186111533055	2.82129176407323	-8.36103803397759	2.87469544746146
bilb1241	-2.77115781190786	2.82228334851456	-8.39149537372491	2.59765015546347
bimi1240	1.91673155366548	2.84200178352861	-3.49488925825682	7.75245242631334
bini1246	-3.06329928956788	2.96058232101295	-9.10071442848181	2.55245612971074
bira1253	7.87031762076962	4.66842086261075	0.125922601636131	18.877558296908
bisu1244	4.74041759056141	2.55277459717718	0.0034218685472495	10.0560728535081
biwa1243	-2.86057880899792	4.27284236121149	-12.1420695469922	4.79449103241219
blab1237	-2.86945471434537	2.78060843537186	-8.46744452626833	2.61540550976716
bodo1267	1.94426432041088	2.73908135223359	-3.17046188147206	7.60794082516156
bodo1269	5.73930793860626	2.77143509798841	0.636198025234777	11.5897626284035
boka1249	3.56306899825165	2.5885114733941	-1.42777396109362	8.79693630628288
bola1250	-2.71521465579871	2.81542598863964	-8.27084848168433	2.84507595339422
boly1239	-1.86772243836802	2.86404301888913	-7.52856451660074	3.6452992389575
bona1250	10.8850640717037	4.7420833793913	3.0819587563446	21.6210603220815
bong1289	-2.93987244416765	2.86020269773662	-8.9232738216568	2.78466475277182
bora1263	0.0631312304068101	3.46065310783404	-6.90391792180403	6.70450069819427
bord1248	0.311429025565159	2.8726018188558	-5.24368048381752	6.09680288041515
boro1277	6.22248748079305	2.87766355688906	0.939953744642044	12.3491016461598
boro1282	3.82293305502216	3.30086068873593	-2.17869186176723	10.7866099008682
boto1242	-3.15481504534997	2.87732913880844	-8.94018569158112	2.50656010837704
boun1245	2.56170719525232	2.8376675060639	-2.88455211892463	8.42740878144429
brah1256	7.04665413741775	3.18441155594019	1.26656739196839	13.76554667625
bret1244	0.0834064901771499	2.76282168395925	-5.24744121497787	5.6306388701394
brib1243	0.416631160162111	2.89874968438008	-5.20698165677789	6.25038048323873
budu1248	11.0292486148595	4.7168226794061	3.09120554043147	21.6148850567168
budu1265	-2.04555672763583	2.85196088556771	-7.80241456293342	3.45331503328868
budz1238	-3.710754113987	2.88767641539667	-9.60299958366184	1.7942637886728
buga1247	-1.85842578279686	2.85459127425396	-7.51213028575923	3.69283101109626
buga1250	-2.71193693398966	2.76568113711586	-8.1510630563788	2.74376364291403
bugi1244	-2.93958442666251	2.90228317783842	-8.7773963016539	2.79231219376614
bugl1243	0.326130532723818	2.87015144141066	-5.2201701412773	6.04350555164785
bujh1238	4.98787737976302	2.65031555048656	0.00810401906867911	10.487953723599
bull1247	-0.788400466884543	2.69467698665391	-6.05399142571835	4.59843696080924
bulo1242	-1.78256679408494	2.83910618369526	-7.47187853323446	3.8272830554616
bumt1240	5.78472097533631	2.69334604827083	0.732284674292376	11.3152202902981
buol1237	-3.09199552137153	2.8776071752012	-8.81246965475218	2.50208359667141
bura1292	-2.03193531336838	2.83561732302097	-7.71067527868285	3.39536304425917
bure1242	-1.98042218550633	2.84285056840114	-7.79014943896174	3.39859198835565
burj1242	1.79343321399274	2.52639755683	-2.84092421867033	7.13114482108613
buru1296	7.69054075265131	5.01061088115711	-0.76757582671738	18.9048756031142
buru1320	1.04635103639217	2.63983716034045	-3.947861079888	6.56697102089154
busa1253	3.28996572564707	3.1921273561255	-2.72085133393736	10.0123655106562
bush1247	-3.69781669848832	2.95081263398921	-9.65197706897715	2.03063470653614
buwa1243	-2.00380242105209	2.86830761511828	-7.79247299669603	3.57776548076939
bwat1240	-3.1528065432942	2.82006237300907	-8.67672409964012	2.39951187573189
byan1241	5.80533282500376	2.7273406855642	0.786407495656578	11.5488947068466
caac1237	-3.17048882785597	2.82713610493693	-8.88905952648874	2.32650169776208
cahu1264	3.45978540171028	2.83138034750773	-1.7342043645222	9.53928652629231
cakf1236	-1.95151459074513	2.86871339361324	-7.78589677005165	3.57787348943395
cane1242	1.36922411312598	3.096073993481	-4.60289528698992	7.74693298375601
caom1238	-2.78530005417421	4.05893542582001	-11.7002547911769	4.33751437555527
capa1241	3.30677821895504	2.80985881580838	-1.93422163002965	9.15108454492746
carn1240	-1.85827053354992	2.88919484533264	-7.60286263573873	3.90699591720287
caro1242	-3.14242267396324	2.79057166262166	-8.77232880802774	2.34404569278942
cash1251	3.33969808561423	2.83559273329437	-1.84200980225743	9.3358017244148
cavi1250	3.44405528308705	2.87260898022039	-1.83731097228883	9.48085955387965
cemu1238	-3.16481721485882	2.80375200409202	-8.74587632542085	2.33451769026408
cent1989	-1.84184310151943	2.83250424135008	-7.49689234167029	3.76787665308688
cent1990	-1.84846621068071	2.90179258699267	-7.70342472249174	3.87321841658018
cent1992	-1.79071716168298	2.83271753911115	-7.43911753326174	3.75113782578337
cent2004	2.72327727344213	2.67682065498636	-2.50655557223104	8.04784875595087
cent2050	-5.81458504895226	5.55810980056033	-18.6346979455972	2.91077404196045
cent2090	-3.12972003816084	2.87396225524734	-8.91373942893989	2.53177180537307
cent2127	-0.270667504064145	3.36728787342824	-6.96427728601456	6.16206032799758
cent2131	3.92069390758117	2.82109327816242	-1.28787260914483	9.94063057180208
cent2142	-0.849038753125891	3.260761640678	-7.47584248066512	5.47556814955064
cent2150	0.786032724111813	2.86724459860177	-4.70948389267334	6.75650074813708
cent2292	-3.20196098126122	2.84160215403995	-9.00092706528373	2.38759629987729
cent2314	-1.73414034062397	2.87252560107306	-7.40523842535678	3.8807044678642
cent2322	8.32841577038319	3.14290610798282	2.55808312755539	14.8879008459279
chac1251	2.62911527184902	2.80067048269358	-2.4697515161794	8.50838023547916
chad1249	-1.32253715510467	2.61594759480875	-6.52277510639908	3.84190154703311
chak1270	5.87204398322406	2.71472294189778	0.943082161094781	11.5949678578178
chal1275	-1.13829530592498	2.70663038885986	-6.53327635904587	4.21693169597154
cham1309	11.0462440787458	4.71990666837225	3.13826020224605	21.6222613596241
cham1312	-2.98231191960003	2.88053978457476	-8.73946224522927	2.63234026090632
chan1313	4.22818235554635	2.696831528645	-0.923850566854223	9.70419233750684
chas1234	5.98285731206163	2.64291547258043	1.18909916069765	11.5963265525662
chec1245	10.9851512546135	4.71926831174159	3.11447988723115	21.8154125038871
chek1238	-2.87706813950546	2.79147779447828	-8.60221673828651	2.71115997569365
chen1255	7.04686165938447	3.02711905043614	1.43731888489971	13.3196295378594
chep1245	4.81006945720128	2.63977673843109	-0.25166115650581	10.3082735610281
cher1273	2.5152616895448	3.13160267665756	-3.47230107192429	9.03747233911672
chhi1245	5.77760866585849	2.78342292070454	0.636310921112985	11.5951237738678
chil1280	0.759973141833447	3.04276541212695	-4.96774929633168	7.1464860594462
chim1302	3.7837131740675	2.90625968636478	-1.48294415262114	9.92603200703749
chip1241	3.7338058824563	2.79887119389117	-1.43777878724346	9.71358280355558
chip1261	0.762642675636201	3.00584608434752	-4.92895915480495	7.15789285991184
chiq1248	0.219823835541274	3.41977189122152	-6.60116114986957	6.90264916687325
choc1276	1.68570758787237	3.12693689095341	-4.37421552985091	8.1857009515225
chon1284	-1.74400580986596	2.87666873743598	-7.45517168923891	3.84125308971768
chot1239	3.85935752145089	2.66297810279459	-1.33392838101075	9.2868757646403
chra1242	-1.78680295701525	2.82339133588381	-7.43350085014532	3.77390980062033
chuj1250	-1.45199484756045	3.37341080299352	-8.29997896131418	5.29652216150904
chuk1273	0.53604967270355	3.68677892289608	-7.06397257351257	7.68646156698314
chuv1255	10.7898387586777	4.49704808575325	3.29663069462099	21.0133663825285
chuw1238	-3.84330874923643	2.82661024082244	-9.73517859578019	1.61827868697369
cici1237	-3.07382742701564	2.96674986855567	-9.16836250500924	2.50039921333152
coat1243	-1.60948530012306	3.36209174391209	-8.1757792390956	4.96152694962722
coca1259	3.1327289798245	2.88132288809108	-2.25131172218758	9.2553395485672
colo1256	3.79225515702956	3.34945199935573	-2.52039581516765	10.7084750605896
colu1241	-0.751811003727228	3.25795085597473	-7.18389348280769	5.66482631661677
coma1245	4.22253883031047	2.84812029434829	-0.861304261169153	10.298884389733
como1259	-0.70255057421327	3.32081587276793	-7.39808580699052	5.95410251141915
cong1236	-3.86337789776689	2.84729592666175	-9.90179368104801	1.45770881451013
copa1237	-1.49556104058178	3.34112778141686	-8.07819982290401	5.10284243427405
cori1240	-3.01663601814455	2.96732247324814	-9.00713792258835	2.67431226010352
cors1241	-0.4779077466006	2.66315332694442	-5.84019114955884	4.81532685681851
cosa1234	5.19068532060744	2.56767854991426	0.400192614109502	10.4719922485216
cree1270	2.35453613812644	3.05472488671022	-3.34726882452906	8.67072348847031
crim1257	10.8077993457145	4.46046570724039	3.49998047514668	20.9540800501719
crow1244	-0.35742490884092	3.38599925335335	-7.20061982618869	6.46658917248559
cube1242	2.51408488207777	2.93594987473345	-2.8782019913413	8.60378881092474
culi1244	0.360305180418729	3.52704122842085	-6.67889749782556	7.19586125040708
czec1258	0.599191849004438	2.56442500867264	-4.3321509252033	5.86003381276518
daai1236	4.86138178450126	2.64999386258879	-0.0935068689219734	10.3609081015715
daas1238	0.758719606300336	2.4885348763486	-3.89729453381049	5.88111532937606
dagb1246	-0.689283128804184	2.64092339584913	-5.88700472064509	4.72328877472829
dagi1241	-4.21131850348751	5.66608228097687	-17.1939788287168	5.24684704741366
daka1243	-3.19489979960081	2.82458993668967	-8.87048203461057	2.25374153498864
damp1237	-3.06030950540946	2.85840202383031	-8.71046494253958	2.61384327898952
dana1252	-2.03781160821368	2.8496113074251	-7.75992858792459	3.51625224373586
dani1285	1.62165812104338	2.64782030713939	-3.2954612952393	7.01467951596724
dara1250	4.51278629518703	2.74707612465892	-0.594972243540452	10.3063190692583
darg1241	11.0008426454082	4.74551902733995	3.10098035119849	21.6912988219473
darm1243	5.79824622375263	2.71919817162446	0.777833459939084	11.5204701247897
daur1238	10.8847432310879	4.74571456843906	3.07709321847188	21.6813480200465
dawr1236	5.59490559991667	2.79265781254833	0.506064645608285	11.6799200868743
daza1242	-5.8330602507439	5.52418076912861	-18.646102786494	2.92733659093577
dege1246	-3.04052458562376	2.96070660818817	-9.00097621785082	2.67305522179629
dehu1237	-3.11547466982987	2.80112867304568	-8.69449464025137	2.53721265757761
dera1248	-1.95300606674247	2.86072695606461	-7.74247536473987	3.57037909358462
desa1247	2.78903297817749	2.95276623606996	-2.60992976335481	9.01341149295804
dhao1237	-2.94509573193497	2.84840789441566	-8.61053307222794	2.69257984053172
dhim1246	2.73992332370471	2.72749574467741	-2.70011333911667	8.18638227074815
dido1241	11.0096254196797	4.68130448041456	3.18866605567401	21.6047308019296
diga1241	3.2603595290623	2.62943935012626	-1.67448157985649	8.60002703480123
digo1243	-3.86913127413678	2.79840829294614	-9.44350325435641	1.45864788092304
dima1251	5.74754323388103	2.78454838216059	0.573830889396842	11.5693027206143
djee1236	-0.39533411071809	4.136831028604	-8.90014275197192	7.54012249660535
dobe1238	-2.91280689632216	2.84273235472839	-8.51278890334761	2.60553156916611
domm1246	3.08950918414069	2.92095443199762	-2.5532887507327	8.96277585646233
dong1285	10.8798395360633	4.74146758007261	3.07179066106322	21.6177693757645
doro1266	-4.01174525658558	4.14806768890464	-13.0721641522697	3.31329211222239
drun1238	5.28585205696695	2.79913473996354	0.16379376476925	11.2288778380232
dumb1241	-3.13790096887641	2.82018975098453	-8.8142071017479	2.41081355898402
dupa1235	-3.20141941947356	2.85787961253675	-9.02929288433345	2.24447571278137
dusn1237	-2.61098934776515	2.84991818750812	-8.21828939973468	3.07415852538205
dutc1256	1.68501644880409	2.66388154154348	-3.28628007475855	7.0599711006243
dzao1238	-0.303984545210631	2.97398864830414	-6.15329660693027	5.6264107320782
dzon1239	5.76008855185753	2.62468740770344	0.818992432584094	11.2437379994569
east2328	8.13622645528691	3.08869311719574	2.46634716658539	14.544076874263
east2332	-1.92813015778297	2.79727167124447	-7.61951623098335	3.41216919933191
east2342	2.52983570443254	2.65835594801174	-2.62375515978159	7.82534875328132
east2443	-3.20315253931872	2.81555099156752	-8.78935158470239	2.38700997492793
east2516	1.94277672725283	2.90195839841223	-3.577606149138	7.81177375856052
east2555	3.42358699254026	2.93469276249922	-2.03553207382381	9.58899108452597
east2690	-1.33695106994741	2.60711931489263	-6.49090309585665	3.83595453076442
east2773	5.81620675848545	2.75009561428897	0.672894576713826	11.7058384312984
east2782	-3.68722952740907	2.91831142846182	-9.77860618791825	1.83848692276869
egaa1242	-2.11236033179634	2.91409401210329	-7.7553587281379	3.78620964628503
egyp1253	-1.31628068791004	2.60313822623227	-6.55117053788956	3.80990061353556
eipo1242	3.41111697829447	2.98902112221078	-2.32803553377868	9.53480778198598
elem1253	-3.0684323660907	2.93671435295334	-9.106513424081	2.63557639979978
elna1235	3.44570081680156	2.81053584015447	-1.67079120756437	9.38948616559547
emae1237	-3.36970838719033	2.79046246284207	-9.07739562346858	2.14422427067775
emai1241	-3.04735144555707	2.98186911346589	-9.25521284649244	2.58757892668093
embe1260	-0.71961124088062	3.27962462912709	-7.43905999190966	5.69657756994361
embe1262	-0.727031946596399	3.28713616328624	-7.41729524143828	5.64381575109718
enap1235	4.52293556692128	3.01889129886614	-0.965254629302471	10.9845119475465
enuu1235	5.12885328383572	2.56359801216521	0.330469328315148	10.3920626661532
epen1239	-0.722597425493115	3.27822179983781	-7.35462557188332	5.78383316937044
ersu1241	5.35569493805556	2.67973192196593	0.398427430683741	10.9309699374915
erzy1239	8.07555676880807	3.04703734627019	2.56747219340044	14.4361884460625
esee1248	2.90174944152611	2.81894331662748	-2.1705560169882	8.75940586007351
esim1238	-2.890043200496	3.01960834702609	-8.99794142119274	2.95194334569016
esto1258	7.62449191509268	2.90529362904785	2.26701773730422	13.6649198243895
even1259	11.0000563574025	4.75473392557498	3.05283481984819	21.9029502098216
ewee1241	-2.15023975966859	2.82515359065464	-7.92462564259967	3.37889591463292
fare1241	-0.680519644511899	2.65923406858888	-5.83394015698208	4.68760416830121
faro1244	1.2120132186998	2.64430218493834	-3.83938015817249	6.55622404450759
fiji1243	-3.34813096248174	2.8104889373212	-9.00086635846926	2.1901333085126
fina1242	-3.20202422603007	2.83358616640508	-9.00366957176175	2.46139457266396
finn1318	7.5487327526064	2.88686894608859	2.27844879735945	13.6428249908249
fonn1241	-2.13874538351725	2.85668617968713	-8.10982855544525	3.51257638455596
fore1265	8.46356649030414	3.26198355448438	2.62954146866954	15.4185585061576
fuln1247	0.0546822790712054	3.47770784335764	-7.02656094085362	6.93180061620556
furr1244	-3.83425247706263	5.79428798236308	-16.7855712871045	5.80295931317069
furu1242	1.41451409898588	2.45400529942606	-3.20350431822797	6.47167692878426
futu1245	-3.37263150330166	2.80780863508063	-8.92641290044743	2.02313069943722
fuyu1242	-4.88087862572211	4.41928876087088	-14.5256575130653	2.74021692935371
gaaa1244	-2.12014368057057	2.84751534480519	-7.84030368842033	3.57930794761997
gaan1243	-1.99836327476632	2.90034686853216	-8.04078019175782	3.51948574022373
gaga1249	10.8170292713666	4.44768646681581	3.51493761739063	20.8995628255472
gahr1239	5.84431302881747	2.77302592736082	0.757626043679869	11.7170024117915
gali1258	-0.641429642742207	2.6259863262322	-5.75597137104668	4.70716663054093
gali1262	3.75004138313904	2.93870370650619	-1.70744643869085	9.91679890094294
galo1242	3.75809402105966	2.59812418456352	-1.16489738908058	9.13545531042725
gami1243	-0.415308406942125	3.82383701853885	-7.95954597549882	7.14382712774915
gamo1243	5.59864007457425	2.80559843275324	0.496067681710055	11.5217675743312
gang1266	4.17353551820662	2.62483324705034	-0.851219575594472	9.54206560737303
gant1244	0.303245500371121	2.94502730720079	-5.50352762753342	6.05453818777391
gapa1238	-2.36605830647993	2.80029460924552	-7.94694296242236	3.17568790964445
garo1247	5.68337612279507	2.76311016416056	0.610308149214845	11.3860234366087
gata1239	1.91047407708887	2.75171019776027	-3.34917279053442	7.69922161954747
gayo1244	-2.9560103296958	2.85191956026177	-8.56111885322995	2.74025944789514
geba1237	2.53598762167969	2.66921250073815	-2.66687461085039	7.73548220517651
geda1237	-2.78400085740258	2.78993637633219	-8.40118970271499	2.65717917926092
gela1263	-3.06248535504033	2.82652980890865	-8.82427062412219	2.49478887385885
ghad1239	-1.27831829888733	2.81244621443191	-6.88325801058599	4.29552411310962
ghan1242	-2.82569173776453	2.81230363288378	-8.44899159801873	2.81908436807032
ghar1239	-3.06234982182539	2.82126789869508	-8.64103650633926	2.50049497174525
gheg1238	0.771316570722601	2.76295421912638	-4.60463544846726	6.19851810790303
ghod1238	11.0216356688987	4.68720785009391	3.15380582967358	21.569055370382
ghom1257	-1.09003704822529	2.84869252672951	-6.84262209801696	4.47747081311543
gilb1244	-3.06550718137212	2.80450542293939	-8.62773485512384	2.33586192693557
gily1242	7.04666411833547	4.76263353456799	-0.969822851701749	17.5993349597285
glav1244	-2.02450122107291	2.85542272752629	-7.88170516198838	3.49754920194958
gofa1235	5.57670812267977	2.78984807287623	0.4631048669044	11.5003665023382
gogo1265	4.31219973970061	3.89855334113048	-2.85952922750105	12.6565328343033
gola1255	-1.26834589031135	2.80866994760257	-6.88228997303278	4.32807649036228
guah1255	3.07959376904397	3.25217593616675	-2.85233304263089	9.91962165980647
guan1266	5.5317212651474	2.70640397865037	0.439806863792136	11.2699742764825
guan1269	1.88418007013359	3.01024186046722	-3.8113457987209	8.02648043275024
guat1253	-0.239844842559178	3.47946514384287	-7.26043772799332	6.61010534528563
gube1234	-1.59905070973253	2.88627301323972	-7.28971820305376	4.15695276659103
gude1246	-2.00677502008439	2.86617236751195	-7.80570218039322	3.45581098355412
guer1243	-1.49787974718972	3.40263277836994	-8.1099151279858	5.39581079408345
guiq1238	5.3433478697674	2.68102056885397	0.332436653530933	11.0388966145651
gulf1241	-1.31023141333569	2.63444929076318	-6.56721243192812	3.8299223523436
guma1254	-2.33908837003314	2.77975603526317	-7.81049882713177	3.16647717476965
gumu1244	-6.1155142684699	5.81112831393997	-19.2945296574978	3.23730982384931
gunw1252	1.30007949080882	3.87985264987726	-6.50623945749961	8.81906737156041
gura1251	2.00472547207947	2.71422328796815	-3.14739695478062	7.68271891189133
guru1261	5.3979117155801	2.62179133985634	0.4654162096298	10.7478771864305
guru1271	-1.90548102204923	2.88080601873711	-7.64441973993641	3.64854895153313
gyel1242	-3.6445664294971	2.8959960739552	-9.5125382987216	1.74142383350992
haaa1252	-3.83676133894625	2.89804855447107	-9.88220834238545	1.72014924874746
hadi1240	1.30733556616724	2.48798531974025	-3.3658771938762	6.36718358437222
hadz1240	-4.45052842099783	6.13037761233178	-18.3183827507029	5.4906762293021
haka1240	3.82618203210419	2.62669673028826	-1.15244294462086	9.17205733293138
halh1238	10.8757454873486	4.76346526509705	3.05225030340512	21.4947132874496
hali1244	-2.84431942781413	2.79270746300349	-8.45137081268676	2.60835666963103
halk1245	-0.704302847430379	3.32608965295655	-7.29587284035314	5.92876445011382
hame1242	-4.53781490799595	6.00733716700722	-18.1211659626805	5.34232911684
hang1263	5.98368769840151	3.73648434104715	-0.585989682238671	13.961866025944
hani1248	5.25822172939103	2.5561686200067	0.619993956892285	10.5902209293593
hano1246	-3.20172448849236	2.83708197119073	-8.77234527357911	2.39187540428189
haru1245	5.94312184890107	3.68322615420893	-0.727487465390382	13.6886092238466
hass1238	-1.34535206934027	2.62773196573082	-6.62138952838996	3.86377176290218
hawa1245	-3.39997607914243	2.79235392396894	-9.07316642789131	2.06103548865427
hebr1245	-0.839004250417411	2.7506364807338	-6.29718213949331	4.67549337906325
hehe1240	-3.83058619896538	2.84587963795253	-9.70541028214428	1.55486555145224
hela1238	5.58013401862	2.56672128985415	0.863825095010395	10.9441427534199
here1253	-3.73687464708739	2.87413488811487	-9.66331090773781	1.80173924129636
hida1246	-0.352794935538913	3.36657033285911	-7.21709368885475	6.47199920860855
high1276	5.05370869694645	3.19626551945801	-0.796847314737365	11.945304800763
hind1269	4.0667095149879	2.77650779746677	-1.14088702365273	10.0004543597005
hoaa1235	-4.3964081013543	5.94518689480023	-17.9404559366683	5.35255593301635
hoav1238	-2.85771182409443	2.7801395622539	-8.39013880601227	2.60206127663604
holo1240	-3.807714631063	2.88312153194194	-9.67488660789844	1.60494844138303
hone1235	-3.0463582138161	2.99062044551287	-9.18314916044734	2.71577516573639
hooo1248	1.61026373563891	2.73888561423124	-3.5949852793368	7.15479184507404
hopi1249	3.82234110342525	2.88058087577049	-1.40820118909125	10.0504582595325
horp1239	5.51497851652779	2.69482947943345	0.491300039225412	11.2087252184204
hual1241	3.88790343517065	2.95529553247864	-1.61333717853618	10.1366243326768
huam1247	-0.581397074809095	3.25070778280754	-6.97338183758328	5.74255004887033
huar1255	3.83791226175877	2.82348775784195	-1.36858719262924	9.93958831485779
huba1236	-2.016078301916	2.84986756496602	-7.91019017476279	3.51132360598818
hula1244	-1.14823310000539	2.66975366207233	-6.52548843887258	4.18835322994734
humb1243	-5.9164794658386	5.56002774904197	-18.6145414204452	2.80187723755087
hung1274	8.27802113277443	3.15110400048517	2.6073360018444	15.0440264575487
hunz1247	11.0077733646565	4.70485373032722	3.22135416350727	21.4571478660615
hupd1244	3.37994185752419	3.31940665889665	-2.63216305818214	10.4598394525888
hyam1245	-3.01505112277119	2.96909125095824	-9.04871669891756	2.7645701706305
iaai1238	-3.12500324517368	2.82004334674794	-8.68706669000917	2.53783448168551
iatm1242	5.95676763285342	3.73594938772035	-0.748466748671646	14.0725481355064
ibal1244	-3.20644550793953	2.84567440615915	-8.83812953930944	2.33680218523717
iban1264	-2.32286791552737	2.77224812551165	-7.77013094533566	3.21556615347997
ibat1238	-3.2169385426999	2.85142358316518	-8.93560194421478	2.3308893045126
ibib1240	-3.04396980825493	2.94750612883094	-9.16440173649438	2.60542042919724
idum1241	3.68087934198125	2.64572450068328	-1.41282078368061	9.20218411362645
idun1242	-2.35822756659129	2.79957481227104	-7.90503420805048	3.15343564790641
ikkk1242	-4.70483569981454	5.98238215062843	-18.04611063024	5.03379330067999
iliu1237	-2.95458196369491	2.81764617297324	-8.53097467186235	2.69958709913383
ilon1239	-3.19117578267855	2.83648110999267	-8.96474025428116	2.3849853730832
imba1240	3.776478134362	2.91877030730616	-1.45871618211311	9.98504993137665
indo1316	-1.76604493338372	2.71022804795831	-7.18285850081896	3.63327811726028
ingr1248	7.39073341303053	2.85654013267925	2.18367187937416	13.4788776080403
ingu1240	10.9815240931277	4.71121275482033	3.16507262099966	21.4346458859086
iris1253	0.135589594401023	2.75660678851134	-5.26174753811102	5.74895376503726
irul1243	6.66107419487893	2.95530999922312	1.23185794303684	12.8786403145768
isco1239	3.15452656715432	2.81412008850419	-2.07250654725878	9.07602619572552
isin1239	-3.2120611247202	2.8692963173509	-8.91516940280518	2.42805002247882
isir1237	-1.31191877506338	3.7327921898785	-9.2383853669285	5.56025201575615
isna1241	-3.20922730087354	2.82835549050892	-8.97632450780061	2.2653216547707
isth1240	2.3622844421702	2.77152243009315	-2.86941012612922	8.18457109591755
ital1282	-0.525978482431592	2.6519754107837	-5.54910459404234	4.8510836984203
iton1250	0.152000306907999	3.45418517099712	-6.89004053209415	6.84407927617529
itza1241	-1.40869518095297	3.34769509538036	-8.15731766355386	5.10470090244829
iwal1237	-2.76078946351585	2.77361877516059	-8.14195668453778	2.80191989758423
iyoo1238	1.08002766753473	2.92579951076091	-4.72825186153889	6.98912586054622
jahh1242	-2.04548588984693	2.86410305492501	-7.70951638653212	3.47936984372331
jalk1242	1.83220938806144	3.13107313115867	-4.32137002672957	7.98576808432647
jamb1236	-1.90339802861365	2.71052758185067	-7.36348090338226	3.52549232221922
jams1239	5.48699995310855	3.15721663413778	-0.23354765944124	12.134789679255
japh1234	5.54628386967591	2.65685189917382	0.542298785019787	11.1285270104476
jaqa1244	-0.826637881548374	3.25582759292214	-7.35764526656573	5.52958172936064
java1254	-3.02426798247628	2.89885486067349	-8.60913472068837	2.6833350401167
jede1239	-2.05774714410756	2.82964842754457	-7.64791740717228	3.34924331929594
jeha1242	-2.05372625479586	2.80754156688756	-7.63748578953625	3.40542882848727
jina1244	-2.03296613430248	2.86018264092278	-7.80579915799249	3.46562369804763
juan1238	1.95345894749669	2.73614518006868	-3.15912187217903	7.61236337898484
juku1254	-3.03921093284388	2.97281970403393	-9.03088582430521	2.85168864683897
jurm1239	0.98112940326318	2.56557302457747	-3.85296082750497	6.19154735432574
kaba1278	7.27561707738177	4.19202157748583	-0.0393623866238005	16.1010650726537
kaba1281	1.01356175825403	2.47690960486432	-3.78709710323642	6.10633085115786
kach1280	5.87306602706421	2.726005211964	0.899808387304696	11.7080789926721
kado1242	5.88956477315999	2.68892124567657	0.933928140246261	11.4714034630919
kafa1242	6.14472281650101	2.91532328141334	0.87147461787596	12.560162263273
kaga1256	-3.13073321215607	2.8672721089012	-8.92457983329561	2.48074794955047
kagu1239	-3.84858534684671	2.84068342390768	-9.58530890516431	1.57552524976181
kaik1246	5.63423899029343	2.668885280775	0.626759375006588	11.1599458237076
kaki1249	2.93883287844338	3.72130816909818	-4.05233503402275	10.5985377705926
kala1384	-3.82308507814721	2.91965479696782	-9.8566438255406	1.68406646243602
kala1399	-0.243459102402641	3.35415280520755	-7.04039296366713	6.35725254079565
kalm1243	10.8800615871754	4.7511332991136	3.1625004487312	21.5953911984453
kamb1297	-3.85001764146565	2.8392910422209	-9.70278357908992	1.564781955457
kamb1299	-2.96939043244989	2.82775740443398	-8.59127684549636	2.64949292542746
kamm1249	-1.3666725167678	2.86383348760981	-7.00418469549341	4.29305060590064
kamu1260	-0.865496070453868	3.79101064424126	-8.83606610003813	6.19997800489503
kana1286	-2.80283393353557	3.09753688628689	-9.22720799433096	3.32514924831072
kana1291	-0.0471844014998463	3.44841560322895	-7.08939395568125	6.63016290800326
kani1286	0.754039251361673	3.00502400094527	-5.23296229947286	6.50137518171524
kaqc1270	-1.41794217716385	3.33970511956971	-8.31396470051593	4.97265208630726
kara1486	-2.74254767848444	2.79157896824818	-8.36185065611686	2.74000649083295
kara1487	-3.22022684662518	2.86096113544528	-9.06502123807637	2.4024831705918
kara1500	0.785281572369392	3.23451483420713	-5.5226993317966	7.29259454448969
kare1335	7.42145199459577	2.87293246471452	2.15517134154642	13.5007424733398
kare1338	-0.944447210810841	2.67029954252022	-6.19670885776769	4.56908819671336
kari1311	1.78811381537074	3.09246858530621	-4.0913440234366	8.06658112356827
karn1252	-2.7573897783491	2.81507375732195	-8.41696541077151	2.71651621006207
kash1277	4.16919687644869	2.80393529964005	-1.03203866019759	10.0999954806432
katb1237	-3.24031388307926	2.81671400943343	-9.00192804096986	2.17688585099329
kats1235	5.53174442362019	2.62983655387026	0.630408830675792	10.9806664708298
kaya1315	2.50832943320599	2.6846399757977	-2.66838609457939	7.88245624952884
keap1239	-0.192587511446827	2.73517365112743	-5.34823137044121	5.55085173463252
keig1242	-4.19366127932162	5.93789132464974	-17.4177755761901	5.5844433349125
kele1255	-3.64996527670701	2.9369128968139	-9.76462288785952	1.89964019135755
kele1258	-2.89942455934143	2.82108727313515	-8.65257837409449	2.56721670017434
kemb1249	-2.93684191151365	2.83032653438294	-8.5270430106129	2.71382967309295
keng1240	1.0240212105237	2.49111986713393	-3.8024128915618	6.01973570567558
kens1248	-2.0547312305689	2.83103107349865	-7.66702344154548	3.51413615804507
kenu1236	-3.82491038776134	5.84605857930238	-17.0361309107164	5.65801307300144
keoo1238	-2.96066061414831	2.82496879620034	-8.5457175518587	2.58313090624682
kera1255	-1.87002096307165	2.89613607811084	-7.65287425846748	3.67319128833041
keri1250	-2.09630029689231	2.74956769237395	-7.6276190077735	3.42620496239097
kesa1244	2.4207814077229	2.94995324008405	-3.16556690469087	8.36268236608666
kett1243	7.8404769585442	5.14602518900337	-0.825377944459989	19.2465120116685
kgal1244	-3.84238462971519	2.85958186701196	-9.80492997207697	1.67751041468638
khak1248	10.8036638679825	4.45428038120757	3.48904338197876	21.0400558975119
khal1275	5.75296414374953	2.80649533847269	0.498873744965604	11.6525128909936
kham1282	5.74928970541992	2.62029310181285	0.991661584921926	11.2475164708102
khan1278	-3.05846651151566	2.94389910780273	-9.20490095085611	2.5010258082953
khar1287	1.93430468008368	2.74662274557793	-3.27689172743109	7.68271654066146
khar1288	4.59885205782295	2.62282718329697	-0.369412837870257	9.98905629832318
khas1269	-2.09785620646484	2.83081833068178	-7.71226275308063	3.45219168515578
khez1235	4.37282288900766	2.61027004394867	-0.54439389835847	9.66414151681974
khin1240	10.9911839336134	4.720347886812	3.03537110372298	21.4812952935466
khmu1256	-1.85074633083056	2.85566575652116	-7.67685454776802	3.63826242164504
khum1248	4.96659364435854	2.67596996626198	0.0206684918210698	10.6177463885978
khva1239	11.0121529079153	4.6822855319436	3.2514469444896	21.3579962863381
kich1262	-1.40720560019478	3.35698541249194	-8.25956948273915	5.24374355527083
kiku1240	-3.8614786298829	2.8225611922932	-9.6669008032378	1.49866218444636
kile1243	11.0234663708808	4.741064787762	3.16725558754014	21.6892010960584
kili1267	-1.20023096348429	2.73658738816761	-6.36765989022244	4.36771741508273
kimm1245	0.269278154073075	2.8861313122191	-5.28590239240916	6.16164858402353
kina1250	-3.15852304491203	2.90615261859782	-8.99079576882562	2.47688495399394
kinn1249	5.73276561279727	2.75657219957287	0.695617494142818	11.6258558505309
kiow1266	3.43116992607791	3.40402964544565	-2.74068007417628	10.5751424626023
kips1239	-4.92609136085467	4.87914043091831	-16.1924758672521	2.98127911232883
koho1244	-1.78447314623437	2.84553131832567	-7.53253049652087	3.91460281649608
koit1244	-1.23236064255533	3.16093398436184	-7.4878264231796	4.89437932062382
koko1269	-2.872907116362	2.78577882779079	-8.42765386896749	2.58784672405647
kola1285	-2.94332674702556	2.8452826830418	-8.69710729665519	2.6914241690091
kolb1240	-0.983378825166212	2.63651230058519	-6.05293009883274	4.55315924415079
kolc1235	-3.64037998963556	2.92332469780495	-9.68714637337951	1.85618979890739
kolu1245	-2.3557072630829	2.79179753190903	-8.01493289379254	3.1354390687536
komb1274	1.0943778291068	2.86589160693614	-4.47424762796914	6.88573295498999
komc1235	-2.98868775641422	2.94973563370626	-8.9355782993443	2.58277982409754
komi1268	8.33605627392086	3.14421994112421	2.61261405474256	15.0292082211843
komi1269	8.32080044705394	3.13806473950281	2.64201137688135	15.0040804324958
komi1270	4.52329244905012	2.66949234250828	-0.589591051493942	10.0770466421741
kona1242	3.04228840130952	3.70057195116388	-3.90098571883497	10.7800872918807
konk1267	4.3357785470492	2.80364646548861	-0.817369481514095	10.2338497000406
koon1244	-3.68916910241913	2.92468159387565	-9.71383269516838	1.81611948444908
kore1280	9.07791139208534	5.17336517546632	0.346212070704717	20.7234675033453
kork1243	1.23300778227487	2.69694289185375	-3.91080321168015	6.76248076620041
koro1298	-0.607100380588161	2.62244642060023	-5.72904560878355	4.81192788915375
korr1238	6.91677105871671	3.02992164180191	1.32914660155501	13.2309591349572
kosa1249	3.43754211440011	2.9811802975106	-2.20832148700934	9.58529048671334
kosr1238	-3.05321383631692	2.81502055316674	-8.63775487279406	2.45666376178388
kota1263	6.74508873992682	2.98894443001849	1.16836885688193	13.0908142658396
koti1238	-3.8496141573416	2.8475440349265	-9.67569593549532	1.61478810707279
kove1237	-2.72095768327227	2.83570131585355	-8.43268967383188	2.87952497650995
koyr1240	-5.90459334083664	5.58317761034851	-18.5476536395852	2.74017766941301
koyr1242	-5.91032965634466	5.56807910790924	-18.7187711857742	2.7545516566981
koys1242	-1.1525463494919	2.70269476343427	-6.58128338769169	4.05364274146981
kryt1240	11.0247542888345	4.69395974421435	3.22175139567526	21.4914824576497
kuan1248	-2.77630935262003	2.80599339195179	-8.63072289771107	2.68845315869788
kuii1252	7.00417219118796	3.03574901840897	1.48267423493146	13.3047137799054
kuik1246	4.17822892982469	3.0337587408222	-1.40878131219017	10.5124320794846
kuku1280	-0.343833780996518	3.83250615237409	-7.93412595119153	7.22476180380306
kuma1276	-3.16920184838072	2.81457868780495	-8.80987091501743	2.38041391210309
kumb1268	-0.389996977993314	3.82425405544087	-8.03364757354825	7.14497534805963
kumz1235	1.83692641631708	2.69383471890995	-3.25821372789648	7.25863824627188
kuna1268	-2.79482659132604	5.32341924828248	-15.0300421070052	5.9110729796724
kuni1267	-4.80872084234562	4.45694090973548	-14.6473000651353	2.87727267632429
kuot1243	-2.47755434797724	4.43501626590663	-12.1449368847648	5.35031875563056
kusa1251	-2.85452417045299	2.77822694811922	-8.31605737276312	2.59742517456514
kusu1250	8.5063688031834	5.16547939292124	-0.105876685825356	19.7435180931493
kute1248	-3.0246871017014	2.98534237735117	-9.14639849725609	2.74531562209118
kuvi1243	7.01024834277325	3.03534604277868	1.4135722924511	13.3435280126063
kuyy1240	-1.92127070742919	2.81394894030929	-7.70110762312286	3.49372395073012
kwai1243	-3.09942121336849	2.82343352218071	-8.6760783780729	2.4542321822294
kwam1249	-3.62667599843293	5.61780361891191	-16.5524866783908	5.58859667413971
kwam1252	-3.14686346526106	2.78666944434775	-8.68399199583303	2.3037833318798
kwar1239	-3.09796189962036	2.81915489886838	-8.77977957271082	2.38943737837999
kwaz1243	0.253245503642919	3.45569613466871	-6.62866562159758	7.02063633345172
kweg1241	1.02614015402508	2.82869011037342	-4.66382900152109	6.59207515178635
kwom1262	0.153304056893654	3.23506844341277	-6.20677536631455	6.4750491055705
kxoe1243	7.34510199912556	4.5096168111753	-0.00193277515947928	17.6947437218532
kyer1238	5.42749904823013	2.57079150553363	0.678364526519235	10.8621427767459
laal1242	-2.96127395656807	5.75850118166233	-15.3925145912679	6.61217573275223
labo1244	-3.22741470781188	2.82090235884043	-8.90784969076642	2.29080129667285
labu1248	-2.74369342120188	2.76013081863364	-8.12573919214686	2.81661724378703
laiy1246	-3.04771549514862	2.85123107590584	-8.81024932879847	2.5264611589802
lakk1252	10.9834441583787	4.74158556542489	2.9313528562685	21.4291904928485
lala1268	-0.160270978204065	2.70149152772124	-5.2439341655588	5.48296656380911
lama1277	-2.99143991786367	2.83517210117995	-8.64353993030283	2.70379214090617
lamb1272	-3.79180378904831	2.90126834321417	-9.78944113509097	1.74951147784703
lame1260	-3.22530082365077	2.83262778866645	-8.96265639644226	2.25702759958224
land1256	-0.680732522946438	2.68854084703138	-5.88181400589824	4.81486625324277
lash1243	5.99443916373854	2.65480458821734	1.0448978426274	11.6451208710825
latv1249	2.18526083871928	2.70977230007033	-2.99660603305969	7.93977135252859
lauu1247	-3.09385161961596	2.83241384736305	-8.85160667050124	2.45011279856131
lave1248	-1.72123234075332	2.83296186133588	-7.29247820329446	3.81399984087753
lavu1241	-2.26291930721592	4.36130439792272	-11.8095256232111	5.60767163131641
lazz1240	10.0915135393147	5.09133417773966	1.36282663131703	21.3950080077501
lega1249	-3.79099438312445	2.86870286663409	-9.65749927689007	1.60510463745977
lega1250	-3.79224898985184	2.88406708406082	-9.73433122594844	1.67122799696392
lele1267	-3.21291157387133	2.7975653071184	-8.87658823058578	2.06347786446266
lele1270	-2.90244095992071	2.80114210853187	-8.57836465199349	2.63178793006016
lele1276	-1.87245818429328	2.91617446081239	-7.8766591419026	4.02711303170151
lemb1266	1.13367559050679	2.90207368303138	-4.58120783522932	6.87675521674647
leme1238	-3.20186028570587	2.82305362723583	-8.71700859282952	2.29493168522708
lena1238	-3.14489360732445	2.79731611764651	-8.79425061316469	2.28609632453923
leng1259	-3.06180846021413	2.81530279765673	-8.73416499134124	2.4869199138307
leti1246	-2.93951208119355	2.84236459014689	-8.60929034686218	2.69221475342858
lewo1242	-3.2245161793407	2.82374915256121	-8.80894193580557	2.20477059964492
lewo1244	-2.98773715139541	2.84116468961813	-8.64000616098794	2.66349204810287
lezg1247	11.0155184848332	4.70596649416166	3.08003433687898	21.5812084826222
libi1244	-3.72909907434124	2.87844242800341	-9.56534975740006	1.81179227192885
liby1240	-1.33599202522179	2.63160486807664	-6.67181230797566	3.755420001343
liji1238	-2.9956322045435	2.97821981191657	-9.0267054463427	2.89081028053697
lika1243	-3.57452178627943	2.90866603245791	-9.43870549519743	2.09744664446908
lill1248	-0.749747901119099	3.27277626094301	-7.3104953010457	5.7013561757598
ling1265	-3.22949614202235	2.82558414464441	-8.95934922640143	2.25861729359718
lipo1242	5.60121299207145	2.62618207471577	0.771566608769385	11.1493558007564
lish1245	-1.16156722474883	2.68054499418599	-6.45487530127467	4.06471695473128
lisu1250	5.60234503058965	2.65006026114422	0.640197905468036	11.1393987078052
lith1251	2.09170489203583	2.70268034314878	-3.16319522478399	7.76479060352373
litz1237	-3.219781658797	2.81349764487269	-8.91213382252609	2.26642488796113
livv1243	7.17399111730427	2.84168528188358	1.98672491506993	13.1299467586086
loba1239	-3.73216493480401	2.8704648993193	-9.55329868495507	1.74140266554887
logo1259	1.37364655099497	2.59955084114884	-3.51455989899307	6.82544863125195
loka1252	-3.05487616386692	2.94485425069557	-9.22009013604338	2.62103254542136
lolo1259	5.60138638348176	2.65599376937105	0.529355525164938	11.2612099239993
lomb1257	-0.558460889524072	2.64856668739745	-5.76770895964643	4.66749221897487
long1395	-3.07165971863911	2.85983405278061	-8.72465212642911	2.55186257945289
loni1238	-2.91353683238358	2.81764634214405	-8.54153009449417	2.45311630423249
lonw1238	-3.1928900223537	2.81957335093269	-8.92590356712578	2.13778495743639
lote1237	-2.75074542911405	2.82114714706945	-8.30549012453082	2.75997658135419
louu1245	-2.90976349303675	2.81417368082359	-8.65240872335151	2.50691122721763
lowl1260	0.273422252534742	3.53964497468533	-6.89004612872165	7.16691109479952
lowl1265	3.91930874821166	2.8083808174895	-1.20704636687283	10.0639374574157
lozi1239	-3.85330535771824	2.86735791033786	-9.8575733342409	1.58617052271861
luan1263	-2.93485474839943	2.82391425723327	-8.48404991085897	2.64974532871065
luch1239	-3.70836513003704	2.87383224955332	-9.73539971907001	1.80311008875529
ludi1246	7.23945386229449	2.84475488147119	2.01811314307164	13.1377463281224
lugb1240	1.32813871742733	2.58584786790455	-3.61984561936167	6.60662237421426
lugu1238	-3.86115178557221	2.83959386944837	-9.60689800908728	1.59396711090383
lule1254	8.0742646849343	2.92301884910772	2.63709695491877	14.2838561881688
lumb1249	-3.68602049522018	2.96434102879773	-9.88579173870722	1.89792072422104
lumu1239	-4.23077190411516	5.68392086121937	-16.9272483202146	5.17376191096194
lund1266	-3.73342484995282	2.87260642303579	-9.54463687656626	1.77861770869495
luok1236	-4.96738497173078	4.91617655648125	-16.5207593638415	2.99881958473315
lush1249	3.61509802736301	2.64520895691755	-1.37800485772708	9.09115523797406
luva1239	-3.72794566075012	2.86726390475821	-9.57582382958466	1.70114329831117
luya1241	-3.70604729618347	2.86322423846582	-9.63018058946639	1.60579938552637
maan1238	-3.02173159034039	2.88122310478121	-8.84790426007996	2.74300138618423
maba1277	-5.91869975241346	5.88032526803415	-19.5595564515729	3.66190363695363
mace1250	0.652806851236857	2.58186980025863	-4.39155849939673	5.81964945494282
maco1239	0.0411154877253595	3.38777825409338	-6.89405123246786	6.69604915916487
macu1260	2.70518212992295	3.00737788059435	-2.74688823469282	9.01450452278765
mada1285	-2.75006106233191	2.81456780018009	-8.25313577198088	2.85813927974337
madi1260	2.00740067308987	2.61192294929	-2.88100816374304	7.30067689627668
maee1241	-3.23747997275522	2.81296892290019	-8.97960189363068	2.23131404945482
maib1239	-1.79172990496581	4.83826043391021	-12.3731830146681	6.7618108738911
mail1248	4.8297742829435	3.82886878403949	-2.07314867821349	12.9872176226839
mais1250	-2.41909472538986	2.7712099102451	-7.84503114114388	3.21828618161416
mait1250	4.43805188797828	2.73045247764564	-0.668911437639388	10.2123788534123
maja1242	0.504938214799586	2.91906677337945	-5.41943926438332	6.21368688490823
maka1304	-3.62873087842802	2.92129392986742	-9.62530581980622	1.8180299932677
makh1264	-3.8331946983269	2.87476485994244	-9.83707066761992	1.70182723876641
makh1266	-3.85243092546065	2.87437363773962	-9.73034353351048	1.61101316230197
mako1251	-3.79987522053599	2.84637518355556	-9.60799679989016	1.75818132278573
mala1463	6.02883931292924	2.86168817012622	0.656059641967713	12.0048136756939
mala1464	6.49032248765964	2.90502189246301	1.11003406033162	12.5208212145226
mala1522	1.01105207197341	2.85914058691064	-4.49143055089339	6.86700755457266
male1284	4.61570098386317	2.76896841958189	-0.537730645856153	10.4323102658906
male1289	-2.75375054221937	2.80598322193064	-8.29146217108229	2.77389446833431
male1297	1.15008016685434	2.84415441362877	-4.13784559267217	7.04011282924
malg1251	-2.03193900150664	2.85277564599225	-7.85748090387075	3.46599532121486
mali1285	-1.41527927244077	3.40122897359419	-8.15753628442839	5.06376301845743
malo1243	-3.20643594910084	2.82047210370481	-8.86281380981304	2.19367846585722
malt1254	-1.34898212072984	2.62659701199336	-6.63005780546826	3.79110361524338
malu1245	-3.20841992784811	2.84519262404768	-8.96264220640522	2.30205686723089
mamb1294	-0.98129128318131	2.67632620026154	-6.1187499720825	4.53685914281719
mamb1296	-3.79052595074653	2.89200819693379	-9.66019915778859	1.66303154223535
mamm1241	-1.41338198575181	3.37234421673834	-8.35509593606658	5.11871715939582
mamv1243	1.11867227460339	2.68030511808009	-3.99651176247804	6.56111921481331
mana1288	5.14864180214235	2.60125593809738	0.130651489447272	10.4621559183873
mana1295	-1.17370040477106	2.73436951203873	-6.44072922175922	4.40582058114092
mana1298	5.96127705293146	3.76780671874335	-0.755074214734324	14.2071068094048
mand1415	3.75972879151003	2.64083696639581	-1.27456565424534	9.16441690069385
mand1440	-2.76754843023992	2.84290631790508	-8.38952552602052	2.83667878202732
mang1378	-1.86164447783957	2.85078278248249	-7.47642277882528	3.64697073466108
mang1381	-1.48636252108909	4.49978375225262	-10.8071867217421	6.92032877265204
mang1394	1.1427814084818	2.597632781473	-3.84029591069018	6.4087155248575
mang1401	-3.39604659357413	2.79486085595989	-9.03900014705054	2.08586321284117
mang1403	-2.71507898758285	2.80519979138895	-8.36640751191111	2.75156729776856
mang1405	-2.97075197764487	2.8060569742298	-8.56157322280332	2.54353591972615
maor1246	-3.38704737981577	2.81084782552381	-9.03550229990078	2.00648155328527
mapo1242	-2.7595683387857	2.77504747574271	-8.28877063531606	2.76032233000462
mapu1245	3.51669754374857	3.38409292220271	-2.59602868808109	10.6823677511396
mara1378	4.33566070308343	2.77034381112026	-0.740685196000461	10.118556660496
mara1379	5.26572431001348	2.71149748492688	0.282672680829944	10.8674625715707
mara1382	3.53725680275357	2.666784267418	-1.69954905125	8.92003393810008
mara1399	-3.23251377893307	2.81241343979417	-8.84848679717277	2.17097621896699
marg1265	-2.01622309168864	2.83732458206542	-7.71544916141008	3.47890171798586
mari1426	-3.18605660673526	2.82108765930114	-8.70306341759562	2.38074606330493
mari1440	0.281356466496868	3.51554349649083	-6.64418821213627	7.31061463257176
mart1255	-0.596038952959514	3.7219014769509	-7.93638540006858	6.68811077621055
maru1249	5.99133743049092	2.6640548714319	1.18502481913601	11.7153897504622
masa1322	-1.84312132903253	2.87380780850283	-7.58749448839459	3.82003242920608
masb1238	-3.1601249610914	2.84894408012568	-8.85676952358139	2.5054673727769
mask1242	-3.22118859007938	2.81613653403466	-8.98243412297959	2.21308745930088
mati1250	-3.12659378683605	2.85465693271995	-8.87405060121921	2.51959844612436
mato1252	-2.76938495928151	2.80116451733117	-8.24096578735671	2.74699184559564
matu1261	-2.79297512922903	2.78498746002665	-8.41835616117697	2.60300336227913
maun1240	1.81386962047389	3.96896787885467	-6.26351612423062	9.58725310317505
maxa1247	0.815720457082212	3.2517261383566	-5.45224316926114	7.39163807459882
maya1285	-0.417888671939043	3.37519243336901	-7.19514033081204	6.20935665783042
mayo1261	-0.395310642348429	2.53360094931992	-5.24006208987456	4.85206237024382
mayo1264	3.00503397087745	2.83095359626126	-2.14992053258371	9.13769057230129
maza1304	-1.99652924459072	2.86482241423375	-7.77113154133413	3.5822138917954
mbaa1245	-0.500478844535689	2.57164941973671	-5.55259110617835	4.84899933664109
mban1263	-0.512882505605298	2.56670994858681	-5.43522458943384	4.70819097366072
mbar1260	-2.000195106026	2.85395705583416	-7.75198704572738	3.48995477478527
mbay1241	1.04993281374844	2.49734184003656	-3.80221195010402	6.04899066104145
mboc1235	-3.65715386446601	2.92456583777688	-9.71876170054442	1.91634915029617
mbol1247	-3.64198050604628	2.89768751233499	-9.5275388108133	1.79969115181382
mbul1263	-2.75531903290493	2.78754967924074	-8.26790004987543	2.71159976409331
mbya1239	3.42323878683744	2.92629174719999	-1.9021921842186	9.66867485148213
meen1242	1.47323722160693	2.78469335709162	-3.95886665681586	7.14843501284619
mehe1243	1.98592161712095	3.13041304538327	-3.96527090912944	8.29777726585114
meke1243	-0.386423153062952	2.71365269645425	-5.57573833840044	5.25816725769472
melp1238	2.34763125915868	2.82146650461824	-3.00319409699677	8.00941646461124
mere1242	-3.203440149536	2.8043025927807	-8.85121543723277	2.14640024473116
mezq1235	-1.46685006972062	3.3284059877351	-8.23065203919679	4.94765443249498
mich1245	2.50117247341996	2.7936838854394	-2.65861971029942	8.34493661809329
miju1243	5.22822017638246	2.79533496059198	0.0460868609916867	11.0074542884092
mila1245	3.15546727187828	2.61595669654952	-1.92395621223248	8.50362558874341
mina1268	-2.10079290702286	2.74363385415868	-7.49770044481173	3.32204993989306
mina1276	-1.99341594544726	2.88951310319547	-7.85634409678353	3.62644590132662
mini1251	-2.78112497286928	2.80871336187815	-8.40296343663983	2.7694323969166
mini1256	3.20123492222801	3.30118217366039	-2.81478513784961	10.1098507586727
minn1241	3.62460392566472	2.6681099626741	-1.54851453122478	9.09007917354153
misk1235	-0.337098135476366	3.4342533498695	-7.48993780041521	6.42043999524383
miya1259	7.93889157707548	3.71333000823066	1.52822395101405	16.4188421990482
miya1266	-1.94872245756009	2.89916721654667	-7.73220184475433	3.70790405071677
mlab1235	-1.83964847848126	2.87167559934666	-7.67919593638347	3.65166943893815
moba1244	-0.674670634833488	2.62757892571114	-5.72585118340961	4.66362499347023
moch1257	-1.45918661837049	3.35283985925228	-8.23905893260221	5.0582318270457
moco1246	-0.519890277122211	3.33094380982742	-7.21610208946934	6.03651360403254
mode1248	1.10506668913139	2.81705079317557	-4.3581035369027	6.83919628320481
moha1258	1.02045890846789	3.14422974691024	-5.00985783796598	7.41815690551181
moke1242	-2.96391674550783	2.83573286319735	-8.62032710313252	2.69102545402071
moki1238	-3.12587691337656	2.79271045339772	-8.67408950561026	2.384797374182
mokl1243	-2.95701304632449	2.83001295940218	-8.65362942719862	2.6303971139126
mokp1239	-3.66938803112629	2.93266619437618	-9.57608318072657	1.92914463682504
moks1248	8.07402958041749	3.05752952473683	2.35377180773317	14.4023090091149
mono1270	-0.26682926814219	2.55781665340461	-5.17850853381756	5.03251151677478
mono1273	-2.85485918190912	2.80773509242013	-8.56594153898661	2.69399821967859
mono1275	4.24304752938169	2.81553324568614	-0.887630264955886	10.3267736202039
mont1268	3.92066571844545	2.82189405668376	-1.2313066991616	10.004250566073
morm1235	-2.76559623371383	2.83492796885717	-8.52454418552495	2.86625757186973
moro1287	-3.06330558339907	2.88070484252006	-8.78045100994334	2.7133452319767
mort1237	-3.13928675569168	2.79026722889813	-8.70075113853504	2.43443674313183
mose1249	0.239192726860405	3.43028920504156	-6.64897689374933	6.97012418728913
motl1237	-3.20994210320894	2.80325352029547	-8.77374312728293	2.31037680881155
motu1246	-0.201098925778691	2.70477588536878	-5.32952871956373	5.44074584299833
moun1252	-1.20445928074863	3.18591476506486	-7.66133999600607	5.0726147407733
movi1243	-0.0234676035926694	3.44740703522571	-6.95253421057631	6.77061827008917
mpad1242	-2.03438410601438	2.83645935684912	-7.77486398993088	3.32808511379165
mpii1239	4.91343032676387	2.52691606610201	0.186095205348985	10.2925730040309
mpot1240	-3.79002531529817	2.87741894380288	-9.70338755092372	1.74023883749374
mpur1239	-2.47824400613851	4.64994949629287	-12.5224803138679	5.87615733081036
mual1241	-2.3139744408943	2.77738345903956	-7.94806234379277	3.23464099190723
mudu1242	-2.71054759964041	2.81181713817874	-8.16988637810362	2.83756847033131
mull1237	0.742410398286171	4.01134791940687	-7.36710085024726	8.58052145821579
munc1235	4.86564381413971	2.65053797491039	-0.0790780454478032	10.3855476509579
mund1325	-0.982788941245117	2.68846952601454	-6.29483401728015	4.47890865300636
mund1326	-0.397154253371653	2.54306328969475	-5.28356975892723	4.81643109468581
mund1328	-2.94157641935949	2.99473863751393	-9.13027854534024	2.91845575033401
murl1244	0.662021753767793	2.79743082480841	-4.87242014283099	6.16216894427691
muso1238	-2.7484477076131	2.76784429248088	-8.24201073368509	2.75281339021814
mwag1236	-1.96255405373101	2.84570832683761	-7.57087998202463	3.50044395091746
mwan1247	-3.87583028994439	2.84685917500371	-9.65214049395028	1.48649087520692
naka1262	-2.71663327421899	2.81127989736093	-8.2893915905219	2.85067380564666
nali1244	-2.75173606787219	2.80389161649595	-8.41345894645289	2.68062005002345
nama1268	-3.21076133463868	2.82114659185914	-8.97040375416175	2.24479681392778
nana1257	11.0264578746861	4.73483974701221	3.22109123544313	21.6126561849335
nand1266	-4.93556005634709	4.89626659789454	-16.0996458997558	2.94149394526687
nang1262	-2.87559812408923	2.84835808384125	-8.41374348813981	2.71494703041166
nant1250	0.340316616053991	2.95262217732135	-5.46245502773331	6.32235112525259
naue1237	-2.9409428561845	2.85858481216583	-8.66905401257579	2.6089576465765
naur1243	-3.01113346844907	2.8040076848659	-8.66587764155139	2.53676460626303
nava1243	1.81432803159044	3.0110085549821	-3.78754785715983	8.05852317417853
nawu1242	-2.15018959729864	2.85629061424951	-7.86675350681105	3.47849037842651
ndam1239	-3.78760938021556	2.88747354449057	-9.66922147012725	1.64434749249755
ndog1248	-0.548096023101449	2.57172624587261	-5.48249080974109	4.83812533244765
ndun1249	-0.51085075611288	2.56284018007817	-5.54400307393811	4.80115354458441
neha1247	-2.85198878077141	2.80390908020465	-8.57603283876221	2.6335199208781
nend1239	0.283288312770959	2.94382241742562	-5.63399298711142	6.03589500859943
nene1249	8.46266676523364	3.27406130316235	2.62463112050334	15.3668823888761
neng1238	-3.12313604088085	2.81809778898513	-8.70603176459104	2.42477637163831
nenn1238	-1.93283476330787	3.80965233642251	-10.0152056135181	4.9849747047815
nese1235	-3.21447207878402	2.83024848267315	-8.82838854093827	2.3059527636042
newa1246	5.80505235881212	2.73553933373828	0.758771471182558	11.6336593255456
nezp1238	2.81834593634469	3.12938235969514	-3.03986003651862	9.39056283182054
ngaa1240	-0.540102485866077	3.76307863307231	-8.00365395360013	6.9909993385404
ngab1239	0.330111899842293	2.88060250176215	-5.22573812824306	6.18173627319067
ngal1292	1.29373759613601	3.86182688527156	-6.64779876094593	8.74979287341568
ngam1268	1.01692313406271	2.48644938366148	-3.74711062609019	6.05273415604834
ngan1291	8.44134721919697	3.2683876090394	2.68893008799585	15.3774738907867
ngar1235	-0.530397352090106	3.71774554079561	-8.03748328189615	6.77983932139899
ngar1283	0.451742445305863	4.10071086220797	-7.87056061750399	8.20819339851698
ngar1284	-2.63297379559288	5.11806820928672	-13.5503163626556	6.57162883234807
ngas1240	-1.97624781029911	2.87387588726735	-7.70344041501706	3.7411153172886
ngba1284	0.19452372132374	2.55988401336354	-4.65714509888504	5.59589845482976
ngba1285	-1.41296163678262	2.81104306641506	-6.8833237956363	4.10441017748517
ngit1239	2.19072496953525	2.62069699135498	-2.68715333509661	7.6819679083017
ngom1268	-3.72192732012161	2.90969131121529	-9.67000756038894	1.81798668375811
nhen1239	2.89537074402366	2.87274934327978	-2.46589106333621	8.89377005009984
nila1242	-3.78443314222715	2.84862176317177	-9.64861016349784	1.67243315712504
niua1240	-3.37295002207677	2.83281824581314	-9.14239432714738	2.11039760730644
niue1239	-3.36703983342176	2.79528355460716	-8.88641739205552	2.11085130953174
njan1240	-2.90445368199447	2.99204809983763	-8.92890877276518	2.90725422055087
noct1238	4.9552647537645	2.72563550050253	-0.112211412774914	10.7357095496127
noma1260	-3.62452117399473	2.95237296943092	-9.5391636924143	2.02530314711122
noon1242	-1.59245201223762	2.89911958584555	-7.33972931915785	4.1954395111571
noon1243	-3.12655461318889	2.97932937882833	-9.3960541242267	2.59312030314397
nopa1235	-1.65243905146351	3.35734286831278	-8.38885425244401	4.91327232282032
nort2671	8.06700784041406	2.92219865884073	2.73046325979634	14.1554280536196
nort2684	-1.83987004705821	2.83859613740154	-7.49856864424783	3.76287032188573
nort2690	10.8156409897401	4.4449760327649	3.45072349903276	20.9110112397363
nort2697	10.8002612979584	4.44460254165897	3.56956447429208	20.9393913017685
nort2702	7.01889081584338	3.05210129091281	1.35734875595948	13.560280902392
nort2722	4.83719173499789	2.58120153222962	-0.0152542465187274	10.1886846157067
nort2723	5.61528926049166	2.68595285352582	0.672157522545969	11.2781268176473
nort2732	5.12061061705104	2.85733668889659	-0.214996746415511	11.0900371876261
nort2745	4.04351513314782	3.65482853077406	-2.63911453563879	11.6520333561609
nort2747	-0.617741794666126	2.97236641255245	-6.63721968548991	5.20364263540043
nort2774	-0.667224547659943	2.58611660449281	-5.5349919929487	4.72097980288398
nort2839	-3.19824851049548	2.79133386463712	-8.75319051077426	2.11861126346017
nort2845	-3.39152106457698	2.79203345780996	-9.01980585096235	2.13743681961985
nort2847	-3.15197581693892	2.80117388395616	-8.75759348323885	2.24786474913085
nort2930	4.34626930153517	3.81158181018257	-2.79376864929696	12.2615944334958
nort2938	4.32276207578419	3.21836092950772	-1.46237283347765	11.1518524019321
nort2942	0.704565729324461	3.02558376406222	-5.00544087532696	7.0748756610167
nort2954	4.2466289853101	2.82373437724375	-0.810750403203714	10.3168125199571
nort2961	3.71165602351485	2.79457710419912	-1.43906956753573	9.71530722307717
nort2972	-0.725599831869699	3.29383271297	-7.44132455357582	5.65896023279779
nort3047	-1.9796072925459	2.88180738451028	-7.8030071079431	3.53110120960412
nort3139	-1.30822920834277	2.62600903981397	-6.65692654856556	3.70732495858852
nots1237	-2.75125892295826	2.8400818610054	-8.44312168220036	2.79300110962876
nucl1235	2.55967061211444	2.86274626161479	-2.8779058213707	8.51465314121142
nucl1240	-0.933665071113866	2.69498351023956	-6.26986175093389	4.59452161711231
nucl1301	10.8192675576788	4.45226671140122	3.48064429487866	20.7949940252593
nucl1302	10.0714897281406	5.1104405432491	1.23120711786954	21.4951166521275
nucl1305	6.8580807088001	2.97205829121975	1.32356594539653	13.0189476174683
nucl1310	5.80105369297515	2.69716862907879	0.847921586765702	11.5102533658505
nucl1417	-3.00200190848683	2.97279871676473	-8.94718147471668	2.84561004364107
nucl1593	3.72260188923324	3.62552706365859	-2.8837010270339	11.2620217581656
nucl1595	-1.28657924713399	3.70589371402562	-9.06040672309416	5.51361772758103
nucl1622	5.25780414684408	3.80261081495637	-1.46487566772284	13.4616625739829
nucl1633	5.02101571054881	3.787045258805	-1.97081995600182	13.1146400561017
nucl1643	7.8236117127365	3.71412846524805	1.44523218066209	16.1165598652302
nucl1706	-1.07496050942694	2.6982298395188	-6.46262156140131	4.22248918616978
nuer1246	-4.9190637252368	4.92527549860697	-16.3016560338903	3.07960845625371
nukn1238	0.887763332172202	2.93099506102974	-4.84548493262894	6.81304548197314
nupe1254	-3.02035553707812	2.96875592811188	-9.18577836061495	2.77959364874329
nusu1239	5.44804492324261	2.66069591894515	0.604442401318178	10.9900623631468
nyah1250	-1.74819933131772	2.90590673248368	-7.413954605376	3.90686317620582
nyak1260	-3.77184105513066	2.88532066497223	-9.65534578995354	1.63882700507173
nyam1285	-1.98469719013663	2.85216550039367	-7.81713166153143	3.42130887021666
nyan1307	-3.8764574172441	2.90074859783758	-9.85914527759504	1.63816665249125
nyat1246	-3.76535134151682	2.85815093775352	-9.65450097191954	1.73876116114427
nyor1246	-3.88243242702341	2.89347560867791	-9.91327982252967	1.58571104886166
obok1239	-1.64420111552653	4.1107699594723	-10.3511277563597	5.91423451470028
occi1239	-0.588697243355561	2.6319666634881	-5.66851188781654	4.79168856563553
ocot1244	-1.64010633004759	3.35224681882997	-8.26461397956816	4.94990033397095
okan1243	-0.770816884975326	3.27238126050423	-7.29733215556504	5.75842174579173
okin1246	7.9595661862656	3.67321332741235	1.73553169244317	16.1084686897573
oksa1245	1.87942255776908	2.86760798049126	-3.52951121171019	7.65582749187678
oloo1241	-2.43497740452374	3.64417403730632	-10.1068742068845	4.27648726724112
olut1240	5.09544870885299	3.19955047210375	-0.670596990626199	12.1016073620022
omie1241	0.182821745589756	3.15346406851278	-6.08725058595873	6.45228746571277
onon1246	0.940880490471465	3.13211846003016	-5.06234128577931	7.2264019310482
onto1237	-3.38019863800047	2.81183391056231	-8.97867502900932	2.03315026545957
oriy1255	4.28527237190309	2.78861283942284	-0.971826885321906	10.19205812812
orma1241	0.822611484581399	2.50767568558862	-3.95763727260309	6.04542567398224
oroc1248	11.0231221270641	4.74972630776899	3.1776294512991	21.9009451725258
oroh1237	-3.09589609284013	2.84040299485912	-8.7071638872267	2.46323156727151
orok1265	11.0208749738877	4.71630410044956	3.26237711714911	21.7771633675864
orok1266	-3.67789327771252	2.93676927566721	-9.72481273730508	1.86894933531847
orok1267	4.49817939728547	3.6685432340349	-2.31757349673684	12.3695103933525
orow1242	-3.14402950221523	2.81024839765523	-8.86085238165377	2.24915160318053
otta1242	4.27632417822313	2.80577932402944	-0.810609423352921	10.3626607444674
paaa1242	-1.94398556748325	2.89073228456345	-7.79717293744679	3.60236452421812
paas1238	0.607993692104679	2.66521345435748	-4.38472840288225	6.16108667873465
paco1243	-1.89237585903356	2.81952341519326	-7.65988842350464	3.41980322845212
pagi1243	-3.5681039932647	2.92186535776045	-9.53257393253666	2.08587091973021
pagu1249	-1.71139481652879	3.7503056351459	-9.45055889125354	5.25729587613334
pahn1237	-0.738419805526418	2.9563964514564	-6.71773062359966	5.06833350977818
pala1344	-2.96498872464332	2.91765793370661	-8.80427121071158	2.7939639485557
pali1279	0.628206449805201	2.98979183671019	-5.10264003208947	6.88825516540391
pana1307	1.97625117921906	3.10787456513925	-3.9364752547541	8.60959354344847
pang1287	-3.83910384638924	2.85170025119699	-9.62490098042029	1.54966222805163
panj1256	4.17079544827517	2.80439421107943	-0.995270623159944	10.0920785035322
pany1241	-0.602837153191312	3.72994212679034	-8.01610308814996	6.88680110650314
papa1265	-2.84602639554278	2.80389875376234	-8.66046587902473	2.58529653476148
para1301	-2.07601944215395	2.82202359260479	-7.82492234471866	3.36417876598278
para1302	5.12906853491779	2.68272807200858	0.0754166423075789	10.72257239805
pare1266	1.90775196627165	2.73044423829407	-3.33966603912513	7.68495782608644
pare1272	1.84172924148173	2.91311419245736	-3.52487684157587	7.98458294093744
pate1247	-2.75414437153027	2.77724702083714	-8.14929065369298	2.76981260937462
patp1243	-2.76354070555133	2.80040310855286	-8.18315709416937	2.84668991240694
paul1238	-2.92361166797338	2.8439145456934	-8.55264629690061	2.68946692090901
payn1244	0.231464203189928	2.95095417953984	-5.69603289348087	5.92853722322793
pech1241	0.524591485381815	3.01244022429359	-5.25220185957431	6.53317733851265
peer1241	-0.961016622985293	2.65037794209238	-5.97016926742637	4.46919404618244
pela1242	5.99094180578565	2.64816225466844	1.23019271433978	11.6761442192723
pemo1248	4.52137512369183	2.9850746678565	-0.845945563760212	10.8248036670028
pend1242	-3.05573347021368	2.83225254839604	-8.62318240453133	2.54833928184585
peng1244	7.00780583863106	3.05899708112792	1.43117158003079	13.3727539546592
phai1238	-1.8538455166759	2.8439334547267	-7.56632236857523	3.58317184483005
pila1245	-0.483447247286676	3.34541623835975	-7.06248088497578	6.11918427688435
pile1238	-3.37287723169447	2.81784425068841	-9.15029321038601	2.11638879111599
pina1252	5.91721678249104	3.68183442157047	-0.741819775296262	13.8314791979102
ping1243	-3.12359743196198	2.81288633023434	-8.63641751049144	2.39423648931621
pipi1250	2.44963018073741	2.8085559557929	-2.73898625442246	8.35133870049738
pite1240	8.07744455362133	2.92561442741267	2.66854310444033	14.2245486618571
plai1258	4.61698421435849	2.83736371557009	-0.433907325418729	10.7068985852011
pnar1238	-2.10214466259288	2.82927591508785	-7.69875166835801	3.43504910917643
pohn1238	-3.12233422635691	2.81294447535202	-8.73985127247546	2.46673408064636
poko1263	-4.92546733466005	4.92084696838544	-16.3183899164924	3.02053078602846
poli1260	0.598029626579623	2.57655037946563	-4.32216363272233	5.86233229891761
popt1235	-1.48548864728613	3.35866318933341	-8.48622350826039	5.13432837364509
port1283	-0.646691383891919	2.61962146244101	-5.79437088899746	4.67111729898296
port1285	-3.23193391868761	2.81829886306557	-8.93941118366436	2.2308501658038
psik1239	-1.99017418531193	2.87257256834818	-7.79293130200526	3.65743145207639
puka1242	-3.36961490637488	2.83157289380384	-9.12865747231209	2.1135654178432
pulu1242	-3.14560366642411	2.78915881447364	-8.72266429733338	2.35975447944557
puma1239	5.64765767312349	2.78793461063068	0.559652816252032	11.5104863704774
pume1238	3.05080401193155	3.32161315602584	-3.03589496010248	10.0901922977899
puoc1238	-1.86065095136318	2.83909953932679	-7.54715611894514	3.58231148735384
pura1257	-4.51392791318103	4.62484691653133	-14.3920304744502	3.52433632295355
pure1242	-0.081025415186148	3.57759663460893	-7.07573634489653	7.06690653186874
puri1258	5.7782764519046	2.63644097651016	0.987359751640299	11.4038872760379
qanj1241	-1.49019233496483	3.3525838746714	-8.3191297755094	5.19423664756305
qima1242	2.45559281193162	2.59234631729289	-2.41931449396577	8.01265382404615
quer1236	-1.47177960063093	3.32315261572677	-8.13316209165737	4.95196771597402
quio1240	-1.4516795106024	3.35498650236625	-8.06339618349882	5.11035965977985
rabh1238	5.75816338975722	2.73911406273659	0.726261568491119	11.5888235091112
raji1240	5.12159219762239	2.85340965988908	-0.151249461120941	11.0283315243761
rama1270	1.52348220743158	2.84454679259247	-3.77497703232488	7.48759515747765
rapa1244	-3.39216852018456	2.79702797242758	-9.06275514807571	2.01265262963069
rapa1245	-3.40577529636022	2.79180224385832	-9.06663644661095	2.03241779388022
raro1241	-3.39609302909636	2.79145517570944	-9.03531704279208	2.13476431758347
rata1244	-2.94942211257929	2.88662556596399	-8.83920780197968	2.69583722009107
remb1250	-2.96107354276098	2.85734278602241	-8.67839461172949	2.63910546970028
reng1252	-1.77145015891135	2.87344119817221	-7.48168510632531	3.76224071700992
renn1242	-3.38777436647108	2.82741487213156	-9.08946886015081	2.12347496941734
reye1240	3.01448326783263	2.80113417826954	-2.25940937571491	8.83248753125081
rong1264	5.8210932913628	2.7610794920246	0.744462427512994	11.6731538319884
ronn1241	-1.91892665189768	2.91059270944856	-7.74615338017771	3.68025622311539
roto1249	4.56386154418896	3.57569629838653	-1.97597737250188	12.0896135486386
rotu1241	-3.28775149527759	2.8487956533461	-8.92194930960703	2.21946126527192
rovi1238	-2.84990662709788	2.78649689904521	-8.48606217910502	2.70872099725683
ruch1235	-2.06830011969393	2.82850211179509	-7.72193039682691	3.44235657326669
ruka1240	-2.75187534493198	3.04525545003731	-8.93370087191554	3.17872011569612
ruma1248	-2.07790083657488	2.83437545891177	-7.88900934877118	3.34457787640307
rung1258	-5.95878153974889	5.8225865554983	-19.4874872803708	3.37226468417965
russ1263	0.67864758561845	2.58721234578929	-4.3504797048069	6.0431233551903
russ1264	10.8756818116014	4.74660856122246	2.99675484650687	21.624037009834
saaa1240	-3.07723834755209	2.84816469322953	-8.83390839734755	2.45610690092046
saaa1241	-3.23826522707647	2.82965984551861	-8.99767155238661	2.22842675358962
saar1237	-2.80528499423953	3.07852975859889	-9.02855113580661	3.29247843519103
saga1262	-3.85133686624891	2.85665032328888	-9.6903252784174	1.64641137581003
sais1237	-2.81220760830688	3.11608204263051	-9.17003845068076	3.24976795720279
saka1289	-3.20615710095928	2.80970041103242	-8.75639215128775	2.2569913177601
saka1291	-3.03017227932473	2.89288411009229	-8.77125482866729	2.5588640548352
samb1305	-0.984933815741246	2.65431662105417	-6.17817982706841	4.5249892219219
samb1311	-2.90769760226009	2.95979314641044	-8.97494304144859	2.91947290014321
samo1305	-3.37139286149169	2.81160365548861	-9.04999479139402	2.07042214367864
sana1295	-1.31904762690346	2.62736541899098	-6.5447323433035	3.77273836798864
sanb1242	0.30548288001362	2.88243051418563	-5.31693250828712	6.13294970604557
sand1278	0.240067746758462	3.52577533423344	-6.78215568455237	7.05424112449762
sang1331	-3.66605846901585	2.8944932510774	-9.64110085736615	1.87727228732777
sani1269	4.52859586484874	2.59126255505929	-0.339354223627242	9.82198868328206
sanj1284	-1.64672259119086	3.3471198378128	-8.3442830954819	4.7768487759277
sanm1289	3.44783082751125	2.88275482694503	-1.78194183353037	9.45740994922586
sanm1295	-1.48329253290761	3.40077523856606	-8.22397065431635	5.18809215564128
sant1436	-1.48587987991458	3.37377083259743	-8.11049837332953	5.05459530164
sant1451	-1.65240627352249	3.35201545576303	-8.17372450995205	4.8457559495139
sapo1253	-2.86136231455448	2.78057674634889	-8.49184456338149	2.56981172375639
sara1321	1.22223556889003	2.45335596472524	-3.53231682227586	6.29024267519037
sars1236	0.733433606212462	3.03199951665735	-5.00798364973548	7.05226335757338
sasa1249	-2.64686653446784	2.80226192939404	-8.23545720050989	2.88544447031366
sata1237	-3.14814682271162	2.78513840344659	-8.77438575980389	2.29175500115964
sauk1252	0.969205837593035	2.92744017634883	-4.8414213220458	6.65921743895062
saur1249	7.04137943082252	3.16974655516974	1.19727337331596	13.6664084653283
savo1255	4.78445722386501	3.63559712301814	-1.92847077478215	12.5244700470679
seda1262	-1.76754346424599	2.86330193281984	-7.44906717576147	3.78076786843841
seim1238	-2.89511713999765	2.83699960404388	-8.47048850180655	2.7038343549978
seke1241	-3.23306226038574	2.83085492729724	-8.98150718761103	2.33489408307849
sela1259	-2.9231385615486	2.88131369457972	-8.75177246751912	2.77085837173206
selk1253	8.44647876617814	3.27829939345239	2.52005043982503	15.3310817934241
sema1265	-2.00297195707633	2.8443214205727	-7.64924629586555	3.52096239902018
seme1247	-2.00358263653615	2.84116255567909	-7.62844849104657	3.44585708177618
sene1264	1.00376479542368	3.16007292556414	-5.11798639548416	7.48875347699447
seri1257	0.310812652124542	3.51648515193796	-6.85752725271343	7.10997512703166
seve1240	4.25655927095598	2.81061272755799	-0.783684195863398	10.2629809966425
sgaw1245	2.53263880580915	2.69568941985694	-2.76095267924817	7.94612269586618
shab1252	6.64085575897413	5.09542208689682	-1.89761942877439	18.3754123787998
sham1280	-3.85952888565815	2.83169365353726	-9.60109664361304	1.41312309115239
shan1283	2.39631779451435	2.77008633558487	-2.88077157963477	8.22461603124904
shaw1249	4.40757840999394	2.87281823783727	-0.763781003886267	10.6272447296674
shil1265	-4.95625465416403	4.91863306957824	-16.7651744898103	2.95038758336481
ship1254	3.29129555861802	2.80337275515652	-1.92096858006093	9.21487943428398
shix1238	4.52472129035632	2.59216151979107	-0.370444181958764	9.77805073609682
shol1240	6.84793553779878	2.96123032823725	1.43150919977131	12.9816138259255
shon1251	-3.81515020906944	2.87867273593289	-9.70056206196298	1.75285612705747
shos1248	4.23145291501927	2.86084636626353	-0.935329149273851	10.3788464580857
shua1257	-0.587954828490029	3.25654868959263	-7.05946434167646	5.83381498864283
siam1242	-4.98303632014168	5.7623787336115	-17.7824772443689	4.46015669450477
sich1238	5.40019598766258	2.61135106781203	0.608100633419273	10.8148704284187
siee1239	-3.13604430483067	2.80324591084345	-8.75084368676827	2.44809876339264
sier1250	-1.652893181479	3.37343670283048	-8.46431984263101	5.07008810508539
sika1261	-3.37263937185307	2.83059667665486	-9.09250517906289	2.04849897103387
sile1255	0.235908283998577	2.94385845711136	-5.73431102324191	5.98437304122926
sina1266	-0.206899519187087	2.73134463926415	-5.38951143868755	5.49815623000063
sing1264	5.87560234623887	2.73354494558976	0.861146895086903	11.7508074292847
sioo1240	-2.75134761428585	2.79198936181293	-8.25913974327224	2.68242475249816
siri1274	2.78005517060307	2.95364685639601	-2.67092806858422	9.02602861639024
situ1238	5.57257692206677	2.66513617634994	0.607161162959237	11.2030633597025
siwi1239	-1.38145564835257	2.78726286628187	-6.85362458036389	4.05531643579241
skol1241	8.04984834265903	2.95497113323543	2.64691007943395	14.2738130728879
slov1268	0.595357562008717	2.59079754136551	-4.39937143546988	5.97320938846115
sobe1238	-2.69947043777913	2.7861843133977	-8.27689712317216	2.80336815031355
soch1239	-1.44511270754428	3.402645492074	-8.06711702712687	5.08417124867662
soga1242	-3.87513075936719	2.88411606887047	-9.84155944162299	1.55597862587115
sons1242	-3.14393206233738	2.80407042159251	-8.76283532521049	2.3117895201479
sooo1254	-1.93270596613432	2.80705913967215	-7.64670062706959	3.54186857305127
sout1528	0.583993252000787	2.59597195198089	-4.43341415782292	5.82409042123969
sout2649	2.89848528369486	2.72237320613871	-2.22821233414937	8.59306396440151
sout2674	8.06688974114391	2.94163299622798	2.59975044219734	14.3237006311381
sout2679	7.76447883892845	2.94758046178572	2.31685301332575	13.9344663526734
sout2728	4.64016220376752	2.55645474213052	-0.208471103157011	9.95483368927246
sout2729	5.61354299981844	2.67151003472065	0.574486016557074	11.2661388354419
sout2730	2.72762073075936	2.67877426878088	-2.41602568030224	8.14054554742626
sout2797	0.890128657472883	2.67534760047189	-3.96997533809912	6.49081590603302
sout2807	-3.84336198904947	2.86502389470776	-9.79583928661901	1.70893138557392
sout2856	-3.21294846948419	2.80711875750873	-8.8854572820362	2.16677231818617
sout2857	-3.22893875715985	2.8172688052529	-9.08979287413412	2.22351951820991
sout2859	-3.19947885406493	2.81457475009466	-8.83078298418512	2.15572230112091
sout2869	-3.14404259077584	2.79414153507739	-8.73889144126691	2.25299286454104
sout2954	7.95441217731242	3.66764916729783	1.68568177786361	16.184656712573
sout2956	4.34303616835938	3.28900624915136	-1.5401396919033	11.3828231081256
sout2959	0.706946386582081	3.02509655640417	-5.05731420551861	7.02345485940004
sout2976	2.92792626573759	2.83897464771111	-2.34922650961816	8.97377562496058
sout2994	0.76856670025105	3.34234570822291	-5.86767515625237	7.35582949752199
sout2996	-0.852818282016317	3.27410757928986	-7.46230670059209	5.48504297169067
sout3236	-6.11038068670018	5.79455475033229	-19.3757640938716	3.20898552704489
sout3261	10.9929514585357	4.73944860183818	3.03839629531529	21.5525211463323
stan1289	-0.614965345519523	2.61877304325797	-5.73499556636691	4.61082211796199
stan1290	-0.575615008928653	2.64027436938821	-5.77034341526603	4.70401911303172
stan1293	1.02316729817892	2.62966006221469	-3.99852480554527	6.32319092369553
stan1306	-1.92819511863881	2.72454180048549	-7.47437510688626	3.44787671419487
stan1318	-1.30910477669244	2.64017740660233	-6.59173681815895	3.90674254331259
sude1239	-1.43056689255297	2.72057873784307	-6.7145309374461	4.22423431230785
suku1259	-3.68715090676127	2.90957527798553	-9.67251859794825	1.86126389192324
sumi1235	4.97133615834511	2.65388607776303	-0.0112229961997862	10.533264643417
sund1252	-2.76569323566561	2.83897079689224	-8.53925831088848	2.83574320724064
sunw1242	5.78628715877407	2.77705954881247	0.594438802529928	11.5241787684573
supy1237	-1.46071625733933	2.77007361533995	-6.97040013003966	4.01282036735113
surg1248	8.31628733726499	3.15074022523943	2.50956156686519	15.017778312561
surs1246	-2.77766433346436	2.80161425593656	-8.40632297544327	2.71833825604241
swah1253	-3.86187464820806	2.82999568273448	-9.80815592880351	1.40991894738671
taba1263	-1.72307855273485	3.7663703170838	-9.47217183772656	5.02284835854771
tabo1241	4.30490430787504	4.08969269424742	-3.15000186966635	13.0833939502707
tagw1240	-1.45118976778985	2.79054668278393	-6.94122647105842	4.04554658572988
taha1241	-0.419301751032397	2.68393499305492	-5.67043225135895	5.00255147305599
tahi1242	-3.39913780128288	2.79115422391297	-8.98866647993835	2.01225437369972
taia1239	-3.78749197943085	4.7316662206784	-14.2247087590492	4.64966125285057
taji1246	-3.05079944449172	2.84185258504185	-8.61926602290281	2.50453166237338
taku1257	-3.3940159222835	2.81964688004502	-9.06986316039065	2.15239958153704
tali1259	-3.04764850981969	2.83484097975115	-8.62096214656158	2.6194803346091
tama1365	-0.209602856769512	2.67422647649065	-5.36343694459399	5.18839052689194
tami1289	6.54616417011719	2.94913422720263	1.17377692450111	12.7733603913511
tane1237	-2.91719620843635	2.84376329033321	-8.53109335843704	2.76943441034459
tang1336	5.18328976581469	2.74292084857898	0.141777980870679	10.9348672600557
tang1377	3.8281851904835	2.62412907326904	-1.16088635613535	9.17326372722065
tari1256	0.859481771229369	2.89028112422402	-4.68444707546888	7.01344720502697
tari1263	-1.27217650005627	2.81479297062361	-6.81270078290833	4.19761078079936
tata1255	10.8163534717046	4.44969785637449	3.37521402429419	20.8586258917001
tata1257	-2.91533163940593	2.86396814645249	-8.66887124528093	2.84396581512996
tata1258	-1.63592484471837	3.35684898412549	-8.37129314666481	4.97460167099977
taul1251	0.510909701818084	3.85739263633515	-7.52755945758511	7.76734417957479
taus1251	-3.15421395572247	2.85538312707563	-8.76114454686978	2.45033072965007
taus1253	3.57258923391108	3.33855523144732	-2.42091014721184	10.6907604743509
tawa1286	0.179489602818795	2.65227969500754	-4.81819200820872	5.64108799497728
taya1257	-0.12486295394978	2.65423123892726	-5.19752890580333	5.29221969101751
tean1237	-2.91941524899902	2.84329195061069	-8.47674733189885	2.60388303528755
teda1241	-5.82784759067663	5.51905373102693	-18.5128398085021	2.85836881890669
tedi1235	4.32716101875538	2.61418927668381	-0.549731238798017	9.79180231909321
teke1275	-3.64255348650466	2.92371003583811	-9.53760329191033	2.10656791728324
tekt1235	-1.41893344568944	3.38913658494397	-8.43197105182294	5.20620020447136
telu1262	7.07017019227204	3.02658149943107	1.51500118723563	13.3593229068547
tene1248	5.42989103713074	3.20224243272145	-0.347732199151106	12.0564982295769
tenn1246	0.671017889295047	2.77598561333068	-4.79782208727474	6.04338234871562
teop1238	-2.84866149643229	2.7914575131931	-8.44929804978069	2.68137069038441
tera1251	-2.00120876577131	2.88927500151153	-7.95856228664329	3.47165816135778
teri1250	0.40403545745833	2.89320631934177	-5.25759287885963	6.26849632349547
tern1247	-1.69187221183192	3.78284323931689	-9.47065991364036	5.17701416268466
tete1251	2.48551517004178	2.78164052524198	-2.67357136113428	8.39374259924162
thad1238	4.66268447374971	2.63283922125037	-0.339149224777422	10.0450723189368
thak1245	5.41771865451354	2.61981930763683	0.479140621547742	10.7873180603967
than1259	5.82256926187608	2.75849485518717	0.742283189832226	11.685552048318
thul1246	5.78153297201731	2.7634853985844	0.678620444556412	11.4959693644333
tibe1272	5.70016662673784	2.60848236076269	0.831124049543743	11.1062117717057
tief1242	-0.853531442035237	2.70725165001886	-6.10902038607929	4.58674849767224
tief1244	-0.847439713312161	2.68410863770347	-6.03440048215585	4.65516247568873
tien1242	-3.67521376274874	2.91740605574932	-9.61774151548393	1.94021942735364
tiga1245	-2.74634472149732	2.83252586018769	-8.32975183315588	2.77377622531212
tigo1236	-3.03550035067175	3.00208959420137	-9.05863324398694	2.78753178904179
tika1246	-2.8943690130012	2.99438562474339	-9.05004401619554	2.90116443785431
tiko1237	-3.38890277235358	2.8181996341195	-9.1049457834345	2.11124064093215
timn1235	-0.538228348490268	2.66675996234228	-5.60298258189305	4.85228352327961
tiri1258	-3.16899804656767	2.81153567924135	-8.92039608137492	2.22337759324614
toab1237	-3.09904892815398	2.83852292596623	-8.78610466774544	2.43041191522386
toar1246	4.46360184443702	3.70944002965641	-2.23509434778398	12.4490342975266
toba1268	-0.118077746517063	3.47958938117102	-7.09300431481454	6.71308823196908
tobe1252	-1.72789362042866	3.7588663154647	-9.43289064899669	5.25787416556894
toho1245	3.48536409010891	2.82877721459849	-1.59061694559413	9.60932511880689
tojo1241	-1.46746973840134	3.36505658431318	-8.35040345179514	5.17873739540636
toke1240	-3.37476456965452	2.8081607929741	-9.05706806916577	2.03767948696259
toll1241	0.461900966926959	3.49975965567427	-6.71949027994528	7.33920886797138
tond1249	-5.90753162323193	5.57231499100953	-18.7424637053322	2.75353549932413
tong1308	-2.06264381024183	2.82887972619749	-7.73314767142556	3.50002744489593
tong1318	-3.7442302708812	2.8991159391278	-9.70559649371834	1.80931284162342
tong1325	-3.36998786830522	2.79108998719593	-8.9893276347202	2.01599695306375
toor1238	-3.87954722396297	2.87787627114921	-9.89447498057092	1.66694946755869
tosk1239	0.774025997846183	2.77152737663648	-4.72257378687345	6.2769145677611
toto1302	2.74008099531794	2.71780926222427	-2.62485689208839	8.2391982407382
trio1238	4.07081640614751	2.96549651985203	-1.42563138307247	10.4636544409268
trum1247	2.91880166578362	3.33417261933926	-3.34209970552124	9.91671484256764
tsam1247	0.844988422969287	2.50286971036784	-3.99453074178832	5.94593750704441
tsat1238	-2.73419881348006	2.81604107255916	-8.42354426981289	2.73402538180326
tsha1245	5.78834521244214	2.68811366811465	0.674536136679536	11.3583734059127
tsis1238	-3.06530009812975	2.96149836467636	-8.97954539665829	2.54773332660436
tsix1234	7.32010887004898	4.50561917325093	0.0162426001712529	17.6481482277176
tsog1243	-3.57319735856233	2.93769431221304	-9.66713485391532	2.04920098285241
tson1249	-3.87228639961721	2.85387439424539	-9.78219211785164	1.58685061458451
tswa1253	-3.84513572252657	2.86473858139588	-9.69062428996464	1.68307027348113
tswa1255	-3.86422909195822	2.86419031154329	-9.83290227745081	1.68570669007579
tugu1245	-2.95499434600199	2.8319282750465	-8.541146395032	2.61044310158389
tuka1248	-3.06348622054869	2.88762560509105	-8.85770321431081	2.56973880578906
tuki1240	-3.61075038379265	2.95871388570148	-9.53043000268863	2.01503418148806
tula1252	-0.467687800275282	2.67167513188065	-5.63383812478991	4.97106983132093
tulu1258	6.93028714981995	3.01896098982649	1.42834010878772	13.451558205497
tung1290	-2.76736402621864	2.81734588524313	-8.44686740744893	2.81884528767649
tunn1238	0.730323945940874	2.47244634139727	-3.97093163690696	5.73140550954473
turk1303	10.7946238312657	4.45617639918715	3.47236986652256	20.9249285730489
turk1304	10.8138552533479	4.44367268665073	3.49928816330989	20.8540671160741
tusc1257	0.9255527650617	3.13526354188009	-5.10973077277456	7.22519245189516
tutu1241	-3.20451542672181	2.82108878269056	-8.87946863750635	2.23732183092387
tuwa1243	-3.20690221289385	2.84616024546474	-8.97084984670277	2.3762728190072
tuwu1238	-2.13129204112248	2.83314078462806	-7.80647104505315	3.3693392627694
udih1248	11.0196422206731	4.75422796626993	3.2176333075353	21.7382680734496
udii1243	11.010997919203	4.73742052619607	3.06572853580589	21.6236595173563
ughe1237	-2.83360416966332	2.8011460000179	-8.35805668821694	2.75028767358707
ukra1253	0.743171759701536	2.57318340220349	-4.18740763531439	5.98917481796913
ulch1241	11.0153001281064	4.72110753913857	3.24378646170778	21.8266114178644
ulit1238	-3.14775102615998	2.80984234960719	-8.75019033841306	2.27846338326933
ulwa1239	-0.430026882781092	3.36356360511686	-7.28796578863515	6.23123184615383
umbu1257	-3.73785862833061	2.87117135310837	-9.74503356812584	1.67859296191879
umbu1258	2.73904470099539	2.86472139713799	-2.72002775507184	8.56289376271195
umes1235	8.0678016429962	2.9543064068689	2.53677508374299	14.3242667683382
unua1237	-3.21255081041643	2.81319962402644	-8.98612755333035	2.21765881997236
uppe1275	-0.00379183866171617	3.61291513527485	-7.38938435980353	7.08391113366751
urar1246	-0.363883951947817	3.44688143019328	-7.443795831283	6.36081705858537
urav1235	-3.13136763732007	2.79750741730522	-8.70738974171945	2.39796787782347
urim1252	-2.38182118934396	3.7769381192609	-10.4882415676374	4.40758125612807
urip1239	-3.22330102041981	2.81751639470717	-8.99042166662137	2.15589006176296
utes1238	3.66985821839872	2.83496751772427	-1.55116615184159	9.74778821330887
uuuu1243	-2.07279920218821	2.8208270179557	-7.73884700512016	3.2958505289826
vano1237	-2.92175556359247	2.8542520755383	-8.58044856916809	2.7144159748272
veps1250	7.27704321020558	2.84290471719918	2.0841557422701	13.2027355882226
vera1241	-3.19977994981435	2.81968737561098	-8.70157434934676	2.39408611351851
viem1243	-0.551644066920769	2.68830668393327	-5.70287114849733	5.02036081315545
viet1252	-1.80100611350548	2.85654778887843	-7.50077800180321	3.83876020628304
voti1245	7.62768738809452	2.90723245641792	2.24672635997731	13.752588179039
vunj1238	-3.82333794393792	2.85897997895503	-9.80975390655036	1.53700153224638
vure1239	-3.21259399181636	2.79171598430004	-8.74883494870858	2.39757032444041
vwan1235	-3.8275002480985	2.84942876239189	-9.65104891816814	1.55826194038787
waig1244	-2.73060129046707	2.85486667614442	-8.35763267420114	2.88539965302461
waim1251	-0.177344858941825	2.69981141591638	-5.26365134865675	5.4906642868415
wala1266	-3.10258251435648	2.84899603765684	-8.86284058975917	2.514246967134
wall1257	-3.37857282348476	2.8410674012434	-9.17872827761278	2.09372834264439
wamb1257	5.7485663118737	2.80138221365976	0.510351004627142	11.5557757993686
wand1267	-2.62654621823013	2.83545200642207	-8.35373653246155	3.0480782922206
wand1278	-2.03652727873069	2.84491871914495	-7.79016151694322	3.44205806804942
wara1294	-1.96619346002218	3.8359849090081	-10.02915223644	5.25456375755347
wara1303	0.00458491982935743	3.52070045182815	-7.04948882995599	6.93269389711705
ware1253	-2.6883230631646	2.82161459662294	-8.20333195929181	2.83202385833516
wari1268	0.0439558153262175	3.48076668790973	-6.98897393878755	6.69574324638962
warj1242	-2.09219988342201	2.81771018811905	-7.57514462472568	3.31270950789159
waro1242	-1.31625003641898	2.7853458599263	-6.64461489099886	4.31072263500968
waru1265	-0.545071636682297	3.72925515142932	-7.86031169420373	6.877072560415
wawa1246	-2.91569544198042	2.97223194771879	-9.10883097621757	2.86354236685509
waya1269	3.4936229384962	2.92373490711678	-2.00402818442347	9.73689949748029
wayu1241	5.77551021459344	2.77433068732468	0.609875249188018	11.5487976931394
wayu1243	2.06062156078477	2.89522448934301	-3.36021913429478	8.24335507700584
wels1247	0.0891024287931726	2.78204464377123	-5.27600935730479	5.76380101884136
west2354	1.00306773540295	2.62897963097026	-4.02722788466685	6.20351813310999
west2369	1.84394091821831	2.69185702119304	-3.31296765631728	7.39406397284525
west2392	8.1358501773912	3.08248507735769	2.3959044315332	14.5829947618785
west2396	-2.06689526348483	2.81767768425933	-7.75620183505115	3.4599011964819
west2397	-1.92831529634256	2.80529037396836	-7.65207524958581	3.46025464255011
west2415	5.54515358444522	2.63800039210397	0.643426457778212	11.0021140304091
west2418	5.23243836560238	2.6742094024863	0.210827201298978	10.7685586634943
west2466	-1.4636704159738	2.77160928274706	-6.88658860901796	4.06213927315929
west2516	-3.3576533397552	2.80119494454645	-9.1389204568097	2.05479251980314
west2519	-3.28209899381851	2.83937369904728	-8.94176028160259	2.28626888550352
west2548	-2.91531143140338	2.86288408229071	-8.54622066163093	2.72598798333762
west2557	-3.12529186053818	2.86438087568341	-8.83065963355872	2.5601562593002
west2560	-3.04242059187686	2.86242210930724	-8.71960751237202	2.670778384806
west2594	0.992562216666711	2.96380367613081	-4.84153268177504	6.86411196394848
west2600	-1.66387734362706	3.8199448342511	-9.57142209009808	5.51963074009235
west2632	0.214957291975353	3.51382913283536	-6.9655226355047	7.10235082426501
west2635	-1.48081979575029	3.33081307147866	-8.3530272678377	5.04422561800423
west2644	-1.63888342584232	3.3643536526146	-8.19621454458667	4.96976442278413
west2650	-2.72768707350242	2.80290570117794	-8.40006922937567	2.82458237253223
west2763	-1.00712308639501	2.67953109569987	-6.33315226650315	4.26638726211105
whit1269	-3.15352777154907	2.79535491797127	-8.85728414016048	2.23459869240611
wiru1244	4.51293156641324	4.02956163754178	-2.95759940292193	12.7995839636281
woii1237	-2.6353650664794	2.8427863804836	-8.36121616145298	2.96371415856434
wola1242	5.58465790584225	2.80598072379815	0.519958020585934	11.6405006159005
wola1253	1.77176479722623	2.70279711528783	-3.32292902500686	7.45706510342528
wood1236	4.58994336851639	2.84843457403752	-0.522962728108956	10.7984498541005
wotu1240	-3.06428609148689	2.85560810020663	-8.76139662553313	2.55458908248853
wuch1236	4.37297311545037	2.65807739487137	-0.689674781065041	9.8686952858609
wudi1238	5.41199627125926	2.60171447663987	0.615058494251909	10.8864219890845
wusa1235	5.4168561377207	2.597029939289	0.634154242485958	10.8479618221872
wutu1241	4.17886347633358	2.65051090981557	-0.889301497432301	9.64730716843822
wuvu1239	-2.90840590728803	2.84942460243081	-8.56270891380876	2.63269928898615
xamt1239	2.41324599432866	2.61225383183565	-2.39589321300414	8.02094884284243
xara1244	-3.15020872178023	2.80441738308464	-8.70028888152191	2.36086035696102
xhos1239	-3.86019721073383	2.84866625615573	-9.73288040320424	1.45339995789114
xish1235	5.60062868341326	2.61402126826275	0.751103621167056	11.059934522501
yaak1241	0.821424796332278	2.49234107883532	-3.91929788457632	5.97579631115717
yaey1239	7.93155939314853	3.71287751965165	1.61586998303048	16.2643895470919
yagu1244	0.18852861432287	3.41725905619225	-6.5230641771248	6.86666565031172
yaka1272	-3.71902532880751	2.92226898724546	-9.72295958325522	1.85473945975887
yaka1277	-3.0329527257467	2.88943007445391	-8.85062179978813	2.68660564505966
yaki1237	1.94646362138834	3.15031847267986	-4.17075438791857	8.52495682371731
yakk1236	5.79466761907312	2.78155452531193	0.736371578884354	11.6534494480671
yaku1245	10.8087154694516	4.46017615012874	3.50391210797273	20.9934526045869
yale1246	5.22333799131706	3.85811603149163	-1.76996143633353	13.3967550238607
yami1254	-3.21626746670584	2.82951348765596	-8.95802952196882	2.25357477064991
yami1256	2.43192560086786	2.76818536429505	-2.90648532106145	8.22827436482136
yane1238	0.492724048932639	2.96203566606749	-5.23552608767153	6.56814084183711
yaoo1241	-3.7915356524085	2.84626809515361	-9.57387234977585	1.70348255669932
yapu1240	-2.38748381946501	3.76383844866738	-10.2995927939504	4.60464179723952
yaqu1251	3.22507016375524	2.83554070719906	-1.94025003615818	9.33783748151903
yasa1242	-3.67246143660969	2.90770037869683	-9.66710574480702	1.86744385761141
yatz1235	-1.65378129078475	3.33692862684443	-8.39599371110248	4.85055679210187
yaum1237	0.872186755058285	2.92348414626395	-4.8023101331655	6.78372257415996
yawa1260	2.44933355998564	2.78647630826829	-2.82593521614622	8.26366707269907
yawu1244	-0.656352552659821	4.22684225089614	-9.54136790772761	7.32545993325911
yele1255	-4.00255231712839	4.91221336948289	-14.2961734031386	4.7874625225907
yems1235	5.78986203017673	2.99732400792221	0.199617247275085	12.0924365364629
yind1247	-0.609250598037153	3.7228070747031	-7.87828348020032	6.7709110701336
yoga1237	-3.19785497539945	2.83759227427887	-8.8206376425403	2.35649418004102
yong1270	4.93576918200251	2.62453668176303	0.0821448175740952	10.4693528493425
yong1280	1.28222184053259	2.87144191314491	-4.34511358782908	7.08524655479392
youl1235	5.31502685451952	2.61336793069062	0.484715692942298	10.7987514987176
youn1235	-0.684369054540519	2.94854319260207	-6.70279674009212	5.21323231049228
yuca1254	-1.42963332225355	3.3461660515008	-8.43154847256887	4.959781011459
yuec1235	4.36390842409057	2.65288282388935	-0.59675692225361	9.96940963414044
yura1255	0.304961968137884	3.41778065544582	-6.5957535884064	7.19408180748042
zaba1237	-2.86288146577955	2.78431431765101	-8.45012367954873	2.67993069567965
zaca1241	2.48339077642784	2.77447338821352	-2.65815453461181	8.40581473237744
zaca1242	-1.63979452629015	3.3579168878554	-8.28489868803935	4.8691154477854
zagh1240	-5.76977813854239	5.51887087394521	-18.4302296938403	3.10702537222243
zamb1245	-3.7399974841927	2.85604442038925	-9.50821154662039	1.70986593697938
zani1235	-1.61691025545869	3.35821024055689	-8.22213991654104	4.96826355395321
zarm1239	-5.9149919507071	5.5732731808082	-18.693854577526	2.77537169273724
zaye1235	2.48870439972719	2.67721555600733	-2.68346593351551	7.8967840930166
zays1235	5.69346421262817	2.89159513171641	0.437558545525381	11.8151310348554
zeme1240	5.25266758223834	2.74886111736706	0.160798335411454	10.9632540457102
zinz1238	-3.88476147474264	2.90738171663191	-9.8502260099401	1.70516160252896
zoog1238	-1.64088642252876	3.33527515791412	-8.32840210004937	4.86508679129312
