Estimate	Est.Error	Q2.5	Q97.5
abad1241	-0.120678900675682	1.12501996333337	-2.27503555885812	2.10608198264535
abar1238	1.57567765605003	0.866802675573841	-0.0855111676559473	3.32984269736931
abau1245	1.21646246834743	1.43596865684504	-1.52616967304983	4.1491130674221
abee1242	0.833379168890077	1.44105123941878	-1.97177351128229	3.77095792420446
abua1245	0.806949092282783	1.30511653094861	-1.68967479859763	3.41108397246153
acha1249	0.956601234440644	1.28184730514726	-1.41870960533998	3.61557167155192
acha1250	0.342296859810071	1.56474973205969	-2.64431892204294	3.55317019885904
achi1257	0.886076599920807	1.53414496427992	-1.89148360853891	4.15705142909964
acol1236	1.38132704446701	1.52231114815176	-1.5211890252051	4.48499923319814
adny1235	-0.421944709626984	1.56872321154756	-3.60889317320083	2.54439854713518
adon1237	0.7156016463189	1.24523343142522	-1.62690316761194	3.23330169789248
adze1240	1.24109046914985	1.10764691391454	-0.884342837038746	3.45385311210521
afar1241	1.69333710581111	1.48210769553138	-1.17147607747731	4.74651436125995
aghe1239	1.05363250022742	0.849652327123211	-0.601485054197984	2.77524264132982
aghu1255	0.713658582886696	1.43169056937728	-1.96512669183497	3.59301218617118
agut1237	-0.866905351138084	1.26383757820701	-3.37470693482076	1.6435924209775
aheu1239	0.995815961720267	1.59770809807978	-1.9163358929801	4.31296650689463
aito1238	-1.37243710153659	1.2848799465524	-3.86349201297445	1.16997679978162
ajab1235	2.55986450992118	1.51401044055828	-0.238036234766837	5.71892656874376
ajie1238	1.84091501116515	1.38399211666798	-0.602534602552748	4.85495017893523
ajyi1238	-0.670246043683825	1.42168450978796	-3.46426712751669	2.17523473028144
akan1250	1.90022037522294	1.539820468665	-0.931708997847608	5.15709081353323
akha1245	-0.0554826095218868	1.26436482495997	-2.52662499915552	2.41553663764107
akoo1248	0.891834283392822	1.23585453540525	-1.44632146345268	3.35315494053176
akun1241	-1.03054575888729	1.52005204870795	-4.1961676598962	1.78105640958037
alab1254	-1.14335015445739	1.49587862989075	-4.25920788519368	1.6364506556102
alag1248	-1.75401568977982	1.42671873746833	-4.81927407217685	0.847903566580246
alam1246	0.285648169477482	1.34859551760327	-2.36208760656273	2.9415592630629
alor1247	0.492648697831488	1.31069745389674	-1.99036160855679	3.14016893575803
aluk1238	-0.709020987028636	1.67602137863789	-4.18270012654259	2.50722675096789
alya1239	-1.01877687225371	1.53849581652574	-4.22180543145867	1.87796308834514
amar1272	2.66060514942142	1.42650599857617	0.13165287196563	5.7615648848757
amdo1237	-1.51548629181779	1.50147496669305	-4.65993657595747	1.28978882582459
amis1246	0.441098621961319	1.15061775039351	-1.7836625903034	2.75687464857873
anei1239	-0.376616766000495	1.25396176788683	-2.75567475534418	2.22165387188577
anga1288	-3.22558723285851	1.22674540542465	-5.80290649353194	-0.988241011588728
anuf1239	1.49401024767909	1.38607075613848	-1.09814912832426	4.34993932843475
anuu1241	1.10879200520719	1.34140029343492	-1.36893647335874	3.89748978543902
aona1235	-2.29366231197953	1.15565689502833	-4.69740689871906	-0.163541155320546
aoua1234	0.736430744249657	1.70438738462753	-2.44555383624	4.23187377308975
apat1240	-1.79884654379846	1.32983132833125	-4.47410852976083	0.677016296063921
apin1244	1.34616407863119	1.48692750103646	-1.45970524416855	4.4221207252739
apma1240	1.04708216553158	1.01897323082684	-0.858908680369457	3.12405056646815
arak1252	1.00164566898468	1.0236812848954	-0.912007726951705	3.14979766900173
arao1248	0.169814476429671	1.50949726705981	-2.72181916330054	3.15717705992989
arap1274	-0.260133130576687	1.76508643691046	-3.81392378974322	3.04018337833529
arbo1245	-0.631168052304107	1.42664399277902	-3.542383628639	2.00252291352921
arch1244	-0.564377647836104	1.60381125285866	-3.7301396297239	2.48576813854181
area1240	1.95028863979817	1.38536192703219	-0.495344767404379	4.88743508741365
aree1239	-0.272833263595726	0.970358107516614	-2.14645748240788	1.64970609487171
argo1244	-0.460053135738166	1.62554952933314	-3.70563983814763	2.52312713829624
arhu1242	-0.379561531616487	1.33829793878902	-3.04651868733475	2.19093750043282
arig1246	2.37773914199548	1.39948973199476	-0.165692054296041	5.28612112492406
arom1237	0.420206073920491	1.53073584248232	-2.62240429594964	3.33117793925
arop1242	1.48471152301287	1.31657010922949	-0.908547356656776	4.27332929881497
arop1243	2.07126557710445	1.37596963307412	-0.504222826341447	4.96900233213832
aros1241	0.93725379416944	1.41343599308351	-1.646357796277	3.90881090857684
arta1239	-2.04224492172288	1.01956796821607	-4.12111302468248	-0.14140799306227
asha1243	0.839973616730945	1.57103433242113	-2.0505000516484	4.18525039507195
ashe1272	0.484226781838706	1.39502587685464	-2.22117723450981	3.34017114921568
atay1247	1.2719545577317	1.26027975347047	-0.976925272421091	3.91166087457737
athp1241	-3.02851114078879	1.27692973552558	-5.86002479961367	-0.776816887158431
aton1241	0.175686645202641	1.34320252162977	-2.41733270713478	2.93628671836141
aulu1238	0.0597095036080551	0.715402451390012	-1.33610616610937	1.45410384480635
auuu1241	1.33100658618257	1.29136318043989	-1.09852983095861	3.9164285674462
auye1238	-0.239596938565557	1.2751179970235	-2.71027733070266	2.32384038962125
avat1244	3.33323327643856	1.2965447940844	1.06075725326068	6.08517355460933
avok1242	-0.521977093713542	1.51757481376587	-3.53366284496624	2.43496826132251
awad1243	-0.43263069699306	1.56382692989358	-3.54072964049316	2.52001121034755
awad1244	1.00609591925609	1.08178807952858	-1.04427453636135	3.23037562872522
awap1236	0.137453355553576	1.11716307810692	-2.02232875769888	2.4045914129528
awar1248	1.36158605089471	1.0841659934135	-0.685704832087682	3.56641647121187
awet1244	-0.79339826791925	1.37497859392906	-3.60652783936411	1.78995044089592
awtu1239	1.4347650210989	1.34238619056301	-1.15550894368007	4.14368912752275
axam1237	-6.00503603667983e-06	0.747429882004124	-1.41955651311423	1.49561233815543
ayac1239	1.93135060747661	1.62917300817163	-1.15564675100484	5.28742201877555
ayiw1239	1.53916044867294	1.49027410686175	-1.08397354114048	4.81056815566323
baba1266	1.30865683218768	0.949161179731907	-0.505522920111971	3.2334952912771
bafu1246	1.08924793122906	0.878810046711405	-0.619232014799105	2.81981142035523
bagi1246	0.826248160201785	1.38734701037659	-1.88968315903085	3.55094362201554
bagv1239	0.447120554527418	1.4734521838638	-2.34799286207341	3.36030095677351
bahi1252	-3.15899684779763	1.17541985235384	-5.74332786312052	-1.1120676573236
bahn1262	0.052182883314207	1.27790849889916	-2.39739650097911	2.58189927236759
baik1238	0.68736084903083	1.44415477445124	-2.03945885811132	3.67276034248325
baim1244	1.06456074251054	1.51945654232267	-1.71067142536294	4.18099158018039
baka1272	1.67335478225819	1.53594544073024	-1.14070826962022	4.92813246660334
baka1274	-1.10934651907672	1.48867087188135	-4.08241609113185	1.73848071854731
bala1315	-1.55356795542801	1.49653903731749	-4.6057210599474	1.26634429105326
bala1316	1.75065200026472	1.4501458862197	-0.825499264741133	4.90200008353905
balu1257	1.99967069596968	1.45917946807795	-0.563867678680167	5.10755996605924
bamb1269	0.0636882803769672	1.7062022825756	-3.45301390330845	3.36637952212377
bamu1253	1.44806509699626	1.21591296273069	-0.835294238157324	3.93801099625199
band1340	0.148797292910277	1.20301327352178	-2.28281509722489	2.44647115568092
bang1354	-1.23459378242132	1.54971423652031	-4.48819299214821	1.57341245896883
bani1255	1.09576394797549	1.5700177931566	-1.82811926807487	4.23336308937151
bann1247	1.92194493344083	1.43937978122374	-0.674461055592851	5.06062376081212
bant1281	-3.3783342069287	1.23778548591742	-6.03362494882313	-1.18365066411274
bant1288	-2.68052034787536	1.43288519154525	-5.62677849309777	-0.0926243737392285
bara1357	-0.235666280374073	1.05877023405255	-2.31139698955788	1.85798518910651
bara1380	-1.68642364502381	1.56543134264122	-4.96073564533439	1.2657633188451
bare1276	1.48243648003679	1.52714954778884	-1.27803066708477	4.65401921986261
bare1279	-0.188119355109587	1.5733112204923	-3.42734470216849	2.75106482215241
bari1286	2.64725376019886	1.42954813070415	0.115450100936859	5.78273118681675
baro1253	1.32092882549575	1.24665167054926	-0.964280540598952	3.9863290042872
bata1293	0.285027096121411	1.47223872936456	-2.40010275471379	3.36203258761774
bats1242	-0.0462914123584491	1.50310602268881	-3.06965093493542	2.89108320222047
baur1253	0.735693900903893	1.5972703483708	-2.21849031822232	4.03263613976186
beja1238	-0.52341337625357	1.63580544378659	-3.94998069939162	2.57811229388429
beka1241	1.03603196831266	1.55813609408754	-1.81087332586866	4.27868006770357
bekw1241	1.50837315549322	1.21581424625974	-0.818463491772612	3.9668163468724
bela1254	-0.358949106461483	1.68915405392737	-3.75552990284996	2.80110197624545
bela1260	-1.15328619038765	1.30570041718975	-3.83272717826366	1.37340761215772
belh1239	-3.21247346863331	1.25214104565324	-5.96507470345954	-1.05648341510206
bell1243	-0.298981937171091	1.76380179100283	-3.87082800835427	3.06933901083478
benc1235	-0.785023242073424	1.61852592483692	-4.10941759062594	2.2975160531798
bezh1248	0.0994683430249131	1.44137220616491	-2.67861647735387	2.98216549418634
bhoj1244	-0.318879949078273	1.53610980596447	-3.47838525451279	2.60460356469193
biaf1240	1.03980744029297	1.37967176896623	-1.61723433142887	3.83775557756342
biak1248	1.31203393648457	1.54405919205683	-1.43352848059514	4.5652433485114
biao1253	1.09028710683453	1.63833146244647	-2.03545982467428	4.49162284347308
biao1254	0.709712669968132	1.74852699503854	-2.64812867662886	4.2197147819255
biao1256	0.89881851838787	1.6821056290987	-2.2491276892125	4.35055823868674
bidy1244	-0.316973204474411	1.37530495957313	-3.08791031459459	2.31532757125457
bier1244	-0.0400620528037733	0.810621430738733	-1.58337488260453	1.580211127538
bign1238	0.243476642561614	0.767338176924232	-1.1804417178403	1.82515900260266
biha1246	0.515314562471108	1.26244716448464	-1.84563899506143	3.11006880999877
bila1255	-0.808126680401108	1.48184259686561	-3.84689395290163	1.93007254079461
bilb1241	-0.513286866250443	0.902838586526925	-2.23892410200663	1.31065111732362
bimi1240	0.629777736099819	1.30571593228405	-1.865352804271	3.32320541464843
bina1277	1.33575119098133	1.38220097338518	-1.22338639790835	4.24959366017273
bini1246	0.998689559871322	1.26194351044687	-1.45121654617703	3.57399866543368
bisu1244	-0.871906599348351	1.30936178871268	-3.54080632651027	1.54826557192281
bitt1240	1.38116533310064	1.38481416624434	-1.18990755622834	4.31114845092221
blab1237	2.13058103594634	1.4656232631753	-0.466322380059648	5.29052007921851
bodo1269	-1.4794980661326	1.24042448146174	-3.99275834656857	0.863975819972509
boht1238	-0.579075155851508	1.5174304893388	-3.74696432299078	2.29297287521866
boka1249	-0.22458005302407	1.35011342506358	-2.88122520192752	2.41515357445019
bola1250	1.96572277554812	1.39958218327537	-0.602885494308072	4.8827971331123
bolo1262	-0.989109633008949	1.42632169994679	-3.92277846171632	1.71114408818801
boly1239	1.47047492323219	1.57134051942518	-1.44775634976464	4.67406897105881
bong1289	0.78844484016801	1.44908719118761	-1.85766793712144	3.82070924216363
bord1248	-0.762999369711948	1.55261236893204	-3.99368543630494	2.16887253123069
boro1277	-0.77854182836119	1.63241551684071	-4.27230491764433	2.2454755260041
boun1243	-0.0386597967698116	1.44051762968554	-2.96768222497608	2.82735465288001
boun1245	1.07135504818208	1.25595041762161	-1.24243716778644	3.68369195549501
bouy1240	0.979710740647812	1.68321504208303	-2.23780972254972	4.38492643999045
bret1244	-0.317883438904636	1.7109257011941	-3.90269413660261	2.86989159022391
brib1243	-0.134708357909635	1.39711891969177	-2.88821341691308	2.58294220105589
budu1248	-1.29724493879502	1.57108289232945	-4.60548097550657	1.66221453030964
buga1247	1.50351648305387	1.53903250267814	-1.22450864443372	4.78719496208174
buga1250	2.7398409487299	1.38804580549014	0.255769540715391	5.74374722086677
bugi1244	-1.6265919471509	1.44477511670612	-4.57407934314052	1.06414201743269
bugl1243	-1.05938945166506	1.61200168354735	-4.34312529160669	1.95760905355151
buhu1237	-0.975549874919251	1.18036247327047	-3.34274379466449	1.31954788078569
bujh1238	0.677712016269541	1.11652779750833	-1.4311885495374	2.86125329481374
buki1249	0.916927182241384	1.33363499684185	-1.64107715948233	3.6091925933406
bull1247	-0.0156165490373108	1.38290502102463	-2.78303945446082	2.74953442773503
bulo1242	0.836787427719597	1.41864924650563	-1.80791824780478	3.80378806983996
bumt1240	-0.83417703512254	1.2249434775398	-3.30108029749324	1.51679949346617
buna1276	-0.253981352174921	1.13172839054868	-2.41536118314943	2.01198651007727
burj1242	-0.645539040501786	1.60543941868607	-4.01015487500478	2.34343144579804
buru1303	0.825545967042928	1.59651407925453	-2.13640509809025	4.16971351055802
buru1320	-1.63433984310754	1.53293898301115	-4.85595400220635	1.13953407365824
busa1253	1.19687813566786	1.56876428319931	-1.84102064812176	4.3113599842394
buwa1243	1.57507393233338	0.98794154842959	-0.368776398549205	3.51880573432246
bwai1242	-0.171223237930982	0.926676586638132	-1.93532974578445	1.77056288146362
bwat1240	1.86958647461858	1.44225461746185	-0.620701515986178	4.87064287682391
byan1241	-1.06886008775949	1.21773092039615	-3.61068812422727	1.28003390027998
caac1237	1.84601991636307	1.47157015840102	-0.772571029003834	5.04850263733264
cahu1264	1.37954553656396	1.526455495867	-1.57044282301264	4.4766245732636
cald1236	-0.736806048783068	1.65507541063437	-4.23086105529028	2.36529003856883
caml1239	-3.40875506572005	1.24551307731209	-6.09129638817916	-1.20797333368246
camp1261	-0.356135483205801	1.69263767570954	-3.79728940391772	2.88684528435746
cane1242	-0.880967193900701	1.55544297537588	-4.14615975593028	2.05615457378342
caom1238	0.672250173939885	1.67090412724237	-2.45214811177268	4.1020053292405
cash1251	0.8780625397405	1.55419193357059	-2.07614263879315	4.10983203019806
casi1235	-2.10047971042434	1.13800101811686	-4.43073048841034	0.0778420256646314
cavi1250	-0.704336324589453	1.55604668524896	-3.87683385850586	2.23942682567329
cemu1238	1.87877488873342	1.43980251859555	-0.687948769580756	4.90813457158391
cent1989	0.885678263452777	1.58031307010362	-2.07591438561134	4.18514118854799
cent1990	-1.47224676035854	1.50387874763383	-4.56415423298091	1.36956592522347
cent1992	0.96004856751655	1.37813251665921	-1.59217545392522	3.82279175873351
cent2004	2.44305587423191	1.53795017562296	-0.348893749075227	5.69647087946151
cent2084	-0.772939330574253	1.16436775379525	-2.99668741399346	1.53389635601216
cent2150	-0.991628820349502	1.56257816508274	-4.13945945298406	1.99650531919496
cent2292	-2.2431734084858	0.904537334665816	-4.14615276045522	-0.518450323961655
cent2314	1.00960199358406	1.46395433383258	-1.67629347303589	3.9984122426619
cent2322	-0.169706958214529	1.75601036171345	-3.72548338961278	3.24794036912721
chad1249	-0.501062327673486	1.62060453515618	-3.85590252924024	2.46846550339978
chak1270	1.15964582394301	1.38905074143735	-1.43208292641162	4.05523199393657
chak1271	1.95081742354306	1.34673395429157	-0.51735149174205	4.79534141169436
chal1275	-0.556671790846633	1.63225182030749	-3.96494762227662	2.4896626152412
cham1309	0.540868300676082	1.48148861280223	-2.24572579318117	3.56347684815407
chas1234	2.18955071407348	1.45036387070711	-0.44801956886949	5.22663722152648
chec1245	-0.163034204335411	1.60518473779934	-3.33609587528242	3.01052547696341
chek1238	2.16567629567117	1.46503323667653	-0.452684580635554	5.32452893418781
chen1255	-0.279392465851991	1.74203287445489	-3.81867481117861	3.07726126109696
chep1245	0.50394719506457	1.08911648993385	-1.53954691513401	2.74961070594377
cher1273	-0.330993435230509	1.7182623050225	-3.86174475824895	2.92913153548064
chig1238	-1.02360152628587	1.5121865044821	-4.1794564359213	1.81385939052819
chim1302	-0.660963272470902	1.70131592061713	-4.1299566481017	2.54733242774872
chim1309	-0.969128964499822	1.50476852567275	-3.99767316060998	1.84021521977639
chip1241	-0.231281692968702	1.73398934064355	-3.71087841212269	3.0294611002918
chir1283	-2.89098903057851	1.20639036494339	-5.39742872658649	-0.737851580856208
chon1284	1.00092552998048	1.46924954511714	-1.72919397340914	4.06551484749321
chot1239	-1.68316887573118	1.07960939377678	-3.83979549306598	0.362673410181699
chug1252	-0.562444577135551	1.21898308743331	-2.95891480767978	1.83003493953197
chuv1255	-0.788425988286876	1.5947125656477	-4.13101644548148	2.16317472351117
chuw1238	-1.00550731341769	1.55866887399035	-4.31885850946538	1.96413241504613
cici1237	2.01164631435673	1.49385195142148	-0.720754678708987	5.24139781035434
coat1243	-1.08295340595812	1.50993643640896	-4.18720867980871	1.7197019898837
coca1259	-1.17240933942504	1.56275713740768	-4.35902936822488	1.77281666690531
coeu1236	-0.365356348939209	1.78271420644391	-3.93951360041681	3.02400343789048
colu1241	-0.42927716875821	1.75121330150634	-3.97658236964462	2.88409954585438
coma1245	-0.703048081841401	1.61351123319343	-4.09148974712611	2.29884529946981
como1259	-0.351237004960567	1.78370625396485	-4.05475225347895	2.98350225636221
copa1237	1.00993827223557	1.47877247547719	-1.87297453952354	3.95323449421536
cors1241	-0.401158736711923	1.71829825128013	-3.90915189530085	2.88637540401223
cosa1234	1.28570339746138	1.32927787506003	-1.20281278340399	4.10782956208938
crim1257	-0.521508482319928	1.60997479434939	-3.83042656760574	2.56312014509935
cros1244	2.43997943975701	1.31706076175552	0.029715997867187	5.21899421197627
cube1242	-0.825341535352704	1.55252715931518	-3.93937462223924	2.16329024689568
curr1243	1.41471946800674	1.56594813133846	-1.48834505667503	4.708561532952
daak1235	0.692069130200884	1.45408639065251	-1.99622449874486	3.64998704709576
daas1238	-0.713289329485497	1.56801826865842	-3.88597322069636	2.16406335369155
dagb1246	2.25791767648392	1.4419808519157	-0.363197664560125	5.29447617908876
daka1243	0.372205075086403	0.805958470470434	-1.17959812107541	1.96058031631232
damp1237	0.921554236583312	1.49356215399169	-1.9147495653889	4.04848539345565
dana1252	-0.182994210837493	1.30481832300737	-2.76100888944697	2.49916419815927
dand1238	-0.0691693041033073	1.71015303151616	-3.53397965422574	3.21230317305474
dani1285	-0.323352785608803	1.72954711734121	-4.01971957988384	2.82589926935141
dara1250	0.617118835925108	1.23428462518161	-1.83362515591315	3.02736990677371
darg1241	-0.954967800811123	1.66089055851122	-4.34415015966912	2.14012503867322
darm1243	-1.03596986795246	1.2168445573423	-3.54872280295113	1.30410950491131
dege1246	2.48980006736022	1.36731894898347	0.0756078484615248	5.38956450045561
dehu1237	-0.734830893692307	1.32122627496578	-3.32918854157941	1.85889937031286
dera1248	0.876471744042075	1.32122179114579	-1.76405809433618	3.44042921719404
desa1247	0.0940932979896213	1.41594979472113	-2.66029696950498	2.88980679056572
dhao1237	1.2533346709827	1.59530822077866	-1.63581946489122	4.55806125308179
dhar1247	-0.702373628162963	1.5998356259219	-3.8436500525185	2.32924349930639
dhuw1249	1.57021519634626	1.405184839581	-1.05547386885224	4.44268975231841
dibo1245	-1.05923865866358	1.46723345940453	-4.08618014719419	1.69252747087865
dido1241	0.348611129837838	1.45162320147601	-2.47452973414472	3.27260065110987
dier1241	1.46614180936841	1.58390553965494	-1.46828328618296	4.67038117878834
diga1241	-0.81514725386239	1.15122766736325	-3.14137605397488	1.41944699856378
digo1243	-0.817427490080023	1.49312797225613	-3.93330439414115	2.01174864961373
dima1251	-2.58050803550228	1.22516473777279	-5.14004589687914	-0.338467823160218
djam1256	1.47629656246719	1.354725034456	-1.02307811818326	4.28012014405019
djin1253	0.309487126367984	1.4289454934014	-2.57919517033134	3.10375780419448
dobe1238	0.809050951309044	1.53445905745833	-2.01742814501576	4.01698859547321
dobu1241	-0.663166643755144	1.01949233145021	-2.65037412619092	1.35940031255294
domm1246	0.822747029360446	1.13457947022972	-1.36427021895298	3.09483977482888
dupa1235	-1.5912503307049	1.20585261550977	-4.0204949415915	0.743539401150267
dusn1237	1.27150469844277	1.45856130388118	-1.37304427073142	4.37057365129466
dyir1250	0.0755548220694267	1.45319707420307	-2.90817643567164	2.91544956847515
dzao1238	0.805055519173134	1.76769892946872	-2.59870568001496	4.34807919547393
dzon1239	-0.286660015610589	1.39244485617781	-3.00206807117336	2.54676744631104
east2328	-0.794140709815025	1.69590509869985	-4.25512286303881	2.39192623347116
east2342	0.336019578896551	1.33557584878796	-2.21178348860795	3.08345281879181
east2379	1.40919494951804	1.44837638671511	-1.4062657817083	4.44019937919225
east2440	0.813350057346598	1.61526008278735	-2.14934225520676	4.08514605641748
east2443	1.53987220722648	1.15603566901767	-0.630795651783659	3.92819924795125
east2447	1.02009420782259	1.56298342541616	-1.95433931302341	4.1583535786047
east2516	1.54880180465658	1.33107135046947	-0.893225520493953	4.31058725201475
east2555	1.0090829647582	1.58850322800104	-2.00520395153545	4.26108161255807
east2563	-0.0693140866702479	1.3853483460335	-2.73095823940099	2.68232951880359
east2690	-0.189508001038544	1.56433986547228	-3.39796910358252	2.81966135349149
east2694	0.584860847985981	1.37111060551559	-1.89952698126459	3.47575684755921
east2773	-2.48086001267955	1.11976208751681	-4.879462705152	-0.430670636155605
egaa1242	-0.374123356811704	1.41694890902439	-3.23766753654207	2.32114904295643
egyp1253	-0.486262485038533	1.63976279405772	-3.95169633076076	2.58527644905007
eipo1242	-0.132398799937226	1.15632814449348	-2.35750154274232	2.1653016631649
ekar1243	-0.386602362868737	1.26513831600212	-2.84437818859541	2.12851991506453
elem1253	2.76863223121518	1.26768638265355	0.616939007493242	5.51571466156775
emae1237	-0.673580362488651	0.925223213370015	-2.53297683504359	1.1698414486097
emai1241	2.00441089561996	1.28358326836992	-0.35934076549446	4.70760372767583
enuu1235	2.27557799237736	1.51264877688999	-0.497769357314066	5.53286812142269
ersu1241	1.29863496168503	1.47018110618436	-1.51204637118513	4.32680360929271
erzy1239	-0.249915690183959	1.7352326219868	-3.74387597006918	3.01902228978264
esan1238	1.97201401787283	1.34622163975645	-0.526586004247719	4.78341634564161
esee1248	-0.519710333290435	1.51882898019811	-3.54276165260774	2.50029901372374
esim1238	0.803630443484012	0.937618469187026	-1.02640408346768	2.67124106729945
esto1258	-0.344251690759781	1.74533081851202	-3.9149948729548	2.98961734503965
eton1253	-0.157795278304627	1.32631278512707	-2.82682588508664	2.42401675548925
even1259	-0.357725358661628	1.70189725882954	-3.80250230976103	2.90883500481138
ewee1241	2.86597616972867	1.44570658466023	0.335528936668269	5.97904254145495
fait1240	-0.192859439837801	1.00178109511184	-2.16138875280153	1.85768744939573
fare1241	1.47928494360434	1.37862367276598	-1.12529840578159	4.26641683064073
faro1244	-0.356297436051549	1.70209492511386	-3.80216140564938	2.80185519379294
fiji1243	-2.0614610202012	1.4301289070119	-5.08420068000081	0.516008030465006
fili1244	-2.48964311394398	1.47440771692779	-5.63959910145617	0.20443986048983
fina1242	-2.205209482069	0.910969315969598	-4.10020625162409	-0.552186257986665
finn1318	-0.155815266128525	1.7375127824444	-3.70070354808036	3.15107811087903
fonn1241	2.55035361201587	1.5159407411078	-0.23983926096094	5.71372411738542
fore1265	-0.223308932875775	1.73517638936375	-3.6849018512788	3.12083251167541
fore1270	0.18272465809149	1.12247253392454	-2.00959590840332	2.43651608989171
futu1245	-0.417305672557119	1.22723284573406	-2.74629700944446	2.05222187991528
gade1242	2.64331562000078	1.53573707179528	-0.0935854630887764	5.82348536161517
gaga1249	-0.535689004738811	1.647200581247	-3.98286340245566	2.49759405183129
gahr1239	-2.05893644449327	1.48846504799288	-5.19189474407301	0.687453401601248
gali1258	-0.372306726004076	1.72007337763077	-3.8774011625268	2.88719464196644
gali1262	-0.596968916563201	1.67209273893912	-4.06703626437085	2.55090704690188
galo1242	-1.18518721671247	1.24598143330826	-3.73050701773778	1.18419343048973
gami1243	-0.653008312174908	1.56852552509663	-3.94372180229045	2.27615401709678
gamo1243	0.230974909560068	1.4169544983634	-2.58677807770487	2.98595198511783
gand1255	-0.966375382403486	1.49627759140104	-4.0522703672847	1.85081903785905
gant1244	-0.696303661130485	1.08070283043494	-2.89520163470842	1.40323465578965
gapa1238	-0.219100921818733	1.005254408129	-2.16488061896487	1.79787440692563
gata1239	0.816171631342181	1.48463812536195	-1.96034004083511	3.8614127519836
gayo1244	0.931682528016014	1.52942119465309	-1.90553654405346	4.0978282464801
geba1237	1.10149863905171	1.32732825019259	-1.31383931197922	3.90923647979976
geda1237	-0.439863677857338	0.910173724072051	-2.15785211436851	1.3443793309705
gela1263	2.31753560473766	1.40860087145487	-0.211191296653149	5.33014899205244
ghan1242	1.89900849625644	1.50296184576164	-0.760038664118635	5.11485721046256
ghar1239	2.14147425187718	1.47180095828729	-0.478492885949738	5.31719385369618
gheg1238	0.748016779510312	1.47008769088068	-2.14186758143023	3.51827036026648
ghod1238	0.274309898014804	1.55039545569417	-2.71123015979142	3.3559244063644
ghom1257	-0.509443008051836	1.62160093419432	-3.90411588538864	2.51160523160341
gida1247	2.0318724034478	1.06965872560574	-0.0248080214670254	4.19154322274501
gilb1244	-1.5421321503098	1.51328564987105	-4.62707740966072	1.37308316367883
gira1247	-0.668856284367718	0.960360910671183	-2.57550132303714	1.2150678738878
gobu1238	-0.00717505679702858	1.29486717850526	-2.55903998046368	2.52457855159919
goem1240	2.81062929362903	1.3629314444552	0.243356025581065	5.67649285784606
gofa1235	-0.194740990511096	1.50968978813343	-3.22333641384392	2.75906040112622
gola1255	1.21044577372066	1.44373902637692	-1.5577495071562	4.16412202207243
goli1247	0.998881083191566	1.1710412766372	-1.21352778511529	3.35799586538593
guan1266	0.373362884317621	1.2616617906756	-2.02177853433164	2.88924356039112
guan1269	-0.256233494728875	1.47299286232718	-3.22876525276975	2.5978289729743
guar1293	1.5472359243382	1.49853840533671	-1.19088543752342	4.70883962664749
gube1234	-0.580381537668789	1.32360900973889	-3.32482493792304	1.92275338698453
guer1243	1.06060626730284	1.4802622127807	-1.75017187985682	4.09090999864801
gugu1255	-0.339223220110757	1.48369690482	-3.40848214475934	2.48131107893236
guhu1244	1.76275638143702	1.32935038694089	-0.694646854470418	4.54966330096465
guiq1238	-0.054245892280178	1.30739998684353	-2.60285869638879	2.62065895983327
guma1254	-0.498580865779232	1.03334585273844	-2.51862698703064	1.53370722640097
guny1241	-0.964050781900017	1.57252537961975	-4.19195461210463	1.95631088074962
guro1248	-0.424228919561194	1.67710832915583	-3.743295922668	2.81508896086254
guru1261	-3.02869253727717	1.15838163932396	-5.53064564068936	-0.968798042932822
gwen1239	0.513792458677202	1.41807582061592	-2.20056773882882	3.4869535062057
gyel1242	1.13125511429794	1.45206873407885	-1.60818703710195	4.10901044244687
haaa1252	-0.86390165661133	1.54879405901091	-4.03465973478975	1.98209023560721
haka1240	-0.993608293506992	1.14246333757988	-3.26984440617364	1.18354480657241
hakk1236	1.12624940967605	1.53690352957743	-1.7708014892156	4.39979469025168
hala1252	0.881022423028286	1.3271596723087	-1.58146658383659	3.60178441600001
hali1244	1.84738344508953	1.4662464389774	-0.801051890266213	4.88828937559937
halk1245	-0.504331746516947	1.73818959397336	-4.07405766466037	2.77163782878315
hani1248	2.00516644201328	1.62001339109321	-0.992149173866545	5.33221357355572
hano1246	1.37718920493639	1.14034706077037	-0.754303923267398	3.72883221439124
haro1237	-0.656569957789205	1.32977967095758	-3.26226566149901	1.88354567370796
hebr1245	1.67926803597485	1.48687942307452	-1.15192158761231	4.60723687472161
hela1238	-1.22901576399445	1.03821812548015	-3.27308986499088	0.801047042936589
high1278	0.297894606088416	1.38530461334874	-2.44940065331421	2.93958748583268
hind1269	-0.299413775897351	1.70958211237956	-3.77412469175255	2.94164120646207
hinu1240	0.55800182552971	1.47935334465803	-2.27440310100337	3.5548407763851
hlai1239	0.709673284559366	1.63967357181817	-2.33112576950378	4.08795588415775
hler1235	2.43024761809348	1.58659281127257	-0.482670364280158	5.78266626990158
hoav1238	2.11735376590869	1.47179739864761	-0.519469330579782	5.23292444762445
hone1235	2.00097355738001	1.26265097765544	-0.328195324955449	4.72587689251127
honi1244	2.3094423020533	1.54767437790472	-0.431464725493652	5.62479390876793
hooo1248	0.839307652567431	1.52734003798112	-1.96069325595367	4.01792365769589
hopi1249	-0.71847202359502	1.57524154491659	-4.0205996741453	2.18939567485554
horp1239	0.467327849287225	1.27276518977176	-1.94309602844461	3.09438306659434
huas1242	-0.628030213042601	1.46258938788105	-3.55078067608247	2.26296453963478
huli1244	1.12125325124209	1.42452979982533	-1.48715783764111	3.99629634103688
humb1243	0.934409240705934	1.60486860418354	-2.14369613776043	4.25557112183969
hung1274	-0.190941844153836	1.76230918055313	-3.74818945022039	3.21612967775031
hung1275	0.838157906691604	1.56316196616554	-2.07378921655148	4.06073553084961
hunz1247	-0.00976334738201268	1.45441524024106	-2.82850121080361	2.95593753981575
huuu1240	1.32730277567239	1.27084574673106	-0.981926179149687	4.06581567884955
hyam1245	2.48262273551841	1.35437704224661	0.0462240331045242	5.32418152228406
iaai1238	0.542932962535339	1.27871566807482	-1.82088011541961	3.24782880289634
ibal1244	-2.2638458566826	1.04624385679549	-4.48877547617115	-0.302054776598095
iban1264	0.858010346679763	1.56621422550558	-1.98869798679606	4.12199786536126
ibib1240	2.64224768412004	1.39797514543852	0.153317693231149	5.60882027638365
icel1247	-0.311222277313555	1.69495951486914	-3.88925403294545	2.84577961361062
idaa1241	-1.67990774759859	1.45457094368517	-4.63912703346913	1.08113691877773
idom1241	2.61432708255453	1.49028837456397	-0.145648922350339	5.72017347008547
idun1242	0.0453429872359023	0.971045975478119	-1.78550261205665	2.06522734748773
igna1246	0.573762347850133	1.60726067634874	-2.46170741518651	3.89195602007681
iliu1237	0.799854392937362	1.45193380420726	-1.8323709262965	3.78844127669425
ilok1237	-2.1803484510377	1.16076799055194	-4.5606048653669	0.0333608106922437
imba1240	-0.692199238931071	1.59732101958699	-3.98673489355257	2.34657522369636
indo1316	-1.51398175386044	1.51673265230496	-4.64919150698411	1.39740515414738
inga1252	-0.14803039948923	1.54653371141375	-3.26472954035312	2.82831660381111
ingr1248	-0.319979880084572	1.75650215798043	-3.80255361452908	3.06326095994201
ingu1240	-0.17892249906401	1.59015370216368	-3.30602240946523	2.91006045941631
iraq1241	-1.70462311389697	1.47504830129974	-4.71172970557008	0.968938455897722
irar1238	1.22267423873941	1.53818426333232	-1.62730202794282	4.47324909635646
iris1253	-0.33929935498926	1.68006419035277	-3.82813607187685	2.79043415951756
irul1243	-0.246614554340852	1.75876764008407	-3.86099297275308	3.08821449750159
isco1239	1.03984164169495	1.55503589258164	-1.89777198362961	4.27515506484667
isna1241	-1.18255179248751	1.19188385634142	-3.58494962124583	1.2230113574627
isth1241	1.4745023269924	1.54359869989443	-1.49837335679072	4.5892223454046
ital1282	-0.386270919369016	1.69261262831235	-3.81056168770405	2.76436059507561
itza1241	-0.420904502320754	1.58048781784601	-3.57017077222622	2.57662979246709
iumi1238	0.128532876455934	1.35607892111099	-2.52633548671465	2.89173033781736
ivat1242	-1.22423889804838	1.44938780509595	-4.12604840591271	1.54566330218251
iwal1237	2.28203435936178	1.35038162563514	-0.208576429617791	5.13340113458087
iyoo1238	0.496906302347342	1.01998429786984	-1.47186146850852	2.60554977431028
jamb1236	-1.49328481622294	1.51447176683327	-4.61784161320514	1.39395744458068
japh1234	-0.147673978546983	1.29848204217109	-2.69419451185585	2.46625202931163
jara1266	0.600354733045961	1.30834278056283	-1.82668429892196	3.29439427574563
jaru1254	1.30603637214283	1.53590376321083	-1.64430879000601	4.42489982326857
jehh1245	1.01600786230422	1.36598709585579	-1.53275818990757	3.81794283576622
jenn1240	-0.701258448007548	1.67964379171921	-4.08279003360432	2.4994012885094
jiba1237	2.40967738730883	1.30507735830581	0.0129250995271011	5.11885573468857
jjuu1238	2.31700454570317	1.36591372949216	-0.151538854780063	5.18400989755105
juan1238	-1.25083620786539	1.44244642052075	-4.20797126733093	1.46327536774401
juku1254	2.42271538015766	1.1501876925335	0.318389527541186	4.8344554428864
jurm1239	-0.138097633850332	1.59667618531289	-3.28535463009729	3.13736594973316
kaba1281	1.45425730496491	1.66306105683463	-1.67890044161429	4.90747015563361
kach1280	1.25732884342355	1.45843450099442	-1.43706889313487	4.26389801684805
kach1284	-0.569891070076525	1.44185530843104	-3.47512208169712	2.20500236436356
kada1242	-0.671722986600013	1.6745768909834	-4.07316106513787	2.52940702324402
kado1242	0.279435944197007	1.27462099607287	-2.18492057967454	2.83655726600163
kaga1256	-0.70839467732927	1.24956466704411	-3.16191634175101	1.73214076260117
kagf1238	1.79914736422563	1.49642996170839	-0.925783855024656	4.98629623253077
kagu1239	-1.69564279764722	1.52235560355228	-4.91536606197266	1.13314125322221
kaik1246	0.113314956087702	1.24182954187495	-2.21895326279965	2.60100253383781
kair1263	1.21954465622993	1.40478832393443	-1.38781321387853	4.06587660787897
kala1377	-0.689009792149749	1.5494166413725	-3.95345146209432	2.1415444705812
kama1367	1.00752462548915	1.37167273783204	-1.52877202202302	3.8660389510669
kamb1299	-0.086436606977488	1.38082135617274	-2.66775863069927	2.67154510080011
kamb1316	-1.13934428136564	1.4694726879422	-4.21240422564223	1.5748170014043
kamm1249	3.24618856591428	1.42733657243743	0.676761436422245	6.29764039964278
kamo1255	-0.639960332408174	1.31953245193884	-3.21775995703921	2.00940826784885
kani1286	0.0337849003846021	1.08699228707752	-2.10362332779843	2.18070259813636
kank1243	-2.36088059001025	0.99266540370067	-4.47598730422416	-0.558355662215143
kaqc1270	0.873099667197654	1.43223336215845	-1.85233194968018	3.78229584382276
kara1476	-0.88991803434184	1.44193424296581	-3.97029263315935	1.73757826412782
kara1482	0.543442254834446	1.67707357748516	-2.63200381556036	4.0411408131761
kara1486	1.3300240988849	1.26207485763721	-0.940867615789687	3.96123679147945
kara1487	-2.2547309570147	0.925060804835119	-4.13434014416617	-0.543647040153068
kara1500	-0.9434253383811	1.59238126163387	-4.22519695273301	2.06967009323215
karb1241	-2.49951183565466	1.26910570961617	-5.07206714626724	-0.100631105633414
kare1335	-0.231651790711014	1.77893253041398	-3.84839573324675	3.15490170341495
kare1338	2.05253401126827	1.48435465836284	-0.65408250292041	5.20063528438669
kari1311	0.964446670175038	1.54978470688524	-2.00273028847801	4.15062217924092
kash1277	-0.774608593720718	1.73932956517862	-4.37906787276585	2.50016603464202
katb1237	0.112936644078333	0.712790829851777	-1.26727102470883	1.51289903918734
kats1235	2.3469567135065	1.53576140346614	-0.490158962490819	5.51996911095105
kava1241	1.26070309407622	1.33879066209259	-1.15049875246552	4.13254951217722
kaya1315	1.11349825130916	1.31294217251524	-1.3469581657527	3.87145556733872
keap1239	-1.47628808214204	1.23568087974715	-4.00782524043523	0.891991665368162
keda1252	0.123141801381538	1.25067330576636	-2.29084900280484	2.6392012507927
kele1258	1.96255627800433	1.44184762919122	-0.564519573296762	5.07123954079826
kemb1249	1.24911263072122	1.50005998539898	-1.52168118856543	4.35950790691167
kens1248	-1.64503842990379	1.43288882254365	-4.5499700958606	1.0948199987777
keoo1238	0.650719279244938	1.34072801033807	-1.88409089445592	3.46377033239212
kera1248	-0.277932070701094	1.20512493411629	-2.74520075589601	2.02046758000828
kesa1244	-0.0508462113978238	0.988397977013317	-1.97601797886028	1.89260759966499
khal1275	-3.2383327327562	1.25715561154	-5.96085549983598	-1.06049612222341
kham1282	0.833673772780172	1.53529362037264	-2.0312471874917	3.97127121645443
khan1274	1.41648228262207	1.56722709263556	-1.4427983275527	4.64589444864745
khan1278	2.72662513206387	1.28750903469822	0.461755782448316	5.48183715247915
khar1288	-3.08862387598519	1.18164683504627	-5.53898607038302	-0.947422423111172
khas1269	-0.138906225349691	1.24944617017175	-2.51855400556531	2.41558719342327
khin1240	-1.38753998530306	1.55067104112682	-4.638014559938	1.48848332088407
khmu1256	0.819020605694987	1.47168413904259	-1.93132506077765	3.89076363156159
khum1248	-1.12431645614273	1.14399730049984	-3.52361326933381	1.03029094488561
khva1239	0.350680221019513	1.44379752364245	-2.41728329967316	3.26182744478494
kich1262	0.80936710550637	1.42732710728069	-1.96754900557722	3.70934500319968
kiku1240	-1.66792300709577	1.56757411636878	-4.97404213088172	1.21499672624598
kile1243	-0.389474008291603	1.74844388860136	-3.96809174744814	2.84768450573304
kili1267	0.236244440595635	1.28135045698839	-2.22121406751698	2.88145999513757
kima1244	0.682857044990579	1.39632193271342	-1.92334607123147	3.56258588618672
kimm1245	1.24708261481378	1.55963483227154	-1.69556165095836	4.52117049965284
kimm1246	2.522573560706	1.3595448688249	0.0302277651568732	5.3745039910715
kinn1249	-1.96660151842681	1.50112885453191	-5.1397998468315	0.779092282483178
kips1239	-2.16056836381668	1.62488116007401	-5.44704605386773	0.856338348031398
kobo1249	-0.421119461524538	1.11766294975548	-2.62846641860172	1.79579862471436
koda1255	-0.578897795115	1.75404000199273	-4.10005422886452	2.86852912350877
koho1244	-0.359985238598803	1.27907601627972	-2.87419997859961	2.24369858864214
koka1244	1.58637672677036	1.494000998806	-1.25919332429278	4.69297709716244
koko1269	2.11378761141659	1.4909977000728	-0.586876534564313	5.30107301966067
kola1285	0.751322126885728	1.49330649870013	-1.91809220569749	3.83721402733344
kolb1240	0.519924591772714	1.35119186765198	-2.14248849083941	3.13915695196155
kolc1235	1.74522507528042	1.45767971426357	-0.921736537641021	4.85274129072409
kolu1245	-0.252256133532741	0.940739101201406	-2.03791636395111	1.67619780758309
komb1274	0.0684924091091712	1.24158476764088	-2.34452645796022	2.54007048911497
komc1235	1.45621729610514	0.869251600751891	-0.198316937017599	3.20387818701972
komi1268	-0.217952681350809	1.79231523293999	-3.84467268053611	3.20944837644218
komi1269	-0.205501073505103	1.74497785820531	-3.78020944767716	3.14974171466427
konk1267	-0.363575593754201	1.67002465731973	-3.83064612803325	2.7801115144123
kony1248	-0.911521955693953	1.12803757049198	-3.19045406604665	1.23646025784337
koon1244	-0.928721585109125	1.56403315850578	-4.14511072448812	1.98445628072025
koon1245	2.01834887029746	1.47021166831243	-0.580985080133781	5.16782721257809
koor1239	-0.258148311653518	1.44941351771344	-3.16596554258902	2.57857742045047
kora1294	0.914536591524385	1.26004871511826	-1.37988677611926	3.55467926776255
kore1283	-0.147686850146797	1.56940335746572	-3.22367780563405	2.89942995956923
koro1298	0.542862140192056	1.32091118711445	-2.093085878484	3.10879518225105
koro1312	0.303204999515618	1.19372845849777	-1.96114346593678	2.66410018244101
kosa1249	-0.308656981375323	1.21345687036845	-2.7363242841593	2.11122736910076
kosr1238	-1.51632949069328	1.52398454522457	-4.67017736209849	1.29815731155749
kota1263	-0.71532297048574	1.68097360904616	-4.18685175935685	2.53422226422171
kove1237	2.34452173818608	1.41638501285257	-0.204546968516569	5.36326166746065
koya1251	-0.148816661829136	1.75293282236515	-3.69911496402625	3.23009557211685
koyr1240	0.869789235537004	1.71805005420037	-2.3386800159542	4.38451116511137
koyr1242	0.657617637676962	1.67982619410576	-2.46288662355371	4.06611268195063
kryt1240	-1.35638697680078	1.55036140540122	-4.57282625464665	1.60500804277278
kuan1247	-0.929452973391165	1.53092798424116	-4.17713468406359	1.90261449339113
kuan1248	1.69484442000831	1.28421261968716	-0.597209513208407	4.36357270379758
kuik1246	-0.791320977563706	1.39863678112156	-3.66374550037334	1.90145843733346
kuku1273	0.799737491499091	1.43275616876386	-2.01080133870317	3.60886176011709
kuku1280	-1.10636239972568	1.569307289258	-4.39919392448492	1.82054187071753
kulu1253	-3.11425797022541	1.24406220507395	-5.81676650887234	-0.902252732071931
kuma1276	1.77402172674473	1.46193729859763	-0.848556471936162	4.82146885986926
kuma1280	0.569964874066827	1.11031516386061	-1.55758655880869	2.80998435567189
kumb1268	0.0740942575154898	1.40906166051948	-2.80969436338465	2.82153016709599
kumz1235	2.13877910163532	1.57175931425101	-0.939163362992849	5.21204308168226
kunj1245	-0.678613420437256	1.5755281435724	-3.93273643407667	2.22738421279409
kurr1243	-0.226829535467912	1.39996514998856	-3.09555688442848	2.55478917775762
kurt1248	-0.71078375616493	1.19806807637531	-3.11658037449551	1.57344858485415
kusa1251	2.12214826349693	1.4732833994426	-0.479812129308028	5.34527184750466
kute1248	2.04544163515698	1.08963241461243	0.0350697332475228	4.31817078872005
kwai1243	2.11985084209158	1.36419020119417	-0.29232653367127	5.05605503502387
kwam1252	-1.82801624924447	0.938188322320342	-3.74190851776063	-0.065368276957146
kwar1239	2.18561104852805	1.37108165733863	-0.213698818361084	5.18070458905432
kwom1262	0.358033889084395	1.3612800705012	-2.35668662092262	2.99074316615358
kyer1238	-0.67693414701738	1.0323888613205	-2.7221031140363	1.33312285801037
labo1244	0.0968901889869566	0.780291975747341	-1.43454048499796	1.65340601862621
labu1248	2.43126909018696	1.2659027224225	0.185215141575693	5.15190384670971
lach1248	1.27851683863348	1.56378970589561	-1.62647368318983	4.5082222051658
lakk1252	-0.925131483883433	1.60291627573031	-4.17849409365253	2.09954088157615
lala1268	0.22845333740053	1.14371147847832	-1.95574481785518	2.53237347578037
lama1277	0.981386042333783	1.26806293370171	-1.31971649510431	3.64657312291605
lamb1269	-0.484745346700982	1.65437756907487	-3.84771284441826	2.63440867124432
lamb1272	-0.989169764309501	1.46941603688083	-4.04148895800098	1.71370234326527
lamb1273	-1.37311507318997	1.40759308731825	-4.16768913578861	1.38410345640788
lame1260	0.0147174998956623	0.797536041132948	-1.51519813013851	1.61840792225372
lamk1238	-1.28610131985308	1.09979305221373	-3.47977834893126	0.797437413477312
lamo1244	2.47964076042329	1.43514799828858	-0.0666339543701255	5.43861470890238
land1256	1.19009262183998	1.44806692121262	-1.52416093395892	4.19997245587337
lang1320	-1.69799621633974	1.4091721094495	-4.716759413296	0.808472362426248
lang1324	0.881420381937198	1.51863339347509	-2.0616795107663	3.99661210382201
laoo1244	0.934159755139415	1.65879015925877	-2.16218611234747	4.4091415863917
lash1243	2.07101539430456	1.45922773893173	-0.538633613699325	5.15186818351159
latv1249	-0.46197803756539	1.73204257942093	-4.08324349614333	2.72547440861439
lave1248	1.34471537104922	1.50249885278497	-1.39499275333843	4.43737567634562
lega1250	1.02789138198652	1.51722447216259	-1.74394158321247	4.1191852074834
lele1267	-1.01237658453643	0.943557316201034	-2.85930669488144	0.81708444869616
lele1270	1.96360603989508	1.44326577923282	-0.578178056267519	5.07734715251463
lele1276	2.81223912718137	1.39980360785212	0.205621672849955	5.69808704223142
lemb1266	-0.236124874825924	1.23236160051536	-2.63980280998993	2.24397021387076
leme1238	2.09839922680961	1.40674889779423	-0.368427652692525	5.16338240421338
lena1238	-2.20169045860897	0.940323982137714	-4.14960293037851	-0.461302049236272
leng1259	2.15861565213943	1.37589417914668	-0.311840763161628	5.07715485999483
leti1246	-0.661566045480488	1.19377701653774	-2.95423651672359	1.68492263203893
lewo1242	-0.159924723667093	0.869706776114231	-1.85458542508948	1.58729439446103
lewo1244	1.06294548593797	1.29017325097317	-1.28225459557093	3.80655227603803
lezg1247	-1.39517669390268	1.5991128732946	-4.7283439861491	1.64415177869337
libi1244	0.680566419715489	1.35319762803758	-1.90712047602868	3.37935201963104
lika1243	-0.385601726130715	1.38361514612031	-3.24447901693065	2.17636804718429
lill1248	-0.400632226172118	1.74465431181876	-3.94403242312924	2.87494508633984
ling1265	0.136470084752279	0.708572647987878	-1.25849158547401	1.54504827084619
lipo1242	2.57985714320285	1.53426176078703	-0.136998638165284	5.8588150961686
lisu1250	1.98165745006812	1.51260613048512	-0.782123860193035	5.15854917526523
lith1251	-0.454650819561055	1.6888318816536	-3.89870726297103	2.75672593775609
litz1237	0.193323597602158	0.711676130623979	-1.20135861024833	1.61865553399802
livv1243	-0.274843018939867	1.73495038828801	-3.81781450888884	3.04531213725011
logo1259	0.334147807536343	1.57848414544929	-2.70984485373387	3.52487776570576
loka1252	2.59069936316503	1.34142426928621	0.194599121212082	5.53411624839595
lolo1259	2.52936888669208	1.56920676749926	-0.245998682242886	5.91123182837206
loma1260	0.202887194925252	1.66232082375162	-3.09739683295336	3.39311627271116
lomb1257	-0.498043771393563	1.6310476073778	-3.82911305868655	2.58259605667823
loni1238	1.95718473341703	1.45530578794227	-0.521298857358927	5.03532022489008
lote1237	1.10630917369471	1.30378824194321	-1.29578402872755	3.82377943358881
loth1237	-3.00120129287959	1.2139208715918	-5.50818075213074	-0.864011701202335
louu1245	2.01815755453614	1.43202324500023	-0.483976797784368	5.09882835107609
luan1263	-0.68953033069449	1.20840806686991	-3.05402302913748	1.72781791633373
lubu1243	-1.64286841925077	0.963072051831175	-3.61339296228863	0.238954281391818
luch1239	-0.973487082903582	1.58688800127241	-4.26182954297334	1.88707339943254
ludi1246	-0.228838634662071	1.74394508030641	-3.82318968873752	3.1485540557425
lugb1240	0.772623284649886	1.64073731601949	-2.27661652335028	4.18625061019931
lugu1238	-1.68195205464471	1.49729575315473	-4.81264184589676	1.04684240168584
lule1254	-0.27775345201355	1.73067655872053	-3.78113846096226	3.07110815216181
lund1266	-0.953391173585453	1.5537446547272	-4.19999160701997	1.92929301227122
luok1236	-1.92932746866656	1.57463275533874	-5.18106727363056	1.05410272456738
lush1249	-0.312942706549486	1.17354535736339	-2.64763834806459	1.97643412375533
lush1252	-0.456674036727504	1.73073090765372	-3.96096025808523	2.80143318011719
lusi1240	2.56840854797948	1.40933599058614	0.0438971220681318	5.59569619525811
maan1238	0.720883054204526	1.5484135805127	-2.05327064400246	4.01565284469029
maas1239	0.373301706146631	1.34079257032196	-2.31257792522083	2.99991731484311
maba1270	-0.536259316219147	1.4064013282505	-3.43172917940968	2.06759914417705
mace1250	1.65206093184663	1.48009686795192	-1.24519085597959	4.60299117191049
mach1267	-0.607727068413678	1.38411564949187	-3.29600490163076	2.14119771479605
macu1259	-0.509873360285099	1.66166022197595	-3.98824680681879	2.64370745730114
macu1260	-1.1857037941074	1.53517275465038	-4.29371415772478	1.73009218372671
mada1285	1.18158310000852	1.23223705327344	-1.07357950959035	3.74835654568597
maee1241	0.315624815670422	0.744928085869235	-1.07134376189716	1.81885077495595
mafe1237	1.34278371109587	1.01264492049091	-0.527268975194763	3.43965615889433
magd1235	0.540454052262104	1.48589247005124	-2.40282825376151	3.48543527435967
mais1250	0.565979506561936	1.28255794538321	-1.80550735950627	3.23161314220507
mait1250	-1.82624435711491	1.5189864480332	-4.92680740339722	1.07967510602762
makh1264	-1.29107098446751	1.54221459774718	-4.5661447168347	1.55264328991423
makh1266	-1.48655833953947	1.53485774828683	-4.71281782505764	1.34836336925194
mako1251	-1.53549024404929	1.51123971144087	-4.7240156765049	1.19239065516927
makw1236	-1.47835921744487	1.50036252886803	-4.79438392846042	1.30843588517039
mala1464	-0.392756536148359	1.75969091589283	-3.90006857779962	3.00518315761124
mala1522	0.049987550190881	1.34231789988944	-2.56142415689617	2.73386481022789
mala1534	-0.968725609006858	1.06749293600527	-3.05619309822774	1.16539388979376
male1284	0.116677530032848	1.39439029117008	-2.63824327531593	2.7830427735294
male1289	2.67215827355634	1.4599610306881	0.0854208428672403	5.82215915573015
male1297	1.4827277429619	1.53964973538104	-1.40934747061936	4.67208519112159
mali1285	1.29929207757348	1.53437514124162	-1.63749446893912	4.40911317982214
malo1243	0.911252925001468	0.900027273529898	-0.794832002853842	2.74497676793365
malt1254	-0.625905449356102	1.65805761163472	-4.09036793558094	2.45592090231972
malu1245	0.343028283697033	0.782440224725911	-1.11359047210521	1.94007565033223
mamb1294	1.78863766232381	1.1277001777604	-0.337284407854126	4.09334735625915
mamb1306	0.0691361854861096	1.26439097459963	-2.32702480200672	2.64140149924785
mamm1241	1.29607630559649	1.48797213964804	-1.53422680583046	4.3511981210379
mana1288	0.336864388997076	1.14410944522171	-1.86168849457701	2.66076179956071
mana1295	0.7546830923424	1.29089015815117	-1.68022605987045	3.38560421868184
mand1415	0.893250272051316	1.56915016373476	-1.95576596267107	4.13140251133896
mand1436	0.273494728416583	1.51726352798681	-2.73302660357226	3.27200064523092
mand1440	0.283134028374459	1.28048615580331	-2.13384799917792	2.89247692032707
mang1378	1.55351852866015	1.42189641802017	-1.02802677566834	4.57022983976063
mang1401	-1.51751059146909	1.53764892917851	-4.64589715636681	1.35202500420165
mang1403	1.37768740970155	1.29757179571934	-1.01496024468165	4.14396247439907
mang1405	-0.955905568266717	1.32346933493983	-3.56149570742465	1.67950466569168
manm1238	1.37821407972005	1.28775351020297	-0.934843131897206	4.15304616108713
mann1248	-0.0387896253604093	1.71563249867466	-3.48998105042204	3.33270022918825
maon1241	0.68191959264767	1.74269907612322	-2.68796744482165	4.2163184881294
maor1246	-1.52511888945054	1.49013519736055	-4.56622816881182	1.28697431434741
mapo1242	2.23619410824098	1.25892424395971	-0.000701810690820434	4.91507643755571
maqu1238	-0.580803295880943	1.68342689518559	-4.01793722371354	2.52238050854931
mara1378	-0.474601279044879	1.66790515478546	-3.95615248433289	2.65438019951743
mara1399	0.241950705250707	0.72669278574348	-1.13681135325434	1.72290934228892
marg1253	-0.994045738566246	1.59542377696666	-4.4009698604833	1.84661186815467
marg1265	1.81531127284529	1.26183315076073	-0.600615967536977	4.38247180176064
mari1416	-1.61012698720429	1.04745126228991	-3.69721129966196	0.39290962347717
mari1426	1.77164570729192	1.352316697693	-0.715281627611484	4.64774696216473
mart1255	0.903293726218247	1.35639027812007	-1.68401210228039	3.6977350057044
maru1249	2.22883753869971	1.53993100005998	-0.557666085346644	5.45486299632539
masa1322	2.42800027646854	1.26535627972858	0.0755349597227313	4.99785175316167
mask1242	-0.00254213596267741	0.753230709930092	-1.41307180595255	1.51925013393842
matb1237	1.16401115865724	1.62351056238377	-1.79266501601329	4.66808602529316
mati1250	-1.96166156339626	1.37987809665377	-4.82712947705206	0.547466986156577
mato1252	2.20587861294393	1.17987685501261	0.0044965757732463	4.62253920865282
matu1261	0.0818440614361818	0.945746026820824	-1.65151407836442	2.00658425381045
mauw1238	0.410606928888756	1.07032304745425	-1.62278656045726	2.59643542843761
maxa1247	-1.03897794832967	1.60260302939436	-4.31894456414508	1.96528841076838
mayo1261	0.361114267854558	1.37113798845385	-2.37842697753884	3.15750082413746
mban1263	0.0684336861643846	1.27820061165421	-2.46521965569296	2.63544663012426
mbar1260	0.730464805459073	1.28922107145641	-1.80259129690328	3.21488952338764
mbay1241	2.23487460610095	1.5801646356625	-0.701734337707052	5.55396035324053
mbug1242	-1.45511792575798	1.44128267702386	-4.50047628302188	1.18342913556189
mbul1263	2.66770305745563	1.46537245512216	-0.00129233830639582	5.70413194000069
mehe1243	0.817347026842632	1.28013532648481	-1.68353769169629	3.33611343940703
meke1243	1.23317074118401	1.29778697830793	-1.15123027689059	4.02872250529996
mele1250	-1.17034207192391	0.934259286314681	-3.05362193635108	0.649929394814409
mend1268	0.750057315031048	1.29306371370346	-1.82366279997765	3.31272243155857
meng1267	0.407816169736442	1.27742569162251	-2.0018514576615	3.03420088666767
mera1242	0.940114673480953	1.31699147704473	-1.48283909709264	3.61581106766255
mere1242	1.42705753632594	1.18245797703932	-0.723918517652492	3.97939377707921
meta1238	0.705491693837082	1.02384113745197	-1.3350908771522	2.70989585215545
mian1256	1.08570488643772	1.36227434495114	-1.5100662402593	3.88769670961926
mich1245	-0.630539390520652	1.57456275145249	-3.81469223591427	2.37162130315941
midd1327	1.5555455235336	1.20530823576149	-0.65741546442689	4.10863580809975
midd1357	0.916900257237344	1.41256049271144	-1.82983607923789	3.74024925979204
miju1243	-0.680181903847502	1.123183743734	-2.93805094061711	1.49561113155851
mila1245	-1.15795920259212	1.29149180577293	-3.79110860244182	1.33381047724964
mina1268	0.543747631756341	1.57068577938628	-2.38027580227489	3.86699422188344
mina1276	1.57270566162869	1.0007833725024	-0.393886191727761	3.53500661940296
mini1251	1.65788930085242	1.30470363311945	-0.682761619827288	4.35117744069569
minn1241	0.998099933930083	1.54518969365271	-1.90337466099217	4.17472512829571
miya1266	-0.0700857902147793	1.38827942481314	-2.93085103828851	2.55249214200925
mlab1235	0.754496058782806	1.49725752492961	-1.98327601100717	3.91847960060088
moba1244	0.611338449383058	1.28521587840424	-1.88801176782382	3.127599531455
moch1257	1.72285394164695	1.44425942145825	-1.05370299728253	4.66935932245701
mode1248	-0.240994412617664	1.66328829454677	-3.64835887105045	2.84555139020293
moke1242	0.805126770773805	1.56517265292701	-2.11320387287957	3.93685129064148
moki1238	0.145274021457923	1.51536833979735	-2.68200654246945	3.24076402755949
mokl1243	0.840299235712728	1.62130430073121	-2.09203417353917	4.28869024701858
mokp1239	0.292570078901143	1.30828105211925	-2.38830845376021	2.84580214551585
moks1248	-0.223819106597722	1.80635015308219	-3.82291392656931	3.20122739716479
molo1266	1.57866746577412	1.06133422192237	-0.482024549531775	3.69184035864361
mong1338	-1.17268444548325	1.56883359292206	-4.43693279087219	1.72615750712546
monn1252	0.871900998030278	1.6206426827284	-2.18896276945586	4.26682900890389
mono1270	0.344174137575195	1.25938365605229	-2.12025767907183	2.81250078276761
mono1275	-0.822507856985344	1.60755950594746	-4.22615719451181	2.18211740118336
mont1268	-0.275813940822502	1.7354194550012	-3.78079183926316	3.01572142988711
more1259	0.1063702931607	1.50235542296501	-2.9162228333273	3.01233924807453
mori1268	-0.593841543033573	1.17442568239741	-2.87346927271491	1.76921997917724
mori1269	-0.707818994901767	1.13124082689346	-2.88799234168449	1.54745106167244
morm1235	0.59019129656011	1.30746300339536	-1.79478351720534	3.28781939841697
mort1237	0.681726277997569	1.61496865741065	-2.19307165117051	4.19959893623906
mota1237	2.10448362007796	1.41421099099535	-0.376876876835644	5.09915409843933
motl1237	2.06165830971347	1.4388275318715	-0.484589381630148	5.12915742333402
motu1246	-0.741783918041923	1.16305821240268	-2.98244148101858	1.5618447787593
mouk1239	2.57289239987119	1.41341753049758	0.0950250376139962	5.5904918950266
mpad1242	0.113058989553617	1.53882083611234	-3.00247865848249	2.99717076170412
mual1241	1.16994733083249	1.55122869068116	-1.69901147003449	4.46154643157244
mudu1239	-0.660058375592743	1.70003477819334	-4.18313243485108	2.62411893034426
mudu1242	2.11833749573633	1.52471700253656	-0.663281308703988	5.34452528263185
muna1247	-0.530144894257478	1.21758479263322	-2.90234226226731	1.93000267750134
mund1320	0.496988117499889	1.51963758170802	-2.30368577556318	3.62256552856882
mund1325	2.36169503156403	1.19487354178576	0.119073406562886	4.83629328633652
mund1328	1.67965122867113	0.87552698525125	0.00205663332221816	3.46956286449497
mund1330	1.02227984127772	1.55461675382413	-1.94506727484043	4.10272912796115
musg1254	0.983303368592993	1.20774988692621	-1.42443928816651	3.29654190881856
muso1238	2.49897047542886	1.24120419216058	0.288919191315998	5.11031282185853
muss1246	1.242822416868	1.58671409704148	-1.67235058990017	4.53806965836293
muyu1244	0.725230819462355	1.53643546485636	-2.16425363401657	3.951697975351
mwag1236	2.078713108744	1.20124568011849	-0.196984597661843	4.52107511316286
mwan1247	-1.42621373841294	1.53888513085898	-4.58692535267352	1.42761187262791
mwan1250	-0.340871574019139	1.6781848398783	-3.73015997291416	2.86392893236008
naba1256	2.54169480901067	1.23199680907305	0.349904686438267	5.11992405779381
naka1262	1.05584101340622	1.24729709229942	-1.25277828194044	3.62127781254322
nalc1240	-0.230473467311974	1.15579214457531	-2.48713244470273	2.0321791027851
nali1244	1.20422179555225	1.23546259170987	-1.0366471159565	3.80785390252394
nama1268	-0.398633128132209	0.976698877972897	-2.28299438808006	1.55685514731725
namu1246	1.95192381040918	1.41427627880362	-0.604717252678427	4.98493065293316
nana1257	-0.427986101168403	1.72844261891768	-3.97403581297477	2.80805233482092
nand1266	-2.18701229747783	1.553372554997	-5.46547503741451	0.72204749686284
nant1250	-0.791640387221166	1.37859617413755	-3.45743448647861	1.90106790413786
naro1251	0.0578720076105998	1.45859289226569	-2.75357947151557	3.00932903490954
natu1246	1.44385036029888	1.5393358989089	-1.31807246160578	4.68570843990771
naue1237	0.384521155148403	1.36203776780243	-2.14673862033966	3.16795425429044
nawu1242	2.66105520047349	1.52126955650103	-0.0627185413420466	5.87387772411265
naxi1245	2.13976532781287	1.56173010629148	-0.727649117575808	5.44884335077535
ncan1245	1.88472354131871	0.956779341009238	0.0733531966279559	3.85733519155413
ndam1239	-1.28685371212719	1.4813309994695	-4.32037939378913	1.47177336173522
ndog1248	-0.951789803820516	1.51956052822243	-4.04741703270496	1.86961682541846
neha1247	1.59183085786436	1.54632844940224	-1.21801137682639	4.8533455107467
nend1239	-0.942223825893041	1.04862954099327	-3.08949988038799	1.06038740337525
nene1249	-0.179413322818036	1.73166938373633	-3.72036190763921	3.10900754779437
nese1235	0.378656449438509	0.778961269087903	-1.06972122779949	1.96505675042896
newa1246	-0.312796948040131	1.03201259036627	-2.29396261592679	1.76219565600198
ngaa1240	-0.764120396809981	1.60928296174972	-4.09552890716068	2.239272418964
ngab1239	-0.736321831403365	1.4540087972346	-3.63937960866439	2.04194816340241
ngam1268	2.4023264867954	1.53784659664395	-0.439385819046099	5.58190373167648
ngan1291	-0.202092334529691	1.74868142644686	-3.74812298219815	3.10706175844506
ngar1235	-0.698115103088137	1.52954345176386	-3.879305141515	2.23763518496816
ngba1285	0.936560512791781	1.35486560751543	-1.54053838085654	3.77184134747902
ngeq1245	1.54554271700696	1.43504134806333	-1.08533400053043	4.51126564635446
ngge1241	0.582743958261251	1.42520412267138	-2.13995389186379	3.51471917693436
ngit1239	0.105172969919875	1.59510351199379	-2.91753864954798	3.3686375367109
ngom1268	-0.818074545252021	1.40057878587201	-3.65421484285837	1.83698565275233
nhen1239	1.61815463522738	1.47698917573721	-1.12245353761974	4.68304925902379
nias1242	-1.21081581378179	1.46858777510566	-4.25221017967749	1.59223775410608
nige1253	-0.185177711431854	1.34520463527356	-2.92118577020329	2.44565833670714
nila1242	-1.52287054903535	1.53472740672968	-4.68018408410081	1.27563030174772
niua1240	-1.33956151554125	1.44433346792161	-4.3228750366548	1.42183271556044
njan1240	2.61185755221292	1.28824056094878	0.309273531068747	5.35998368831086
nkon1248	3.40058494383046	1.28226011394933	1.20097141700373	6.29406823790301
noct1238	-0.0431635812462752	1.16459398952527	-2.30153597182251	2.31605732207992
noma1260	-0.0586444652918741	1.27838967404557	-2.72363667065381	2.41137851740515
noma1263	0.866124503980214	1.48353008213373	-1.97270748292455	3.83437802517719
noon1242	0.924080882027952	1.50134318406905	-1.9880059880128	3.97294360975938
noon1243	1.75694950186865	0.979555660970419	-0.112670217427047	3.77808484846769
nort2671	-0.171252292770649	1.74675231483685	-3.65661443074281	3.13171725865429
nort2684	-1.13188936237793	1.50916986359749	-4.19692729806243	1.77298934176568
nort2690	-0.561424311056444	1.61298436631078	-3.92444984737015	2.50294789145722
nort2697	-1.02458793473877	1.57984199437758	-4.27661041065893	1.91149791570668
nort2702	-0.100602069705426	1.70461486453495	-3.42256151759983	3.24381497493449
nort2722	0.837405562844076	1.36510402979006	-1.75740525146604	3.6465406352082
nort2723	1.94523193064052	1.45683872207233	-0.677516850993134	5.02413477304789
nort2724	2.27963950343996	1.55939330547349	-0.580178567835809	5.57058921599696
nort2732	-1.07469461570456	1.46176318058851	-4.04105540329146	1.6743632157021
nort2747	0.608730305996722	1.77364471245289	-2.78055314100958	4.27948269784446
nort2774	1.54423648189561	1.40539695221359	-1.07064821556891	4.45190552743984
nort2775	1.80827890403611	1.50414385260453	-0.962408262180339	4.96508507813296
nort2795	1.18043729741881	1.55207852258865	-1.71150639578154	4.49546216122477
nort2836	-1.23537507393575	0.911385319864317	-3.09952096324536	0.539782885651752
nort2839	0.582180114784104	0.88101165653857	-1.0778860459539	2.37074279102495
nort2845	0.690055203870504	1.58073463315552	-2.26447323284728	3.97103808469548
nort2847	-2.25111751374072	0.941427044721787	-4.22841234782675	-0.498577015220813
nort2877	-2.22932469341546	0.95413446110584	-4.19436500037185	-0.379799046487854
nort2885	0.575726715042846	1.39309793558599	-1.96816952790453	3.50578898609198
nort2954	-0.780813094720733	1.58486269239403	-4.07523638200411	2.18006513130335
nort2957	0.683112447061655	1.35331894411701	-2.04177618829182	3.33532114593565
nort2959	-0.665447413817252	1.58560651756173	-3.96241016214526	2.31396387428755
nort2980	0.0707415668786038	1.53813769489053	-2.99475454495504	3.06802796435855
nort2994	0.0691582075500013	1.34860177797644	-2.60735974900051	2.71557841123784
nort3047	1.65927206937215	1.0457920955903	-0.408317513207243	3.71007108281044
nots1237	0.965912061816172	1.20046034278511	-1.24833718892574	3.49071120872749
nucl1235	-0.677421642312312	1.67499418692615	-4.06984476441498	2.45584668374993
nucl1301	1.73392717416209	1.58567057113726	-1.25668620839292	5.0166544331357
nucl1305	-0.433403756227791	1.77729665769142	-4.01327015713362	2.98601818858342
nucl1310	1.13388550934764	1.4853073973084	-1.64932630120568	4.26817592670809
nucl1347	-0.642338011589578	1.45821798494846	-3.76320047635981	2.10663330942284
nucl1417	2.69033924644227	1.27730982835338	0.479797189281087	5.43074237331563
nucl1706	-0.495899759481544	1.56280296422935	-3.70533827716641	2.37971897229497
nuer1246	-0.703581884942019	1.56004432720802	-3.89514313338617	2.25688204228954
nukn1238	2.41608550611077	1.19950898803874	0.22399365829692	4.89910218020154
nupe1254	2.07133702560512	1.48309445288626	-0.602914056212613	5.23924974271982
nyah1250	-1.31527602761139	1.50168925373767	-4.41189009963624	1.6109312986338
nyal1254	1.34037456963844	1.5353137917052	-1.46548107031037	4.4969045618149
nyam1285	2.97072265807797	1.30480372484922	0.622501556240212	5.680959336712
nyan1301	1.31674090728848	1.53299826611855	-1.63142036546588	4.43619873825535
nzad1234	-1.04361965664836	1.57863307546145	-4.36787860046107	1.91657097207861
occi1239	-0.383038079012967	1.69672498558556	-3.91653080286221	2.80884568896843
ocot1244	0.00875698099014304	1.51733545332789	-2.9177305559798	3.07285704565065
okan1243	-0.403163032332397	1.77459727995386	-4.01412509969506	2.9716392743641
okoe1238	2.53592886290942	1.40207668225726	0.0290896430199033	5.59445226554681
oksa1245	0.392822918436208	1.28080615631292	-2.08712460475754	3.00235737074013
oloo1241	1.44462014354655	1.27287284903719	-0.925482820009238	4.07727314571999
onon1246	-0.502012931381064	1.71671646193181	-3.94193859493992	2.89358924195886
oriy1255	-0.910072736828796	1.58333629736123	-4.1931274133075	2.02420523337929
orow1242	1.76573782717974	1.39888150154741	-0.669447759586512	4.81184308780348
otta1242	-0.271003293400653	1.70792190324145	-3.80551115458983	2.95627389923857
owaa1237	-0.801687593880067	1.42890412515229	-3.66107308003186	1.94214663145333
paaa1242	-4.73103111730673e-05	1.39771458533974	-2.91924169650888	2.63813458809215
paam1238	0.139915792410449	0.818237673893225	-1.42283521912864	1.81398459124534
paas1238	2.03343510828556	1.36912627858821	-0.503785376065885	4.92141733504033
paco1243	1.35130353923525	1.57338388710695	-1.57162405973043	4.62323553753968
pagi1243	1.48617698386155	1.39404562445316	-1.12066962250144	4.37670360137821
pahn1237	1.07059699741387	1.58893164056073	-1.97991201293521	4.31443094346903
paiw1248	0.439579860250347	1.21011975874936	-1.85066839044763	2.93242812335384
pamo1252	-1.06962146224876	1.2754657209807	-3.6155495308398	1.43478742441968
pamp1243	-0.9142207839789	1.33508841509202	-3.5133263925683	1.78276533458822
pana1307	0.775238205672377	1.57214396066714	-2.21502683856903	3.96912235062902
pang1287	0.521237655437382	1.42499591907719	-2.2763292426848	3.33281632578516
panj1256	1.88295873661444	1.55725437244345	-1.08959704429511	5.00043151172078
pany1241	1.21591834375609	1.45507192504751	-1.60302233916826	4.15127519825501
papa1265	1.95710533042877	1.41008662993726	-0.513537795534307	5.06741946270089
para1301	1.1313690611381	1.57624186898259	-1.81798354621652	4.39446727060691
pare1266	0.940701941687568	1.41072872849123	-1.68902642256273	3.82295045002306
pare1272	0.555058222539138	1.63724344325299	-2.46535696746063	3.96220143636166
pate1247	2.0139507186934	1.2539588617919	-0.262040223114744	4.64494892233266
patp1243	1.57789458507328	1.26871390125033	-0.695310114106406	4.27032854932476
patt1248	-1.79643799224154	1.48394727709098	-4.90199215990185	0.906804200881779
paul1238	1.19953973265208	1.509690530802	-1.53387514594505	4.3924465462599
paun1241	0.729784828919784	1.55930567719728	-2.22443184359547	3.92836457539602
payn1244	-0.883496970671001	1.04961405726599	-3.02691550817813	1.13709225605424
pech1241	1.2977839260461	1.56805138079173	-1.64040041755566	4.49455551261435
peer1241	2.31112197991662	1.37551341805573	-0.231385262573706	5.19190832628946
pela1242	0.868603335934107	1.25957652103523	-1.5081951175273	3.49829288879958
pend1242	1.14290202436647	1.4236703190981	-1.40072984215299	4.23025208474703
peng1244	0.745853894416557	1.47494136937795	-2.06266594237677	3.69859591608788
phai1238	0.785163698394915	1.486353052161	-1.92767912239329	3.97088994907606
phak1238	-0.306181505098629	1.3224832761985	-2.86255706773165	2.29791943866715
phom1236	-1.43942981011151	1.10455141678818	-3.71227203080326	0.688850695346261
piap1246	-1.50477622683287	1.54843495475965	-4.70306523493036	1.46600160615098
pich1237	0.038637811923163	1.37481530930733	-2.5770140835225	2.83923229611182
pile1238	1.47910414290905	1.50717042592071	-1.18166840650446	4.73956498763286
pipi1250	1.59110105118013	1.53587667941241	-1.29884560064292	4.72132380369128
pite1240	-0.283339663015863	1.73650331090952	-3.85444531141851	3.0150354627558
plai1258	-0.286216874543712	1.75817849378026	-3.92553241407462	3.17895942799003
plat1254	-1.4533850441084	1.5370101404235	-4.69730831184642	1.38903863290428
pnar1238	-0.28617850826735	1.25337276886317	-2.68926370790818	2.29045414126887
pohn1238	-1.31626275729775	1.48707403161718	-4.30239962888235	1.56462598717751
poko1263	-1.65418162513735	1.58810972721608	-4.88708283810831	1.35121126554004
poli1260	2.15860036902168	1.57797628340419	-0.943577090557016	5.32101114758211
popt1235	1.2922092423928	1.4028967565886	-1.42611808399296	4.15513269895883
port1283	-0.382175342367289	1.67537004534675	-3.78971949279831	2.73615459540033
port1285	-0.00709194531217872	0.746941938402072	-1.40896633064045	1.52371386273088
psik1239	1.72308502833217	1.04367250195346	-0.312214029516447	3.8092269791194
puka1242	-1.5270114675946	1.55965215735413	-4.69916106815426	1.45643126565945
pula1262	-0.761494008609183	1.50033744499517	-3.94087895109005	2.10873135576612
pula1263	-1.03759114187024	1.55021472260233	-4.23546781203102	1.819719042311
puoc1238	1.04160585604683	1.57046037070299	-1.80279354899961	4.30477706111873
puri1258	-1.64855085167602	1.5078685865158	-4.87435602169006	1.14628819767732
puyu1239	0.418939381869738	1.08930081158266	-1.62502264278767	2.64188414451318
qanj1241	1.16474724075009	1.46123018653823	-1.5822126849866	4.14174241002499
qaua1234	0.836951157618868	1.72731561007981	-2.50843612209763	4.35982823349065
qima1242	-0.714121605465505	1.64583120632007	-4.21068709719768	2.31574805389233
quer1236	0.845776167159265	1.55307575955393	-2.12928211995438	4.00651190462302
quio1240	0.0225111420894	1.41512481739146	-2.74438988278608	2.82907332959426
rabh1238	-0.873524184830259	1.25471234969672	-3.41513971140814	1.53143865504691
rade1240	0.256747230084478	1.26305600542727	-2.14662867881944	2.83855796058293
raji1240	-1.57287001743964	1.36620834515992	-4.48555789719967	0.925526443769319
rama1270	1.47097816366038	1.53862439908437	-1.38217691770604	4.61770055218764
ramo1244	1.76618403205282	1.26602835452866	-0.452461757563421	4.4191127429179
rapa1244	-1.13688457254323	1.57971164627127	-4.41225443848275	1.78308883813237
rapa1245	-1.55139437492232	1.4386565973851	-4.51428145316263	1.21736002983057
raro1241	-1.14381826848142	1.53817142056259	-4.30117112123909	1.73715899822453
raut1239	-1.67532300946266	1.35120653447629	-4.58366467179613	0.795416491739955
rawa1267	0.159150741392868	1.00569735174789	-1.80362747202333	2.20647869478116
remb1250	0.175957885985378	1.29325513177216	-2.28660993703249	2.79803529302137
remo1247	-2.33597204317653	1.3082728243922	-5.10134063699088	0.114690546964821
reng1252	0.100138329135024	1.25596163307579	-2.3346957558696	2.65092705250169
renn1242	0.910405363018613	1.59906247785342	-1.99223607413487	4.24182710894234
rere1240	0.0761277167876624	0.717077920945096	-1.3372962464852	1.47921302841393
roma1326	-0.456364654917504	1.63945983023412	-3.86267326149166	2.62352805661622
romb1245	-2.80841221411693	1.44659265716819	-5.83367734764725	-0.206079774232274
rong1264	-1.64397362493403	1.40736338596113	-4.64482311214892	0.97951669053683
rong1266	-2.88364675238433	1.18221110791031	-5.36001462435354	-0.762904030093237
ronn1241	2.10298709220275	1.20908590596809	-0.234329536047172	4.55297836678395
rotu1241	0.660492958517768	1.58458275976439	-2.29332450877594	3.94079879239202
rovi1238	2.12255509487758	1.46114212382726	-0.460099818201293	5.27558793906238
ruch1235	0.430787734399916	1.51928569600081	-2.46076084095993	3.56035170119848
ruka1240	0.142305814080307	1.06268305949998	-1.85510492895787	2.27731980198867
ruma1248	0.197774693486836	1.33617724785973	-2.30802155339341	2.96121560112044
russ1263	-0.372390015926127	1.69239871280618	-3.85073717807159	2.82873905989212
rutu1240	-1.27862810669473	1.60057755089026	-4.50590379726387	1.73374897644722
saaa1240	1.4515809472515	1.39778785100739	-1.08498640523518	4.32521087261212
saam1283	-1.92399096971194	1.5165433733456	-5.15481552930023	0.794183544441911
saar1237	-0.591525234551417	1.04766345262837	-2.65689507560827	1.46521613506406
sais1237	1.14705982968929	1.31814453061314	-1.22323700729184	3.89968780390401
saka1289	1.6566639736474	1.24668065614043	-0.634548369555025	4.32175220469179
salt1242	0.8003953291976	1.13912514969468	-1.35452438010364	3.08388068614687
samb1305	2.90363365851717	1.3476192630266	0.512278063232608	5.76829480465488
samb1311	2.96157333669681	1.35807492770381	0.582648287374236	5.84179453336413
samo1305	0.696675159869058	1.58026529782703	-2.21294179032339	3.97607631958002
sana1295	-0.498106792223015	1.59159248753075	-3.79440306903278	2.520684171608
sanb1242	0.772665340795636	1.57545733590771	-2.25757992482962	3.96933970326069
sang1321	-2.4615202462013	1.16858034701393	-4.8702870987047	-0.322476351707405
sani1269	1.86326920268553	1.61731200681376	-1.17274570515767	5.16166031660961
sanm1289	-0.216255850847063	1.64774421839844	-3.58640515395614	2.94534089784437
sanm1295	0.432211507607078	1.46224204414211	-2.43458004782851	3.35568443576598
sant1410	0.390796639745722	1.47975240009507	-2.38579996100647	3.43716688164215
sant1436	0.699055118822571	1.46505550971417	-2.03977898094955	3.69502134231838
sant1451	-1.01312622418206	1.52757974707033	-4.09623230356109	1.87982586018733
sapo1253	1.92771902299796	1.42465065602507	-0.632107482780624	4.93378182404729
sapu1248	1.50446416101141	1.40307156256163	-1.11675173648296	4.40220887232001
sasa1249	-1.69718772571093	1.48932241471462	-4.78339113377846	1.0292544450116
sauk1252	2.24398717782158	1.16661939801213	0.137577577507504	4.73470100387159
seda1262	0.401678624456229	1.26453992948649	-1.99835801110374	2.95304040142329
seim1238	1.19394699682249	1.63187761078305	-1.76333862078183	4.5833349826645
seke1241	1.01328087589237	1.01120710239463	-0.892328745705496	3.06289902064564
sekp1241	3.41707120060083	1.28529553509446	1.20463124242894	6.25845146804716
sela1259	-1.62095993092813	1.52445542505686	-4.79933974222444	1.36554872178313
sele1249	3.43728162361922	1.2667925003012	1.29945703008506	6.24263037375601
sele1250	2.65802767973001	1.30305478164769	0.304610103061025	5.3889822981467
selk1253	2.47780791985717	1.67600809442883	-0.688008434156238	5.87821653827849
sema1265	0.45940227481759	1.51990283336338	-2.40350798619379	3.66523105062876
seme1247	0.788439923128869	1.59806442607253	-2.13310720945366	4.19671848194996
sene1264	-0.542283304888061	1.74921417094158	-4.08747112690367	2.86752463677523
seng1281	2.11122032986022	1.47995689288304	-0.572013511857024	5.2034316016632
sgaw1245	1.17745931676289	1.51586531501789	-1.64913369939429	4.28737378358303
shaw1249	-0.31149428747145	1.73940328434712	-3.78915771375456	2.95064456318295
shee1238	0.803253008193135	1.73293876642855	-2.48424973356686	4.27530791983245
shil1265	0.933039224240597	1.54514123900411	-2.03802307283486	3.99344260527032
shol1240	-0.65179883537136	1.70899133658494	-4.18007153524153	2.67085312725081
shon1251	-0.872991875606639	1.52437866154758	-4.03284649506192	1.95325828012094
shor1247	1.74165488886445	1.57035198394508	-1.29055280566525	4.88076805803446
shos1248	-0.738776593100477	1.63617108110952	-4.14966593740731	2.29098629083589
shwe1236	0.0467643034810085	1.25802587641847	-2.40227286828928	2.58809469144722
siar1238	1.64704651096939	1.40634902264755	-0.909174561901882	4.55671461470582
sich1238	1.97149824383587	1.47735317236758	-0.68672146611508	5.07350057826033
sici1248	-0.480210065502075	1.631907394848	-3.80536088002274	2.51740845697556
sici1249	0.721509745206799	1.2209000072147	-1.66311379029396	3.12619970354141
siee1239	-2.54415527485874	1.13474475620257	-4.99840917715485	-0.471174603436334
sier1250	0.0456874358676576	1.43469505144146	-2.75501577756731	2.90130798621068
siks1238	-0.325877066655872	1.74497294575864	-3.90319544960025	2.98706146026111
simb1256	1.82795811270561	1.50009776705368	-0.806606650934808	5.0612296321317
sina1266	-1.19063017518005	1.13931073886925	-3.48671463672976	1.01059920832487
sing1264	0.138014614942236	1.18387106673203	-2.14140355720217	2.55780551170068
sini1242	0.0943993777255483	1.63668219387773	-3.29390097231174	3.2965331473988
sion1247	0.76849007798304	1.516785155526	-2.137909001121	3.79201824663315
sioo1240	2.68274823196933	1.3362570894094	0.273720516339109	5.48148412958685
siro1249	0.11052511212696	0.962084146815867	-1.81649436156978	2.03108694008814
sisi1250	1.76589025756825	1.60896475653868	-1.13278526914468	5.18900360018957
siwi1239	-0.4792531559879	1.65588988170398	-3.82479626298253	2.6468820361563
siwu1238	3.43082858223095	1.27422523555269	1.29951630199803	6.27762209281806
siyi1240	-1.46938540626029	1.08755258531738	-3.64743812778718	0.538342132058625
skol1241	-0.185742377878109	1.76992997991562	-3.75017661051414	3.20649066810003
slov1268	-0.372117717488666	1.70322293906237	-3.81603691999071	2.76022122967567
sobe1238	1.1308555182567	1.57085997106098	-1.78281151481767	4.44041679027503
soch1239	-0.0822238503985299	1.42629444792894	-2.88724397215635	2.70218727001365
soga1242	-1.61974424084804	1.50432236717542	-4.82247412770362	1.08777180779597
soni1259	-0.703510287170513	1.73659168650986	-4.11362919581472	2.66587677335744
sora1254	0.880713507150325	1.4012847117511	-1.69166164984092	3.71777223599835
sout1528	-0.33115449607832	1.70235293992536	-3.78250118109146	2.74175471498369
sout2674	-0.191924322670554	1.77865630543859	-3.86480908369447	3.33023265987033
sout2679	-0.326212714285657	1.79420672394887	-3.98243438668191	3.07937630263356
sout2728	0.925581147098724	1.40386135622681	-1.70256397765171	3.81699225186499
sout2729	2.23142721817751	1.50860453488705	-0.466884731058268	5.51599409913196
sout2730	2.4770155193305	1.54445942043184	-0.374421782327892	5.73480777979802
sout2741	0.726708290932557	1.67254952885131	-2.46427712900445	4.08613671614675
sout2782	0.995335205917179	1.16940725629775	-1.34731097380383	3.34854126229684
sout2856	-1.3345366735148	0.947887538224429	-3.27472397871539	0.502221554128866
sout2857	0.0646369087095446	0.821825319003616	-1.54059756258458	1.69356364745266
sout2859	0.407443068230772	0.867740502890185	-1.21070010906894	2.19726794328921
sout2869	-1.97722794281329	0.927706055575541	-3.89739111322108	-0.238112713370251
sout2895	1.1999248772974	1.52082742158393	-1.54168121629936	4.38132052568525
sout2912	-2.18854517587433	1.50537551559202	-5.34567868517079	0.630398165869222
sout2918	-1.5255354640776	1.54289496222554	-4.64383096058062	1.42730245166141
sout2976	1.53821378473457	1.53011725983209	-1.27403954161272	4.62171101945829
sout3261	-1.23461430489685	1.62337083202234	-4.56410116555858	1.90171795362885
stan1289	-0.310470509153	1.71609516484257	-3.8306166977271	2.99805167658978
stan1290	-0.310154048895895	1.7147587135059	-3.86322199058595	2.86960597564727
stan1293	2.15409148628162	1.52149737961066	-0.737962512922257	5.22421688720603
stan1318	1.76380931864763	1.56606077461574	-1.36301166977648	4.96006014434576
suen1241	2.088679028218	1.42125525481107	-0.526344372682316	5.0570470172723
suku1272	1.71607460872056	1.05739804667629	-0.333298832502814	3.82261092195576
sumi1235	-2.66048706878345	1.14606657409968	-5.11214727623612	-0.620262697197922
sund1252	0.488991941368355	1.55198257765314	-2.43765459344913	3.68700008457875
sunw1242	-2.9377186743772	1.164603387037	-5.46869559845409	-0.846386656043365
supy1237	0.989584696413339	1.3275380947982	-1.5495706802811	3.76882719766622
surg1248	-0.186015978289706	1.74950135928314	-3.7353328045228	3.15830332248376
surs1246	1.66674807901505	1.31681964055822	-0.74700428194252	4.4404557700175
suru1261	1.38847285533526	1.49735135238733	-1.42460437813551	4.46636925580219
swah1253	-1.47764603298469	1.52066401868917	-4.67026869271779	1.26958883798586
swed1254	-0.326353585885496	1.65823196789839	-3.76522380471242	2.84680975727685
tafi1243	3.27403197350808	1.31266944305927	0.948835927285371	6.07709396838487
taga1270	-2.61614520033766	1.43141291265605	-5.66634402806945	-0.0336243230781953
taga1272	-2.29788766224658	1.40132857719684	-5.2215163374457	0.317705532783485
tahi1242	0.701001354823269	1.57658164337419	-2.21364365673324	3.94589996454249
taji1246	1.04199727692798	1.40759080165928	-1.47426584410583	4.05042228166508
taki1248	0.74972823329915	1.07702891699408	-1.20010856601406	3.02611740394501
tali1259	2.0377879048854	1.45137971932343	-0.547237230224265	5.17305026074816
tama1365	1.24266215429281	1.36607031882386	-1.44206314035362	3.8796976029481
tami1289	-0.390000342411659	1.79135137318631	-3.96081665135295	2.96405040962182
tami1290	2.75971360162531	1.47426690076886	0.134699231317491	5.91721162461487
tane1237	1.79207099405168	1.4630625067928	-0.844380425865597	4.8872072116739
tang1336	-2.65264437233633	1.21185330527237	-5.1767021879602	-0.475028985434267
tang1373	0.582501986693229	1.48095335412271	-2.16944019113791	3.65930735525617
tani1257	-1.69959661873377	1.50674232170409	-4.81490807206794	1.12612635241492
tari1256	0.655755569376153	1.4920197205568	-2.15634839764718	3.67854807642497
taro1264	0.876841565860188	1.2404958476142	-1.36775618353096	3.51867786824533
tata1255	-0.791587227704125	1.65579761017265	-4.15723930332717	2.33633962960758
tata1257	-0.530986011121268	1.20531587082095	-2.83510818124868	1.85982385544304
tauy1241	0.0273439667466111	1.0098051166586	-1.91899125341581	2.10199923051439
tawa1275	-0.47907592754914	1.0942340315199	-2.57692755688196	1.69163488692815
taya1257	-0.491782070073399	1.63175641165516	-3.90093197026528	2.57249121313191
tbol1240	-1.92911863914158	1.43593461492251	-4.88742681366536	0.73710064500832
tean1237	1.79837246081307	1.45438255776059	-0.750170169288693	4.87105452231023
tedi1235	-1.5467699132421	1.1570250721994	-3.97145356685949	0.654035991934332
tekt1235	1.71360748985991	1.43441419066767	-1.04727492317065	4.6279067277616
tele1256	0.890304314010929	1.2939446816531	-1.56814762291773	3.50311701200261
temi1246	-1.58828193279903	1.39905339014326	-4.39130878071342	1.05438969104158
teng1272	-1.6991286710371	1.50874735609308	-4.8798976388371	1.19787710468669
teop1238	1.96577860345173	1.37953934565128	-0.501271828310005	4.87083765929082
teri1250	-0.0695535834883596	1.38145491996027	-2.79657809660929	2.66116807477644
tetu1245	0.123385390364933	1.26523444702141	-2.32999728188691	2.74886234980032
thad1238	-1.41194717244679	1.06782200984535	-3.5523000704803	0.641096486848588
thai1261	0.587638772651439	1.56386180889122	-2.34029332825702	3.78824581196575
thak1245	0.109267507477164	1.13442859680077	-2.12294704334247	2.39016348491558
than1259	-1.42537587676108	1.30104125114439	-4.22393064945558	0.990018324907983
thao1240	0.399675596093285	1.16120075790811	-1.80624105628533	2.78167908755264
thay1249	-1.15307905242454	1.57533373316741	-4.50672717309735	1.72845731070522
thul1246	-3.09224077336303	1.2976835780022	-5.91389451266779	-0.798955452634385
tibe1272	-1.20983843203673	1.42625624827952	-4.17764881949432	1.52861861257856
tief1242	1.53895305267131	1.13474115365024	-0.61171052094218	3.83981465888654
tief1244	1.44064227105643	1.13746965249564	-0.735166915485415	3.76470014994873
tiga1245	1.41346423523383	1.32606220554618	-0.907938967891327	4.2826380837883
tigo1236	2.63508711357339	1.17173410966426	0.492581167121002	5.04771529328652
tika1246	2.1492520815999	1.3396777104452	-0.314226015773709	5.05336063170483
tiko1237	1.30271827872863	1.6157279437939	-1.67897540540745	4.66089163502326
timn1235	0.873488483231324	1.39846967498556	-1.80521708837083	3.7577020988977
timu1262	-1.0197572632951	1.2105209390809	-3.40088620411722	1.36917390430297
tiri1258	1.53032816338469	1.39696455052276	-0.95682543456915	4.52522963846937
tita1241	1.92985625646236	1.47214169383624	-0.671067973504409	5.0761193963069
tivv1240	0.984739483025268	1.15075795535613	-1.26148995801019	3.31793051614116
toab1237	2.08748760451871	1.44186746179944	-0.482252373494598	5.07075150995125
toda1252	-0.708142059972691	1.67708746458775	-4.1400739007717	2.55579231330234
toho1245	-0.691228994496983	1.59420675421876	-4.03710960924689	2.26765691027327
tojo1241	1.37478879332902	1.49129010744213	-1.45730664992882	4.39195459202687
toke1240	0.711129628313091	1.54085083266989	-2.06628693426054	3.91694931957817
toma1245	-0.0204771156099816	1.73316464643417	-3.50706294455103	3.32933366037649
tond1249	1.25158902658649	1.64499430237996	-1.87983447995392	4.55903077430649
tong1308	0.175135650528691	1.4769981404423	-2.62374191619671	3.22527248923283
tong1325	0.652668786139141	1.59456270218742	-2.24415876950159	3.98197695705109
tora1259	1.88600781945055	1.43730734705975	-0.714399188616018	5.01855659158365
tosk1239	-0.064848205132653	1.59280860857599	-3.34704391832757	2.88069189319627
tsam1247	-0.368850280226097	1.40437369248259	-3.26749307889013	2.24506817227986
tsat1238	0.810132256077859	1.57241408398624	-2.15666987570754	4.01845441096427
tsha1245	-0.876564522166603	1.20749773689707	-3.30876011968328	1.45177841163755
tson1249	-0.903466033399231	1.54013025360695	-4.08200961110269	1.95461384780226
tsou1248	-0.514054238145828	1.01795126629702	-2.51128910125209	1.51370251757982
tuba1278	-0.429454842884375	1.5835687317663	-3.71373244202125	2.61426665442783
tuca1252	-0.041462908186436	1.41565683859396	-2.82760547242012	2.72156425516837
tuge1241	-2.13995803056997	1.57167901473545	-5.33977163031143	0.764439195767372
tugu1245	0.4726164105235	1.37722656085227	-2.1221124959325	3.30629199124039
tuka1248	0.217595478514922	1.40262095618793	-2.4762590129768	3.15400058182895
tulu1258	-0.457797193188457	1.81048614409832	-4.09879028202551	3.01949220052117
tuml1238	1.32202732959205	1.27699305228369	-1.03182769406578	3.99327463551258
tung1290	1.5502713173011	1.48831859853098	-1.12223713660151	4.66306020559275
tunn1238	-0.518830603927869	1.66805934873247	-3.98317097976484	2.57167601508628
turk1304	-0.572531677076378	1.60920677321216	-3.91732100697269	2.46534957208774
tusc1257	-0.463704479053874	1.76427626063798	-4.02956879601274	2.86004007600135
tutu1241	1.10436187806798	0.930864778253656	-0.624612731146213	3.0054379536338
tuwa1243	-2.28508422693896	0.915263715377262	-4.17082848385035	-0.579007349518386
tuwu1238	3.39720729096457	1.29464653024555	1.21255696352366	6.25071884489603
ubir1237	0.266425017295869	1.14570028587041	-1.94828342436098	2.64716296939265
udih1248	-0.432258777475899	1.71335112612262	-3.84146725201609	2.89009345286217
udii1243	-1.31629613014223	1.60934695361341	-4.66177453417717	1.71422171515721
ughe1237	2.02489796023955	1.49051505216525	-0.618142442469631	5.19433114972295
ugon1239	0.884370149709924	1.47218693876709	-1.8305423888714	3.94451834045076
ukra1253	-0.326962453613475	1.6771528459378	-3.7006481332382	2.74622430278467
ulch1241	-0.326030133355272	1.71365060760679	-3.86500537325296	2.92833419592775
umbu1258	1.24512980291656	1.26960008889521	-1.10714721497988	3.90919093952242
umes1235	-0.259035551012634	1.7322075714316	-3.77266416976165	3.12394458949161
unaa1239	0.205496489300154	1.2030672907465	-2.09853024970793	2.59660019641495
unea1237	2.31420978450604	1.47812693357698	-0.390582455601525	5.46965782368223
urav1235	-2.51201873382255	1.18387111353067	-5.02136858254429	-0.31352070262261
urim1252	0.820685121715915	1.27506558884281	-1.63534442702733	3.30668308611373
urip1239	0.289169782888537	0.732485685561917	-1.10721637476461	1.76454164617166
usan1239	-0.227443388742235	0.978154792040029	-2.11769316692069	1.71233603451209
uuuu1243	2.18559531477202	1.47953318950551	-0.541395936571279	5.23251664741873
vano1237	1.79129941832075	1.45786081084917	-0.754205008764094	4.90872981802667
veps1250	-0.22971141948193	1.77601134681155	-3.88388745064033	3.17488769673178
vera1241	2.1230585472548	1.4030172303403	-0.348761635320262	5.19861186549413
viet1252	-1.10494946097196	1.5025239635156	-4.07855621516734	1.86812385399835
vinm1237	0.145200581718686	0.717898762398637	-1.25885545389819	1.55822621060496
voti1245	-0.336078072600436	1.72886935054666	-3.79654995309563	2.8776481955945
vure1239	2.12706691534433	1.40201756117924	-0.31293154800729	5.19970398223585
vwan1235	-0.932730180194527	1.47229547313021	-3.97779992096902	1.82555905714207
waga1260	-1.09570267799721	1.58996534162963	-4.4790391977893	1.80753629081942
waig1244	0.930935585084668	1.54051863283455	-1.92584496170509	4.11076752473612
waim1251	0.718069434896246	1.24510922757914	-1.57740310681423	3.3105811715438
waiw1244	1.66240611503741	1.61738165341105	-1.40629646124371	5.03025999578291
waja1257	-0.750987861485631	1.61253817005277	-4.03229356084608	2.24442365860623
waka1274	-0.649374538503088	1.58884774259574	-3.94595667733584	2.28672189312141
wala1266	2.23119469195511	1.36025628061082	-0.130730126463259	5.16236173776031
wall1257	0.629211549333816	1.53191769893211	-2.21442764997679	3.77702817267922
walm1241	-0.593689094641644	1.59138173412582	-3.90908964962448	2.35033726077135
wamb1257	-3.1469168496172	1.22015078267481	-5.76075722604244	-0.988457256686194
wamb1259	0.80099259412748	1.29457587975119	-1.66582917868998	3.38404188728022
wand1267	1.38281921915563	1.50408165198513	-1.34830470647296	4.63411839124005
wand1278	1.73440279387755	1.20325063092149	-0.598751370508974	4.14103713957192
wang1291	1.39543967565692	1.47612694909716	-1.40927108847052	4.40508044544928
wann1242	-0.318709417691402	1.66792298754983	-3.68182658671634	2.8790479405698
ware1253	1.32580886069908	1.54423487723288	-1.4482555129334	4.54155749520217
ware1255	0.827515408394078	1.55031740427106	-2.09578712536881	4.07804142678901
warl1254	-0.676344663946198	1.56301498026068	-3.90855297312135	2.1847743558049
warl1256	-0.86621112595235	1.55763679171198	-4.11673645658698	2.01074334486221
waro1242	1.17065589667128	1.43078715055772	-1.45590480866907	4.09342396645278
warr1255	1.21973633909706	1.45982650624482	-1.55005931177363	4.13728278969903
waru1265	-0.745238910852602	1.54016486809397	-4.03097210195846	2.08699927883874
wask1241	0.907248780162072	1.12983948613415	-1.16886251702854	3.26322892821438
waur1244	0.211378947336116	1.49220937920679	-2.59590065162749	3.24721500134841
wawa1246	2.67677905139971	1.38049463020601	0.20961188992948	5.63543583750236
wayu1241	-2.70909172302264	1.16370361897537	-5.23427157934763	-0.588340682778947
wels1247	-0.162954226324022	1.6871557797578	-3.67456216739353	3.06163367522593
west2354	-0.34449167210269	1.69390397902448	-3.8580243472805	2.73725041549537
west2392	-0.581617190871594	1.64747822447597	-3.96035765293141	2.57688938935353
west2396	-0.998933624168758	1.381915013229	-3.77926708084663	1.663202458608
west2397	0.833179815885791	1.58699866685798	-2.13603489511518	4.18907997451661
west2415	0.195297686764287	0.993377779332515	-1.75550215823342	2.21835956830217
west2418	0.435013819911303	1.18190418737421	-1.84463340261092	2.80976241028659
west2430	-0.281360712454785	1.63538940188416	-3.48016589757895	2.97743540855212
west2466	1.49597135427268	1.21380853494194	-0.785240867581555	3.99139823145199
west2516	0.529909580178608	1.3205876651867	-1.966097688015	3.26203529320389
west2519	-2.05834747173678	1.41304880412271	-5.08256200935525	0.50671054314761
west2548	-1.51694166765612	1.44674243870549	-4.44750811980301	1.29649247910089
west2557	0.884971317200335	1.5229029812921	-1.9276806698553	4.11244555824328
west2560	0.245130691521398	1.30658853131353	-2.23842847789879	2.8386111379771
west2594	0.810209414098541	1.47745911393174	-1.92862484047677	3.85858188055788
west2599	1.54277904920301	1.36894251226589	-0.952634501698203	4.35706769579069
west2635	1.49547162332021	1.40335009770662	-1.19803055181861	4.34995946646359
west2644	-0.787560062819585	1.47243706918707	-3.68608693263493	2.05931211482444
whit1269	-2.02049572636834	0.914912875903586	-3.91735514570967	-0.295784126289805
woii1237	1.41596591112315	1.51895992144896	-1.34767270211544	4.59037710178167
wola1242	-0.350063500567472	1.41940513719661	-3.19295585916198	2.41765773998772
wola1253	-1.13673520353194	1.59504208221948	-4.46593634172863	1.73376051011718
woli1241	-0.559167310127129	1.2058215295601	-2.87995241433558	1.87995054994648
wotu1240	-0.907684778001229	1.17284456666696	-3.25697807501989	1.42400599230719
wuch1236	0.895466069533818	1.52386746047967	-1.99035414338207	4.12337273931817
wudi1238	2.23143021609474	1.52408613631927	-0.523231968190585	5.49699525221852
wusa1235	2.18360411673188	1.52742554498809	-0.534322513115957	5.35749670951417
wutu1241	-1.2607157255136	1.47666418019636	-4.39538702846292	1.52434986544141
wuvu1239	1.26370354838656	1.51642534162629	-1.54178494488891	4.4636524105947
wyan1247	-0.500312817465567	1.72561986215028	-3.94994987873958	2.80074190056964
xamt1239	-0.590155014325497	1.63304346750637	-3.98193585876612	2.45134903929326
xara1244	1.38884888286986	1.40134138062519	-1.12185070104425	4.37543837744922
xava1240	1.05763376177689	1.61130349809947	-2.06968849402663	4.38046672773361
xish1235	2.47523656914875	1.52862107980341	-0.256765862791954	5.65851762008015
yaak1241	-1.41989349362638	1.60454871051658	-4.73996384767276	1.57627660400929
yabe1254	2.74796578788188	1.48983142350181	0.0778510664022604	5.91022390881123
yaka1272	-0.522055603131856	1.46900133041512	-3.50792088017898	2.24358460616528
yaka1277	0.629034484826785	1.56318826605933	-2.23917037707442	3.90647663686145
yakk1236	-2.67562061600183	1.32693557480847	-5.45533639063264	-0.235449892900851
yaku1245	-0.584353393809448	1.63260804556477	-3.98403696023006	2.45461566587063
yami1254	0.445466014342354	1.34787711598394	-2.17245784148658	3.20172918100166
yami1256	-1.17628285630521	1.59066106925224	-4.46300183287802	1.82976190082065
yand1253	-0.631023770317537	1.6278132875788	-3.92161925544883	2.44373367634787
yank1247	1.5886678320182	1.55744539977863	-1.35293964636324	4.79754346902478
yany1243	-0.68955214236786	1.56807454315668	-3.94466934039062	2.2552876516979
yaou1238	-0.342178958250696	1.64339346321295	-3.60343046453346	2.79726603769074
yape1248	-1.52497743685432	1.4887438976033	-4.5892405621917	1.29673840394186
yapu1240	0.993658199064156	1.24084619499438	-1.40798439283686	3.51030381352642
yatz1235	0.256224856216727	1.47660656979938	-2.55697086859489	3.22171385733507
yaum1237	2.28260276747385	1.16193137424595	0.154458369543228	4.7100594046783
yems1235	-1.17591130552553	1.53067551590225	-4.38842492248809	1.70464141869968
yess1239	0.389335414044523	1.36918157030352	-2.33269554024063	3.09234653548545
yeyi1239	-0.884442396062924	1.59379318422557	-4.12430369370648	1.98854363569067
yind1247	0.0127277819758016	1.3434781839026	-2.63184497762969	2.59032560511599
yoga1237	-2.08682544790776	1.02473772875905	-4.24779924071966	-0.17815295865514
yong1270	2.28623528342279	1.51951916003999	-0.42917853342717	5.50040840154228
yong1276	0.431054012846448	1.77050130304212	-3.0782382192749	4.06540481838976
yong1280	1.19944080478686	1.49008747390743	-1.5833502165268	4.21924609168245
youl1235	1.47641746856133	1.28836472596163	-0.884278436884961	4.23950042484205
youn1235	0.682591489814769	1.67013855903541	-2.4767241949939	4.04839169664812
yuca1254	1.01124844620057	1.55318815026873	-1.91387104051526	4.23122086690458
yucu1253	-2.04255272026611	1.48534525705111	-5.1276370511093	0.694136840272419
yuec1235	1.14196469375865	1.57159586454697	-1.74856813757329	4.4333727652561
yulp1239	-0.822705707532425	1.4441842492723	-3.88194580535136	1.81327408315275
yulu1243	0.504536082662804	1.65130705984089	-2.57499160680028	3.82470603353178
zaba1237	1.9235247386778	1.53505692488634	-0.938760150369705	5.12388319864577
zakh1243	-0.718867050479982	1.2064764017834	-3.18055753574617	1.63370088411325
zand1248	-0.903398879389689	1.53865032162201	-4.14499394783506	1.96552818203109
zani1235	-0.138137481981438	1.45190733622948	-2.95557384675526	2.69846540385006
zarm1239	0.710804234803795	1.69598289771014	-2.50241475124807	4.13963386713794
zaye1235	0.310607268192199	1.25547532107757	-2.04344360461484	2.7687587992041
zays1235	0.31391266081	1.38178368841497	-2.29682047269852	2.94899032691424
zeme1240	-3.06369245403286	1.18530210066254	-5.53929362796048	-0.918840697353091
zenz1235	-0.315538742326238	1.44599541433217	-3.14313330813081	2.5135224012014
