Estimate	Est.Error	Q2.5	Q97.5
abar1238	0.0665582003930788	1.14165658657073	-2.31417420029415	2.3668095803667
abee1242	-0.103182381103559	1.24655510752405	-2.72304252073381	2.42614909740441
abun1252	-0.323371837920113	1.17559044234284	-2.91190208887329	1.89960454459582
acha1249	-0.598968710640576	1.1671847687146	-3.1785378642669	1.53002053310532
achi1256	-0.402541791817803	1.24059014436308	-3.12868941658994	1.93817706305019
achi1257	-0.174841970927793	1.23182870994038	-2.87262713521655	2.21541971316773
adny1235	-0.0978716278598562	1.23699911946869	-2.73704739532751	2.37908527840684
adon1237	-0.230398116236724	1.13521153506449	-2.66464590150874	1.94144051338419
adze1240	0.795180678318136	0.961896310276105	-0.94951673385802	2.7878583295875
afar1241	-0.199560318496769	1.19920746836201	-2.84757809687662	2.08759851038157
aghe1239	0.00823458438334468	1.14447168519979	-2.37021090829783	2.33048847578447
aghu1255	-0.207522382906564	1.19260524269669	-2.76507053913589	2.12004939727738
agut1237	-0.231082271949748	1.17046628715893	-2.75244572013952	2.02110824832459
aheu1239	-0.218380296575865	1.24392398184576	-2.93481302081709	2.24115811852028
ahin1234	0.78396051143079	0.989258416024867	-0.975352571508997	2.95534817184197
ajab1235	-0.115889897675331	1.27075327562018	-2.7435744200479	2.44387171661959
akha1245	-0.821293545158547	1.1824947522987	-3.52997806519285	1.14714156827069
akla1240	-0.241948608128331	1.19259901115396	-2.84846004400127	2.04971068944904
akoo1248	-0.186111019375347	1.17487750077768	-2.75225039260014	2.07873941310811
alab1254	-0.403263895730484	1.16027669275364	-3.06368004168908	1.75506380573121
alag1248	-0.407237433019701	1.14146106501459	-2.95558876831798	1.74427412255898
aluk1238	-0.225903351863119	1.18237522329796	-2.88377444608706	1.98713225299309
amah1246	0.099727367129166	1.08759797915884	-2.02606942124107	2.39704553267126
amdo1237	1.03334151274261	1.26069984893788	-1.01013901248496	3.85902186909327
amis1246	-0.349717180476196	1.19499489178329	-3.00733950394773	1.96035629873194
anci1242	0.958003691234756	1.23909039223898	-1.14238753455006	3.72684809110841
anci1244	-0.187260863730423	1.21056386446699	-2.75761646396866	2.22607365921911
anei1239	-0.372224848295205	1.19940236684293	-3.04120360162109	1.85313351410532
anfi1235	-0.338868786976203	1.23062265588308	-2.98868498923341	1.99540887424101
anga1288	0.559529638178907	0.927350049362115	-1.10227085123435	2.57847566012824
anuf1239	-0.110373693922942	1.24894554039524	-2.82426533472327	2.37485588286611
anut1237	-0.110348526817717	1.25018221187115	-2.79314287748077	2.30696634565568
anuu1241	0.397761303171823	0.996853414835308	-1.55200540167281	2.51841451406067
aona1235	0.492557617837441	0.979287609157244	-1.27753513846654	2.6474097180648
apat1240	0.197164154078313	1.03513457735936	-1.83968721438557	2.39405194631504
apma1240	-0.174892569850959	0.969961392055158	-2.14214192850387	1.6971271790137
arak1252	-0.45996722944882	1.00374720887681	-2.69069576061873	1.35491597080073
arao1248	-0.144677088894073	1.0683921313969	-2.44565687561961	1.9494302015353
arap1274	-0.247550669459278	1.21090236106235	-2.90843478106751	2.11980179900671
arbo1245	-0.322960925754517	1.10799054470458	-2.75032333874559	1.81496781732631
area1240	-0.133949130235924	1.05534003742149	-2.41085186570035	1.97352342677041
aree1239	0.416298650530105	1.07188772187076	-1.75047656340415	2.612681918684
argo1244	-0.180103719317329	1.24045443694544	-2.85153655209624	2.25053100969814
aros1241	0.320163097720587	1.12522405990189	-1.85309314593366	2.68933194264254
arta1239	1.07588364481686	1.09775776521379	-0.812993465161296	3.50705835277741
asut1235	-0.270059120092867	1.24537388599151	-2.98564055029189	2.06932420923849
athp1241	1.00925303534279	0.978741454623188	-0.5985182300907	3.25876105834616
aton1241	-0.47380222024158	1.13143815702681	-3.02280755829816	1.51230629581091
auye1238	-0.0483028808712046	1.17442847995455	-2.6276035227581	2.22613452572842
awad1243	-0.365086694140514	1.14822402082488	-2.91002460165728	1.81567862574133
awar1248	0.886315856590073	0.967640155591426	-0.814317218830098	3.02576275123053
awet1244	0.563188513155846	1.11573165399679	-1.45580849532181	3.05635293159346
awji1241	-0.153054037731591	1.23476397800204	-2.84660667108202	2.35373423324234
axam1237	-0.128053453896421	0.946505716776923	-2.07481999277373	1.78317996630761
ayac1239	-0.24229964031491	1.16568474931493	-2.80613046582855	1.93850383605699
baba1264	0.199823723210877	1.11134066157143	-1.97806758455031	2.54415006364068
baba1266	0.0673813131904338	1.119125453006	-2.18135905073433	2.34615094969237
baba1267	-0.148988519718343	1.24445095364435	-2.90021134616185	2.28142240867694
bafi1243	-0.0632496592879205	1.11876105246475	-2.45529269423866	2.15306211563125
bafu1246	0.0199139198316465	1.12978439829836	-2.26011130885203	2.38179767956874
baim1244	0.203608023703769	1.10564167166702	-2.02995245426247	2.42379390369386
bala1311	-0.149457455176359	1.20960852821018	-2.79116269997425	2.17435290960902
bala1315	0.116826648687366	1.17738194861415	-2.31124900430043	2.53263080965227
bala1316	-0.386558765060419	1.19552203798471	-2.9844722322653	1.84335139168568
bali1278	-0.134164663271941	1.25674775992679	-2.90095562019457	2.33405863783206
balu1257	-0.0321640017125206	1.15207227620754	-2.53482944497948	2.22959141929735
band1344	-0.047490609262622	1.27376413969486	-2.76178259390181	2.54469444170419
bang1369	0.109147408287538	1.09862315282164	-2.12401839673974	2.32680424953132
bant1281	0.862867564848787	0.891141714355685	-0.681604325852049	2.8584958584356
bara1357	0.594272647480151	0.903611960622746	-1.01841501882764	2.54980004234196
bari1286	-0.129123334222017	1.10586849485334	-2.51221374034954	1.96031925991551
baro1253	-0.642180223797076	1.13733532764686	-3.20988123006409	1.3680625602832
bash1264	-0.0908922471423013	1.23824477211803	-2.8014765321131	2.40937973568782
basq1248	-0.141370345891976	1.19641165445614	-2.72714125912075	2.21279940510255
bawm1236	1.61689986889576	1.21433481349949	-0.228314919039902	4.25599396708197
bebe1248	0.0203419502011985	1.18881434442944	-2.41452809666461	2.45493267727036
beka1241	-0.158656722454695	1.2220655474026	-2.83771001557905	2.27106536079924
bela1254	-0.231514106419455	1.16718391907753	-2.73713865925372	2.06761883624882
belh1239	0.974287742297446	0.941700226001337	-0.593904227591175	3.03158879024712
bell1243	-0.24475377058274	1.2019296089633	-2.80258109806844	2.09937837889285
bemb1257	1.33926910273199	1.43021257816311	-0.919698854379711	4.71215276601917
bert1248	-0.326574639531165	1.21372250355297	-2.99547499842131	1.91510590727363
bhoj1244	1.09091124021267	1.23583900847927	-0.894278284810307	3.92572962257894
biao1254	-0.214047089452401	1.21749774468036	-2.79359489850818	2.15180903646612
biao1256	-0.192915507986615	1.22089831796201	-2.82722646793437	2.13196991851518
bier1244	0.188776800380951	0.992015393383577	-1.72666102517209	2.256640582891
bign1238	-0.444006411258728	0.95945280616189	-2.52477486827586	1.30298292241517
biha1246	-0.194345913690253	1.18805701260083	-2.81232679175823	2.10195339335521
bimi1240	-0.24466740640186	1.13098192887898	-2.69825100010749	1.89970654854985
bini1246	-0.137458167610339	1.21160553601951	-2.66000381076246	2.27291173865204
bira1253	-0.376523174399063	1.07874667141671	-2.80554337844668	1.59816731343539
biri1256	-0.139243982657243	1.19100178682175	-2.76669499945988	2.1975204034791
bisl1239	-0.389047247610047	1.00644686196734	-2.65901297275799	1.45915100451765
bisu1244	-0.649178794258074	1.15244291911069	-3.24381078800322	1.39722078238492
blan1242	-0.623611301304317	1.20804932735843	-3.35113802261324	1.52222927506694
bodo1269	-0.34809440503698	1.12767979119562	-2.86766249772971	1.8101713880707
bola1250	-0.343249717084484	1.15753906725436	-2.80211906367544	1.81104159164704
bong1289	-0.190890894621137	1.21009576258789	-2.85890901083185	2.18253672196224
boro1277	-0.286629348603563	1.22266796564148	-2.90760980890605	2.06292116230042
boto1242	0.0896872625644679	1.13132877957443	-2.20451361553425	2.39054348534878
boun1243	-0.127068438555103	1.25731914104566	-2.83255594112164	2.3720250963292
bret1244	-0.23593854812094	1.21982863310389	-2.8615593614718	2.12095820942347
budz1238	-0.149827162929641	1.20927310855374	-2.80578389738548	2.19987549271483
buga1247	-0.283439423260188	1.24017656011328	-3.04988886876717	2.05377746964345
buga1250	0.228164287195288	1.01595900520328	-1.83253620367157	2.31490815292538
bugh1239	0.0540984233806885	1.03118697715869	-2.02012096968983	2.19258474293836
bugi1244	-0.0686410615005716	1.23173346251251	-2.7456768030531	2.42409787219862
bujh1238	0.598918920313622	0.945681401941478	-1.03824394947876	2.66232687464166
bull1247	-0.104830718326123	1.22466416882546	-2.69578865056393	2.31095432236503
bulo1242	-0.217298336386706	1.20086040771757	-2.83876284064821	2.10722861188852
buol1237	1.1447881371669	1.31449111888268	-0.978731304488413	4.05210007509874
bure1242	-0.400708097373879	1.23879474238569	-3.13948926745621	1.92819775310057
burj1242	0.889585659181355	1.26070876054361	-1.23983581038985	3.72274243308621
buru1320	-0.36261128021287	1.15438736194636	-2.92172771257059	1.78757683058949
bush1247	-0.0692611812352058	1.22652876744215	-2.68620579464279	2.41218268261525
buwa1243	0.131657447203412	1.03122046864804	-1.9549192600898	2.32134921774283
bwat1240	-0.42211161932732	1.19068622736726	-3.0769820148859	1.72590886283721
byan1241	-0.610508456697443	1.16119394550194	-3.19882486223232	1.42176512782077
caac1237	-0.403477233823987	1.20501120984491	-3.08341786147321	1.88183865049188
cahu1264	-0.263786876013985	1.16009394700765	-2.85353407933424	1.91519293480056
cakf1236	-0.425890739570663	1.18193270081796	-3.05035324622949	1.71860462763089
caml1239	0.585810253480832	0.844249909873532	-0.934179388250928	2.42707001303324
camp1261	-0.015913897411902	1.15628530091802	-2.43834917666633	2.33765037034958
capa1241	-0.115479744058964	1.08558847966191	-2.38761225545609	2.05401832428881
carn1240	-0.104838906219394	1.23670295061748	-2.71612075383978	2.37984317166402
caro1242	-0.0955836902649514	1.20916603159586	-2.61533922946032	2.36672442343649
cash1251	0.785091318740688	1.1667244584926	-1.18379201616158	3.41944970278244
cemu1238	-0.439816178412615	1.202739101298	-3.1528209753253	1.74864451282634
cent1989	-0.207950642306298	1.25952099740595	-3.06236377866573	2.1306317269941
cent1992	-0.233020907288902	1.19591524899654	-2.80458528752377	2.01738677970207
cent2004	-0.752246350883674	1.14998881585172	-3.33944959598953	1.22595680730209
cent2090	-0.212479708674787	1.17921805464647	-2.77715251348457	1.99945274525505
cent2131	-0.291837892447742	1.22128491241184	-2.95111829984215	2.02336765433278
cent2314	-0.189548735378607	1.20452776302457	-2.79411428755037	2.1708610944838
cent2322	-0.112910911639094	1.20556093912187	-2.66744747750154	2.33185857884842
chac1251	-0.164844928517746	1.08514919406912	-2.44285982904454	1.99041451073749
chak1270	0.345595035333053	1.02651996073974	-1.71168309705217	2.48428306544522
cham1312	-0.126090467441976	1.2355187745426	-2.82370814126169	2.31138930855076
chas1234	-0.787927185177598	1.15291374763173	-3.45312710911858	1.22412221270258
chek1238	0.0930766908363421	1.04859886620907	-2.03290278145505	2.28581496609388
chen1255	-0.119545622647028	1.25745377824016	-2.82943390691836	2.37446786125523
chep1245	0.671422984253415	0.916707329745713	-0.933800876996309	2.67478316828125
cher1273	-0.276339681088248	1.19377814057491	-2.83177631863667	2.02530311064677
chil1280	-0.587352804278625	1.17924379143842	-3.23551048486875	1.56217764914644
chim1301	0.937532035742572	1.24361228375636	-1.12296611852859	3.814847467643
chim1302	0.168251421484954	1.12616643894682	-2.04889408911612	2.56959575254769
chip1261	0.61113339810152	1.19110017138898	-1.45106497694741	3.34336479032139
chit1248	-0.387378419616953	1.15711202727997	-2.85918378573626	1.75415274580747
chon1284	-0.199440471632972	1.21041415906947	-2.81713639159344	2.15720921369553
chot1239	1.12394327562708	1.10215600890027	-0.631765161444301	3.60567949885562
chuj1250	-0.570072606057182	1.20011776985127	-3.36886455370584	1.52340089850943
chuv1255	-0.147040192872569	1.24430245264941	-2.78449590982035	2.2752857041669
chuw1238	-0.0825272569286262	1.22136587844577	-2.63915191054446	2.29878084897978
cici1237	-0.162951632395446	1.24288798391559	-2.87029093450978	2.24762395827393
coah1252	-0.337407410815173	1.1977661868912	-2.97391325686035	1.88479178924416
coat1243	-0.609011010695814	1.20763361163159	-3.29957458813099	1.50777156381753
coca1259	-0.42884001889533	1.16915171110074	-3.04655040387156	1.75681563661805
cofa1242	1.16267743097242	1.26411499913681	-0.850148761222268	4.00035618663071
colu1241	-0.236790902308878	1.18887739394585	-2.84251931265044	2.04727098136319
como1259	-0.173580324190677	1.19121671113964	-2.76408579975607	2.23590459942054
cori1240	-0.315014706300639	1.19037915051407	-2.91910281994463	1.98536260784608
cors1241	1.07934049542287	1.29246361656177	-1.01303595627782	4.07142492240316
cosa1234	-0.805543696035233	1.19179710007323	-3.49349172206442	1.26652719214471
crim1257	-0.0794127758611824	1.20975030759586	-2.59482619095369	2.36904861824288
cros1244	-0.185753967779214	1.20632752900694	-2.80441401226701	2.24967777134492
czec1258	-0.143772894870834	1.17082004619794	-2.73083360890885	2.0827009419632
daai1236	-0.184102359582141	1.03919893629943	-2.45147464227767	1.75907180708912
daas1238	-0.33995148340884	1.17226626868948	-2.94476915554063	1.81920710306715
dagb1246	-0.117757322539174	1.26881080494593	-2.85028584015929	2.41295666974052
damp1237	0.326585004375787	1.15461244909172	-1.99269783616984	2.79527996869172
dana1252	1.11670563933397	1.23031330708597	-0.877456457761327	3.87585154940545
dani1285	-0.189243735674588	1.22856098478054	-2.87212516067215	2.17874079732252
dara1250	0.343321849321749	0.936142246830129	-1.42332255328138	2.34734445794757
darm1243	-0.607798908153165	1.16213921352242	-3.167028443429	1.38739223083453
dege1246	-0.192473137589561	1.25958608771135	-2.94968897333368	2.23070202595804
dehu1237	-0.397855786344551	1.20678886093462	-3.01815195355701	1.86274565379658
dera1248	-0.225975001224058	1.18552872849233	-2.75041910689915	2.09626988500242
dhao1237	-0.261899818679498	1.21562241643007	-3.02447299400749	2.05228957449602
dhim1246	0.219390558713816	1.05637456378953	-1.87763834997493	2.36577008649456
dibo1245	-0.100426283743522	1.27696662728355	-2.86052184003464	2.47162679839294
diga1241	0.0803072947456595	1.04576543486547	-2.16407845830953	2.12261018548576
digo1243	-0.175584806408135	1.27066229157913	-2.89752576735689	2.35555217648048
dima1251	0.242278500605297	1.00118260717323	-1.7352019318442	2.34025638508381
dobe1238	-0.0899528628078423	1.25562880402801	-2.7330097027265	2.39417696856312
domm1246	2.03231139783919	1.36554649727327	-0.0825289951156299	5.09813593937128
drun1238	-0.331348639907097	1.12276970449828	-2.8383581695409	1.77481297529245
dumb1241	-0.353375017149695	1.19795839790225	-3.05685452541322	1.82646282652124
dusn1237	0.893771814002405	1.22794435530233	-1.15962354356188	3.6384714379064
dutc1256	-0.224272893723421	1.23105668576131	-2.91733196919008	2.16568017537562
dyan1250	-0.140245378095912	1.22909513357456	-2.78675501949059	2.22535227827926
dzao1238	-0.210187557251826	1.2001276881887	-2.73286152270545	2.14961405005232
dzon1239	0.142187819694551	1.08667587545076	-2.04949704880124	2.3711122592789
east2328	-0.18654339586037	1.20170841196127	-2.71072598250711	2.17243529412101
east2330	-0.0110172529874126	1.15175965936813	-2.31629067094816	2.32905455205013
east2342	0.282385413708651	1.07527783989304	-1.88062091860095	2.51250151680415
east2443	-0.232984039427826	0.987385954667955	-2.32714404074918	1.67561513316829
east2447	-0.126406003466513	1.22786737308962	-2.76551619335766	2.26988242281085
east2516	0.966351118228784	1.04648917496267	-0.861297778692091	3.22884265332888
east2555	-0.388385057963082	1.18469283629978	-3.03670731108836	1.79606018826472
east2773	0.460508731498356	0.846070279486367	-1.12603477655404	2.29997823664848
eipo1242	-0.487822650518977	1.18052573926385	-3.16294496796586	1.6571998626268
elmo1238	-0.108725362564874	1.20778696344207	-2.64202865546597	2.30967952319147
emai1241	-0.141124455980557	1.21862305374387	-2.71443760385748	2.29037514211306
enuu1235	-0.75495380435203	1.18774672524747	-3.37205051461902	1.30690133173483
ersu1241	-0.0783402813123213	1.10093396223554	-2.4104550776173	2.0619797500234
erzy1239	-0.00435910685275334	1.22729017706491	-2.50334045356904	2.42064440773956
esee1248	0.308207200787106	1.09678374721561	-1.79150474201648	2.688677956361
esto1258	-0.225874300132085	1.22601893231318	-2.90459947679559	2.15917978681708
fala1243	0.629791350510042	1.05089202103053	-1.29642905612564	2.86103604417013
fare1241	-0.057570475046732	1.24483426419602	-2.76088838661792	2.46056695293452
faro1244	-0.161116128358953	1.17649658997934	-2.63705357097214	2.1528981919217
fiji1243	-0.130216047445899	1.25016876339037	-2.87618063780664	2.33244557604114
fina1242	1.03452715997468	1.0881380599578	-0.817720025496129	3.43452496116465
finn1318	-0.133016873335544	1.23911715389698	-2.7795814861582	2.31191602688334
fonn1241	-0.118528615395133	1.26532189377174	-2.73941868688621	2.39839060744895
fore1265	-0.144731109208314	1.21151531490719	-2.8424584964833	2.2150432614814
fuln1247	-0.22467753820791	1.18245709710851	-2.80020750137699	2.062655448429
futu1245	-0.359105990079135	1.20310811356094	-3.02559423868551	1.84451409356991
fuyu1242	0.578278114276159	1.04643995490119	-1.35523437266794	2.87505957652205
gaaa1244	-0.086401251129816	1.27964253688599	-2.81862995883479	2.43284343048081
gade1242	-0.252372796899813	1.19770203699319	-2.9042055805416	2.08370868456847
gaga1249	-0.0977092131299533	1.28085030538985	-2.87382163083862	2.45656355149871
gaga1251	-0.226791620625459	1.20301751932831	-2.8840987371079	2.06476442836127
gahr1239	-0.157207701236045	1.1389641896165	-2.65565371968689	2.05270261733942
gali1258	-0.233391528847637	1.19714069355793	-2.86736445483216	2.03139709215147
gami1243	-0.00944542698776847	1.22842731876426	-2.47145576408683	2.41976680694371
gamo1243	-0.512014500315771	1.14942150275061	-3.07962217603734	1.63810519736712
gant1244	2.08495334788399	1.29946441102766	-0.018931188729719	4.93708893683033
gapa1238	0.368325178159504	1.08274821632913	-1.83128756038813	2.56654935483356
garo1247	-0.444249356262717	1.13884047206449	-3.0438037691563	1.57239823926991
gayo1244	-0.176063465945036	1.23304309042752	-2.84771082038871	2.22319524016337
geda1237	1.9789287931797	1.24716214795162	-0.0440101767642776	4.65195230883
gela1263	-0.084347384980091	1.03749027110936	-2.28360957043567	1.96988867688449
ghan1242	-0.198720640676794	1.16265227566698	-2.68894439076296	2.00564755468537
ghar1239	0.0579667086805033	1.03974257964452	-2.00290218474205	2.23046649230886
gheg1238	-0.178849329445779	1.14359609294133	-2.61335511849623	2.04088186429261
gilb1244	-0.103010890291674	1.25975158854273	-2.80443919480167	2.40161180842227
gofa1235	-0.546702945545249	1.1856469858709	-3.2283085226758	1.61322872060126
gube1234	-0.108545931148624	1.21179957575806	-2.74464421488656	2.3122644364898
gude1246	0.0926509385059176	1.0677626117186	-2.1274355034011	2.28914227201225
guer1243	-0.512062404474007	1.23304461335711	-3.29827665984407	1.71351249016395
guiq1238	0.321954709243894	1.0555127691565	-1.82386501881795	2.5515402552337
guma1254	0.870040236252865	1.16297200938907	-1.1950895590553	3.41461636103942
guru1261	0.390346069496035	0.80250643082369	-1.19277113616378	2.05656601015211
guru1271	-0.439062401641771	1.2063948822906	-3.15255323047209	1.72050430896238
gyel1242	-0.128869424500712	1.21177165570834	-2.68196578489388	2.24386788247858
haaa1252	-0.127161102380817	1.23348169542634	-2.80116287256486	2.23965211811715
hadi1240	-0.457112930969428	1.1691489148366	-3.15337618424757	1.73165440581322
hadz1240	-0.353800909878323	1.18488467536509	-3.05996465444441	1.87305085351782
hait1244	-0.211767787189054	1.19838529248374	-2.9003072706642	2.13661181394179
haka1240	1.70384407503051	1.22963702088782	-0.15999530527652	4.40506893425767
hakk1236	-0.286965833237552	1.19399983279485	-2.9113078779174	1.91205123391322
hali1244	-0.368152308705305	1.18132428377562	-3.06430187937523	1.79961714443776
halk1245	0.758281124839768	1.22325041836432	-1.36355369363962	3.5077867808392
hani1248	-0.604229931299314	1.17813471362962	-3.25287204815973	1.4894606522711
hano1246	-0.209177946439011	0.995101414390456	-2.3068357987287	1.69815233052246
hawa1245	-0.0864399072417522	1.20779913678542	-2.51309453074904	2.3121809007909
hehe1240	0.0738389824245544	1.18105788892734	-2.31706311121597	2.48942489652911
hela1238	0.802959358825334	0.93566122147187	-0.762920868757925	2.87660417592935
here1253	-0.0465285707457093	1.24718934900505	-2.7080475113285	2.48156612874703
hert1241	-0.194438922271368	1.2245158081835	-2.79191480877942	2.21294928109445
hind1269	1.13232155982343	1.3360668710531	-1.02270781146953	4.20672365589771
hoav1238	-0.135274670443896	1.1002157313805	-2.48111199530865	2.0200802873167
hone1235	-0.348849912380724	1.23244627175694	-3.03280767771675	1.92633567993792
hopi1249	0.1529852680825	1.16528535167529	-2.18901288033101	2.59235789248494
horp1239	0.53543477539308	1.06303733396107	-1.45689089556796	2.77480279933539
hual1241	0.245277806682638	1.10401189415126	-1.96587501922626	2.52197983354246
huar1255	-0.258732916283174	1.17969298714646	-2.83939276939415	1.97898611437944
huas1242	-0.222859415220481	1.22467823400523	-2.86884851684609	2.19438502261887
hula1244	-0.164709300757069	1.18862490392622	-2.82021839360271	2.14056000982117
hung1274	1.22933710189445	1.34827030443641	-0.828958188891742	4.35944118549329
iaai1238	-0.418553861611774	1.19097380536668	-3.1114078403335	1.75772750525225
ibal1244	0.709890011575299	0.985658313828782	-1.08808096177135	2.83819059208141
iban1264	-0.183349725074463	1.26695600792188	-2.9629280019762	2.26479589550782
ibat1238	0.0966979515877775	1.16369889648366	-2.27376779577351	2.46768209352501
idum1241	1.55049914245556	1.35078059233343	-0.515463032727815	4.68503549482861
idun1242	0.569234775904057	1.069371182305	-1.49997285959502	2.80427264543827
iliu1237	-0.22834859006817	1.1687162577821	-2.7422747194179	1.96732737103235
ilon1239	1.04246012866814	1.07918869887794	-0.823850911458829	3.46006131432652
imba1240	1.21290910808733	1.29116768641099	-0.854214674035782	4.23398317120416
ingr1248	-0.139563533917947	1.23675702449438	-2.70681949080688	2.28925867985382
irar1238	0.483795630514796	1.16304433820285	-1.72552403215373	3.08738701991321
irul1243	-0.117871647373827	1.25317221366969	-2.83150145053227	2.28181346063352
isco1239	0.811484088789863	1.16522311389626	-1.22905805923771	3.45895481527616
isna1241	0.340585214709424	1.13369170489489	-1.93488506151384	2.75116355390595
isth1240	-0.393503860505692	1.20888222555065	-3.09120813634417	1.8459918369481
isth1241	-0.368507793612211	1.20001357277458	-3.08120884617833	1.86743859673242
ital1282	0.387854684675736	1.09365309558513	-1.78051226909055	2.7142711416492
itza1241	-0.35246851363995	1.21759175285642	-3.00660440444185	1.91618914206445
iumi1238	-0.734386599614947	1.17549331814707	-3.51007221026015	1.31023409769256
ivat1242	-0.154195420274326	1.21150194151696	-2.7417328315235	2.20704644850561
jahh1242	-0.247656261670644	1.20044757800766	-2.9216130426944	2.03010810963419
jamb1236	-0.0829195282100585	1.24756637931113	-2.74372098908759	2.45548708104545
japh1234	1.42003134647862	1.20862933213558	-0.455827409409408	4.14458864244189
jeha1242	-0.168887883834904	1.25025518553409	-2.82603990963222	2.26337076239913
jehh1245	-0.26307373340734	1.2158103421582	-2.98506846296891	2.05108469562654
juku1254	0.0116190541461785	1.1739045753135	-2.41664866620611	2.43029855334672
kach1280	-0.588330957817261	1.19003387023975	-3.19559686091963	1.62509522099644
kach1284	-0.352250387862047	1.14524908547381	-2.81548853457538	1.90732471919101
kado1242	-0.750930499038491	1.1740060189528	-3.37560356304499	1.22956524746912
kafa1242	-0.465710017603693	1.24004633935479	-3.27248466136019	1.80830894068298
kaga1256	-0.230392768783523	1.17989764024394	-2.73824496839098	2.06619259103832
kaik1246	-0.456249000014342	1.10401980670438	-2.95771942487331	1.55799267825077
kaki1249	0.482376773776216	1.04763608250907	-1.49249662456664	2.68334782490276
kala1384	-0.0665700868782249	1.22542122477021	-2.68443180621256	2.39346150498219
kamb1297	-0.160717720170968	1.26071031274515	-2.83137125506237	2.35171103301996
kamb1299	-0.276544324091045	1.20259149869527	-2.94441134282152	1.99409825565499
kamm1249	-0.0873166764448948	1.20782784367735	-2.67682795363572	2.34052850574599
kana1286	-0.389556049723571	1.17462758847744	-3.01360508639255	1.71358582179869
kank1243	0.796654122332714	1.01579091182595	-1.02907811801108	2.9921484617283
kaqc1270	-0.445655191109619	1.20855525679928	-3.10320383911664	1.75000124777369
kara1486	-0.598886777178704	1.14560628371566	-3.20550891593459	1.46890841370368
kara1487	0.968234012657336	1.01116337263541	-0.747194572683438	3.15649015619337
karb1241	0.0968754150988528	1.00833935213445	-1.96125903822712	2.20572926557772
kare1335	-0.152847710693041	1.20889882168557	-2.69581059941074	2.21888707153887
kare1338	-0.0891137677323003	1.23030426714502	-2.70172300855305	2.4067701138175
kari1311	0.850718985159601	1.25775102754767	-1.17300369605812	3.66745336646354
kash1277	0.131401501978834	1.13448033123143	-2.1168942066717	2.45985556030724
katb1237	-0.319800808964443	0.946329222279078	-2.36264326704321	1.49040286658013
kats1235	-0.633642000392466	1.20970155453182	-3.36761860504953	1.5228212458982
kaya1315	0.998594358311507	1.17562062067571	-0.923441963841821	3.6335513052003
keda1252	-0.188690991628919	1.17739912320659	-2.71425233497493	2.12821955434255
kele1258	-0.08995607891871	1.12248454009558	-2.52521733176096	2.03958499846597
kele1259	1.08644194072304	1.05710516376242	-0.689851267464965	3.40179588591177
kemb1249	-0.205167570312992	1.19046746826009	-2.81310591029388	2.0996649097116
keoo1238	-0.292300033701913	1.19777277872613	-2.90091169780033	2.04044794082783
kera1255	-0.242389929625859	1.11860761571353	-2.61761195560509	1.97606206393201
kesa1244	2.01076972528001	1.29365546343507	-0.057898312997441	4.88026501384912
kgal1244	-0.0788568241035245	1.24131705678187	-2.69013266828117	2.41256823090655
khak1248	-0.0720043770307005	1.25333467937375	-2.68315690559955	2.39714982300718
khal1275	0.486699466870556	0.862881010339595	-1.13727778416592	2.3095616842305
kham1282	1.09058005176839	1.27271013419248	-0.954209163146377	4.02913598824392
khan1278	-0.206798662080592	1.24338110565868	-2.89426894268114	2.24082871299947
khar1287	-0.109078318934138	1.22763987181972	-2.69109839849917	2.3206772556269
khar1288	0.483761394836089	0.878141269433459	-1.19665760918756	2.37759850183127
khas1269	-0.167366799422294	1.11306943226578	-2.60060264772355	1.92202658280673
khez1235	0.386651674028248	0.886654145406332	-1.32873098318719	2.27788159034472
khmu1256	-0.564128010180652	1.22480457140721	-3.20056281420667	1.69437196689202
kich1262	-0.464891387711485	1.21023370647279	-3.1743171943732	1.74149594403554
kiku1240	-0.094385370865928	1.27281646083174	-2.80543063352856	2.33226187576876
kili1267	0.572223427371451	1.14696781917664	-1.52754844108178	2.97852277202135
kimm1245	-0.313344980229642	1.2420478911907	-3.06507389637875	2.06787311565216
kina1250	-0.238694420600865	1.19463491346715	-2.82292390392621	2.0794842448263
kinn1249	-0.267489099840796	1.15303078286496	-2.72651235683521	1.92781251013082
koko1269	0.150474579754204	1.08526625888872	-1.96792862584073	2.32704722035558
kolb1240	-0.0133564391800889	1.24170685942637	-2.59419720012484	2.40881095256031
kolc1235	-0.116546704528632	1.20800997016369	-2.75893743694136	2.3070553837073
kolu1245	0.698891905230641	1.10945109143995	-1.359443541847	3.03993369043885
komb1274	-0.378896967080599	1.19131113874396	-2.96269975602075	1.89560060807895
komi1268	-0.115193655870718	1.22645293137894	-2.73160036714307	2.32665479129985
komi1270	0.526165802405244	0.942356024729661	-1.22114214608035	2.54025236766527
komo1260	-0.0611922094700477	1.24439925844644	-2.81070658669155	2.47641464705309
konk1267	-0.209592877557493	1.19677236750166	-2.86623810451014	2.05121391667837
kony1248	0.0625997851581984	0.960717413204241	-1.85324801801056	2.05457774462694
konz1239	0.670464520370952	1.25513909558853	-1.63838379741558	3.4451078443475
koon1245	-0.109937825365614	1.2133699241822	-2.69395593482861	2.21127115934016
koro1298	0.864655544579626	1.26391054577101	-1.34206139298655	3.71669557959868
kosa1249	-0.493245254017921	1.18865471533021	-3.19458563030029	1.7308779366628
koti1238	-0.0950907833779608	1.25748880169226	-2.75194008577678	2.39515116855247
kove1237	-0.301761572040401	1.1541209141933	-2.90896981513772	1.91179398682203
koys1242	-0.255033092869804	1.21103840402818	-2.94474492169458	2.02324857596556
kuan1248	-0.553142402115463	1.17816752505243	-3.21512716999765	1.55733858894961
kulu1253	0.638678534121404	0.875576472054319	-0.986250586205233	2.51386192548329
kuma1276	-0.385429097702602	1.1958817984398	-3.06652816536689	1.86421046606007
kumb1268	-0.189299640206953	1.22361863179663	-2.86087866753702	2.1525656865566
kunj1245	-0.0865387337983526	1.23669322783861	-2.65267474450876	2.38491447923778
kuot1243	-0.682107415830844	1.10871043318882	-3.20748279946507	1.24438163063674
kupa1239	-0.2507854712128	1.24660220634569	-2.996305625201	2.06462028319981
kusa1251	-0.167512593053239	1.11289099467815	-2.56710333156846	2.03697872071188
kusu1250	-0.531490553978897	1.10550579869132	-2.99865723475884	1.46810168765325
kuyy1240	-0.234103167173795	1.25972715122689	-2.92386315624214	2.12965090447124
kwai1243	-0.170210094462795	1.07224313810913	-2.52899685314517	1.89206053338917
kwam1252	-0.463334506512527	1.16994929134952	-3.12915658726188	1.61202888872683
kyer1238	0.788289892328063	0.944302559578432	-0.832912671465706	2.85414330790519
laal1242	-0.299756294446164	1.19333228073644	-2.92685926122503	1.94099198526246
labo1244	-0.277939131211208	0.96580928629304	-2.3858757820872	1.56449453704794
labu1248	0.309093861526668	0.944684018351562	-1.5338597937975	2.23636633266448
lagw1237	-0.256043121291621	1.15686669044655	-2.7492766832877	1.95105725369802
lahu1253	-0.767131383496843	1.15749469056164	-3.38873530154815	1.21295454852384
laiy1246	-0.0970719732743549	1.23615082966162	-2.74196053753209	2.38342826761702
lala1268	0.89709583828225	1.09302555998145	-0.947903532645243	3.37705657066071
lama1277	-0.245048667714681	1.14847626641532	-2.79618913398703	1.93095907488339
lamb1272	0.64237961887329	1.20323023909456	-1.5833607025343	3.31991772698194
lamb1273	-0.232598578237832	1.21546861020307	-2.93003133840252	2.13622965700303
lame1260	0.173611099966245	0.984822415169633	-1.70885032950686	2.24053292697142
land1256	-0.0932412966420983	1.21538070724825	-2.65985776145632	2.33896153861135
lang1320	-0.403893891665705	1.16046604023082	-2.99434647424377	1.71458860077218
lara1260	-0.260638311589419	1.1458821992579	-2.82662471422026	1.87405642514172
lash1243	-0.772697236667163	1.14977291273054	-3.3871488273164	1.23258001286994
lati1261	1.06918726580667	1.25546472036126	-0.932341343641687	3.91835015111523
latv1249	-0.329852597211015	1.17689513948437	-2.92403042449635	1.86806823922429
lavu1241	0.5133995887791	1.08052088027218	-1.38771882106545	2.92593890472041
leco1242	-0.603189007940204	1.15237710398103	-3.2083614678635	1.38951541023067
lega1249	-0.0844624254111837	1.27027861588494	-2.77926580574137	2.46763987632065
lega1250	-0.112081320720559	1.25225727875542	-2.80014062238007	2.35698506118034
lele1267	-0.0604680006288633	1.09521857086053	-2.25461653798417	2.16203573028625
lele1270	-0.118502165561781	1.12640781938494	-2.60537593165613	2.04773324564399
lele1276	-0.288555786261314	1.17465131855209	-2.86816959527318	1.99815595062391
lemb1266	0.795749253954284	1.06695033575019	-1.12889644609099	3.0838681954636
lena1238	-0.454361753341794	1.17620009582706	-3.10349568016087	1.64923330285338
leti1246	-0.263481411658658	1.21178821578398	-2.99630074632259	2.01264280270848
lewo1242	0.186699341600899	1.02028128463345	-1.77927501444491	2.36095413217031
lill1248	-0.0580299201751571	1.14909069599	-2.43941820488634	2.24455355848005
lipo1242	-0.738633776861117	1.20438592356792	-3.43427760059268	1.36209949536425
lish1245	-0.263917467014658	1.21563382759266	-2.95187580833795	2.05788435528739
lisu1250	-0.640803972908457	1.11877689967466	-3.14757522969937	1.30231550250547
lith1251	-0.301141638706231	1.18143537843694	-2.89569479465782	1.93667130409754
litz1237	-0.389848524299771	0.946741657848175	-2.48438448827283	1.36995304062837
livv1243	-0.153236005202426	1.22500452042214	-2.83399909184016	2.22374555695457
livv1244	-0.199339229789097	1.24515621268573	-2.92382016224274	2.26707887745544
lomb1257	-0.257943282859267	1.17913681361223	-2.94820594817935	1.96001681681153
loni1238	-0.130044968487118	1.1267835164749	-2.61326728448969	2.05225315719571
lote1237	-0.306487057564201	1.15307070969899	-2.79782071754183	1.94580711742608
lowl1265	-0.324606524161776	1.18964628149078	-3.01822351038098	1.92404543167343
luan1263	-0.243365884417695	1.22391378976584	-2.94620820210163	2.07652383956158
ludi1246	-0.17790147012085	1.23618777412072	-2.8791570384409	2.23750934243014
lugu1238	-0.167811746329194	1.21755479627632	-2.78892921809106	2.19500054558414
luis1253	-0.266487530264106	1.15263140494786	-2.76458925512761	1.89287055717921
lule1254	-0.184171398840139	1.1879297743127	-2.80449826745534	2.19194215731997
lush1249	1.67059068689176	1.20823154632684	-0.165672212489388	4.4157255826931
lush1252	0.34983401141159	1.14603772771127	-1.87447382268211	2.79175446371288
luva1239	-0.0939573360403894	1.22903935545798	-2.70860915710255	2.31370618720661
luya1241	-0.120021715949334	1.26770318824496	-2.84324775500693	2.37147641649853
maan1238	-0.112104850678457	1.2496697219245	-2.86045033693787	2.39508009944905
mace1250	-0.0202908209452575	1.12070232857828	-2.44235245033079	2.23942861663868
mada1285	-0.672672435210234	1.11216787110121	-3.20635762379152	1.31067212953874
maee1241	-0.45207627497928	0.950500471962828	-2.53448722283966	1.27006429120816
makh1264	-0.126078487237418	1.23734290069789	-2.80755373743573	2.28306515951903
makh1266	-0.149386078698421	1.22236683913682	-2.77702887566432	2.30547042913626
mako1251	-0.101195071616095	1.24290522050659	-2.72851434482424	2.3234605002999
mala1463	-0.213140301197067	1.25343814444378	-2.87515628498887	2.24707647637749
mala1464	-0.217933328131367	1.26814772260078	-2.95112143969683	2.20320953722819
mala1481	-0.070572640116947	1.1924517468114	-2.58365216858939	2.3301250425662
male1284	-0.512907196003212	1.13196984449341	-3.04934078627952	1.53040390312108
male1289	-0.0674193966802778	1.09800456157493	-2.46456525374189	2.10489797307953
mali1285	-0.448270058837464	1.24935917696054	-3.24315724970035	1.94281522083938
malo1243	-0.464261293238501	0.976690632993118	-2.63012968912357	1.32048287400133
malu1245	-0.464850748455581	0.964570505217066	-2.58783454897079	1.26590740060173
mamb1294	0.0439496730064237	1.0975064325753	-2.25746465352098	2.24678593918689
mamb1296	0.286024460453825	1.23278095792374	-2.22677806678721	2.94178961042613
mamm1241	-0.512043587463429	1.20867322987982	-3.20998479235716	1.70459758937081
mana1288	-0.0281703414740214	0.982048040079847	-2.04845557038044	1.92026206389343
mana1295	1.67418078048694	1.24194764863324	-0.234679611456904	4.34021138525932
mand1415	-0.230823008405261	1.17536645489816	-2.77228241855766	1.99919487184637
mand1440	-0.605637884716278	1.12941803914317	-3.22850918747539	1.40206818663984
mang1401	-0.126387967379168	1.25745161910873	-2.88071303297426	2.24707888978599
mang1403	-0.314170626377069	1.15244952140205	-2.83098700102623	1.93654005859492
mang1405	-0.2542604883128	1.21430453150712	-2.78540922671296	2.11726965703576
maor1246	-0.104509974198256	1.22380575466738	-2.73971247352682	2.30960883648934
mapo1242	0.320107431956103	0.953524503413137	-1.5639629809995	2.29432630518371
mara1378	-0.246725741301882	1.20174890017084	-2.82705780947194	2.01334765827851
mara1379	0.402302201451547	0.85980922118329	-1.20657491428249	2.19404195284093
mara1399	-0.429201641946444	0.947703045449623	-2.49342454760168	1.2685817796578
marg1265	-0.114453137785634	1.11027040213369	-2.4337568445968	2.12066910552119
mari1426	-0.0551591346268978	1.04688454787243	-2.16269554682205	2.05706405499481
mart1255	-0.190275001174922	1.18089476986115	-2.73247375130614	2.06987907873595
maru1249	-0.784081579945345	1.19469852391624	-3.51977176977877	1.2690126439779
maru1252	-0.282708077005165	1.14633018777539	-2.73984364722545	1.88159718915048
masa1322	-0.299651661529531	1.14686096376927	-2.76369485700331	1.87135729239491
masb1238	-0.175107961237569	1.17958748145884	-2.68799142734085	2.09149506585122
mask1242	-0.0499888726803729	0.949593868581313	-1.97605695153194	1.92163675736189
mati1250	-0.16042989545826	1.2242620551729	-2.7706129907414	2.25589002463804
matu1259	-0.12258370599288	1.27934169274908	-2.81262815958922	2.44814799069303
matu1261	2.01943532727053	1.29753938592229	-0.0325006681838921	4.78954027435283
mayk1239	-0.134207262542229	1.21724166963881	-2.77105160547062	2.30662768792678
mayo1261	0.0179235577757051	1.2733955318102	-2.58691200909007	2.56615509548319
mayo1264	-0.225426636612587	1.22950295228712	-2.90949812714208	2.18865666192595
maza1304	0.184463627136354	1.03628519729877	-1.85741799450232	2.39656439920437
mban1263	-0.109947700041238	1.27503333193277	-2.85289564173185	2.41721265226931
mbar1260	-0.289815830558725	1.21556283367787	-2.99204648414672	2.0244151710366
mboc1235	-0.150732766194607	1.16602842861389	-2.62207498850204	2.074633758485
mbul1263	0.0960368537519736	1.07589410305198	-2.15713143217563	2.2775398484227
mbya1239	-0.372874103616215	1.17925545204694	-3.02612861369865	1.83564325250693
meke1243	0.664674983726776	1.04156214095832	-1.25967584169897	2.92934397377544
mele1250	-0.0808843446538142	1.11001999168167	-2.3855088012293	2.15036227155911
mezq1235	-0.367287326810559	1.1960485838255	-3.00666260696459	1.82988297870874
mich1245	-0.146061236867484	1.20643391499927	-2.72236190025169	2.1750783513553
miju1243	-0.02655637448794	1.04981460965337	-2.29485479730724	2.01423715446146
mikm1235	-0.237558943288787	1.17260919492651	-2.80219577289388	2.00348119621156
mila1245	1.5312490316636	1.25853341924285	-0.448737797572587	4.32344262071053
mina1276	0.227205617899078	1.0295066414693	-1.81523622325507	2.42923355026846
mini1251	-0.556231820034832	1.17790199894664	-3.23982232063025	1.58030974572479
minn1241	-0.296343566516825	1.15636199611116	-2.92006554895104	1.85414570424075
mixt1426	-0.559135526459959	1.23516246902768	-3.31064459109549	1.67454233940365
miya1266	-0.410034700517686	1.1731665502355	-3.05641751807062	1.76014722861137
mlab1235	-0.389324105906322	1.24518933572243	-3.22007461278704	1.97208901260909
moba1244	-0.0895865096237486	1.24152586606809	-2.78879525026069	2.32827891994607
moch1257	-0.537182332622549	1.19101273237583	-3.17520704663788	1.66575288283268
mode1248	0.0669504832515743	1.14721656788768	-2.33884979109826	2.40344145526767
moha1258	1.17245082155712	1.3125397518319	-0.886056999304824	4.23462668921746
moke1242	-0.139653344427702	1.26105581900196	-2.84414444606752	2.4437064803079
moki1238	-0.103237365841935	1.21721983989502	-2.74105695629414	2.34047512490674
mokl1243	-0.166879994818145	1.22180008734052	-2.80762807606982	2.19132450194942
mokp1239	-0.201538613737403	1.2079437053673	-2.83702145089511	2.07810835575031
moks1248	1.21773006738006	1.35958201059601	-0.931385812022079	4.34469675706618
molo1266	-0.0316517475855279	1.05863040276148	-2.2192116404593	2.12070088557997
monn1252	-0.0973667784274031	1.213469068892	-2.71656155593103	2.27715211214809
mono1273	-0.226033817021575	1.22081644532214	-2.92357502746986	2.12674388683978
mopa1243	-0.301854264537676	1.26059320569026	-3.1450241600341	2.05380870581342
more1259	-0.433496210165149	1.18677473336565	-3.05953330775024	1.80032981108644
morm1235	0.0463822401988233	1.1562999809625	-2.41402739383191	2.312301854632
moro1289	0.92438846359418	1.24272579137637	-1.08870752870417	3.77419745696618
mose1249	-0.60806101961776	1.15855969458088	-3.17635447269686	1.44132061499639
motl1237	0.547331700434426	1.11939979765448	-1.48635742306076	3.0111273429266
motu1246	0.97352193349817	1.11868459959787	-0.909528455960356	3.44676041565257
mpad1242	-0.202380273743999	1.2240063471965	-2.8270779023712	2.18347356753511
mpii1239	-0.38347256761606	1.20209316070211	-2.99650236159767	1.88465023828258
mpur1239	-0.240144185024203	1.1767873620043	-2.80947635028399	2.026283121379
mual1241	-0.205602638003849	1.18178886912559	-2.82621927282719	2.06578732266086
mudu1239	-0.237001508520429	1.20838929978793	-2.84870686713865	2.07928981130964
mudu1242	-0.321193154475265	1.16793667348694	-2.9073190180502	1.85551174479565
munc1235	-0.167130491888666	1.11346629153009	-2.61302353697231	1.9269651185624
mund1325	-0.0377419072223655	1.09053555572798	-2.27064383977677	2.13513422457443
mund1326	0.0092050327131057	1.27645465939652	-2.59488059030394	2.62652937593367
mund1328	0.0848107884394969	1.14374172320212	-2.26753806131791	2.39289082551844
muso1238	0.385382417165434	0.918106248812377	-1.43508183417779	2.25124776184629
muyu1244	0.225161120244995	1.22889347020466	-2.3419896396344	2.79538824003665
mwag1236	-0.446136826915086	1.16668370261959	-3.00881313660276	1.70590930472482
mwan1247	-0.134142009271961	1.24176118925519	-2.79949449771644	2.29917701888228
nali1244	-0.650164266999936	1.11838105469771	-3.19423860693982	1.30228332521474
nama1268	0.127573651321949	1.05710990876198	-1.93153713127439	2.36044772663423
nang1262	-0.132094516743456	1.1856817110626	-2.67777075920926	2.09299706861707
natc1249	-0.396257704135186	1.19880443624247	-3.12312014435779	1.79566398371342
naue1237	-0.286458272062724	1.22888499759612	-2.99712628156884	2.04324893132169
nava1243	0.5688438752989	1.16179198817721	-1.52376926556776	3.14719648937951
naxi1245	-0.228085656104456	1.05881916065772	-2.48921518789247	1.85112071255841
ncan1245	0.218332589654187	1.1274826624333	-2.01205177237838	2.61566384787986
ndam1239	0.114064009562613	1.21861744556947	-2.39406532435559	2.58451539145632
ndog1248	-0.0421860003058116	1.29153548105571	-2.71162226485512	2.57391688084283
ndun1249	-0.143888673744974	1.22024383229462	-2.84191475324805	2.29551972310189
neha1247	-0.350687755193731	1.22855825119387	-2.95075934612734	1.96664303715088
nend1239	2.07970347988907	1.26110240480626	0.00612520869362766	4.784267342873
nene1249	-0.11783652066901	1.23334508745197	-2.75044290377581	2.33842766690071
neng1238	-0.307990637750718	1.21299134280354	-2.89776575296538	1.97282001417327
nese1235	-0.465340152680002	0.962263961188975	-2.59057958670359	1.27302667194875
newa1246	0.711334574677626	0.902027516045451	-0.83598575545245	2.74031276906011
ngaa1240	-0.0964388786855034	1.2315940045953	-2.65841689999713	2.41802778114408
ngan1291	-0.128372917722907	1.20205967401854	-2.68369083863904	2.19463078183571
ngas1240	-0.457371508613489	1.17988353299554	-3.15994149428569	1.65057445176753
ngba1285	-0.108160716735479	1.25714626485795	-2.79964051795046	2.38700063755559
nhan1238	-0.144855842723824	1.1970120642735	-2.72094939583084	2.20197444506024
nhen1239	0.823139714537567	1.21409795603699	-1.22051891544177	3.52905426435326
nila1242	-0.271071045441624	1.207342741604	-2.9278563425938	2.00971019127292
niua1240	-0.116015533459204	1.25306565119103	-2.81613800732818	2.41574647875479
niue1239	-0.112273972829912	1.25868630804544	-2.83521664700781	2.34521628439031
njan1240	0.868413493086311	1.23881506138974	-1.23701152638988	3.67007558191932
noct1238	0.0343854336032282	0.98753642865394	-2.06525111659363	1.96757372038986
noma1260	-0.108838131423402	1.1217966364929	-2.57307968352302	2.06560689783329
noon1242	-0.0859029918528428	1.21592691264429	-2.71793229774579	2.32889802722858
noon1243	0.24559627783892	1.11501387031902	-1.9065880791538	2.60869306418812
nopa1235	-0.595596905259525	1.19816451224353	-3.35796159488543	1.5507658914344
nort2684	-0.224998722377391	1.21343068984237	-2.86159342631907	2.12129370068569
nort2690	-0.0865635855991934	1.21769400394473	-2.71016224847773	2.34447260722782
nort2702	-0.102197874011734	1.26143121703456	-2.7360062604581	2.43734630650412
nort2722	0.968931564762933	1.08269115516271	-0.852772372568888	3.40998383023546
nort2723	0.0538905501809251	1.05935164127787	-2.08915214464945	2.24546119143828
nort2732	-0.313523150024919	1.1794584749573	-2.98829677206771	1.90084399059816
nort2747	-0.15378470249366	1.23141555331485	-2.84683060373735	2.26234994526836
nort2839	-0.0749441703692744	0.947120081761272	-2.02262937999245	1.82673792331854
nort2845	1.28127024984461	1.40080119245796	-0.867019592261382	4.56839903309121
nort2885	-0.204728305137409	1.22693465084496	-2.97203382843408	2.10855086883082
nort2942	0.753219048545531	1.21363024577893	-1.26461699994015	3.57988512672304
nort2954	0.0236819973094457	1.2468677309972	-2.53385831154171	2.51760323564877
nort2959	-0.29223959055968	1.23353080335313	-3.0267683796838	2.00187686005778
nort2961	-0.272135999034503	1.1837559765135	-2.84322178244841	2.06533440905771
nort2980	-0.215758920369383	1.16569747931094	-2.7562156554178	2.03413397154001
nort3047	0.0147769668371957	1.04451232359043	-2.14735512798037	2.17597004263334
nots1237	-0.678814367509448	1.09616832366653	-3.17761376485976	1.24581435454502
nucl1235	-0.199741697725274	1.19242360678546	-2.74082327961979	2.13764771474384
nucl1301	-0.0744131000387618	1.23896912787627	-2.65513240446521	2.37775927396976
nucl1305	-0.179639511516757	1.25467323110051	-2.88955434626566	2.26409001072306
nucl1310	-0.162315610087144	1.05056524180057	-2.45551239198985	1.81981239982747
nucl1417	-0.199351046461105	1.24623969440569	-2.86651371910267	2.22681076809092
nugu1242	-0.0746473825862279	1.12549536483724	-2.47687330584984	2.13282104749434
nukn1238	0.720949488078462	0.972118308654765	-1.00028042058112	2.8350653328166
nupe1254	-0.153004829821339	1.23722695930151	-2.79676621996466	2.27865915526476
nyah1250	-0.216239248762463	1.24238183802142	-2.89954227675338	2.20442338143728
nyal1254	-0.298004024444672	1.20894573236673	-2.93631648028115	2.07074087208412
nyan1307	0.509588299431974	1.19760805315956	-1.76955583060593	3.09754052929244
nyat1246	-0.254599547688476	1.21911503645671	-2.9504088074544	2.02057991173439
nyor1246	0.687644210054617	1.24618364749302	-1.59639386477354	3.41776262318119
occi1239	-0.144634520384313	1.18803787534799	-2.78723150123511	2.11508992866938
ocot1244	-0.674160120782444	1.2357527267842	-3.55204752888144	1.44196806825355
okan1243	-0.233632743259293	1.21377201128815	-2.8953706169524	2.07014290152938
oksa1245	-0.228032379585959	1.1309152830722	-2.74646748303851	1.9511910414904
olde1238	-0.30403762328881	1.22470188968664	-3.08445879603622	2.01864590132707
oldk1249	-0.242060935666697	1.21746431485227	-2.84003899779417	2.07642035692228
oldm1242	-0.162571668072737	1.26119490028408	-2.95508974447669	2.32666793002681
onon1246	1.13593922238818	1.32230403163879	-0.979095597321418	4.1836303047398
onto1237	1.25432705979659	1.3876903039202	-0.927580113990888	4.46510733482702
oriy1255	-0.220436149810515	1.18123916120286	-2.77472850765827	2.10322830721276
oroh1237	0.10839302551722	1.06860248600406	-2.02145057855367	2.25332512252794
orow1242	-0.430993670232159	1.18174794184996	-3.10513120017001	1.71291066314463
otta1242	-0.224263680168079	1.17939283465482	-2.74160477947151	2.03350982464275
owaa1237	1.06668572370977	1.32198804958306	-1.08813481057654	4.15794669310288
paaa1242	-0.387142271346871	1.17359577446629	-2.97667833058192	1.81036592642014
paam1238	0.117848208019111	0.971266720776463	-1.74875504673894	2.16488964143322
paas1238	-0.113267693716528	1.23669907629011	-2.83544221483776	2.33437429515257
paco1243	-0.192266256362523	1.21327210755327	-2.87757314760498	2.1624399180068
pagi1243	-0.142482151624362	1.23272867747686	-2.84615712911486	2.27862601681506
pahn1237	-0.294070412129517	1.24624174204212	-2.91395348053751	2.1551411801381
pala1344	-0.116143909462027	1.20485969105239	-2.71258383782935	2.21352392735214
pamp1243	0.0875833534369008	1.12933642467069	-2.26065611634171	2.33730390413615
pang1287	0.474480370127916	1.21886197674956	-1.89177586991061	3.10806241794746
panj1256	1.05477250047177	1.28858117123944	-1.08134202756749	4.00197238783339
pano1255	0.235827641574555	1.08782794439925	-1.86652926920098	2.50705727442453
papa1265	-0.316072357056977	1.17856624380865	-2.91501025934209	1.89089959621766
papu1250	-0.343469949782474	1.20459479774506	-2.98094245602319	1.9720683659806
para1301	-0.514474421679049	1.24663369620956	-3.24884078597105	1.79530400818133
pate1247	0.358070413016595	0.961894684826382	-1.50927365579353	2.33345709126472
patp1243	-0.587061182666386	1.14481152064418	-3.14586760131806	1.43001534441309
paul1238	1.1073948601252	1.27653603544935	-1.02760621636778	3.9969306773809
payn1244	2.0394535636418	1.25128699291059	-0.00240615411872578	4.76566345159465
pela1242	-0.603151685296104	1.16240836338757	-3.24702228126146	1.49467385987759
pend1242	0.0589307428268089	1.12816592902306	-2.25398866486672	2.28986134682939
peng1244	-0.169896229645429	1.21987235909705	-2.86907731670984	2.22061861468698
phai1238	-0.418143776512575	1.22959196199734	-3.14755720171654	1.94117085512142
phom1236	0.232766833194404	0.948566790792431	-1.57816630524924	2.20605161626164
pile1238	-0.16277746257117	1.21175487087267	-2.802094340379	2.11096347110309
pite1240	-0.212859853450244	1.2057993010128	-2.76701422688278	2.12024118140633
pitt1247	-0.142692942781851	1.2393526520957	-2.76669854018721	2.32402217415375
plai1258	0.985036754246472	1.26351966043097	-1.13039365144885	3.9194468930169
plau1238	0.039494580711662	1.16080438614814	-2.42070093977051	2.35424394592679
pnar1238	-0.0022704819170601	1.09894856848145	-2.29863030007205	2.11275011496918
poli1260	-0.188748056618669	1.1895887677429	-2.7385470637576	2.0734670273586
popt1235	-0.581102083968676	1.19122301485019	-3.29495593855769	1.49722158145331
port1283	-0.231059708239012	1.20582106502056	-2.88256133544265	2.06653943610315
port1285	-0.0800032081483444	0.946255972797523	-2.03482752417711	1.85024332384551
psik1239	0.0684571226272249	1.03628533139218	-2.02964506363526	2.21781080962638
pulu1242	-0.119692733028993	1.23635923211658	-2.75287261984562	2.2648899689729
puma1239	0.840367231091972	0.893987942482824	-0.686454523392755	2.81242203895408
pume1238	-0.324858562843252	1.18112552336903	-2.94263015678916	1.91679895995934
puoc1238	-0.282853465481461	1.21778231466747	-2.95739548114786	2.04591105638154
puri1258	0.967693748401242	1.25521093214297	-1.0977750711819	3.84206834247076
qanj1241	-0.56303998401325	1.22966433764765	-3.39761636621461	1.68995218057106
qima1242	-0.202426392797321	1.24196369997729	-2.93556680238886	2.23227376417042
quer1236	-0.315771129000824	1.19397047302362	-2.93989208844779	1.95830760529547
quio1240	-0.631241475345092	1.2257934394501	-3.39197824753878	1.51368049642238
rabh1238	-0.461336090943629	1.11992013871433	-2.99644969928441	1.52864776188389
raji1240	-0.592188074401294	1.14734893156545	-3.19815364041817	1.34787052691597
rapa1244	-0.12543543818852	1.22460063604103	-2.79905422456605	2.25640088331949
rapa1245	-0.0993776662790974	1.19468345519846	-2.62589645193816	2.25729195342494
raro1241	-0.0969709572577362	1.25912150113771	-2.83796548000584	2.39474484378162
rata1244	-0.0598427867045839	1.17312954023265	-2.55380010646383	2.27869258145115
raut1239	-0.612194486852631	1.16097434554703	-3.31772952840993	1.4235826935109
reja1241	-0.153741030158557	1.25507809459092	-2.91831574454178	2.32411067066941
reng1252	-0.267194954284157	1.22712434615228	-3.01267038230327	2.03527070374488
renn1242	0.105211868941128	1.18619163599099	-2.3376173234135	2.54351342081773
roma1326	-0.259177591797168	1.18393748055367	-2.79903092982417	1.96100799240275
romb1245	-0.185217953761778	1.18447629546376	-2.72424465341657	2.15249453789493
rong1264	-0.439146997770667	1.19214488704654	-3.13243220264335	1.75280735441915
ronn1241	-0.446058045502868	1.17543646595616	-3.04969756240456	1.72053073461983
rotu1241	-0.0840782038549044	1.23853153599412	-2.78067933399349	2.41367172722078
rovi1238	-0.167173431926434	1.10673557960199	-2.57743855351851	2.00049821466318
ruch1235	0.10428852074245	1.20907847190783	-2.33869447957957	2.64155225829187
ruma1248	-0.308124616218393	1.19180374883771	-2.85847015803941	2.01516431940148
russ1263	-0.172022291279416	1.17929991961751	-2.69251445864727	2.11088796487999
saaa1240	0.044779612893843	1.05870191874808	-2.10369523148412	2.14647714843925
saaa1241	-0.136235012699904	0.970479225053887	-2.12077871030424	1.77187317393805
saam1283	-0.0909092635941452	1.20697213443653	-2.70789057393548	2.24620780549678
saar1237	-0.388597763647337	1.18231069542074	-3.09185091924192	1.74826616908888
saba1263	-0.246534928539148	1.22428713717726	-2.94110962941137	2.11332540125361
sabu1255	-0.286919520343903	1.24815874398271	-3.08981390523751	2.10023508581781
saga1262	-0.236827217472851	1.25426826201607	-3.00072870334838	2.11485899314991
sais1237	-0.264156334475136	1.22884779620853	-2.97718318606419	2.06661731249598
saka1289	-0.211914470257881	1.01346575274132	-2.35829939063113	1.77251527381846
saka1291	-0.0881410340284691	1.24150961127319	-2.75738428161788	2.29560087051849
samb1305	-0.00179289317139059	1.20115375340601	-2.64120448399192	2.39885679690713
samb1311	0.0356371090650009	1.19369713022198	-2.5096969380687	2.4900114738507
samo1305	-0.0989598771226493	1.23475561546632	-2.75020238617569	2.32313947655018
sanb1241	-0.584136478089166	1.20551564551681	-3.29825417771165	1.5636229343007
sang1331	0.170449726322096	1.24390975183587	-2.39458463089725	2.77764259503552
sanj1284	-0.666650948378274	1.23587961997467	-3.49215705426576	1.51064805824593
sanm1295	-0.60515051292821	1.23140084448552	-3.42456242390674	1.60325742631261
sant1451	-0.500182625480139	1.23134217052191	-3.18925434327663	1.76390100545602
sapo1253	-0.368796793154179	1.15482826002288	-2.98266723624451	1.79110790482899
sara1340	-0.199332257811128	1.18595590960355	-2.76396751147069	2.09632070989375
sars1236	0.610763021127547	1.20172558580925	-1.55162004577662	3.41625163111699
sata1237	-0.124427513777704	1.25320746877454	-2.80082355718357	2.32564640436133
sauk1252	0.572612375515065	0.898582569933794	-1.10761606579029	2.44967776533822
saur1249	0.156769178418834	1.18164208185943	-2.21450021102878	2.57567086894914
savo1255	0.0924418253027353	1.01418644062226	-1.93858534439103	2.16410484154543
seda1262	-0.265164555771459	1.22639993078052	-2.95577601214545	2.03314573282418
seim1238	-0.0398303416004183	1.26071539552522	-2.69174947650448	2.47162319128752
seke1241	-0.166234814999745	0.969604597190225	-2.14143569839179	1.71007348608948
sela1259	-0.113689781986144	1.26320037143011	-2.81180306103187	2.37338137233437
selk1253	-0.0940759172759726	1.25902279811008	-2.72508715743251	2.36060300994623
sema1265	-0.212000765884564	1.18570922885385	-2.74627983128121	2.1240317661235
seme1247	-0.22337396920182	1.22096404734056	-2.849886847582	2.1414996395888
sene1264	0.0655642184844551	1.14377373350015	-2.28240223562064	2.43677100904656
seri1257	0.874912505402473	1.20379680332243	-1.13804650592977	3.5984396533301
serr1255	-0.246700329315597	1.18032627451927	-2.91245825335694	1.98579038952516
seve1240	-0.302699563564633	1.1608950149538	-2.85664254160906	1.87942434717248
sgaw1245	0.0162137233473887	1.11098393941947	-2.26814051630205	2.21414157353171
shab1252	-0.419310559962132	1.20257036598739	-3.11775689049545	1.81152616787354
sham1280	-0.235880460980136	1.23999729085845	-2.81899684184169	2.12138506334558
shan1283	0.794356858248909	1.20635684070393	-1.23193323597775	3.42378042987428
shaw1249	1.01212687044746	1.25979148719937	-1.07924039929368	3.88818807217689
shix1238	0.446327111900301	1.09004165883863	-1.5096556957547	2.84759024165642
shor1247	-0.0971966091363978	1.23316103265332	-2.76277769661147	2.43684879747861
shos1248	1.22032617782379	1.36710556776732	-0.930624276540474	4.31103307347777
sici1248	1.08846282896709	1.31277005298544	-1.0688177853533	4.10651237830085
siee1239	-0.366343241255758	1.17179713421318	-3.03054107028438	1.80349111700371
sier1250	-0.650079836203129	1.23413728324872	-3.43857233044319	1.50154933587862
siks1238	-0.0596575219764158	1.18026833743864	-2.59180588408822	2.30047563931886
sina1266	0.747287491247228	1.12474906878568	-1.26787659618304	3.24793276201337
sing1264	0.051129493131086	1.01202569449706	-2.06713539623786	2.08124228121256
sioo1240	0.478836390871781	1.01680845653801	-1.48008666012165	2.67850677827619
sira1267	-0.333216144326165	1.20023318650006	-2.94958990241887	1.9148604610899
siri1273	-0.569148870707962	1.20697027025525	-3.28754283522014	1.60844960060565
situ1238	1.48852995321934	1.20630558997251	-0.392770721551651	4.15436024661335
skol1241	-0.130691716781106	1.20572986588706	-2.75646045028875	2.24780965923227
slov1268	1.10143525606229	1.26377775199124	-0.981386612418761	3.97611796845634
sobe1238	-0.292529204184498	1.20574287815432	-2.94877559388533	2.00523611279254
soch1239	-0.593890263505944	1.21870698441492	-3.41153455074739	1.60258770032744
soga1242	-0.00885118618386617	1.19324934112996	-2.55306261062449	2.45959752722365
soli1239	-0.0482217660552524	1.25911946358488	-2.60620048493942	2.46852681120629
sons1242	-0.131324939192454	1.23771956618839	-2.74048559896046	2.31496911636997
sooo1254	-0.231456832881525	1.24905163997144	-2.98186612481239	2.20068396993101
sout1528	-0.032187065490664	1.12877339051728	-2.43514883950615	2.24424099651869
sout2649	-0.18566618574545	1.20565383614763	-2.80729826146342	2.15134296772516
sout2674	-0.129313907502473	1.23597081704873	-2.78174656279404	2.28693084770681
sout2679	-0.205531353263037	1.23865689110844	-2.91623465224858	2.22932918697419
sout2728	1.30996882941329	1.17929352552213	-0.618195618958195	3.95799601377676
sout2729	0.0525228704516504	1.03820310771664	-2.023808801	2.15896915662477
sout2730	-0.799728826602036	1.17156573446529	-3.42674316406854	1.25329266735464
sout2807	-0.0783465353220021	1.29634214795165	-2.82820125340336	2.47613024592203
sout2857	-0.232047863398722	0.975966256088042	-2.34710305825579	1.69226139908433
sout2869	-0.463245646363621	1.17141381465284	-3.10011279228007	1.61431455160965
sout2895	0.924507861699491	1.20430917874718	-1.18539878705232	3.55762888440721
sout2959	0.774016317183746	1.24694900394549	-1.3043027182659	3.6219299959054
sout2976	-0.135163866034484	1.22789441506805	-2.78810347514792	2.35694488894729
sril1245	-0.105694160805279	1.21504491195004	-2.72168384167362	2.28145101924309
stan1289	1.07838386203969	1.27330023943619	-0.980871447704356	4.0473246602991
stan1290	-0.208156532032258	1.21343707559637	-2.88847446602493	2.13928365656922
stan1293	-0.207273858606127	1.1925349482572	-2.78630094029534	2.10668979008196
stan1306	-0.214415546349949	1.23758164834272	-2.89313647800395	2.24793287014265
suku1261	-0.176806143306831	1.23921454334218	-2.78532741227885	2.23840090660074
sumi1235	0.395128462177736	0.933752694835846	-1.35571646581543	2.36014230448732
sunw1242	0.380008951114705	0.809958900970232	-1.19716414044661	2.09631329637913
supy1237	-0.0382999000506021	1.24035234204285	-2.60736504595367	2.46925908748524
surg1248	-0.117388894438879	1.24729294362066	-2.82252097709886	2.36257579336704
surs1246	-0.519408487941437	1.18134871065474	-3.17711074559991	1.60983170957308
swed1254	-0.168317042318417	1.19718979930219	-2.66583822381131	2.14103086749782
tagw1240	-0.0831809322180919	1.28037009361285	-2.75466824901937	2.58293868791831
taha1241	1.16343703299933	1.27632429728571	-0.878805832742475	4.02573882485687
taia1239	1.07790657181742	1.08068205078448	-0.758281456305256	3.46418828578958
taji1246	0.0623971353686637	1.14184011981937	-2.29756273414972	2.38887642005457
tama1365	1.07720253591712	1.31682836451729	-1.07092126535154	4.0209566159906
tami1289	-0.159496213996122	1.26912557294644	-2.83690274648399	2.3521108909083
tane1237	-0.129452830685531	1.13534088913598	-2.61283992882509	2.06929522666269
tang1334	-0.240072166704432	1.16027801886583	-2.69097327812103	1.93409941954207
tang1336	0.472610984671281	0.891122559029009	-1.24001534954218	2.36357304917072
tang1347	-0.447794136434936	1.00759177241305	-2.69720725159664	1.37706474042072
tang1377	1.70861980121955	1.30584151139108	-0.260241991775176	4.64707867433688
tanz1241	-0.00790505510115394	1.26119673532982	-2.66037119326773	2.57315780290649
tata1255	-0.163374305290749	1.20496658310132	-2.71452151525456	2.22217339861723
tata1257	-0.287815025530193	1.1698266501446	-2.89855192646448	1.90897402695081
taus1251	-0.151748974243913	1.21151843841392	-2.7317126229036	2.21219722823297
tbol1240	-0.13875477421895	1.23983804864323	-2.78812996586839	2.30203511471805
tean1237	-0.132916015884818	1.12869209389004	-2.56771294660749	2.05932687431445
tedi1235	1.22118332001729	1.10692033591376	-0.566963890885519	3.60316478940232
teke1275	-0.0848113716292852	1.23833294986093	-2.74679813518178	2.40175858803266
tekt1235	-0.545107044580327	1.18583158024533	-3.19761633119678	1.62124734033343
teop1238	-0.359751178647637	1.17389455902406	-2.97950286745044	1.79088079476328
tete1251	-0.446091983299741	1.1900283543292	-3.05290848314479	1.73607596667348
tetu1246	-0.257961396836855	1.18370235338597	-2.86050714054045	1.95646979728343
thad1238	1.28636798719172	1.13188180903116	-0.494342620563276	3.822527856876
thak1245	-0.278647049767604	1.02322841055142	-2.52952536047266	1.65813890000866
than1259	0.446969467496476	0.994303935110829	-1.43249798218454	2.62315422764939
thao1240	-0.36574361208001	1.21626387070272	-3.0353549176359	1.90133164542463
thul1246	0.355993303405489	0.917674031803199	-1.41861644646481	2.24758261797822
tibe1272	0.851817080535709	1.20663446049935	-1.21988182822238	3.56968158191722
tief1242	-0.092921014465889	1.23090870825632	-2.70666325146018	2.40501448627577
tief1244	-0.0855088534709171	1.23968067754006	-2.68762934144672	2.39432665154097
tien1242	-0.0678645345958183	1.24258051087568	-2.65316127445028	2.42345743708415
tiga1245	-0.551409954494518	1.16831752889692	-3.15155113629675	1.58370276354267
tika1246	0.618757471623518	1.20027696041799	-1.5472178949595	3.30534089068721
tiko1237	-0.0306015892684875	1.18408627574893	-2.57984991168053	2.34127223140398
timn1235	-0.0980817344386578	1.20621642088963	-2.65541407600307	2.27839015063264
timu1262	-0.290635013995567	1.17343072874022	-2.93642177850825	1.88550861368436
tiri1258	-0.412860631456849	1.18518988479651	-3.11584725664442	1.78339918010072
toab1237	-0.121061020918804	1.07972469069564	-2.40156022582765	1.9864208707364
toho1245	-0.0505231298193377	1.18450431112576	-2.64015363604669	2.38445392602529
tojo1241	-0.515598519000291	1.23716388910334	-3.32357284734445	1.72235333546778
toke1240	-0.106883155918291	1.22486083597487	-2.74724685374721	2.30545049748087
tokp1240	0.897111415528803	1.06680303869484	-0.907095596084825	3.23258907107624
tong1308	-0.182972062851282	1.28612345015709	-2.92531675992173	2.27525289261897
tong1325	-0.126059418859669	1.21467848599101	-2.81442483839224	2.22395130060588
toor1238	1.1154912859361	1.34858868266424	-1.10273272995907	4.20678618214809
torr1261	-0.0443255037578847	1.2154356342497	-2.55568239904785	2.44641462154536
tote1238	-0.0902864712582845	1.18436646230076	-2.59774744964171	2.22520814586118
trum1247	0.241784306363214	1.07200832828083	-1.90081450109021	2.45714271453209
tsam1247	-0.414089156837487	1.08256633351479	-2.84857620315574	1.53566086724287
tsat1238	-0.0975440230610079	1.2687059089548	-2.78856383925863	2.44423919421738
tsha1245	-0.151516895577708	1.13171821362456	-2.52750943968341	2.03181769054367
tsis1238	-0.157481944831331	1.22040375036379	-2.79693121633705	2.20216008727035
tsog1243	-0.0301577203081581	1.25628744287509	-2.68350600718291	2.48355461727334
tswa1253	-0.0637418544523749	1.24312236297831	-2.73878789897045	2.45570313632452
tswa1255	-0.0349865575141151	1.20808981765494	-2.5491730144565	2.4352772088856
tugu1245	-0.239064381389206	1.21953280506689	-2.92839977222646	2.09171994950179
tuka1248	1.21247639485883	1.36776285965042	-1.02010643413356	4.27107632049569
tuki1240	-0.0247240625524326	1.14845985753651	-2.41721216380409	2.24586962990635
tula1252	-0.281982106711521	1.23004124841309	-3.03585273928638	2.03757649770984
tulu1258	-0.194468606791646	1.21812583440803	-2.7808155857688	2.19958778915951
tung1290	-0.405102209144327	1.22752140494255	-3.13632491974204	1.89139191086569
tunn1238	-0.0988211188195853	1.22642521381903	-2.67090701076342	2.31583108449795
turk1303	-0.113213694334862	1.21907675348893	-2.72849318749629	2.33535889049417
tusc1257	-0.216244850640214	1.15898922637409	-2.76220313630698	2.01603355323196
tutu1241	-0.425549671251471	0.973802727629038	-2.57757208332378	1.40187437864062
tuva1244	-0.0960477187854096	1.20099951118038	-2.65668134368358	2.28718981297576
tuwu1238	-0.13355092983793	1.2603187429848	-2.82966702496497	2.35211794812905
ugar1238	-0.196544369764235	1.21559441047928	-2.89926982108323	2.09498130259164
ughe1237	-0.135407692058299	1.11439603699023	-2.58470885037969	2.06646541591061
ulit1238	-0.0983174125963274	1.22323384386667	-2.64226426927897	2.31501503947573
umbu1258	1.02812187926517	1.05518590372359	-0.816555642619547	3.3295517528255
umes1235	-0.172926742429629	1.21353672425751	-2.77140587826448	2.22040502322168
uppe1427	-0.299751457741214	1.20214181907864	-3.03854803183894	2.06526996817108
urak1238	-0.202606683862957	1.23897003639306	-2.95696133575685	2.11628069252743
urav1235	-0.341789852120599	1.17956519124696	-2.97977905266013	1.84184365053175
urip1239	-0.436718723806495	0.946852975188712	-2.53443585084795	1.26502383099403
uuuu1243	-0.774875671141888	1.20710330164446	-3.46146379046718	1.37622271705802
vano1237	-0.143632636572379	1.12714341623827	-2.57997313102184	2.04821280752444
veps1250	-0.173309849385827	1.20860577415869	-2.78448054037036	2.15056816166208
vera1241	0.655786951650547	1.14000215660831	-1.3631612771941	3.12651737868064
vinm1237	-0.355137740128579	0.950181951009292	-2.43777890991454	1.45770487437918
vunj1238	-0.268242542269114	1.25416539573818	-3.02548630655271	2.15766871898947
vure1239	0.650450490474431	1.13692514977175	-1.36739633024171	3.11995417910755
vwan1235	1.20991960261988	1.35993564876777	-0.920406582011454	4.37779303569576
waga1260	-0.174744986208349	1.20036431749138	-2.84900318478701	2.125657053976
wage1238	-0.292385354091439	1.18984871470524	-2.94550030915533	1.97997659150311
waig1244	-0.135404614463563	1.19797575141021	-2.63149921787424	2.20000546258294
waim1251	0.936549223194144	1.09765646041737	-0.925614613415699	3.34566051709198
wala1266	-0.17613416080105	1.05695512428911	-2.46523402284027	1.88317071546815
wall1257	-0.150857052905766	1.26759181736109	-2.86183126260543	2.31999947331885
wamb1257	0.56414908665555	0.836621774004697	-0.951246576755486	2.3856266927348
wand1267	0.55158056886652	1.12847052754875	-1.54874873625738	2.980434033258
wand1278	-0.118942931644013	1.11889964072484	-2.53034270824517	2.10351048568031
wang1291	1.20187724585235	1.37268624509566	-0.96737483188167	4.36395505128288
wara1303	1.07634752464264	1.30061502787567	-1.00387208048471	4.0741618969341
ware1253	-0.246085663965469	1.21934868429575	-2.90746199753407	2.06423849392497
warj1242	-0.316158921423813	1.13169967563491	-2.7557411393104	1.76011310145027
waru1265	-0.158501409620381	1.27939448043101	-2.834572542705	2.31177039530637
wawa1246	0.717659743981856	1.21831757324894	-1.44487357552966	3.43102153124319
wayu1241	0.431968411764807	0.833293979182922	-1.18168690269793	2.23091130520676
wels1247	-0.255041452779384	1.2349591229848	-2.92076060631419	2.03083687766176
west2354	-0.269541812070247	1.21042529229391	-2.98037400608975	2.07759203959573
west2369	-0.21260846033564	1.22390956579858	-2.96094591041068	2.11907655602289
west2396	-0.216797128430778	1.22356750564849	-2.91638339616443	2.08318890488903
west2397	-0.233070112176844	1.25969630044589	-3.02528871775009	2.13355508994515
west2415	0.678543126525849	0.878562107467763	-0.870804724084126	2.59271965304753
west2418	-0.230260600491784	1.02519564659208	-2.43722883193095	1.70064639313109
west2430	-0.24969625578346	1.19280732705731	-2.8593901911433	1.98430983520266
west2441	-0.0819468479221642	1.23518119433239	-2.74008349477267	2.35465393282569
west2516	-0.409120841921365	1.19845743204148	-3.0945200143739	1.78406483400431
west2519	-0.123021116183751	1.24767109779707	-2.83324629826176	2.37029927816321
west2557	-0.203128378159499	1.28691275489135	-2.95637760473935	2.29148369197968
west2560	-0.281583291522588	1.18545301307846	-2.91696538417343	1.94056452767974
west2594	-0.356276855400367	1.2195831441306	-3.05611774593153	1.94014669778161
west2635	-0.570167251663524	1.18070339534569	-3.23939318442065	1.52633515471196
west2644	-0.61050819019831	1.216084069654	-3.43032952832266	1.5449322473378
west2650	-0.228504591102518	1.21611797275723	-2.86844665928258	2.1506877331507
west2763	-0.201811491137821	1.2131098411654	-2.89164274960227	2.12204710627279
whit1269	-0.460710448689354	1.17196804166456	-3.1214494814961	1.65635702639287
wiru1244	1.30784765413229	1.11506218834364	-0.539984132769947	3.78373937841101
woii1237	0.113188311231511	1.16230411731982	-2.31897964429015	2.53288033138873
wola1242	-0.388050156601461	1.14472224953873	-2.90677338233909	1.80348485760563
wole1240	-0.100616344924118	1.20333031916773	-2.73107125853078	2.29676615385178
wood1236	-0.258410908616125	1.21364601160007	-2.88238629419856	2.07453004238335
wotu1240	-0.0366707286720811	1.21047028956675	-2.58188980304616	2.38628727635772
wuch1236	-0.244801347318288	1.1782512091431	-2.75131972431671	2.01954853022825
wusa1235	-0.539775464684398	1.1805781282072	-3.17828519239664	1.67100916851233
wutu1241	0.144656885396823	1.12602333150761	-2.1783999236308	2.49962588871542
wuvu1239	-0.112047945582501	1.25657575713115	-2.79177988393633	2.46769715943747
xamt1239	-0.236333263160893	1.21040382755206	-2.8777390695757	2.08457323979377
xara1244	-0.41788987077896	1.19003789325623	-3.14018639285081	1.74676961192014
xish1235	-0.793722381210109	1.1696878528396	-3.5152134046201	1.2144089472663
yaka1269	-0.0671633441053034	1.24859601202376	-2.68259875091128	2.43567056834917
yala1262	-0.172259314274634	1.21181574602302	-2.78618029675391	2.22329758922261
yami1254	-0.26158457905941	1.24453320730578	-2.99634407993361	2.11694792855455
yami1256	0.463241186177015	1.12111282487567	-1.5141394609521	2.91304370698856
yaoo1241	-0.0941821824785453	1.27627925924437	-2.83723161166981	2.41767360109743
yaqu1251	0.0577731853124222	1.22016731529329	-2.43255885881563	2.48325122624097
yatz1235	-0.627691698223892	1.23171856216882	-3.4506332879842	1.48368942903006
yaum1237	0.717155167766506	0.942267333215346	-0.997297671289588	2.76725374089158
yawa1260	0.177174228987845	1.11406133571565	-2.00220514490311	2.4553665707816
yele1255	0.981958393142111	1.26764308693265	-1.09779549263211	3.86040075290945
yems1235	-0.439417206019161	1.1921551224087	-3.1038129622714	1.84014936058454
yind1247	-0.190236542334689	1.23060460758932	-2.87623138134148	2.23207116780821
yoga1237	1.23843427320699	1.16676692797678	-0.646849661535034	3.90249725154132
youl1235	-0.837651714238554	1.18044380987263	-3.5180481783921	1.15060926902164
youn1235	-0.18839212584261	1.20927522662695	-2.72261308491417	2.18833674909388
yuca1254	-0.201123877240495	1.24767876945675	-2.96867712186038	2.14344844382615
yuqu1240	-0.717496392953826	1.16925962621567	-3.38713827591331	1.30217422949792
yura1255	-0.708195474693595	1.1600107928321	-3.34757931829762	1.28559515658259
zaba1237	0.101914968886506	1.13065744912965	-2.17216761931931	2.36206812321493
zaca1241	-0.351607128214221	1.20768330407575	-2.95461144914355	1.92924999947607
zaca1242	-0.586172849633282	1.21537322478177	-3.37780074110501	1.59068433800816
zamb1245	-0.106156409203494	1.24835396009349	-2.71011293029029	2.45031512913872
zaye1235	1.02109669644315	1.16399926878436	-0.906461012466186	3.57376683739578
zays1235	-0.407187216168389	1.10191442995198	-2.80548532792418	1.65768741104591
zinz1238	-0.120228887037529	1.22982476158949	-2.70613380509499	2.32924780020488
zoog1238	-0.63739590939783	1.2332315941283	-3.43872504886854	1.52016968884778
