Estimate	Est.Error	Q2.5	Q97.5
abad1241	0.149774760341198	0.547041538612043	-0.760082931168286	1.5033647222122
abar1238	0.0726432936961471	0.495227771576414	-0.871475306876515	1.30313151217247
abau1245	-0.0131150253796784	0.510254615621317	-1.12988065733745	1.10350361200864
abua1245	0.0392515934630446	0.512044610507162	-0.992697759939652	1.21561642015207
acha1249	-0.00547335315732636	0.510856414088991	-1.15810694540615	1.09187683561798
acha1250	-0.0205835756482997	0.529441585686179	-1.18612112111574	1.11073101624995
achi1256	-0.0175339361507632	0.515511840646313	-1.17218846825982	1.04683722887898
achi1257	-0.00391645103154884	0.535039857702334	-1.21510928733703	1.12921649507152
acol1236	0.11758109008185	0.530109389529512	-0.79876264327944	1.41784319955422
adny1235	-0.0101654855009203	0.524856562706323	-1.13334836191481	1.15502373075271
adon1237	-0.0144531587559552	0.546092985917047	-1.20055411996358	1.20390957764952
adze1240	0.189509869670261	0.540483871645294	-0.666384866129315	1.58123589905181
afar1241	-0.106336796407017	0.495837628436872	-1.34783697668387	0.798672546602783
aghe1239	0.0498561803704217	0.488197536059978	-0.893514444473515	1.18579102725
aghu1255	-0.0564824555377605	0.514756462437341	-1.26108250961096	0.954378296768015
agut1237	-0.00551305901925955	0.527123674461016	-1.1893106987168	1.16279978855449
aheu1239	-0.00981024823561868	0.514930741408892	-1.15883396392853	1.06814735741635
aito1238	-0.0169957156688154	0.521254399152924	-1.17536895054783	1.0800485873563
ajab1235	-0.00473805297089652	0.495566310089706	-1.08556697140711	1.06995397496788
akha1245	-0.0277676788593292	0.537663807309708	-1.29673387244759	1.08976211349067
akoo1248	-0.0130106093617717	0.492920012321421	-1.08734924357777	1.01097610801333
akun1241	-0.00892358546343285	0.540645704999867	-1.17041583855841	1.13962157333413
alab1237	-0.0119709267862043	0.502362823014756	-1.17331216434216	1.10859359414454
alab1254	0.13000847887422	0.460039183903067	-0.66644383221114	1.28557980448858
alag1248	0.248636299562404	0.532796002403231	-0.507125707308033	1.70579143796777
alam1246	-0.043378958904255	0.490382465243648	-1.19579578499432	0.974388570442039
alba1269	-0.0125877943449117	0.528239575459114	-1.17114340892935	1.07470675340067
alor1247	-0.0134600236007677	0.529576501651504	-1.20346472764919	1.09432547000733
aluk1238	-0.0230949220179088	0.522031972401379	-1.20935289794297	1.04995099115235
amar1272	0.0311103514748725	0.527159768001687	-1.06697675320856	1.21543546521754
amdo1237	-0.0097089352479149	0.522979212727542	-1.17314847571696	1.09083030866219
amis1246	-0.022128871973751	0.545512397535278	-1.25878203194651	1.13448930169752
amri1238	-0.0181035292031381	0.531107771530683	-1.20722478218632	1.09769609300402
anei1239	0.0460827669413407	0.515322272172427	-0.979813656244072	1.25546724004377
anga1288	-0.0200738359438062	0.503356811254157	-1.17071330690979	1.0006494965716
anin1240	-0.0140226266542388	0.498382573933482	-1.13029459302603	1.04327291284192
anuf1239	0.108880903283643	0.525614084141312	-0.848350180862166	1.40893486040415
anut1237	-0.00680246478567775	0.534416161972514	-1.19733932135209	1.09320366163822
anuu1241	-0.00377853904867064	0.530392744606136	-1.17899032514661	1.13349626510748
aoua1234	-0.0162419453603935	0.497434100959378	-1.14426116058487	1.03308559599219
apat1240	-0.019015551164578	0.525270958857814	-1.18440221316985	1.10638738491964
apma1240	-0.012841151603282	0.508945329471266	-1.16232673358609	1.04900248931855
arak1252	-0.0287738169308646	0.495686438252671	-1.16212862983945	0.984830972172301
arao1248	-0.0218379381058129	0.52682723341541	-1.22966660844603	1.09706540293342
arap1274	-0.00650626697458827	0.510671901709447	-1.10722835356622	1.0832666248192
arbo1245	0.100649650002736	0.461354056235451	-0.775423521411186	1.18481371030736
area1240	-0.0202323586502144	0.526307754476554	-1.19877278644257	1.07973564804208
arig1246	0.121204434698259	0.528437079500043	-0.796687396334294	1.46488236064163
arop1242	0.0652579146685363	0.517248237808023	-0.956696895012018	1.31404768275094
arop1243	0.0515393958032145	0.499629881469168	-0.952360189283368	1.1845794225534
arta1239	-0.0200557749366695	0.516261346951067	-1.20872808620043	1.08335921204371
ashe1272	-0.0287765279171783	0.505970268541849	-1.15655441577684	1.05940085908878
athp1241	-0.0353933812685065	0.51662305075158	-1.2334128343589	1.03795541800341
aton1241	-0.0102076981283081	0.528131619864568	-1.25246864428507	1.09443835785729
auuu1241	0.060686042052803	0.510956309893051	-0.948808744007609	1.28843464517256
auye1238	-0.0237488691182116	0.521572427841755	-1.19346991047194	1.07987625957633
avac1239	-0.0101324993779388	0.520121084923965	-1.14130699773244	1.12425046596032
avat1244	-0.00354683316638414	0.515498422120871	-1.13328576028125	1.12103356494887
awad1243	-0.0503529245034145	0.513908041856785	-1.22962116998125	0.949594479696244
awad1244	0.0643695726357036	0.49440606669279	-0.945435337174761	1.28492161639207
awap1236	0.197192549618029	0.575669925173569	-0.672465968593392	1.74110617068535
awar1248	0.156109175074859	0.518299781448887	-0.685156675845267	1.48625219354719
awji1241	-0.15949059179583	0.523750767125459	-1.5176876711786	0.697786220216541
axam1237	-0.00627445128430658	0.504196156583093	-1.12038196006054	1.08943658524734
ayiw1239	-0.0330014999775853	0.505555362322483	-1.18256646870348	1.01717114682878
azha1235	-0.0133570333890849	0.533937354533156	-1.19676077856472	1.13522199381924
baba1264	0.0841961814724163	0.502678123724337	-0.900354536371177	1.33270802871313
baba1266	0.0498297377599084	0.493033155445242	-0.922380099657597	1.2198705090347
babi1235	-0.0088283099737715	0.525979941421539	-1.1609029133943	1.0763045204865
bada1257	-0.0217490740581351	0.523258538992427	-1.20806639952586	1.04294267300192
bafa1247	-0.0125512497235386	0.495944150625567	-1.04371960178928	1.03529932140172
bafu1246	0.0429930874679306	0.481956988745168	-0.942128054842708	1.17399343393604
bagi1246	0.0495671642328859	0.440393684636133	-0.80811038190936	1.10662708814657
bagv1239	0.217154221866179	0.557619736897145	-0.607565417041932	1.67706801551539
baha1259	-0.0423918745167203	0.502638485506872	-1.2239899648911	0.976514610853077
bahi1252	-0.0454469135284257	0.502766874728946	-1.19765256686245	0.982821258904922
baik1238	-0.0176513596620012	0.528605349384761	-1.19534783132415	1.11149116802693
baim1244	-0.00396962410793566	0.501427315054079	-1.08590836210374	1.11261943285451
baka1272	-0.0214785728469418	0.491902221356524	-1.12829143641066	1.03069795956681
baka1274	-0.000569977345593856	0.515101213675038	-1.11928589483156	1.10428546470091
baki1244	0.0197914311872272	0.507349769225349	-1.05971334696711	1.18113497235702
bali1278	-0.0150778719099598	0.507835541290728	-1.17057520678572	1.08397157792489
balu1257	-0.0105224703927354	0.521670591604633	-1.19307345516645	1.07507641705997
bamu1253	0.073242002906561	0.515844844272708	-0.942011363770652	1.31867231964735
band1344	-0.0746983477286584	0.507267306511184	-1.30626698237949	0.89872308209418
bang1369	-0.0120753456825142	0.541458849462685	-1.20130933039611	1.16088241680683
bani1255	0.134505624729764	0.529384301994326	-0.772403325457591	1.51273193734506
bank1256	-0.0142249896274974	0.498119072215647	-1.0354484895549	1.02735925876058
bant1281	-0.038882791550442	0.512677907783	-1.21083049660187	1.01542440809627
bara1357	-0.0223910812633535	0.511416620922754	-1.21345034008716	1.06741971152982
bare1279	-0.158491824588739	0.517681347804031	-1.50150811743903	0.697536891573759
bari1286	0.0294397948266841	0.529926618386547	-1.06518503839762	1.23578160623184
basa1282	0.253898567617888	0.609418549083016	-0.588679578957259	1.92894249354784
bata1289	-0.00707432534648767	0.536011157313526	-1.18892640339137	1.14806551283551
bata1293	0.00321384519525126	0.52478606048629	-1.09537992958158	1.18557864903882
baur1253	-0.0289014660689677	0.513931061859449	-1.20876102681203	1.00944705941611
bebe1248	0.0229034314771377	0.496930803683737	-1.03591023319092	1.15925565173255
beel1236	0.15085988854438	0.468527545843175	-0.649445558351588	1.30944331991785
beem1239	-0.0230583489157343	0.515029820026465	-1.18706030149482	1.01822884899926
beja1238	0.116460275210189	0.522468912227471	-0.812435696896125	1.38286543602389
bekw1241	0.0473520484714488	0.491892257687208	-0.990518496206535	1.23397779189599
bekw1242	-0.0223291577920897	0.521075403204269	-1.14537867601195	1.06218765489879
bela1260	-0.0102173668187288	0.519259500775028	-1.15580578424683	1.11595391066555
belh1239	-0.0351789677193516	0.521051145260878	-1.19315353791042	1.04779497932849
beli1257	-0.0121738202431575	0.485640783038142	-1.08845755172404	1.00678736428649
bell1243	-0.00477048613368798	0.505173315855742	-1.10456988620114	1.11646699894915
bemb1257	-0.00886128933749157	0.515544493838133	-1.1097164097263	1.09281050438065
bezh1248	0.191982775289017	0.550340705258362	-0.632875464668159	1.57087453385755
bhoj1244	-0.0580973430767602	0.499266755291542	-1.22754095929153	0.967804104269104
biak1248	-0.0172959590456349	0.499855562580065	-1.11500204425202	1.03024062699224
biao1253	-0.0176115722279691	0.515969711980836	-1.16392297587236	1.06317312898968
biao1254	-0.0198529263964633	0.505708238831707	-1.17387025595931	1.052589645432
biao1256	-0.0215409548788327	0.529990740863921	-1.21665457302731	1.10396508516062
bidy1244	-0.0241992221138832	0.509580660529982	-1.21757990159739	1.08467867822289
bign1238	-0.0247464650737387	0.497219528818974	-1.12939865024033	1.04107933656569
biha1246	-0.00586240774463902	0.506471215008928	-1.14414096854646	1.10606560286264
bila1255	0.0928757578936996	0.525377373292324	-0.910284194498982	1.33202112124281
bimi1240	-0.0612625926829793	0.50768935345882	-1.2541642585459	0.951593671820971
bisu1244	-0.0166098159976147	0.525343645804968	-1.16521024531765	1.07174859206312
bitt1240	-0.0203751357723391	0.522602717096546	-1.22806826440263	1.06776738839438
blab1237	-0.0135604608157823	0.49053999045736	-1.10422665457307	1.0336816323846
boht1238	0.0720479551579236	0.481998621234053	-0.861164568629078	1.21898390838599
boka1249	-0.00768714490114459	0.525561440157602	-1.17234919478111	1.13590429296929
bola1250	-0.00622723990895331	0.513353110281679	-1.12469589496343	1.08725436865867
boly1239	-0.0167841634415047	0.52743460379316	-1.2427806768472	1.09621750584473
bona1250	-0.014086030740754	0.511346163191245	-1.19099923059763	1.13947663144386
bond1245	-0.0150565889667966	0.521850689201064	-1.19290839503738	1.13699859044936
bond1247	0.00406555831724119	0.50575040422599	-1.09365007255297	1.11201661263969
bong1285	0.178580994622035	0.554288570844379	-0.682845314254441	1.64151950134826
bong1289	-0.00582081372649558	0.525532120653322	-1.13609669310524	1.07332550787664
boro1277	0.010570976477407	0.516582778812658	-1.07830046090478	1.16462737080901
boun1243	0.0440435169958094	0.520409078072148	-1.02107289596803	1.24752932249469
boun1245	-0.00330295205714164	0.502180637764396	-1.10187381016781	1.0914264044294
bouy1240	-0.0175532766986893	0.51252407982557	-1.14900382459891	1.08563253752204
brah1256	-0.00860633106811404	0.524164391333972	-1.1972110990243	1.09554129334073
bret1244	0.223010793319162	0.59767615614853	-0.63303203046514	1.79716585403421
brib1243	0.182301796729577	0.570161592407363	-0.71995050489072	1.66886157083589
bube1242	0.0196014186850398	0.500449302032532	-1.05357963181613	1.21820350282722
bubi1250	-0.0207311728017046	0.521385791561355	-1.20189016721428	1.0340753362
budu1248	-0.080342470039679	0.500570980070281	-1.28880314921955	0.906042689317717
budu1265	0.153164333104697	0.525089727185463	-0.68902639581189	1.52129660605228
budz1238	-0.0234111641466902	0.521109557748097	-1.19513665989028	1.01464685145778
buga1247	-0.0170745904382803	0.507909730289606	-1.16055258134693	1.07816403001845
buga1250	0.235391951083111	0.586790742999253	-0.607742003581882	1.83401822034824
bugi1244	-0.00217940327279027	0.525327718152354	-1.12077248993611	1.1368824111281
bugu1246	-0.014628624371518	0.518171137980209	-1.16686676788371	1.10494440635981
bujh1238	-0.0358135953251427	0.51787855195354	-1.26070774076926	1.02368248571767
bulo1242	-0.0101328541251048	0.526094138727847	-1.21173782024954	1.15605507143208
bulu1251	-0.0196142116087557	0.506119481699129	-1.1543304020459	1.0133083833281
bumt1240	-0.0109834196856886	0.532724002927118	-1.22787421593502	1.12856854671981
bunu1267	-0.0244507761852556	0.533510912347271	-1.21762431584501	1.08376941418665
bura1292	0.0803493312942697	0.451197570925897	-0.768702058428127	1.19767854415058
burj1242	0.0996839738327887	0.497544162076293	-0.848022832354091	1.3119687628062
buru1303	-0.00178666825290651	0.531381339486421	-1.13966074099356	1.13401010013132
buru1320	0.216549393181955	0.521703884272452	-0.590907684411699	1.59688812175474
bush1247	-0.00695076567616876	0.530077136554856	-1.176818520612	1.12258030752172
buwa1243	-0.0954817703437235	0.397681787194283	-1.03614290036119	0.644485814951577
bwat1240	-0.00617752259655678	0.536357959627854	-1.11847660067533	1.05714437079194
byan1241	-0.013877690497652	0.540430958470933	-1.22261937878111	1.13251111140364
cahu1264	-0.0223591128955976	0.526960149933764	-1.24238103726171	1.12745516068273
cakf1236	0.0736640561761852	0.453866488707069	-0.833709229343746	1.15812998742388
cald1236	-0.0205825147262654	0.528984327652682	-1.2439094996972	1.06162697126989
caml1239	-0.0404871070057848	0.509253892785534	-1.22380113570707	1.01284573443657
camp1261	-0.0720958344297875	0.532666012145348	-1.3631654316952	0.927671601952966
caom1238	-0.0177333137837179	0.528648260022368	-1.19962874462248	1.1030432710211
capa1241	-0.0256700282347458	0.538915090066824	-1.24171830827244	1.05224966921424
carn1240	0.00328139267128939	0.530258071805843	-1.16222565783924	1.19371956891866
caro1242	-0.000395414148344304	0.525000295863539	-1.10246972450066	1.18835008741649
cash1251	-0.0293066404519653	0.526158927191014	-1.1965404088034	1.04159848218065
cebu1242	-0.00746057293393806	0.514297132342637	-1.13349622745447	1.07109519167452
cemu1238	-0.00410372834855871	0.529702656451525	-1.16853903912367	1.1299498237832
cent1989	-0.0118375345586027	0.534186023170723	-1.22638891991138	1.17845895452287
cent1992	-0.0126247549003617	0.515443773581388	-1.19315240953658	1.04999014279531
cent2004	-0.0160115318545462	0.514972733244334	-1.15815840421699	1.08429475144795
cent2084	-0.0251908036263766	0.528889961854338	-1.25781699994966	1.04911599997287
cent2087	-0.00581260276725094	0.521629421966561	-1.18331869812142	1.12564352471902
cent2131	-0.0813001125377762	0.504436621258022	-1.30377555451357	0.864779744111448
cent2150	-0.0439125363604922	0.53982349431957	-1.27292779588565	1.05221004334819
cent2314	-0.00109754427910318	0.532429220572731	-1.21516598985526	1.15492425242424
cent2322	-0.00158091171336793	0.518272356821425	-1.11496065972688	1.13372393360474
chac1251	-0.0212497141519949	0.523467498929025	-1.25109155722028	1.09361928431595
chad1249	0.158086506965685	0.517658610050872	-0.733402310006803	1.4600625975609
chak1270	-0.00399742840334656	0.549754442488441	-1.19869671712546	1.19680814286993
chak1271	0.103639607619942	0.525923247972926	-0.856472839719824	1.41457120384089
chal1275	-0.0903887292669567	0.508631734232821	-1.40129821752516	0.850961773954715
cham1309	0.229785595101438	0.563733666622662	-0.567363882853686	1.73852117903638
cham1312	-0.0114638737222533	0.512883563013634	-1.14060175926818	1.07687671504142
cham1318	-0.0173955844435655	0.510941690171101	-1.10428297169451	1.06369116264489
chan1313	-0.0243273695072056	0.546963786512098	-1.28021306026948	1.10642846094842
char1269	0.0469070439136995	0.493523443792481	-0.942332566163214	1.19736312998721
chas1234	-0.0166046010124969	0.520161121178266	-1.17584751506495	1.0692497562779
chec1245	0.284000224408683	0.602619538366755	-0.500522455921598	1.90821215734039
chek1238	-0.014194654075247	0.498887640477988	-1.09281052402554	1.08112215954711
chen1255	-0.00790623010123019	0.492615395761186	-1.12557446625572	1.02997808941658
chey1247	-0.00425316412800745	0.500390427409359	-1.10741352970955	1.06386391666997
chic1270	-0.0228831274553672	0.507451831422317	-1.15410419166737	1.06833188274042
chig1238	0.00732092614719185	0.524031429528191	-1.11874686795356	1.14575429147436
chil1280	-0.0208435253550257	0.502261981175825	-1.12901764070166	1.00005469769064
chim1302	-0.0132211056922831	0.526403015570651	-1.20689228545864	1.12816420093245
chip1261	0.00339683205199143	0.515382681408435	-1.0881987771796	1.16638898927736
chir1283	-0.0218836110497856	0.523401907357103	-1.19244895770073	1.06737128597491
choc1276	-0.0289689873422958	0.534580757798968	-1.22624331616878	1.10373161887226
chon1284	-0.0037877147061942	0.540681795519782	-1.1922096701184	1.16111578943355
chot1239	-0.0179479740946614	0.501388790366897	-1.14358679636703	1.02703190581467
chra1242	-0.0175341546870865	0.52401399270625	-1.23013162359508	1.08712115280005
chug1252	-0.0169025620392165	0.518567856840746	-1.18159893196245	1.07829100993357
chuj1250	-0.0304538778688317	0.521946881989296	-1.2404722870611	1.06782460345309
chuv1255	-0.000762375772165293	0.533814876174838	-1.15433359601603	1.15308135583498
cici1237	0.0279647762497217	0.500227205117295	-0.977093745456958	1.14636415702826
coat1243	-0.0427398035145356	0.491892129327337	-1.18376680331456	1.00399081761968
coca1259	-0.0156261776493262	0.494178168201098	-1.14277252639094	1.03978688746652
coeu1236	-0.0342800189970841	0.537697871930551	-1.30829642035367	1.04354359326408
colu1241	-0.0152451380758393	0.53958688998628	-1.20104512167187	1.06181605595393
coma1245	-0.0251789380758984	0.485313511112973	-1.11783155811204	1.02604508703415
copa1237	0.0322242322165312	0.496893360360228	-1.01934092230806	1.12937824037183
cosa1234	-0.0235221605764887	0.528915009888227	-1.21698552344321	1.06664648373547
cree1270	-0.029113774988127	0.51234951112986	-1.18514464418954	1.05948308514344
crim1257	-0.00171578796127924	0.535816227309676	-1.10089187798876	1.16289173634908
cros1244	0.0675357850585834	0.508453863035027	-0.917790347143372	1.26752141244434
curr1243	0.108507635780605	0.531518440822338	-0.848478404549818	1.38758527124033
cypr1248	-0.0406205266310723	0.512254618055099	-1.1922823278042	1.01989999615068
czec1258	-0.0271793378934093	0.518425182145362	-1.17564334723164	1.01580154638955
daai1236	-0.0100278246801258	0.510262578761885	-1.11974870074918	1.09668357365377
daak1235	-0.000826577775777227	0.525510696126737	-1.10055568551684	1.17168426000312
daas1238	0.167692026330939	0.498816594375198	-0.632345516224418	1.47304125467652
dagb1246	0.235824281735286	0.613655784514733	-0.658749547389807	1.94654671546381
dana1252	-0.00704129307946078	0.497086110023145	-1.11252714646739	1.04635078626484
darg1241	0.0302390984023911	0.505940602302909	-1.052584947113	1.15325243604604
darm1243	-0.0140175003460984	0.536937826983968	-1.19885304996078	1.13195288576974
dawr1236	0.0781007625769228	0.484831129062759	-0.840570008242943	1.26330721634781
dege1246	0.136442924248166	0.522871538213026	-0.748902385419396	1.46473406565672
dehu1237	0.0157105553380485	0.521705193776439	-1.07822397840463	1.20875811601766
dera1248	0.0660380131890666	0.449835439140727	-0.832291877300184	1.13801082702074
dhar1247	-0.0041510108732738	0.521070685857093	-1.1730657684393	1.08469215260761
dhim1246	-0.0213453701881984	0.49182946042813	-1.10136996499652	1.04747274102911
dibo1245	-0.0256158334407146	0.54025118098566	-1.22650024817813	1.12928392883111
dido1241	0.201247990835222	0.547371316086674	-0.631455892004479	1.60276463202797
diga1241	-0.0112832651910389	0.515780903833902	-1.15921320155224	1.10376065122705
dima1251	-0.0237723921587284	0.513555356928803	-1.19421207441391	1.04187442774021
diri1252	-0.0127083470538474	0.537366607813327	-1.18476718476329	1.18439754837822
djam1256	-0.00578803203615969	0.517557487057875	-1.10633850436226	1.11927718048832
dobu1241	-0.00181282223605991	0.485573525633558	-1.07742770127356	1.01617051069365
doma1260	-0.03401097559623	0.511794866931522	-1.20799109583065	1.06322153415341
domm1246	0.079285306041678	0.534873107436729	-0.940862993345998	1.35687056298212
dong1285	-0.0129278874897201	0.542373805372013	-1.27664497796678	1.1859273343086
drun1238	-0.00859709795435248	0.502807633520741	-1.10536586331152	1.07881903346559
dual1243	-0.0145152483129364	0.499164500116686	-1.09149787505502	1.06220801182792
dumb1241	-0.00417912684424308	0.544935626357682	-1.21065020137745	1.15516955496682
dupa1235	-0.0240138574344118	0.520299954710298	-1.17848105714315	1.10158061776364
duru1236	-0.00599717494936618	0.526526682596421	-1.17964690883484	1.18205361339158
dusn1237	-0.016891271812495	0.50519918673068	-1.10136515365356	1.09886346271047
dutc1256	-0.0499037791546214	0.499977361713399	-1.20324280135437	0.965501667344551
dyul1238	0.124353295708909	0.506266140414213	-0.77422948732242	1.40418390466525
dzao1238	-0.0164349607533171	0.509669098556376	-1.14754999278809	1.06148681531205
dzon1239	-0.0187763784831766	0.530176096272047	-1.22841162510262	1.05358031341246
east2328	0.00248061907181799	0.537204177513713	-1.16007695108035	1.167146749233
east2332	-0.0121541753802496	0.530008861045576	-1.17753190248238	1.0679847701024
east2342	-0.0153857893558245	0.525711904058692	-1.21143016213812	1.07602589609424
east2379	-0.00427414376027041	0.542624721208854	-1.19604346323647	1.15056705739876
east2440	-0.0222190874985871	0.511642883552878	-1.15911731347479	0.997162541187301
east2443	-0.0217706129532335	0.51855557341683	-1.16809586712632	1.1119751134117
east2447	0.0056244248390257	0.513491764081514	-1.11357772163024	1.11876798795868
east2485	-0.00969544861212137	0.514745056151186	-1.14558986201976	1.09830825437938
east2555	-0.0204643326682801	0.530451335098377	-1.17091640309863	1.10901325441461
east2556	-0.0102775121096985	0.525032530597678	-1.21694573079373	1.13010251980168
east2563	-0.0162389957746395	0.521552965514357	-1.19379605318141	1.10403337805332
east2690	0.1780878940607	0.548836084405679	-0.686007733166376	1.63481595083723
east2773	-0.0437304193094761	0.51096806372013	-1.22912190975812	1.01851253996201
east2782	-0.0163812383481357	0.513557725317257	-1.13276980174831	1.09471975232862
egaa1242	0.0132786455459308	0.51296664007906	-1.12100677459805	1.14892927312335
egyp1253	-0.0945171029493989	0.500454510013433	-1.30709415904808	0.826632952003409
eipo1242	-0.040423114258459	0.49888381619697	-1.14703213611353	0.97408620108051
elem1253	0.161812057048094	0.531153272654961	-0.685979880995148	1.54306347184235
emae1237	0.043447951556406	0.494159964397965	-1.00207519082434	1.16485127901962
emai1241	0.105249488201416	0.512153230311746	-0.8203979302506	1.37352864900185
enuu1235	-0.0147695910000856	0.519752478938695	-1.17913459251054	1.13046341780278
ersu1241	-0.00847277015992371	0.520307818563991	-1.10616072180276	1.0548378468441
erzy1239	-0.00244218826001715	0.523954202805711	-1.09482012981059	1.10870768753843
esee1248	-0.0198405520682438	0.51905746722676	-1.25761100823261	1.10273767494927
esto1258	-0.00091486514283277	0.524658140058336	-1.09480654494729	1.11985424220592
even1259	-0.00143415932895528	0.516795707180748	-1.11214507086876	1.13436079690251
even1260	-0.010285445421331	0.516315000677231	-1.17383738828187	1.04819830266507
ewee1241	-0.00791030917097163	0.491167767174212	-1.079013893768	1.09146179078453
fare1241	0.0873049401710502	0.510999948070359	-0.898359735452639	1.3883290320436
faro1244	-0.0304209164717844	0.502513943327052	-1.15413816680628	0.989573684704513
fefe1239	0.0060523120423465	0.490316360563442	-1.06609178324766	1.08300627972119
fiji1243	-0.0096447382472435	0.524848427868058	-1.18533411668281	1.06037646577424
fili1244	-0.00747856380502273	0.512153369808356	-1.14908630027129	1.05288295188507
finn1318	-0.00696060997672221	0.540638251552885	-1.16691981274758	1.21182862733445
fonn1241	-0.00321491256045424	0.500570077530267	-1.11123435212427	1.09372650722046
fore1265	-0.00291969915664155	0.530373627341969	-1.13245122696298	1.16542786302579
fore1270	0.188862856465276	0.586246757292575	-0.698345719156068	1.75120255536382
futu1245	0.0682602722575889	0.515150204966564	-0.931147843791877	1.32554273260177
gade1242	0.18011416180299	0.554182897834428	-0.703091097779889	1.62858950394774
gaga1249	-0.0128679008378253	0.52014569492909	-1.156981589626	1.08909630643605
gahr1239	-0.00810040996731055	0.512724788396403	-1.13991727828299	1.09189286010697
gale1259	-0.0179949419887492	0.540230083965745	-1.21542680086931	1.13224970208265
gali1258	-0.0798319210004563	0.509944411535015	-1.27196252790439	0.857500029406949
gali1262	-0.00679603776116406	0.514964130463108	-1.17141152363488	1.05435400754022
galo1242	-0.0198515779957761	0.541820065408439	-1.24541424369313	1.12001582851912
gamo1243	0.0499494447134787	0.464745564425799	-0.881756567624534	1.16634516970377
gand1255	0.023775531478268	0.508732183207946	-1.03647472423301	1.16564040964172
gang1266	-0.0191714061635708	0.511893355122775	-1.17153648580035	1.06632768541892
gant1244	-0.0189694533900101	0.512516787074241	-1.19214000214309	1.02691586276971
gapa1238	0.000574833699089506	0.478194546774361	-1.08504647464895	1.03326914501178
gari1256	-0.0238231650014707	0.528480851932327	-1.22853247176706	1.09582082344011
garo1247	-0.0112329105689705	0.524175254764172	-1.21180245610141	1.11536671009744
gata1239	-0.0014807572636024	0.522719201132638	-1.0959164538342	1.1986005225839
gayo1244	-0.00329366352104877	0.539975978817845	-1.1586799976009	1.14355689543971
geba1237	-0.00177534478311721	0.524403624948618	-1.15206209491359	1.11752513575059
gebe1237	-0.00809192641769396	0.525116300906647	-1.19457761213147	1.15417369675374
gela1263	-0.0217061389951449	0.513478023411374	-1.20821912264962	1.01736425475575
geru1240	0.247011782502348	0.515935128005608	-0.513844185925241	1.60902480085116
ghad1239	0.124083209153203	0.512790815485969	-0.80376321572639	1.40358885902758
ghar1239	-0.0189625213184184	0.520450810015742	-1.19584621903626	1.07033940988713
gheg1238	0.105132949128594	0.525605848732081	-0.907289628692586	1.40650743960419
ghod1238	0.255405831082962	0.588316649613977	-0.528259445933041	1.84497466745212
ghom1257	-0.112066458518896	0.515048941385092	-1.3563734815731	0.797050465826429
gilb1244	-0.00539159208037875	0.514835071891725	-1.10738754405707	1.12986208884675
gira1247	0.0128017300628584	0.500929276807609	-1.06433375355607	1.12100081704248
glav1244	-0.0758276212113099	0.401687996352747	-1.00964139433956	0.713110659694809
gobu1238	-0.0739221749572816	0.512199528298149	-1.31724203689483	0.91242787287294
gofa1235	0.0574776714652143	0.471641210501669	-0.894839855631678	1.19522366608774
goli1247	0.0934422894646335	0.543400913155784	-0.906219682935626	1.41913889127258
guan1266	-0.00989367448164483	0.539582560506826	-1.22167614165755	1.15431324879216
guar1293	0.235831768431305	0.591414906855333	-0.619169507964696	1.82656771457338
gube1234	-0.0338301161565833	0.535276675043992	-1.27781795613931	1.09018789048715
gude1246	0.0218248588929143	0.406447863708618	-0.805955665851873	0.927480544072952
guer1241	0.0203518995456521	0.500678491285382	-0.997879624775327	1.13004597658126
guhu1244	0.291353527569227	0.658323390632725	-0.535985563779622	2.09096494541516
guiq1238	-0.00653125666675994	0.506477805866085	-1.08246272567222	1.0989116534332
gulf1241	-0.0534639592212473	0.522749768956621	-1.22937973249203	0.997419417142779
guma1254	-2.50956058660916e-07	0.495384311746913	-1.10695082196535	1.02863377708752
gunw1252	-0.0108715924438952	0.534733826369758	-1.17315905298428	1.11028163388145
guny1241	-0.00645388430258871	0.503877887340488	-1.08073825252142	1.06383252641513
gura1251	-0.0978761473843108	0.501756098194773	-1.38837818217224	0.814515910247753
guro1248	0.0931254899355895	0.495605296516257	-0.850642785862854	1.28762723206336
guru1261	-0.0446020578695073	0.507392569981672	-1.18919119744494	1.00552484200921
guru1271	0.177343251228256	0.459935956806776	-0.565733155671093	1.38319033178219
gusi1247	0.0435167090937822	0.496551953400045	-0.945747217940027	1.23783302257021
gwen1239	0.0202289736539676	0.503712939963206	-1.09595888652763	1.16074968758901
gyel1242	-0.00773673490630924	0.501532424988893	-1.15559883493209	1.06865892903294
haaa1252	-0.0018679509396628	0.500683760534483	-1.07596586549248	1.08155276885031
hadi1240	0.169587807526688	0.490386886217122	-0.606126114263948	1.46073019457753
haka1240	-0.00710626175967944	0.509610762550621	-1.15256423113332	1.08420271650747
halh1238	-0.00569490216092933	0.527959037331199	-1.19868514718774	1.18465987319779
hali1244	-0.00762240613217111	0.543827433035523	-1.16553963948929	1.1807247590149
halk1245	-0.0123261565641715	0.531575994165362	-1.18513568757406	1.11810946134341
hani1248	-0.014938587281231	0.523031651386776	-1.16048793202936	1.09869628983614
hano1246	-0.0173102303537645	0.517481041367489	-1.20518769753298	1.06577329205805
hass1238	-0.11109029473068	0.519696228086207	-1.4270794627782	0.801009477286178
hawa1245	0.00144976295328214	0.514657432016607	-1.09483831839821	1.10895169484254
hebr1245	0.00435691646506722	0.52491821456804	-1.10637878152958	1.14783104883616
hehe1240	0.0125416460287189	0.521691202903701	-1.14180683337145	1.16276124943961
hela1238	-0.0344593259722474	0.51288167530263	-1.22469370949507	1.03948199735022
here1253	-0.00294374974101689	0.528718912191046	-1.13980348134142	1.12178895874034
high1278	0.010105365032672	0.517408632596241	-1.10439228873077	1.14370394465797
hili1240	-0.00766735544126928	0.512955046411716	-1.14747291895981	1.07873010785413
hinu1240	0.22162899710545	0.561570910214237	-0.584884360700449	1.70910883411945
hlai1239	-0.0148171042943963	0.507678901190567	-1.15049875961684	1.10615974119111
hler1235	-0.013020823283088	0.537295891151803	-1.18935975274666	1.134095533688
hoav1238	-0.0129645840613027	0.534937398459867	-1.21101939557959	1.17446207294578
honi1244	-0.0146847757330338	0.526281238405212	-1.17225196670528	1.14552157403765
hooo1248	-0.0150484184879994	0.515326045414513	-1.1438890773086	1.06277354435691
hopi1249	0.212587700403767	0.602972094206331	-0.669919145102945	1.78596236240831
horp1239	-0.00574741882683521	0.523586812974953	-1.14335548639561	1.15710579076803
hual1241	-0.0222021690848121	0.514777283722118	-1.12047626000265	1.04311703314568
huar1255	-0.0776512587139283	0.526458560869951	-1.31342786521376	0.923231915479756
huas1242	-0.0190151530066967	0.531213660522703	-1.23312515330224	1.0639571084339
huba1236	0.0688007104543453	0.436061804373774	-0.743079709944608	1.13996317014148
huic1243	-0.0397937408996954	0.5094584040877	-1.26082998929383	1.00607776304028
hula1244	-0.0511206372548834	0.522899285307066	-1.28886247111013	0.958768218947821
huli1244	-0.0366107048411033	0.487913821386129	-1.13949287804592	0.971435313864764
humb1243	0.0259386675885593	0.50144816818116	-1.04907064863318	1.1906197024182
hung1274	0.032260947167143	0.522875235637248	-1.06382500888124	1.19417589108682
hung1275	-0.00943657355373721	0.523095651480605	-1.17466106180514	1.1260312499949
huuu1240	-0.0236019233606315	0.519193734840284	-1.18717528571632	1.06703666051197
iaai1238	0.00468994488295167	0.517064038618556	-1.0801701716154	1.1430006940423
ibal1244	-0.0186886089739397	0.506808783740265	-1.12928921722462	1.04637123659722
iban1264	-0.0102927876909158	0.513713075584242	-1.14254101481833	1.07065310731958
iban1267	-0.0241583647031916	0.515876895476515	-1.1427203932058	1.04459971177443
icel1247	-0.0319728077103714	0.509942392464371	-1.1950828507947	1.01278299560559
idaa1241	-0.00541561016433461	0.512791978181452	-1.14004441906526	1.10346725037612
idun1242	-0.000684821448063109	0.487643246793311	-1.11635135171371	1.02202293476193
igna1246	-0.023446954164374	0.497492907113263	-1.15245637993715	1.05669916786031
ilaa1246	-0.014583757284398	0.519114783403592	-1.20299627432232	1.09485192194574
ilok1237	-0.0169482391067261	0.497633484379309	-1.10093905807926	1.06182395629162
ilon1239	-0.0213625779027488	0.50889805914489	-1.16421777138111	1.07739810104132
imba1240	-0.0171649060902484	0.508187164922739	-1.18123648043434	1.02828799174333
indo1316	-0.00192679611138264	0.510269139240627	-1.12950001874571	1.10596256562774
ingr1248	-0.00455081435656391	0.512883740775914	-1.12624170976363	1.08668045714438
ingu1240	0.263350595895345	0.605373332691601	-0.538937623055797	1.88976619178332
iran1262	-0.00710290566781498	0.502297904071344	-1.15297148959546	1.08124666536784
iraq1241	0.224698424826536	0.541483386802494	-0.533201177257478	1.71704800153948
irar1238	-0.0120847513132453	0.51803536627284	-1.21862747801753	1.10542528056995
iray1237	-0.0076829196248005	0.52561054956615	-1.19200623968532	1.11576541107945
iris1253	-0.02495972918483	0.542421757214905	-1.27796358996738	1.0958294432929
irul1243	-0.0123485000115714	0.50865104359145	-1.13243321222663	1.04730950791584
isco1239	-0.0388108870151234	0.529222200256143	-1.24623728046333	1.07550506437234
isin1239	-0.0219708265184567	0.502728965825014	-1.18803411281495	1.04264357581515
isna1241	-0.0144820950288152	0.509055273717782	-1.14469565950796	1.06914341097041
isth1241	-0.0143816074032195	0.508265467680112	-1.14946913736834	1.07049079636986
isth1242	-0.0162238699323746	0.509092473672363	-1.17430987451498	1.09200403630476
ital1282	-0.0623099672185755	0.525667319482248	-1.30974646516616	0.96757717274701
itza1241	-0.0214900828633999	0.521769501434459	-1.21870562895961	1.06537722919035
ivat1242	-0.00962274324008778	0.503573077988802	-1.10944680967498	1.07292124992601
iyoo1238	0.0989265871966631	0.509132336659656	-0.843475569502102	1.33695541812774
jalk1242	0.0867745396569962	0.484952254040648	-0.883694846110991	1.25507587352975
jamb1236	-0.00341252089422137	0.518143960495309	-1.17296904223003	1.14444383947997
jara1266	-0.00907341445263649	0.515942692705865	-1.15651739944103	1.10627638577681
java1254	-0.00399196322994731	0.496960560189183	-1.08586883845652	1.07058470459247
jeha1242	0.00387522491899229	0.514925398503642	-1.10064028137316	1.14690895507128
jenn1240	-0.0213648541966332	0.520717239774606	-1.17107011230865	1.06789211597487
jeru1240	-0.050275824975374	0.508301868697437	-1.2303325183997	0.963101203524498
jina1244	0.0517238960129663	0.446642563762089	-0.806479874349049	1.0947972918463
juan1238	-0.0314856916623836	0.52193426911341	-1.19488479150758	1.03833005668952
jurm1239	-0.0271448847911715	0.492789774727951	-1.13727918764292	0.965217395092048
kaba1281	-0.110852362847138	0.520934022174865	-1.42370538672424	0.866453382378848
kach1280	-0.00586499611140405	0.506513839008356	-1.12646913475783	1.11349821429321
kach1284	0.0685176012499701	0.4658820603372	-0.839385865792256	1.15547186135656
kada1242	-0.0237763483614548	0.520094923198947	-1.17293487064303	1.05233503254971
kado1242	-0.0153773638402775	0.523637883021661	-1.23357974994832	1.10640569239561
kaga1256	-0.00715240878180452	0.523280323216165	-1.17075350908652	1.13342463517842
kagu1239	0.046251430138006	0.513605596461523	-1.03726968320851	1.24648657573123
kaik1246	-0.0283075208754549	0.543618140938555	-1.2770364556839	1.11867502181933
kala1377	-0.014309771048531	0.499483265512733	-1.12284844097542	1.07985478520181
kala1384	-0.0168166756808445	0.512129335487903	-1.11378388910363	1.10317195031808
kala1388	-0.0147384267328707	0.498836443814961	-1.12477656568754	1.02414309417719
kali1308	-0.0333874191758769	0.52267362287007	-1.23431966993641	1.06326896050231
kama1367	-0.0442154396891685	0.509159675857216	-1.22943040777428	1.02698348457791
kamb1297	-0.0655735321016638	0.513784523400471	-1.29067852200585	0.976883479605727
kamb1299	-0.0104312956331967	0.516206907877257	-1.15692339819777	1.10477435193366
kamb1316	0.153503476555323	0.4763430781208	-0.615024728502869	1.39390852310492
kamm1249	0.177561928598743	0.526792830506211	-0.687351824215939	1.55462136144198
kamo1255	-0.0158551109507822	0.519194200286803	-1.17057412263644	1.06677665223484
kani1286	0.1831813798631	0.580701800079565	-0.679009728937865	1.72590634321755
kank1243	-0.0220807925975621	0.505174663456411	-1.12009489725492	1.03256662145121
kaqc1270	-0.017011372865045	0.528793183441797	-1.230191023647	1.10054434671111
kara1482	-0.0481890146914909	0.488542358675484	-1.1626027228979	0.936852490638545
kara1487	-0.0211033796746711	0.497723173400477	-1.11439615961518	1.01379202265616
kare1335	-0.00060449627615956	0.526923303674543	-1.13836412113807	1.14539602573894
kare1338	-0.0506724796378314	0.514785705822059	-1.26315294835006	0.998019395256887
kash1277	-0.0433176598159125	0.517826327020147	-1.23541485381152	0.980120203149034
katb1237	-0.0174043955503752	0.512503418372827	-1.14578191723901	1.07022703122912
kats1235	-0.00827980420628895	0.543700254152757	-1.18956390088664	1.1568104701793
kava1241	-0.0116696849179254	0.526879015723599	-1.21505584310732	1.12195969221245
kaya1315	-0.00706690929589108	0.528488515326966	-1.13680162124566	1.11352136921777
keap1239	0.0458074432801328	0.510366436055055	-1.01234072381653	1.23679475073774
kemb1249	-0.00892425834755712	0.542934695048914	-1.21772086371313	1.16560253581465
kens1248	0.00309795742193967	0.517626222058796	-1.10647338398651	1.1539095905635
keoo1238	-0.0123306971795477	0.535392626288343	-1.19986579280644	1.12791436732828
kera1248	-0.0396619829002451	0.536790585167559	-1.28691241349535	1.04546188841098
kera1255	-0.0407245643992304	0.446439545118769	-1.03855635501024	0.935164094563195
keri1250	-0.0077841249180975	0.531005916153597	-1.17126805861044	1.14687104731299
kesa1244	0.0815444093594893	0.5259374578783	-0.892653634649746	1.3684839136191
kgal1244	-0.0083945886740887	0.518158282116032	-1.18148701116765	1.11221138596703
khal1275	-0.0248802854674139	0.52159298307966	-1.1819440801824	1.08004564374356
kham1282	0.00407565853766068	0.525156997069521	-1.12699226454715	1.17681754178891
khan1274	-0.0129904520484696	0.532715442522461	-1.19180910527311	1.11831733302062
khan1277	-0.0222494445379602	0.523143098611383	-1.22616621491685	1.06138943205669
khan1278	0.153902994665637	0.53914290649921	-0.734343646751339	1.52571697109619
khar1287	-0.0211081433459921	0.525383719861815	-1.19747339072884	1.11491100753421
khar1288	-0.0205444198224156	0.49619468700595	-1.11740513232575	1.00836576839383
khas1269	-0.0218444654198746	0.514904628775313	-1.18801428907659	1.02981758208509
khmu1256	-0.0137824163630207	0.523713427634235	-1.20461481441009	1.12524595158123
khva1239	0.205591106342432	0.547728583606957	-0.609067470980488	1.59611934098865
kich1262	-0.0189048867672252	0.535492958884494	-1.25887315492081	1.12454349762611
kile1243	-0.000406774609284002	0.494928194372329	-1.09189120600107	1.11752234708336
kili1267	0.00216135657185803	0.511293084326565	-1.11092292954752	1.11573421800731
kima1244	-0.00438807294341351	0.513056187534798	-1.10440774100379	1.12869266400001
kimm1245	-0.0185370494489005	0.51465385712612	-1.14152860020758	1.05676880098718
kina1250	-0.0100243580544256	0.530500628805203	-1.19039240261839	1.08508349859386
kobo1249	-0.0388449033457684	0.511961212371295	-1.2198962315899	1.0290417696228
koda1255	-0.00832785517247044	0.519083707834709	-1.15455737466865	1.07151711607649
koka1244	-0.00706918932434412	0.529917862136574	-1.18523490374288	1.11988097432674
koko1269	-0.0203870700608783	0.489530908131047	-1.13766475330282	1.04125734470484
kolb1240	0.111227419836468	0.52329250440232	-0.845115432938181	1.41706846820149
kolc1235	-0.01182716748328	0.498256468607688	-1.08781805445029	1.07759360085284
kolu1245	-0.00173470255813993	0.48919206498328	-1.12849360839638	1.04094548809986
komb1274	-0.0547397518670975	0.505462628697058	-1.20999311278936	0.982105796590983
komi1268	-0.0107551747261979	0.500022785515218	-1.1056126970667	1.03739722824513
komi1269	0.00527696005101263	0.535326279089807	-1.13504502775165	1.18693038970204
komi1270	-0.0207306217001378	0.522887009717211	-1.19141458449525	1.07744631239767
komo1260	0.00903018350794341	0.517273418074868	-1.08587463861388	1.17676885243302
konk1267	-0.0462609800325773	0.494514758553917	-1.2339264213515	0.954790277396054
kons1243	0.0748725816324188	0.471007276472175	-0.861734518050702	1.23032631171454
konz1239	0.0582572070636265	0.503136347725169	-0.92526681840417	1.27658949269698
koon1244	-0.0142292144811916	0.509836747557665	-1.22205210604331	1.09586482738642
koon1245	-0.0224989783604418	0.511610850941383	-1.16729123360405	1.04700930305312
koor1239	0.0650785168072381	0.476091384699353	-0.899174438530297	1.19109421482996
kora1294	0.0249776238482334	0.491343496805223	-1.02155426278063	1.15221680950758
kork1243	-0.0121288986390338	0.510330849432459	-1.10109993274843	1.08644179376287
koro1298	0.076657895884646	0.501576427290623	-0.870810130859537	1.29362487468901
koro1312	-0.054847244874303	0.505641801878742	-1.19022575209765	0.944978481698184
korr1238	-0.00472517657850012	0.535273529789127	-1.21313554292359	1.10926014400381
kosa1249	-0.0408222201521307	0.510561111679538	-1.19102656560771	1.02312627057403
kosr1238	-0.00797925645650013	0.516495627592451	-1.15133931424205	1.11713823088284
kota1263	-0.0208008213931981	0.512214659862823	-1.16734609732745	1.04864571513609
koti1238	-0.00965309388755902	0.50700167225737	-1.14227278767814	1.09156554807604
kove1237	0.00298040371350459	0.503755493437163	-1.13249627154613	1.08703050928285
koya1251	-0.0151747194064132	0.528279683710976	-1.1616526623662	1.14331008304487
koyr1240	0.00208824596177411	0.501638337678791	-1.09953370234099	1.08870469877691
koyr1242	-0.0232187267990414	0.505179899248917	-1.21866785828722	1.0238822799597
koys1242	-0.0938236812142114	0.494567622043658	-1.33584864791553	0.797424507434695
kryt1240	-0.0800719167450779	0.505111708521529	-1.31412177660451	0.867542115137034
kuan1247	-0.00760708714217677	0.517484487778962	-1.1508247153328	1.06544005682123
kuan1248	-0.0188895350508994	0.538139420243972	-1.1994313435545	1.09620559226062
kuku1273	-0.00917097791478643	0.52835893988991	-1.17867774780315	1.10126531126414
kuku1280	0.000339061198405258	0.499336810139064	-1.08236135192998	1.11276312064324
kulu1253	-0.0276717944857106	0.520865715005718	-1.24181020866282	1.07225612080737
kuma1276	-0.00265540125418056	0.524260759933392	-1.16619524041008	1.14262690854659
kuma1280	0.0698442046268469	0.531148754937032	-0.940717176990104	1.31751141082543
kumz1235	-0.036233075396747	0.501619063040386	-1.21375933054496	0.97971588080643
kunb1251	-0.0125889349871487	0.52684183065563	-1.18885665637606	1.10881485721614
kunj1245	-0.00246497373256833	0.547929099820761	-1.20739256178727	1.14353549583787
kurt1248	-0.00893259213440365	0.519144490516045	-1.20562264018441	1.12190135446114
kusa1251	-0.0119367660983654	0.536182946170343	-1.21770771545713	1.17578040035065
kute1248	0.0767784213596219	0.501309684307488	-0.916029167750575	1.28227560636019
kuyy1240	-0.00786410770637188	0.520830182161	-1.13939707082516	1.1368956048453
kwai1243	-0.0213258477602081	0.508183855442533	-1.18293370494993	1.0293817986897
kwam1252	0.106920163953224	0.532115955127334	-0.837648687442719	1.40969758399467
kwom1262	0.00917277071611809	0.489512131665745	-1.07975274069216	1.11408329725365
kyer1238	-0.0248010116332097	0.515982806823734	-1.20721657205753	1.03413119015287
lach1248	-0.0192235548264939	0.516141436135087	-1.13463833407111	1.05201415978777
lagw1237	0.0740302372250839	0.455232023102421	-0.782718261528601	1.16345038011663
lahu1252	-0.0281521442033435	0.538694121999687	-1.28514759313436	1.10651832759515
lahu1253	-0.0180406648784849	0.517800164881506	-1.24041245359981	1.0975945043946
lala1264	-0.0092177725469264	0.503368358805259	-1.10944377480672	1.10268455873838
lala1268	0.158993483884472	0.552888553273812	-0.73019914609114	1.62894609627449
lama1277	-0.0141063886521733	0.531147725241572	-1.15659376908068	1.13026176768538
lama1288	-0.0581140107466653	0.392512103022781	-0.95866474136911	0.73415351969132
lamk1238	-0.0161328508717177	0.502944579220792	-1.14565680225975	1.03722879199792
lamo1244	0.0148521721143023	0.511901401782422	-1.12287934554484	1.19568049592113
lang1320	0.234927798358724	0.528232208401102	-0.533711554640482	1.62845776253395
laoo1244	-0.0115208474458453	0.540348277920359	-1.21978103887143	1.13459600769266
lash1243	-0.0162057734223662	0.515857012348092	-1.15657358904414	1.09963268340679
lauu1247	-0.0197537741997523	0.511423238156784	-1.15582950906643	1.05173780560458
lave1248	-0.0113100420024043	0.539317753808948	-1.17052133248015	1.17847192311283
lele1276	-0.155369522463104	0.502789325861552	-1.45088994481414	0.709436202176282
lemb1266	-0.0489486396109532	0.515437906904656	-1.24524881744647	1.02143228244242
leme1238	-0.0206220704782475	0.521122135826954	-1.19774380042365	1.09416893528355
lena1238	0.126701392052717	0.543692738840743	-0.81731725045136	1.46948127260344
lend1245	0.0786858460004886	0.482927488704949	-0.856937701342316	1.24090041936336
leng1259	-0.0204483035263347	0.536517415129264	-1.25441625820079	1.08853683256085
lepc1244	-0.0158809015928904	0.500985677289505	-1.16137534658531	1.0526671353793
lewo1244	-0.0155202741253642	0.525155639176312	-1.14928551916406	1.12604969154986
lezg1247	-0.068943670470777	0.51900863788957	-1.31953098876469	0.938867610676532
liby1240	-0.11384469117115	0.504100965462336	-1.40014157215048	0.771516510496774
lihi1237	-0.0127206583130796	0.513125285807668	-1.17623097963085	1.1124929401969
liji1238	0.114159609047524	0.515820479103794	-0.828027736419838	1.4251442792546
lika1243	0.0734554270760532	0.505799114995414	-0.886313011023105	1.29108135531868
lill1248	-0.0190996633269994	0.512527956212824	-1.16946361803194	1.06149802981636
limb1266	-0.0220758672013598	0.517760211216042	-1.17400049389291	1.0905725835919
lipo1242	-0.013418434034089	0.531858574225548	-1.20381249303963	1.11614875998694
lish1245	-0.104719120535942	0.511742001250373	-1.45393716976115	0.794092849302556
lisu1250	-0.0169796961176353	0.517543495612627	-1.17483992838816	1.08818947289202
litz1237	-0.0228564535934282	0.507233869033856	-1.13920504223433	1.04010822605757
livv1243	-0.0109843357810347	0.515199101871298	-1.16530725532394	1.11206290961849
logo1259	0.0718522175078732	0.500815514709868	-0.927763143996125	1.27246716736816
loka1252	0.074854797263398	0.514102047692759	-0.934553941932765	1.27157108200607
lolo1259	-0.0129582476289528	0.532000328252236	-1.21865240323146	1.12885188927205
loma1260	0.0519677372280632	0.507344856757632	-0.993780191973005	1.26756985603134
lomb1257	0.161061359579836	0.539888999991495	-0.696628208694082	1.57308244461323
lote1237	-0.0108113150313144	0.505709716303164	-1.15413159337907	1.09637548142787
loth1237	-0.0206324997841558	0.514664704219506	-1.16670978158446	1.05913494710734
lotu1250	-0.00690938015706874	0.505543383898296	-1.06771659382304	1.1228247510001
louu1245	-0.00872269936630888	0.511460945831577	-1.14797631224583	1.09556505991389
lowe1412	-0.0262602694988308	0.507368612067806	-1.16004049252654	1.05422123941053
lowl1265	-0.0881456074684764	0.507266973666958	-1.36409966964921	0.873896354910795
lozi1239	-0.0130738398306128	0.527352118603576	-1.20519096733119	1.13440979552065
luan1263	-0.00587377523682888	0.518388197009592	-1.12273491725919	1.08851840316966
lubu1243	-0.021457333768071	0.507539985329068	-1.15338333015621	1.03027565494734
luch1239	-0.0125776930682744	0.509147266119132	-1.14797237643562	1.06507063259615
ludi1246	-0.0055568789403589	0.511703801900732	-1.15338813589608	1.0818579753124
lugu1238	0.0136475346404672	0.506082555915688	-1.09900196524196	1.13332676153844
lule1254	-0.0108464085039876	0.536965686344823	-1.23278696501152	1.10448859522913
lumb1249	-0.0100201914412613	0.519909242274264	-1.16000621658659	1.08702101440084
lund1266	-0.00803603566702655	0.506993119118457	-1.16068344929827	1.08680250130534
luok1236	0.0658655654807003	0.488554682406192	-0.878406987343437	1.26918900686331
lush1249	-0.00595883687223738	0.519199085408274	-1.15468197594971	1.11774580389948
lush1252	-0.00601450195968828	0.533775712879116	-1.16826896755434	1.13877147731894
lusi1240	0.0106827022160799	0.524355597613301	-1.1471568597242	1.1991468111156
luya1241	-0.0128707882517275	0.499735160918937	-1.12082560637453	1.0395640051934
maan1238	0.00273893306696801	0.530986167323048	-1.13419966787796	1.15759524672714
maas1239	0.116521019560316	0.520767249409739	-0.837763893446649	1.42937404049586
maba1270	-0.0328092530441389	0.528252317868606	-1.2074441455668	1.08723793423868
mace1250	0.178705306181475	0.549329335672432	-0.680997230437604	1.59641039544683
mach1267	-0.0185258485379955	0.513824170948667	-1.16409099884159	1.06678438282325
mada1285	-0.0154211648481805	0.509591638227747	-1.16119559730814	1.1018554728227
maee1241	-0.0266586460748376	0.499731727697447	-1.15475147389763	0.991260454449843
magd1235	0.0458445031981925	0.506023173658611	-0.996622588066936	1.18015342855226
mais1250	0.0501804529969887	0.50644312760249	-1.00600536924314	1.26267801930071
mait1250	-0.0627815760005468	0.504305625809577	-1.28253327795266	0.948637900987303
maka1304	-0.00349629072957063	0.507182573838153	-1.08705902922006	1.11773730274142
maka1311	-0.00370383979326777	0.523830067100843	-1.10514693359209	1.11904066307026
makc1235	-0.0182430848739823	0.523119518526609	-1.16081675015217	1.09385534154331
makh1264	-0.0169659058484251	0.544305030994764	-1.18633999587635	1.12809937408338
mako1251	-0.00767245218003737	0.540029750093076	-1.19810511032201	1.16177445417387
mala1463	-0.017287284717498	0.50207224338781	-1.13886140724733	1.07097670675403
mala1464	-0.0147232483794758	0.509962890312683	-1.11712271389698	1.08518757635695
mala1479	-0.00238671905403921	0.529585822013078	-1.09889823840508	1.15679416984567
mala1522	-0.0178707394361673	0.51692867308351	-1.16207835783858	1.09186441351521
male1284	0.0368914320647412	0.459502058856321	-0.954071668999445	1.06403790717989
male1289	0.0425402507000089	0.521381478071925	-1.03999816332209	1.25217661209005
male1297	0.0222018973278795	0.517539140302431	-1.02875211908035	1.19949725413892
mali1285	0.0101001690359997	0.487447652583239	-1.05902903966935	1.08974650853098
malo1243	-0.0289309220395352	0.495444956396036	-1.15734680956332	1.00867776814208
malt1254	-0.0625288020574006	0.497376238510682	-1.20247225984812	0.885918063660318
malu1245	-0.0267031455864858	0.496352808753337	-1.14981772568128	1.00632548852396
mama1275	-0.0143066236300836	0.518346176633927	-1.14547673997091	1.11216445907629
mamb1294	-0.0557646133251976	0.447347143851793	-1.08264503964085	0.860604782432128
mamb1296	-0.0115268663704004	0.497344396297246	-1.14230604336159	1.09788003437821
mamv1243	0.188329014019127	0.572910322043737	-0.728033580632371	1.7291995622059
mana1288	-0.0292287063999834	0.527367324339398	-1.20346420426267	1.06508766335627
mana1295	-0.0535613361305387	0.528077465017596	-1.30854961353837	1.0198306871506
mand1415	0.00601188965342491	0.539353226815209	-1.16231031990579	1.18529830293012
mand1436	-0.0449707304908562	0.527510411108924	-1.25387178203285	1.02367250710299
mand1440	-0.0108977770832563	0.50725778292816	-1.13153961863629	1.09950429610846
mang1378	-0.0174149382174855	0.529416230579492	-1.23234249002066	1.08186361403518
mang1401	-7.48560760494527e-05	0.524346587223512	-1.18995304678928	1.14136081582188
mang1403	-0.0113762529985236	0.502451738524093	-1.11922741832114	1.06293468929145
mang1405	-0.0121378325948622	0.518343684240569	-1.16860011805622	1.07714195682603
manm1238	-0.0236740847885376	0.517364622729618	-1.17949708603653	1.05954564356988
mann1248	0.188840149940022	0.571333710688554	-0.698536585085058	1.69681390371929
mans1262	-0.00943264159787814	0.528942225112405	-1.18963812654386	1.13227901269285
manu1258	-0.00601879459386589	0.535155737058619	-1.19223118902232	1.17833102489592
maon1241	-0.0167484006324212	0.50592699540805	-1.1568098710195	1.0554130542671
maor1246	-0.0129146990439808	0.528274170292855	-1.17603698264436	1.1484593515931
mapo1242	0.265894110300369	0.600441247487654	-0.560329591316048	1.90391588879134
mara1378	-0.0399225300120577	0.502695719408652	-1.16514585005712	0.937533288183017
mara1379	-0.0208712592254269	0.50723443915096	-1.18032920650664	1.02573824897588
mara1399	-0.0250844264687891	0.50284202395498	-1.14757849903974	1.02884642333296
mara1404	-0.00786916116118242	0.511871185418784	-1.1212422291493	1.0781080155315
marg1265	0.0531434705460631	0.431101387080089	-0.773662906010222	1.07653910723491
mari1414	-0.00338962544092148	0.536800371698623	-1.15433038703173	1.15672051477186
mari1416	-0.0165454022046168	0.503978766970909	-1.16228246247564	1.0272569989701
mari1426	-0.0174686949446867	0.517691240178758	-1.18956774697595	1.11916122423894
mari1428	0.0181880760349895	0.499504877107546	-1.03378421480265	1.16885833312609
mars1254	0.00162310217131787	0.538724978667359	-1.11720905734198	1.18424248871905
mart1255	0.00961691831569913	0.518118654666996	-1.09905350722732	1.11994675042496
maru1249	-0.015322756832315	0.537652155645877	-1.2217374387498	1.1258202803709
masa1322	-0.0280030714664265	0.443194106276685	-0.972623906187205	0.950117006330111
masb1238	-0.00499055397151775	0.510495288857538	-1.1240763614953	1.0454728730395
mati1250	-0.0176865403855741	0.507339448634005	-1.15537305022071	1.01024337833245
mats1244	-0.0141680174720644	0.517179329655291	-1.19120036250849	1.12299930467129
mauw1238	-0.0509469343670866	0.526620549915323	-1.30601444806135	0.965356156990416
mayo1261	0.0889095180053659	0.495562573513651	-0.849204357582478	1.32182719473348
maza1304	-0.0514826795586738	0.395053031353009	-0.932878036852742	0.735191150516913
mban1263	-0.071539039858656	0.500505063651367	-1.26804223817972	0.886018311344859
mbar1260	-0.0182598922180928	0.441638950689629	-1.00549145900262	0.952880296689242
mbay1241	-0.14787469159299	0.507766260620195	-1.441007658262	0.722873013708811
mboc1235	-0.0045157140869321	0.500957333696368	-1.12947308711733	1.06661822759369
mbug1242	0.17119281079686	0.516328171637134	-0.671539056428921	1.49779251523788
mbya1239	-0.00549401680615921	0.529033432280007	-1.19855140689537	1.1387818665145
mehe1243	0.0542336012073987	0.497517091487397	-0.959222179684037	1.24762439460564
meke1243	0.229374471707591	0.601237083550817	-0.627407889826351	1.86563837579775
melo1242	0.05025490168867	0.479715559389537	-0.904471880363846	1.18171130902696
melp1238	-0.00576983081015225	0.507189701403913	-1.10266779911793	1.07687442578305
mend1268	0.0466864773941957	0.498425225547543	-0.971992786232097	1.21660925230981
meng1267	-0.0163233415721947	0.500439849263799	-1.11764444851255	1.06521436998008
mera1242	-0.0181853298943979	0.512957812592199	-1.17091022615582	1.07412792896144
mere1242	-0.0270196007950232	0.510164750274826	-1.16927482287556	1.04533030023328
meru1245	-0.114661719828023	0.518432751756351	-1.39103175907639	0.831051878942295
meta1238	0.0198384291464523	0.484408642706038	-1.02127873249259	1.12899669906941
mezo1235	0.134102950205044	0.534312025253353	-0.788562806139235	1.50045109395804
mezq1235	-0.00808276680833727	0.532356542094258	-1.17420722509852	1.13172470532195
mian1256	-0.0426268306874872	0.500171010644618	-1.20481758292849	0.984778110839966
mich1245	-0.029712779161029	0.515400869756014	-1.23263532943959	1.0338563021291
midd1327	0.242378516644675	0.569763994712877	-0.554962508775641	1.76794036912996
midd1357	0.00550704594232573	0.503322882757274	-1.10540894426775	1.14461169307552
mids1243	-0.0456005735635629	0.520419663426254	-1.29153095120146	1.01911809402987
miga1249	-0.14090655603654	0.527843967661051	-1.53909895475997	0.737052424824601
miju1243	-0.0128092372490324	0.51301173871043	-1.13865668500379	1.06872217691916
mika1239	-0.029176476985437	0.511697514783489	-1.18686749476763	1.02611473963432
mikm1235	-0.00423994336144974	0.527017382271291	-1.14671905071302	1.15259836907809
mila1245	-0.0124699680947757	0.528827599408096	-1.13034478310609	1.09839260442628
mina1268	-0.00545307709308014	0.516763464315156	-1.14711762005912	1.13235311781982
mina1276	-0.0894595426269673	0.400425320269788	-1.05506176500207	0.676509821061702
mini1251	-0.018988422392573	0.532639531914718	-1.21604498687267	1.08640349694165
minn1241	-0.0133443177529156	0.526857184452371	-1.25436946127341	1.11072866063249
misi1243	-0.00755375446033135	0.519163695797496	-1.15382221079378	1.11531585061586
mixt1426	-0.0515010634861433	0.511821434340336	-1.25559487266385	0.986644223615781
miya1259	-0.0129340936887244	0.522710792812146	-1.20848578145183	1.11653053481756
miya1266	0.259810804066847	0.552414068471251	-0.537401671881303	1.68042005211327
mlab1235	-0.00826118098126501	0.557513770238269	-1.17964101723544	1.11514422305451
moba1244	0.0850498893245082	0.51580781746867	-0.885620345426443	1.33879028897836
moch1257	-0.0311607416922647	0.520720919633813	-1.22221360775042	1.08464893077193
mode1248	-0.0301182711081933	0.490104610045715	-1.16702226191698	1.00713114065651
mokp1239	-0.00320359581829498	0.509842814845987	-1.09588463109319	1.14069668493963
moks1248	-0.00915007123464669	0.545377499436047	-1.1792056023056	1.14392493119731
mono1270	-0.0801202501614503	0.509427533349983	-1.31333092740024	0.892424900044116
mont1268	-0.00745007602489827	0.505307121475129	-1.14367536409396	1.03566267074155
mopa1243	-0.0205308729951306	0.519076088754768	-1.21663661906697	1.07537436320039
more1259	0.0202073333657539	0.501181629171325	-1.06278890060381	1.20280840860157
mori1268	-0.00577628291662236	0.507564897000335	-1.15018069114678	1.09871505208378
morm1235	-0.0194208301310217	0.518713784762082	-1.22214609696684	1.09284988805171
mort1237	0.272833071062749	0.684028843149839	-0.597739386940714	2.13204837956632
mota1237	-0.0191647941833696	0.528862187187629	-1.17502438215719	1.11069404268086
motl1237	-0.0193301189348135	0.5239938324555	-1.18903207507018	1.13156213886392
mouk1239	0.0134541562654222	0.521376493269914	-1.16703792449205	1.19349196602756
moyo1238	-0.0189768805218872	0.503153078127687	-1.14939049456458	1.07156460702379
mpot1240	-0.0200804330320304	0.524791888155778	-1.17033365959887	1.03299531800944
mudu1239	-0.0227605438745362	0.519191745870354	-1.21022128793973	1.0707887385446
mudu1242	-0.00762062753816566	0.517275616825743	-1.15240666302064	1.11060229536018
muna1247	-0.0059258962552904	0.526764761652245	-1.1662594332637	1.10222518463337
munc1235	-0.00470764329374204	0.514574884533159	-1.15803837887632	1.07219616978187
mund1320	-0.0205435881628795	0.523752733892167	-1.19772435410058	1.0705664577612
mund1325	-0.08433890813662	0.457936405589764	-1.16592234180302	0.804941888352522
mund1328	0.079233362361993	0.498953720985645	-0.858447681648514	1.34188103674228
musa1266	0.00645127166031978	0.511880982972892	-1.09693623907226	1.09926162513
muso1238	0.247769249563858	0.5842773211486	-0.5642178596894	1.78343928194256
muth1236	-0.0167903886544136	0.495470399207811	-1.13979316056069	1.00085819413339
mwag1236	0.148556539272088	0.468990727207213	-0.649357844299279	1.33809292332953
mwan1247	-0.012462549242633	0.521830762996018	-1.16361251463592	1.11583824308312
mwan1250	0.141165833670108	0.513308283194499	-0.733414291444738	1.43383774828816
naba1256	0.227706943067192	0.568040681139148	-0.587139948927455	1.70984307696257
naka1262	-0.012397829837865	0.501003495250165	-1.09926763307025	1.10205984053165
nali1244	-0.0132085303290118	0.520033372062374	-1.1820325325689	1.08885439405429
namu1246	-0.0164791517097667	0.514672598137353	-1.13920870293297	1.0750684719715
nana1257	-0.00395220675591062	0.518477867911951	-1.15471902840147	1.17247048926819
nand1266	-0.117101386031812	0.515467136971747	-1.38844008780485	0.798928459340555
naru1238	-0.0114440192965311	0.537863521161464	-1.25502089545382	1.1270139441842
nati1244	-0.011278004418831	0.507012393198636	-1.09618298229545	1.07723325459617
naur1243	0.00167558135572508	0.531796337326627	-1.18138883003797	1.197654159236
nava1243	0.0907195081699576	0.526134679802522	-0.927745263837159	1.39574022786366
nawu1242	0.0887904179959445	0.535120216948546	-0.906498110709813	1.4015572477353
ncan1245	0.10923043269135	0.519107836711692	-0.822513509158538	1.40607343626045
ndam1239	-0.00380895804834115	0.520468582459345	-1.18436947727579	1.10502901603981
ndob1238	-0.0344344120630205	0.524252224361742	-1.25450556542349	1.01797700953227
ndog1248	0.144623872872919	0.536333225208124	-0.753245699919894	1.55513671778187
nege1240	-0.0022627609156155	0.534135206891145	-1.15190152487387	1.18950845688497
negi1245	-0.00184887527193087	0.516773092007218	-1.15392842804029	1.12322564317926
nene1249	0.00115315553768891	0.504767265239982	-1.09557856283824	1.08789661891827
nese1235	-0.0274704017335949	0.497732700269017	-1.14852900296034	0.993341842394054
newa1246	-0.0377848221930265	0.516115043316094	-1.25324876590692	1.04268156130585
ngal1292	-0.0115745146540148	0.532086543115168	-1.19157790511705	1.08718028240216
ngam1268	-0.146449641036611	0.509778130224801	-1.45724639045689	0.753460162563728
ngan1291	-0.00420698257626481	0.516656455182505	-1.13962252931721	1.14030276192546
ngan1295	-0.0133278069697501	0.525116047405651	-1.14206314344115	1.11150771078894
ngar1235	-0.0131804296818888	0.540754147934679	-1.1959195207723	1.13346690336285
ngas1240	0.103905938688838	0.448694469504973	-0.766220291501139	1.18914781451396
ngba1285	-0.0484708489278192	0.514049731244326	-1.25351346018024	0.995539059855831
ngge1241	-0.0404624334483479	0.512896781494672	-1.18996503163164	1.01325074243216
ngit1239	0.129611373254649	0.520346813280398	-0.776577639772038	1.45844009680071
nhen1239	0.162992705946736	0.562584267287558	-0.768770874751622	1.60932175684904
nias1242	0.00531651277184373	0.534322561640551	-1.15805645388187	1.17740598304557
nige1253	0.0636082239078619	0.455839850884023	-0.848199436122643	1.16616784132738
nila1242	0.124262610523988	0.519675903413947	-0.775679641501877	1.4920669926154
niua1240	-0.00405023689305364	0.552095840307975	-1.19124668482712	1.21801293013756
njan1240	0.261871258033186	0.620215093200823	-0.582079650567367	1.94412637176618
noct1238	-0.0185336454479076	0.511965053721005	-1.19246068679615	1.0430023907783
noku1237	-0.02947881074176	0.526436135910121	-1.19891857429345	1.0265134943752
noma1263	-0.028784379119672	0.513401879360484	-1.16048876425691	1.04571331015666
noon1242	-0.0247831802546546	0.524984539415401	-1.23030349342198	1.07549465734894
noon1243	0.107536807408201	0.513356282338327	-0.808160701953649	1.42565166011744
nopa1235	-0.0330957680479694	0.486684535012034	-1.10863248674551	0.97775249116436
nort2671	-0.00868234659951984	0.510242739188002	-1.1163894487666	1.10241385874063
nort2684	-0.0103470386247692	0.520230823433863	-1.1348844985769	1.14239368381447
nort2690	-0.00866725057977184	0.53934606540186	-1.15869196167	1.13593257114487
nort2697	0.0289709778781461	0.525456964197251	-1.0943263523143	1.18910974306009
nort2702	-0.0128563438611337	0.541591675177839	-1.20792546990963	1.14276389418891
nort2722	-0.00312012208743321	0.523339676541484	-1.16644692333812	1.14856517436988
nort2723	-0.0156507381467228	0.502663543392052	-1.12267991655729	1.06106950447027
nort2732	0.0014329876875641	0.515990861712884	-1.11668774391865	1.12620893241541
nort2747	-0.0192553209240591	0.516995456397207	-1.20818585953418	1.06593093819637
nort2774	-0.0360980225911697	0.521701868780395	-1.27831905561387	1.04832139306833
nort2775	-0.0275695904296998	0.514741670869539	-1.17810915694814	1.0509986230844
nort2795	-0.020109566621423	0.541340148445949	-1.21552386138142	1.11436921568862
nort2839	-0.00524449315920872	0.511456601152595	-1.14495406942158	1.07413018980814
nort2845	0.000877707368210827	0.51858139384258	-1.12997225982794	1.10463223965024
nort2885	-0.00628529124100538	0.519777963999211	-1.14208844580027	1.1035517552156
nort2942	-0.00936679251401964	0.523329244468924	-1.17646927635139	1.10270400172751
nort2954	-0.0243432594159049	0.493166671219736	-1.13159926649066	0.995141986225826
nort2959	-0.0703778913255162	0.520036955447101	-1.29594820736503	0.890723656133294
nort2980	-0.0141110725805783	0.499952727437578	-1.13347226681532	1.08354767959646
nort3047	-0.110425011713003	0.417383403833605	-1.11630146225327	0.647474675851993
nort3139	-0.0417556349933824	0.489130241126298	-1.19708582594802	0.94098788291863
nots1237	-0.0153102176165389	0.517030372728946	-1.17660429002989	1.07171497234822
nsen1242	-0.00942321555244692	0.5179475735305	-1.17258602415965	1.12775887763195
nucl1235	-0.0325023563895291	0.504409868590197	-1.22228340716452	0.996592546810409
nucl1240	0.17199272427385	0.528042611722608	-0.72144366640977	1.54863113722689
nucl1301	-0.0016993048046069	0.514692112308781	-1.10573982727703	1.08493908406365
nucl1305	-0.00633351226649925	0.533514508546687	-1.14882111099851	1.16177886069212
nucl1310	-0.00902595923846516	0.510947397312793	-1.15004301259554	1.09901865538772
nucl1347	-0.0340921107555588	0.513900182820374	-1.22214988402886	1.00839180756891
nucl1417	0.157708120048852	0.531684325136561	-0.701159489570713	1.54285546733635
nucl1460	-0.00848310329357543	0.523767038511981	-1.14565337000533	1.09113377625692
nucl1643	0.000811479496700519	0.513015417600482	-1.13626562930523	1.14981003646039
nucl1706	-0.0443328909773623	0.505467373342461	-1.21046640739328	0.993376638061027
nukn1238	0.148624399467422	0.520127280019836	-0.699384699106359	1.48413330361241
nung1282	-0.0140368779496308	0.500430376275997	-1.08063909799725	1.07411206576157
nusu1239	-0.0150164105636158	0.523395635645542	-1.16729439665075	1.11879692366483
nyah1250	-0.00589443251765817	0.533336399108333	-1.15903984741438	1.111539116813
nyak1260	-0.0206408208009595	0.505449892196657	-1.13268483833253	1.02576854580851
nyal1254	-0.00164637400997826	0.5415756540634	-1.18855027846946	1.15103536321203
nyam1285	0.173679557337076	0.504983246305927	-0.648861841477439	1.49885831612084
nyan1301	-0.00368303853478668	0.528092761353446	-1.19330482608709	1.13431336153811
nyan1307	0.0174685815427675	0.506722351234317	-1.06099336227526	1.15591839042365
nyat1246	0.140772800419916	0.507600877282605	-0.755445298859764	1.44972144908301
nyor1246	0.0518566972750839	0.514446403210481	-1.00593535499052	1.21918134032971
nzak1247	-0.0329648682265623	0.527813351456539	-1.23664240542185	1.05474325884327
okin1246	-0.0140302168132673	0.506339867968015	-1.0990667456088	1.03069046686891
oksa1245	-0.0539375057055841	0.495356414595655	-1.21860980543218	0.983683687039337
onto1237	2.91316648381794e-05	0.522580979994089	-1.17237550219387	1.17008564554455
oriy1255	-0.0397940090904574	0.524282066091158	-1.25643345770161	1.03695588192163
orma1241	-0.12217917624359	0.509098233438963	-1.3597811764793	0.780861532260298
oroc1248	-0.00783331242126642	0.506021760282531	-1.1059787293232	1.12099493519926
orok1266	0.00514140910935536	0.495747431827022	-1.06146814376611	1.08406060550942
orok1269	0.124868796495319	0.520128444652184	-0.795578658459198	1.46185542050342
osam1235	-0.02083762655524	0.519236486888718	-1.1897932173221	1.10679731134791
otta1242	-0.0100277329864918	0.525359764108915	-1.1591362934547	1.10898223529246
owaa1237	-0.0121524164290826	0.551945807122962	-1.23249165640186	1.14561731981802
paaa1242	0.265891139935537	0.562308534955628	-0.52809774983955	1.75264922650053
paas1238	0.0993649576372732	0.517350788506893	-0.873819246461764	1.39345771860374
paco1243	-0.0121130416008541	0.523793831878295	-1.16141835616145	1.11391132127863
pagi1243	-0.0331973908107487	0.518608164408559	-1.23614135196839	1.02301754159384
pagu1249	-0.0239761980784687	0.51762465995589	-1.21964368824473	1.04399665771567
pahn1237	-0.0167926390799777	0.517360200250049	-1.13701868241712	1.05200998212444
pait1244	-0.013243978674552	0.510183001407657	-1.1515441308637	1.04518026471404
pala1344	0.00483630373540098	0.514069384673782	-1.07913761111846	1.1131608627642
pali1279	-0.0126673443568645	0.518165096590885	-1.11277034290347	1.08377835730408
pamo1252	-0.00884719844321264	0.523369942914284	-1.18609498790296	1.123111372504
pang1287	-0.0123568046437452	0.52224718101134	-1.14269330109173	1.10736238407991
pang1290	-0.0160608179991678	0.503502424681026	-1.1307499348603	1.02319782914836
panj1256	-0.059528216621203	0.506282237982842	-1.21826393881736	0.931757095288767
pany1241	0.00644470738886723	0.53252312975521	-1.09081911608203	1.18482079848345
papa1265	-0.00646507215633327	0.522753308681602	-1.18066460043386	1.11332534494992
para1301	-0.0173478820351505	0.522583603201446	-1.17437019926107	1.14603963778534
para1316	-0.0157213479490949	0.516183838306316	-1.17029197150872	1.07419936516543
pare1266	-0.0168092041734017	0.524077015057416	-1.22089681017703	1.10095154052242
patp1243	-0.0224661608527579	0.53026596466257	-1.22155570995444	1.04984749893
patt1248	-0.027152191471923	0.531940443696393	-1.24294289378752	1.13855184404733
paun1241	-0.0192034016151352	0.506279765545548	-1.12590129185001	1.04722752244356
payn1244	-0.0422969446957228	0.517848852322653	-1.253295784408	1.00425580668084
peer1241	0.298567505890863	0.644657800912676	-0.500884671250266	2.05057421447477
pela1242	-0.00811661215609033	0.50942802480811	-1.17840421173603	1.09499262770699
pemo1248	-0.00194523836200819	0.532643499830429	-1.16214323310389	1.17948883225297
peng1244	-0.0133952365673228	0.515464895666534	-1.16920507159302	1.11514045183022
peri1253	-0.0149064443339391	0.513247471369765	-1.15733959649491	1.08568818872845
phai1238	-0.0103775073201619	0.538763868088226	-1.17746262640916	1.11903704122845
phak1238	-0.0133222348767353	0.519921134466474	-1.16819282870681	1.11607741611578
pich1237	-0.0332542517642362	0.515833078658071	-1.17802653596289	1.05576959151918
pile1238	-0.0331148627073548	0.511039352325466	-1.20554953838079	1.03738617068865
pima1248	-0.0668492748521491	0.527211268327844	-1.31700079812063	0.917138519719182
ping1243	0.00444731317839473	0.494083166928263	-1.08774410479949	1.10578327868984
pipi1250	-0.0108459837462395	0.515209511726724	-1.11109616361977	1.07369269443653
pite1240	-0.0127080221731908	0.532780507049929	-1.22231714435002	1.12659476319662
plai1258	-0.0112380353275367	0.527034074373905	-1.1931840988285	1.12759221583918
plat1254	-0.0233255693767549	0.508571877732974	-1.17793842406668	1.0700666650332
pnar1238	-0.0202661174980054	0.512696508159281	-1.17780878525525	1.03078087283261
pohn1238	0.00843998396488316	0.543752342987544	-1.15075016964666	1.22200423148962
poko1263	-0.0202477706119822	0.49146212681936	-1.10575299076933	1.0470673936524
poli1260	-0.0385458209380233	0.514550084160598	-1.21945144529261	1.04713140533836
popt1235	-0.0297624972665713	0.521305694699633	-1.21791917569759	1.08356676629456
port1283	-0.087964828875907	0.513955537167861	-1.38469535994854	0.860096006127764
port1285	-0.00381119483262941	0.504672871803661	-1.114328170763	1.08305691983111
puka1242	-0.0177024080939215	0.49735270213464	-1.14549157279259	1.0574344932465
pula1262	-0.0331551136807746	0.534575474416855	-1.211834986946	1.05758622346471
pula1263	-0.0381207154977715	0.52167145586857	-1.29939847173711	1.0247496342152
pulu1242	0.00311616506810441	0.543917214475591	-1.13017635339031	1.19404899752254
puri1258	-0.0151361240198469	0.530026847935374	-1.18766459012315	1.0793673030956
puyu1239	-0.0263948753747625	0.51085058090874	-1.19383888630542	1.02275435819341
qanj1241	-0.0252274003481538	0.523883448889948	-1.23513675682671	1.08529003215259
qaua1234	-0.0204682991516639	0.506731195928706	-1.15216093696845	1.05738809759914
quer1236	-0.0101767360459195	0.517226546414337	-1.17425420170504	1.08664427997586
quio1240	0.0185645464721383	0.518130464957748	-1.07198852631752	1.16559172071075
rade1240	-0.00454340860424839	0.519849252172977	-1.11087380450178	1.08358263708295
rama1270	0.0199036945868171	0.493028009372875	-1.02567870845586	1.18258111915609
rapa1245	0.00037459664444515	0.540139777242189	-1.14577559533302	1.18624593526924
raro1241	-0.002955822670425	0.503600338533933	-1.10762277959361	1.09363225704577
rawa1267	0.096722305616165	0.520014005209439	-0.850086103048864	1.35314600651631
reja1241	-0.00547262045719971	0.53385786049518	-1.15276472229992	1.18109743034057
remb1250	-0.0123631963319344	0.552322639526941	-1.18816121643262	1.1653442171402
remo1247	-0.0113804841590728	0.525003394434233	-1.21436524743665	1.08145221996597
reng1252	-0.007071220585766	0.506891696688506	-1.12721616474376	1.08301739951092
renn1242	-0.0220670807466356	0.528942473051151	-1.1884202292649	1.09064460947881
rere1240	-0.0139283979165977	0.509723032994728	-1.12040191321632	1.05463081134411
resi1247	-0.00126296132442835	0.518294031979869	-1.14602683062356	1.11940605942147
rita1239	-0.0138936141005819	0.527358823671437	-1.17086896344261	1.12808391020891
rong1264	-0.0110655828442872	0.526017809371724	-1.14492238708741	1.09956247312281
ronn1241	0.12432465252019	0.459084540304536	-0.711341385023756	1.27801882445049
ruch1235	-0.0103499988744705	0.492789504449572	-1.10937392168832	1.0600195537969
ruka1240	-0.0264134594983288	0.519238742030225	-1.24715622697877	1.00001856715602
ruma1248	-0.0057413242092594	0.510683072638019	-1.14900849530467	1.13202683998039
russ1263	0.167413853969217	0.538194644358845	-0.686161374421835	1.50608927096105
russ1264	-0.00378824405652685	0.504623358028949	-1.14800218828588	1.09356264046713
rutu1240	-0.0191405747250087	0.509821975398938	-1.19372389767352	1.05663883253554
saaa1241	-0.00884194232096586	0.508546931958354	-1.1212429847723	1.05594608637402
saar1237	-0.0246679617927254	0.540887496097449	-1.28489701083461	1.06612632161436
saga1262	-0.0204364392796719	0.502595034151686	-1.14346148844413	1.0944229362122
sais1237	-0.015455130610216	0.53866623725669	-1.25915571786982	1.11099005235955
saka1289	-0.028288099711094	0.516356116922734	-1.1964305439653	1.05243839492815
saka1291	-0.00719627563870139	0.503365744296374	-1.11367449142611	1.05710795295577
salt1242	0.119246754182333	0.553590204593876	-0.854912292028378	1.51405028120643
samb1305	0.24129812468639	0.572299862678707	-0.567557563964115	1.73710135616767
samo1305	-0.00961824310920502	0.510651392954784	-1.16887192826862	1.08599014512652
sana1295	0.207466936765634	0.569717079467766	-0.661183129355354	1.73464211522238
sanb1241	-0.042284554683038	0.491803091362472	-1.17146281821375	0.99323761911128
sang1331	-0.00879417647190937	0.517160326691261	-1.11363730895873	1.10630475413997
sani1269	-0.0128402602162321	0.5497037276044	-1.19573037035006	1.15014464325561
sanm1289	-0.0137372790132551	0.521700920473398	-1.13558968561948	1.07240199122192
sanm1295	0.0235006866090332	0.510909941344727	-1.07395430219164	1.16434191425217
sanm1301	0.0968697358293854	0.527387841914603	-0.866387449260849	1.38376322508112
sant1410	-0.0182449188121045	0.508856261611892	-1.17575630283336	1.06110808683419
sapu1248	-0.0120829065001768	0.525839583741302	-1.13054576208312	1.11814653765588
sara1321	-0.0979921507238695	0.533054933288124	-1.45850209802253	0.894878633523893
sars1236	-0.0249132805593963	0.527693737622875	-1.20303313208484	1.05410513784663
sasa1249	-0.00645374092301377	0.50619763792312	-1.11039322826715	1.10280986586407
sauk1252	0.202040684845475	0.539573201619754	-0.629535156912369	1.61724780068474
saur1249	-0.0164905888333438	0.521995836048658	-1.17210411270791	1.08578076654567
seim1238	-0.00229134642260453	0.514019096202746	-1.13777151851588	1.12234232673787
seke1241	-0.0121970708652816	0.508887568994961	-1.16557926150974	1.04421215399472
sela1259	0.00474725697877493	0.542387796361495	-1.16741405787921	1.19507591183579
sela1260	-0.0111654498096366	0.510765899234431	-1.1064795956663	1.06910171036295
sele1249	0.00197358023948905	0.510002501615478	-1.16439204329441	1.14292399927214
sele1250	0.147849568128758	0.523048660570443	-0.730144689545881	1.49293225406119
selk1253	-0.00151163298552358	0.518416011763403	-1.12782840299153	1.14602184256926
sema1265	0.00448242340832765	0.526778753807247	-1.15202257015457	1.10208167899537
seme1247	0.000733056370816582	0.529577979602727	-1.16651212482589	1.16846929162444
seng1281	0.0105259059576012	0.512931496871777	-1.11682818499075	1.13178785592582
shan1283	-0.0153625135130913	0.542669772825674	-1.22507898814766	1.15467376825989
shaw1249	-0.00894863347455395	0.548127826915082	-1.23609990706081	1.14709473482334
shee1238	-0.00982951466560304	0.512955400946323	-1.11332157307037	1.10378599114943
shil1265	0.116673217903863	0.52263576697259	-0.840008853547253	1.42353293566812
shix1238	-0.0100294846857573	0.529336168995693	-1.16483592267301	1.12722048628588
shon1251	-0.0204701466007799	0.523366670870877	-1.1764235844952	1.09115132073778
shor1247	-0.00527995805914951	0.515436297951849	-1.16360570584347	1.12229013216335
shos1248	-0.0288789935214645	0.505296827591675	-1.1786629402342	1.0184349207984
shwe1236	-0.00524371958328676	0.522699945553384	-1.14365873172456	1.13372276598433
sich1238	-0.0175855794802303	0.525456391532366	-1.1569912797298	1.08572146134155
sici1248	-0.083100390810124	0.506989005214231	-1.2699954561243	0.874305950955864
siee1239	0.201752915208087	0.574162644918928	-0.634004701152573	1.72591188107853
sika1261	-0.0175581222991881	0.535229873725501	-1.18328420567663	1.11946904601869
siks1238	-0.0209132164978911	0.531371999901542	-1.19572079776455	1.15454577522896
sina1266	0.0622893428199265	0.515669811037598	-0.946767555091127	1.31090849922094
sing1264	-0.0179850908611891	0.518145330022587	-1.17364380531377	1.03211076647333
sini1242	0.0112780321660423	0.483489365255796	-1.04459615984469	1.07631320417099
sioo1240	0.129853343483239	0.51203276049843	-0.744712470678176	1.44390361211724
siro1249	0.0491861892218619	0.500524493785023	-0.943150423064479	1.21332088386696
situ1238	-0.0111929198721552	0.526272271130479	-1.17143059302868	1.16195805708811
siwi1239	-0.0998782970280226	0.515419585099046	-1.33332800356096	0.866321582319592
skol1241	-0.00951890585463232	0.51460666091984	-1.12038803101258	1.09972194681219
slov1268	0.223377366761236	0.58323924513307	-0.613489271372986	1.7895612765782
soch1239	0.0323277807535486	0.514706011778491	-1.02337720572976	1.1715783496243
soga1242	0.00789096140467658	0.503757498866375	-1.07496552999269	1.10415940531495
soni1259	-0.0524501760519997	0.49690317578993	-1.26334514640413	0.942275691558045
sons1242	0.00393433589259333	0.543484246508377	-1.14912624321201	1.16245585708188
sooo1254	-0.0122203426738051	0.520520452122435	-1.11174412725403	1.05518268419979
sout1528	0.231052721889339	0.572079166084664	-0.577812046150786	1.82574437183831
sout2649	-0.0316761481267656	0.502311763090121	-1.19934944436451	1.00117756635751
sout2674	0.00166644291949681	0.530113762920054	-1.136661892174	1.16561803545285
sout2679	-0.000454179290406545	0.537907199997494	-1.12632214086646	1.14971386075975
sout2728	-0.00307723814856775	0.527483957597222	-1.1762359752901	1.15982848975635
sout2729	-0.0112846170432497	0.509594856913539	-1.12872616469336	1.07802495530175
sout2730	-0.00989730377571256	0.54702972558539	-1.22281591407753	1.16976640490064
sout2741	-0.0155305911301769	0.53109996180883	-1.15739398079183	1.14750727491641
sout2782	-0.00594687379136104	0.441798006408377	-0.96688616202141	0.939652534183155
sout2807	-0.0221515979914464	0.541818704059843	-1.20598072120973	1.11455586297105
sout2856	0.0850423671423988	0.500285628152054	-0.884295997531913	1.30634919972565
sout2857	-0.0108807662108565	0.505806858135493	-1.08508361312702	1.04085086343739
sout2895	-0.00586566161354173	0.527192134022025	-1.13454217341976	1.17961314439847
sout2896	-0.0154840387995	0.545725353441118	-1.19553377805636	1.16166121644209
sout2918	-0.00052511465076168	0.516005930977158	-1.0818015391074	1.15990459570104
sout2954	-0.0111429167649131	0.524574064628206	-1.12777657557915	1.11693532844762
sout2959	-0.00432053982297874	0.533559517153619	-1.20631398096962	1.14360693851043
sout2976	-0.0437187700412377	0.517717133227877	-1.20249237390202	1.01979365731884
sout3261	-0.0249790701156751	0.507969416478022	-1.16852473621403	1.04416452383538
stan1289	0.218688777296467	0.600757063618434	-0.674788236227357	1.7779519381105
stan1290	-0.070525534229306	0.496644308857202	-1.21608382293595	0.910750150713226
stan1293	-0.0123916331511675	0.506884874154447	-1.16099729138822	1.07558213192228
stan1306	-0.00522827126193758	0.509246829956616	-1.11595748970828	1.08070306031905
stan1318	-0.034550753065065	0.498866029118827	-1.18934166928149	1.00146883259901
suba1238	0.0601645149851714	0.497921279434136	-0.902121135255083	1.20508435183751
sude1239	-0.0045632047663671	0.52519183636661	-1.1881208005363	1.07531132336818
suen1241	0.262384465573167	0.635340979720445	-0.58731148284587	2.04140152640937
suku1261	0.0262984707725533	0.496293604225255	-1.0321174718564	1.15213902236444
suku1272	-0.0413873140643393	0.386600760223312	-0.900888157867378	0.758354482290058
sumi1235	-0.0217845023547905	0.537876390225047	-1.23766540029057	1.10626404589357
sund1252	0.00441385103331278	0.496148590931199	-1.05644816153407	1.09861365812591
sunw1242	-0.0425385029408514	0.511045927288027	-1.20562013492875	1.01660086944535
supy1237	0.0446091840382723	0.506869357354274	-0.97778859908993	1.26557254894072
surg1248	0.00638383292875345	0.521880635214293	-1.0959779281567	1.15443277750164
surs1246	-0.0223564889381349	0.538253603385134	-1.25829885643212	1.0718388850278
swah1253	-0.00190233553259951	0.506700201100629	-1.11476626092353	1.16355910194691
taba1263	-0.0266768791601804	0.532468737010336	-1.2701999315538	1.09713250632983
taga1270	-0.0136279401405009	0.513310378086962	-1.15586883730211	1.04960791953276
tagw1240	0.0964405607783852	0.518094117629066	-0.864491055129078	1.36036632430432
taha1241	0.125876202886661	0.505344523129888	-0.724047562255063	1.40365630687391
tahi1242	-0.0015814099922252	0.524874488631591	-1.11992117484361	1.13828674453011
taki1248	-0.0270848970875472	0.514878831150026	-1.16449521171854	0.987354071758814
taku1257	-0.00197188460584685	0.529876185343642	-1.13516703286333	1.14090773924697
tama1365	0.110082804283865	0.503143679904753	-0.780758675140488	1.38790853529154
tamb1254	-0.00681224383375854	0.501782687156711	-1.11398939944615	1.11533484287899
tami1289	-0.0199105393378762	0.522143499811219	-1.18141594078242	1.05573822362629
tang1336	-0.0212478237737744	0.519541317297792	-1.14211121257878	1.05521295446206
tang1347	-0.0283517012742181	0.498019398090811	-1.1568831082602	0.984095416321867
tang1348	-0.0142673901064727	0.546593395753052	-1.25503123451424	1.13362020205149
tara1313	-0.0180293076740816	0.506214206137554	-1.15289778755378	1.03566251532417
tata1255	0.00410238716065585	0.533342036154703	-1.16728024797069	1.22660959252869
tauy1241	0.0684221036063208	0.526591181431036	-0.925583829634705	1.31901286343582
tawa1275	-0.00212736203713707	0.500252453536013	-1.09586329069696	1.09415116156213
tbol1240	-0.0100873833833686	0.498688656385362	-1.09597969402382	1.03797156941526
tedi1235	-0.0106224482518995	0.513736849012165	-1.1622345863974	1.0629675050884
teke1275	-0.016872053363422	0.520728395541443	-1.20596357056579	1.05455430073617
tele1256	-0.0574100447002039	0.503680193981358	-1.24687992484272	0.971943389301173
teng1272	-0.0122427100429931	0.517627632374539	-1.15512979839065	1.06447653041113
tera1251	0.0181021655311379	0.447042800085435	-0.939414919025307	1.02464710929372
term1237	-0.0224002000573491	0.516366210025629	-1.26830319066396	1.03452072339387
tern1247	-0.0226755081147944	0.531974876376392	-1.22630425491263	1.08288244729726
tete1251	0.0288455244487515	0.504535936645642	-1.02761711623661	1.17159318592456
tetu1245	-0.0129915897327475	0.511814457279796	-1.15841396988653	1.07552228827931
thad1238	-0.0157205384834124	0.508306028554028	-1.17929791173868	1.03402286973454
thai1261	-2.0906776250526e-05	0.493055821058841	-1.09681640490747	1.06011169787716
thak1245	-0.029775336329217	0.544205998212245	-1.23858417507873	1.05774284965265
than1259	-0.0127825739671966	0.526390156624651	-1.21178419569131	1.09843332706141
thay1249	-0.00155588300022368	0.51060884440248	-1.1635510224812	1.1193700724269
tibe1272	-0.0121997626487267	0.541116357151778	-1.25043238896239	1.12624959623612
tido1248	-0.0226455347106505	0.509230412991546	-1.15135142557423	1.0125857741751
tief1242	0.159772443004172	0.531691917256818	-0.665300316208079	1.57108712136104
tief1244	0.171662465088136	0.538428047179248	-0.677331266739063	1.56531879773853
tien1242	-0.00936966912645331	0.497763278964738	-1.1034945948182	1.06044358180058
tigo1236	0.153910058796168	0.54304228318193	-0.764380176355231	1.55769171958116
tika1246	0.183620254407916	0.568895853487042	-0.705977921844732	1.67854107084433
tiko1237	-0.0132705575233331	0.52426978450886	-1.17734138279771	1.11257540413909
timn1235	-0.0171366139020984	0.536953249745944	-1.23119940779352	1.19895748147326
timu1262	-0.00880400283437358	0.511282448949918	-1.13541955981617	1.08853554579733
tiri1258	-0.00452276409711759	0.538144662058013	-1.15600616352311	1.13390692012194
tita1241	-0.00905809355409378	0.500113853669759	-1.08749420073997	1.06763551462322
toab1237	-0.0222195601147656	0.515245937638989	-1.17240549377347	1.02441351459854
tobe1252	-0.0253827446569974	0.523597579158152	-1.20429802528223	1.07854617497505
toda1252	-0.0216543803778957	0.513865392067764	-1.16922044093753	1.03909430452063
toho1245	0.222442018544289	0.573451040856946	-0.635641010160037	1.77486625126994
tojo1241	-0.0269304865023163	0.516314971104538	-1.19895088789309	1.08232632316511
toke1240	-0.0143813061674598	0.505732028522252	-1.1731872354222	1.0841391155484
toma1245	0.0518524704949211	0.509306308808019	-0.958133392839254	1.26292714667057
tond1249	0.0408115947640029	0.51263519848674	-0.999413086475601	1.26265179628546
tong1325	0.00368545969698301	0.528537745971483	-1.13119733903649	1.20423779557866
toor1238	0.0631954433113916	0.502308067468792	-0.91088867299147	1.25842415035138
tosk1239	-0.00982757063807211	0.496296480646289	-1.08103327050303	1.05245654235964
tote1238	-0.0168858487573031	0.532221496774446	-1.20732584684409	1.08065818975732
toto1302	-0.0138168986002519	0.500833403780655	-1.1512650355357	1.06043908523776
trio1238	-0.0162270038018161	0.516714029196653	-1.22996348318778	1.08423268725188
tsam1247	0.0532717541145246	0.449850362328086	-0.851590481184885	1.08355987083137
tsat1238	-0.013302841944782	0.519181133799282	-1.15705328523858	1.10749896821147
tsha1245	-0.0191527573929723	0.533392412827418	-1.22427743974506	1.12510004758996
tsog1243	-0.0238326394195679	0.513116709724943	-1.20004339497835	1.03858377748957
tson1249	-0.0170798444118839	0.510824827760941	-1.13155530563826	1.09508192722576
tsou1248	-0.0244100159526382	0.53659339873473	-1.28848181958611	1.05911281630451
tswa1253	-0.0107007015507862	0.518470735845364	-1.18388861418906	1.13653930595987
tswa1255	-0.0127249252496058	0.53443253016931	-1.21829306171227	1.12161429827432
tuba1278	-0.0136687001859695	0.502360577203618	-1.16420352022871	1.04528414367232
tugu1245	-0.00593748465155143	0.520031633567214	-1.13802748935267	1.10987329293543
tuka1248	-0.00224148061671924	0.529877361659274	-1.16782787380681	1.15930128321009
tuki1240	0.0343092023622718	0.52514550068743	-1.05140781627443	1.21722143441152
tulu1258	-0.00467411745409754	0.53608305670797	-1.19511490515793	1.12574508131067
tumu1242	0.0850074784033773	0.517225264333658	-0.884444157938607	1.38865766594193
tung1290	-0.00537338672564618	0.516393985494207	-1.1476626362336	1.10544935153192
tunn1238	-0.111941294772949	0.494059535586682	-1.42274957045233	0.747145456464557
turk1303	-0.0121592142731221	0.527959802787254	-1.18156885525178	1.12606484636794
turk1304	-0.0101682401457928	0.527695227438235	-1.14493766351898	1.09820642984352
turk1308	0.163996841790694	0.513518604688508	-0.689815934368599	1.52107436016279
tutu1241	-0.0277820958075415	0.498281578171509	-1.14989394479896	1.03918314266352
tuva1244	-0.00891942388278558	0.534719137031636	-1.19840347448455	1.15161006654723
tuvi1240	-0.00540514162926957	0.511759475160513	-1.17547832148973	1.13412366888191
tuwa1243	-0.0224707727023691	0.501878667128975	-1.14552100414332	1.05317001934526
tuwu1238	0.00788764153670146	0.502768678824021	-1.10729500166615	1.12049068429616
udih1248	-0.00518459236106284	0.533537731724709	-1.12839491108465	1.14636902035689
ughe1237	-0.00917816796581271	0.53386514177647	-1.18705697321433	1.10506882844407
ukra1253	-0.029421726454996	0.510070233308438	-1.18148307064869	1.02408217394957
ulch1241	-0.00158699154551485	0.53015172041123	-1.13789766201531	1.18107200327786
ulit1238	0.00899538914192156	0.523586191491716	-1.1360847850086	1.15754254367388
umbu1257	-0.00246656202322748	0.501342937787117	-1.08556161972421	1.07488795255196
umbu1258	-0.00607955518594966	0.498091481244891	-1.10468536105791	1.10008774796463
umes1235	-0.00717588809041211	0.537041451075719	-1.24048700080726	1.13441133423568
unua1237	-0.0159534073810001	0.511177144301687	-1.13024305167155	1.05856614112606
urak1238	-0.00349623268854113	0.519756327068092	-1.15414108076974	1.10283533800083
urav1235	0.211347130322708	0.584429011113511	-0.628019196264225	1.76633171159536
urim1252	0.0552073542085154	0.501442284639101	-0.950603493638067	1.27240240599202
urip1239	-0.0263031409700682	0.502966998872544	-1.15148837696047	1.01262953746538
usan1239	-0.0371374913146766	0.520006755563816	-1.25233783141723	1.03131617787892
utes1238	-0.0293435720646759	0.510936051057163	-1.23402232305885	1.05176672376895
veps1250	-0.00533981871214638	0.511408925493487	-1.13450343204679	1.13830815052251
vera1241	-0.0198342518415339	0.525441781206244	-1.169548085853	1.1206828881913
viem1243	0.132510971080615	0.522368734740531	-0.78237865588099	1.44414631119086
voti1245	0.000117883594697159	0.513495002095977	-1.1351882753473	1.1160472873357
vure1239	-0.0196700306473034	0.526514584905577	-1.18990568199065	1.12276130638351
waig1244	0.00459230211532682	0.516697911810058	-1.13219407462022	1.13338936636179
waim1251	0.179550167811663	0.564081142293362	-0.719584781881062	1.70716224727324
waiw1244	-0.00651770750357032	0.52198775321089	-1.1251580486187	1.1287411480922
wall1257	-0.00539420827483946	0.53432001806079	-1.13973395680496	1.14573287000085
walm1241	-0.00912793185140619	0.535242582321026	-1.22728291621974	1.12914098349484
wamb1257	-0.0468930197611993	0.500910049587423	-1.20723423516088	0.968398818112007
wamb1259	-0.0585928231371452	0.503653245887535	-1.23750121960737	0.934766673256862
wand1267	-0.0128019120976958	0.510046487030575	-1.18348955607478	1.0648225624156
wand1278	-0.0680889019512016	0.415404808848886	-1.03628787652524	0.766847955432415
wang1291	0.00216864738095722	0.511649490561969	-1.13022203844028	1.11971158054713
wann1242	0.146669892552609	0.516739071112827	-0.711977683462258	1.48802373031112
warj1242	-0.0203105133883753	0.533613750232302	-1.21399094234395	1.09837716956293
warl1254	-0.00498806642742941	0.551028927862208	-1.156639118702	1.15401020061482
warl1256	-0.00408942857999264	0.528778332776163	-1.19567024171789	1.11513526671491
waur1244	-0.0105851393989149	0.516561326836535	-1.14540778959886	1.11420302151899
waya1269	-0.0176282839396399	0.534183264022286	-1.22318627579896	1.11345024812364
wels1247	0.217132798034022	0.587463106313668	-0.653786429458607	1.78448765586418
west2354	-0.0449922485201532	0.508267485759128	-1.2181914416522	1.01457674268043
west2369	-0.0383740411853964	0.516193335042333	-1.20545980201733	1.03411480868599
west2386	-0.0622030837665855	0.502717069089098	-1.20041636290156	0.898938183660677
west2392	0.00158579144299592	0.517975469151685	-1.13767143296865	1.15588365615436
west2396	-0.0152787577228893	0.52781180071263	-1.20661702507416	1.07782511807226
west2418	-0.0391300255660363	0.549836043911762	-1.26430921794933	1.08371528862976
west2430	-0.0152177341795751	0.507611646123272	-1.15180029616939	1.04775140956219
west2441	-0.00164208520264746	0.523898069436412	-1.17539181748129	1.1629131221964
west2466	0.130289128655361	0.510510658556389	-0.771067409982668	1.44849205073984
west2516	0.0101255649628139	0.526073337748147	-1.11127147345099	1.17627678065178
west2519	-0.00907330365144552	0.529372452285524	-1.18902748282334	1.14462299118546
west2557	-0.000815123684773538	0.530977118917786	-1.1591169184667	1.12442735916854
west2560	-0.00702267743264946	0.504123223486771	-1.09453923941343	1.10686620755989
west2594	-0.0384518743514433	0.512357669938195	-1.16218993263677	0.995019719248186
west2599	0.00123744805984918	0.504126233391378	-1.1271768523774	1.14345370465302
west2635	-0.0307633768898074	0.527434479121718	-1.26117958589758	1.0782906552994
west2644	-0.0244506623717073	0.490849464852942	-1.15503789693799	0.998099486858188
west2650	-0.00860655266029703	0.519632504250003	-1.19997152441602	1.15274624397871
woii1237	-0.0149102282014578	0.506718258982279	-1.18193698601741	1.0531292564994
wola1242	0.0629466227087831	0.460211236542665	-0.873402968838916	1.15417399405339
wola1253	0.17134193533078	0.513523491123479	-0.637885653797914	1.50397550944839
woli1241	-0.00410022291176924	0.531812178599474	-1.15941064457788	1.127319969829
wotu1240	-0.00110348673257178	0.519390948080591	-1.1255704858897	1.15836496312417
wuch1236	0.00353261254877437	0.499698113663047	-1.06937824141217	1.09494052113048
wudi1238	-0.00962274100935236	0.565954955486929	-1.20435951420764	1.20487642257874
wusa1235	-0.00780586716598701	0.550605560524438	-1.22027478674695	1.18698349652172
wutu1241	-0.0127569323021468	0.512904717835553	-1.1923993317107	1.12503613310991
wuvu1239	0.0178504590035741	0.527978756719795	-1.12333322108259	1.23747962219759
xamt1239	-0.107342057220051	0.512004558744453	-1.38504052431047	0.804096166166402
xara1244	-0.00509481381391329	0.544407563160084	-1.16738032771763	1.13185148907608
xhos1239	-0.00755861447917098	0.514295916510957	-1.14812343532738	1.09277399339965
xish1235	-0.0151800840896487	0.545403724539423	-1.15342498422675	1.10589454675346
yaak1241	-0.140058210740012	0.516547474868779	-1.43659851899863	0.748264389487665
yabe1254	0.17692055225668	0.552071551203185	-0.681748167720193	1.60991833683645
yaey1239	-0.00885793454764284	0.52050776430064	-1.18631976259762	1.13542632751026
yaga1260	0.173105559595966	0.577063924811179	-0.708812138515598	1.69383376250266
yaka1272	-0.0316610864220683	0.524723304324768	-1.21554001808305	1.06513323877658
yaka1277	1.52301996129332e-05	0.524301107227354	-1.15685963057991	1.14094938573102
yakk1236	-0.021407880037214	0.518248683809903	-1.17580864390445	1.10125311822755
yaku1245	-0.0062897959814202	0.512040532473163	-1.12990673096081	1.0954101903296
yami1254	-0.0189571618313527	0.527326534182695	-1.21740219897774	1.14221615807446
yami1256	-0.0222613362745139	0.51586618172292	-1.22120782088982	1.04907064032905
yamp1242	-0.0292141246407999	0.51004538591342	-1.19361918505909	1.0225528076593
yand1253	-0.00541129975877072	0.517348970833056	-1.13693089555107	1.07434086378369
yaou1238	0.060202335175045	0.475443427821991	-0.885462974702133	1.14230135070184
yape1248	0.0058594929141235	0.528677740603247	-1.1627429384169	1.18519436574655
yapu1240	0.0758111823910406	0.514278926591389	-0.916824822918301	1.35528068204611
yaqu1251	0.0147384040278555	0.51858581417695	-1.12981296923816	1.13944836741816
yatz1235	-0.0153884304991525	0.535660478581639	-1.26709334858476	1.09579517918621
yaum1237	0.159133295056801	0.517880362426091	-0.696143681017763	1.47465095329757
yems1235	0.155475689149143	0.506757192966936	-0.651345454553659	1.47876037089046
yess1239	0.00570735204261005	0.488128740090591	-1.07597544083554	1.07944142638559
yidi1250	-0.00799856700398365	0.523977346912811	-1.17516728941245	1.14973211876281
yinc1238	-0.0138609426544198	0.518491519570007	-1.17901154162907	1.05391821038018
yoga1237	-0.018766375949318	0.518299575986109	-1.20753930743992	1.08580938710126
yong1270	-0.0125664738614764	0.509461687887798	-1.14728314493736	1.04966331338187
yong1276	-0.00787505736556381	0.530722285396551	-1.17994804343998	1.17370529068579
yong1280	-0.0611351240816868	0.507843704182191	-1.27491206902714	0.950241698651288
youl1235	-0.0220476339197437	0.519403546700116	-1.22563705271699	1.10717791219651
youn1235	-0.0191771755378535	0.527104184211615	-1.17810426269479	1.10831668715951
yuec1235	-0.0138397969836188	0.506329313572078	-1.13593387151545	1.06177561657208
zaca1241	0.0086381875795012	0.517914337999022	-1.111714420153	1.17654118068004
zaca1242	-0.0269691688553507	0.488692001484896	-1.13054306586561	1.00488757636426
zaiw1241	-0.00849140988305554	0.521741607893669	-1.18055315912565	1.09284962944614
zamb1245	-0.0347132858431569	0.513775728530335	-1.25427493006645	1.02553911817496
zarm1239	-0.0101960998053089	0.504232085134867	-1.13251916265814	1.06757632498821
zaye1235	-0.00542732230002992	0.512023223628323	-1.15070482259279	1.10690434029291
zeme1240	-0.0202929899200613	0.508605828354503	-1.17371304841493	1.02101970651869
zoog1238	-0.0128213673432809	0.533977080295987	-1.22089564350142	1.11602111126188
