Estimate	Est.Error	Q2.5	Q97.5
abar1238	-1.25009449955654	1.04554604840252	-3.46929400216301	0.617531552245903
aben1249	-0.447327215206189	1.0020383190889	-2.52158007119529	1.44833414523058
abua1245	-0.193585841985305	1.10630429229285	-2.425982045156	2.00525431301805
acha1249	0.418496356453024	0.939518073618502	-1.38119680243183	2.31095169153879
achi1256	-0.813726233357053	1.28757745486247	-3.48802452461024	1.63152021584629
achi1257	-0.170259247702348	1.11916617967751	-2.41369331928276	1.9616972114549
acol1236	-0.279819721733537	1.20356472842663	-2.7494651301296	2.01051846936405
adon1237	-0.603798547173111	0.955734154262635	-2.5336723226359	1.21834368573043
adze1240	-0.673432195133982	0.815272340181221	-2.3330321295225	0.87211324700282
afar1241	0.626135492497792	1.21595105389613	-1.67328279407044	3.09104985325565
aghu1255	-1.33381424127243	1.19403427896075	-3.85292167325861	0.882800163624991
agut1237	0.729752453940627	1.22798641575482	-1.58317393556674	3.249300908617
aheu1239	0.874940695956755	1.13962574541834	-1.2975654330337	3.20552057442719
akei1237	-2.09481355927898	0.989862910027132	-4.22706529667033	-0.315502677433143
akha1245	-1.29969758877925	0.897545790146661	-3.17383870342508	0.389879767059524
akoo1248	0.0843854408353732	1.05833124218526	-1.99800828228252	2.15162311496755
akun1241	-0.506422841395105	1.25168103873488	-3.07117833230153	1.92103702753568
alab1254	-0.265610296549512	1.05988455673401	-2.39972567193273	1.78871659152963
alag1248	-0.173401408633832	1.06566905184982	-2.29503109304472	1.89662908429256
alba1269	0.560006008834766	1.07953022635994	-1.48974990366306	2.70905938838386
alor1247	-0.963256051028796	1.18100745546116	-3.49882323422709	1.20695028360847
amar1272	-2.0689359830708	1.0781140948162	-4.37733516878503	-0.164255669108494
amdo1237	0.955612553553502	1.22864372115745	-1.3397561284762	3.5843576204706
amis1246	0.415581519432394	0.927584936892523	-1.43962040598187	2.28113219169283
anei1239	-1.30660574555977	1.13247552766905	-3.66874840984821	0.757972382360975
anfi1235	-0.779232205813416	1.26239314325458	-3.38749633204553	1.60209545877353
anga1288	-0.517786820337122	0.866497039988485	-2.25869303037561	1.12952713939236
anuf1239	-0.734092718872873	1.22967400196248	-3.2765053519441	1.55414966298105
anuu1241	-0.96182333284879	1.07073278301093	-3.11999006117487	1.06667300507375
aona1235	-0.0951136222938954	0.888647811189077	-1.87564353999484	1.65360632651077
aoua1234	-0.68430871768752	1.28631931277648	-3.24525226825292	1.73005385297304
apat1240	0.149061478161737	0.929223289811514	-1.65979156571799	1.97258179130393
apin1244	-0.386932799463547	1.29187190005022	-3.02604289374986	2.07591839867581
apma1240	-2.08806618270876	0.936481113033648	-4.06945636473248	-0.402788181421214
apur1254	-0.896812457862436	1.26664110837102	-3.50835613173006	1.53017262777656
arak1252	-2.20830594371994	0.925382531979821	-4.25278230149771	-0.529093131301698
arao1248	0.484559990784533	1.19859849222697	-1.80005129173319	2.93727721092674
arap1274	0.363820977975454	1.27458901818787	-2.05571118261312	3.0040904612505
araw1276	1.0848361589488	1.19747339131613	-1.13331957142789	3.60025320276087
arbo1245	-0.0310975592962522	1.09599500794369	-2.2555027504201	2.13371293990615
arch1244	0.380788857550467	1.11618972047129	-1.79594622239018	2.62380961654434
area1240	0.022416180576182	0.880311325308522	-1.76474790198308	1.66457870775355
aree1239	0.717926390297179	0.919777947724586	-1.07092214962382	2.53960751384688
argo1244	-0.706390722816706	1.20176758893336	-3.17655975924062	1.5356410484663
arhu1242	-0.546456115076312	1.2434954425142	-3.04613165906307	1.80841008333616
arig1246	-0.275563231361099	1.1954935045316	-2.80619008572937	2.00351783094184
arom1237	-0.350446980963348	1.15441853155789	-2.71408202843019	1.88278930336085
arop1242	-0.223523564945708	1.01646413868077	-2.22504388404661	1.79711490191636
arop1243	-1.2223142644723	1.00235036117443	-3.35065410117203	0.641866694657521
aros1241	-0.0513251831844197	1.04011459900444	-2.14666040591	1.96140718731475
arta1239	-0.7591224753146	0.895053401368789	-2.5633831164945	0.931915619988604
ashe1272	0.979655900359414	1.21370878931855	-1.26287848727866	3.48239809425422
asoa1238	-0.739006487858129	1.22709316644416	-3.35350493609942	1.52305933471096
asut1235	0.0677081557533033	1.16551074021739	-2.30396622354052	2.29894182285167
atam1240	0.588346357350408	1.02451844583676	-1.39446421862011	2.69160272506615
athp1241	0.906864831999696	0.834436403683992	-0.675700033448908	2.60291082540723
aton1241	0.0478622542054838	0.96738308327201	-1.90943882173389	1.94999892756258
aulu1238	-2.12422660324593	0.832304773389654	-3.82679962128335	-0.583726575572419
auuu1241	-0.305595460979862	1.04001178671465	-2.37817667949535	1.71632228217109
auye1238	-0.481723763144208	1.05122184933522	-2.61858476606931	1.52460364051274
avac1239	0.871551439260122	1.22130137475193	-1.45365224904008	3.38481544277501
avat1244	-0.758984352496401	1.04600580485009	-2.97556223613168	1.13206702770859
awad1243	0.697093741162034	1.15361672694537	-1.4730115568335	3.04921644762097
awad1244	-0.77828793938137	0.913345648355088	-2.62239286607749	0.947022966033781
awet1244	0.151521231914593	1.11547991069301	-2.02706396074316	2.31533573367533
axam1237	-2.05382383904569	0.855184534913351	-3.80401769539312	-0.495281792946924
axiy1235	-1.42871276424239	1.10464819534245	-3.75867256068529	0.593146152231642
ayac1239	-0.745558605392067	1.23824437247736	-3.27352978831679	1.59796897776952
ayiw1239	-0.08932702417283	1.03885269495158	-2.16074647399379	1.9255322320702
azha1235	-1.43562661230129	1.08418419635159	-3.70015292943196	0.535664916270495
baba1266	-0.832774585181564	1.04205899491196	-2.98984260871789	1.10704040611074
baba1268	-0.851370169838287	1.17669115081185	-3.23529946768871	1.37668042438945
babi1235	-0.500283206736332	1.28167622022942	-3.14764060060109	1.9460857550064
bafi1243	1.25432260976375	0.91296418272881	-0.506781901821345	3.06513303641811
bafu1246	-0.983211048910602	1.04489323432405	-3.19205268855827	0.929805631179198
baga1272	-0.234656792806895	1.18698017900923	-2.71514461714921	1.99402031731126
bagi1246	-0.986274955372842	1.01093081995215	-3.10739384456718	0.908368564994577
bahi1252	0.679979424983703	0.800066425763405	-0.846622960778644	2.30142870313393
baim1244	0.733724082076742	1.18439674936168	-1.57516147761024	3.20558524222312
baka1272	-0.397177535127604	1.26732817003915	-3.01676138176909	2.01603219416068
baka1274	-0.582899462077585	1.26981897416424	-3.2216009155289	1.7731155390882
baki1244	-1.65944781186694	0.910049745520794	-3.58444462507321	0.033396731985487
bala1311	0.274207589778034	1.1253863122686	-1.91569785562574	2.48892737520203
bala1315	1.23079228906826	1.23573759027195	-1.0834443808671	3.81094413217405
bala1316	-0.561508404210509	0.961701528734735	-2.50159830552836	1.27334425632276
bali1278	-0.585156899050068	1.20184457048738	-2.98549036710286	1.64494609250341
balo1261	-1.12938719489622	1.20047107065669	-3.63361075408592	1.08584421350488
balu1257	-1.55729050556171	1.10418577259548	-3.90707078599237	0.43286291913452
bamb1269	-0.338514584817372	1.29179528183352	-2.98102207252755	2.10687549054155
bamb1270	0.122964953960277	1.13963618137599	-2.18323046156184	2.3571951925846
bamu1253	0.00915851802347433	1.00390738378614	-2.00569796249517	1.93396222327297
bamw1238	-1.36468592724069	1.17189175711383	-3.89277412294532	0.739217297721227
band1344	-0.621410189291232	1.31855526476762	-3.43968663779351	1.89059168520688
bang1354	-0.579765808595147	1.2535122762661	-3.24440203973239	1.81929121231508
bang1369	0.634187150481307	1.06421122967124	-1.36673216464423	2.84538675248784
bant1281	0.996903654660986	0.765050177174635	-0.41162510785704	2.58403301419265
bara1357	-0.239934606261432	0.877791452289243	-1.9884801211161	1.51115610409683
bara1370	0.6101238606979	1.07445951505734	-1.47642014249695	2.73782157556289
bare1279	0.244860784952601	1.13029862016027	-1.96475675468853	2.47655648869202
bari1286	-2.06847440530354	1.08126807849261	-4.40617074933034	-0.163619756516211
baro1253	-1.9413495490729	1.06984368712366	-4.21182776909205	-0.0183308613188967
bata1289	-0.545516753759528	1.21490485567237	-3.0507510789526	1.77980289280233
baur1253	0.348679474816476	1.18346393220517	-1.93256374176285	2.7617864298474
bawm1236	0.146019916729557	0.990550466797444	-1.81412670908069	2.0851155741957
bayb1234	0.90012294677874	1.18245719664137	-1.32351583324706	3.33896637505221
bebe1248	0.886589925182228	1.10130444481582	-1.26970926039974	3.06950352941184
beem1239	-0.0206131006286416	1.20895830306394	-2.51158511021591	2.3652327432767
beja1238	0.969307111454614	1.22722967651797	-1.35033128993747	3.51894548090026
beka1241	1.15940111125495	1.0865385028615	-0.859979725382886	3.34610770141984
bekw1241	-0.593785435325163	1.11224784950101	-2.92150724058884	1.48777896437493
bela1254	0.684124990858281	1.25239807386519	-1.68472428677979	3.26191700048671
belh1239	0.925959529292551	0.792599331138712	-0.559987775846777	2.5619935369486
bell1243	-0.651112688315906	1.28425257681203	-3.32189074894486	1.79300111629933
bemb1257	-0.390879395331765	1.26662317769899	-2.97132947960053	2.059437809624
benc1235	-1.11770920907215	1.19473821055546	-3.57447857287479	1.08993509928241
beng1282	-0.378418164114837	1.25601868976776	-2.99044382464187	1.97843568874285
bhoj1244	0.360507381494267	1.15547736790153	-1.87125362406391	2.73863662012987
biao1253	0.176147803366561	1.1142502956737	-1.98745623261904	2.38118150693973
biao1254	0.960228761191017	1.20212017395743	-1.22436452961218	3.42551120608108
biao1256	0.622427689267442	1.17200779689051	-1.58480490825545	2.98720175908712
biat1246	1.20267564854006	1.00426678643465	-0.672076598374525	3.24629392523475
bidy1244	-0.548886351083427	1.24722719203707	-3.13805763377671	1.8029664326036
biha1246	-0.09991522493921	1.04388670558847	-2.21243055726609	1.93233597336725
bila1255	0.531966205713244	1.12350538827591	-1.69522266544611	2.70396187503193
bili1260	0.888645595857197	1.20193456668952	-1.39570780183711	3.37541335759354
bimi1240	-0.376443167470069	1.08813896803268	-2.49462330056043	1.73301959970989
bina1277	-0.685527642599147	1.0274827127341	-2.77348952859122	1.27801374128824
bini1246	0.505948795375437	1.14266477699211	-1.76232860706234	2.76787055240952
birr1240	-0.566529974518469	1.33043580678119	-3.27852171518838	1.95684645603233
bisu1244	-1.62724064162587	1.13296275703715	-3.9940799789508	0.461339486127996
bitt1240	-1.09701219953847	0.96870325225153	-3.08757746861966	0.71458875018024
blab1237	0.610764141145923	0.896816652153914	-1.17538640705861	2.42793037527896
blan1242	-1.30347774803415	1.11284389249413	-3.54632492996561	0.788477065722757
bodo1269	0.74761228711319	1.04485185211187	-1.26971912699887	2.8779225142718
boht1238	0.559613583036968	1.12713603696169	-1.60437523643584	2.90703205641602
boka1249	-0.210436072611821	1.06340477351444	-2.34495189551048	1.79857038693219
bola1250	-1.92549990115195	1.14244935308645	-4.33069603624551	0.141627963758207
bolg1251	-0.135780723026977	1.15030550058162	-2.48768616190156	2.05375599624518
bolo1262	-1.13504613567021	1.1971878624353	-3.69027296492501	1.01922920550569
boly1239	-1.1843792102151	1.16876365390363	-3.64104830321125	1.00241242722363
bomk1234	1.72981072150999	1.16449384060238	-0.483610933831629	4.14132463139012
bong1284	-0.662575082137755	1.22374558882606	-3.20885737325547	1.62539205599697
bong1289	0.905141492822814	1.07297557277616	-1.13323945137234	3.12275842514885
bori1243	0.0459612582325074	0.948460402049219	-1.81952736541832	1.90232155702533
boro1277	-0.49684306537977	1.30442290833152	-3.15929954209152	2.05156065211794
boun1243	0.899886967111962	1.21997288661115	-1.51741714664296	3.29615267530167
brah1256	-1.15569022692193	1.2206265641109	-3.69242877389852	1.13282703397227
bret1244	0.59504238500995	1.24934090725422	-1.77598076883266	3.1982926069712
brib1243	-0.591277693515474	1.28135107184092	-3.18415666647973	1.86304619001059
buga1247	-0.821944051525608	1.03396422751186	-2.95301671850045	1.1366749318361
buga1250	-1.22383626421593	0.935421753657223	-3.14121719515575	0.502959877324767
bugh1239	0.62309638317161	0.876883216432832	-1.09098147233127	2.38922772404357
bugi1244	1.2829294713248	1.20512425235596	-0.963443659110263	3.84217381836419
bugl1243	-0.462995579958217	1.36899757853301	-3.2144340892711	2.12347806074072
bujh1238	-0.221144983500567	0.904701800984169	-2.032075338424	1.56855553718743
buka1257	1.09131378440546	0.993884346028696	-0.747060590656483	3.09896361986435
bull1247	1.70895200522945	1.16002750528777	-0.457453548409258	4.11661536419336
bulo1242	0.219007710633258	1.08695411787489	-1.91684814762924	2.38430460103693
bumt1240	0.882427118041848	1.10860270978145	-1.19904435332663	3.18875223909207
buna1276	1.177617781644	1.04590148634162	-0.781599176847176	3.29482255081435
bund1253	0.365767357743239	1.20390555762295	-1.95142194119932	2.80274330094399
bura1292	-1.13092095528796	1.00960651803383	-3.18083516183195	0.718057336901991
burj1242	-0.39248729308601	1.20069207658098	-2.96678264678117	1.86979934282228
buru1320	0.284237161079433	1.08447342349661	-1.86990012333496	2.40247883596272
bush1247	-0.380430568396061	1.27828816476877	-2.98462975576169	2.01161622668705
buwa1243	-1.21036127977061	0.865997334843524	-3.05979345019504	0.410554932211178
byan1241	-1.3226053682287	1.09418932441863	-3.62932230016409	0.626079915725887
caac1237	-0.718135593659397	0.974609273721157	-2.68564520100559	1.14339298023291
cabe1245	-0.569880190180294	1.28203186566287	-3.15963454085001	1.86862426988024
cahu1264	-0.352914334896132	1.26652132528279	-2.96942340621951	2.10769840092711
cald1236	0.975774631119011	1.22452644297702	-1.36970651029571	3.52358730196106
caml1239	0.785612624732054	0.772500594397447	-0.705436251692673	2.31849339662115
camp1261	0.734404891993515	1.19146245124353	-1.50905423604356	3.20196717821221
cane1242	-0.390175943941966	1.30699077855684	-3.08953611301221	2.1177710066972
caom1238	-0.28047772706831	1.17898543349265	-2.62992129170158	1.9728302388623
capa1241	0.521325227593128	1.22303142439772	-1.80185229528598	2.98002982329584
carn1240	-0.801409857141512	1.21500982051795	-3.38534941622824	1.49549378817143
caro1242	-0.411840024529644	1.20981088346632	-2.86898609160771	1.90897545713501
cash1251	0.96824399682026	1.21941078383898	-1.30418939619404	3.4341986767815
cavi1250	0.458300232799351	1.20531217030734	-1.85839698813589	2.90975977240962
cemu1238	-0.882634945604346	1.03118703741634	-2.98886314744198	1.09171101991789
cent1989	0.436949150482996	1.13636404074167	-1.76865554278265	2.70755181709528
cent1990	-0.802507996423241	1.2348682182884	-3.36214458301647	1.50401012392313
cent1992	-0.229005865087959	1.03387114479525	-2.28798641918696	1.72756134077918
cent2004	-0.751561053060828	1.00077847860102	-2.77894353454357	1.15052645730546
cent2084	-0.0457725256665293	0.936376993201754	-1.89776791989448	1.78722945195734
cent2100	0.285640321623552	0.873553980124936	-1.47011603007189	2.01657682018341
cent2131	1.03771006862975	1.16548895642894	-1.14666021689619	3.38655314056806
cent2150	-0.288255436730978	1.33190613006434	-2.98137046169006	2.26064386304627
cent2292	-0.746921493365348	0.883371716167172	-2.50375775189857	0.947011513900676
cent2314	-0.627926669552037	1.21329655231302	-3.13856465220368	1.62574606518904
cent2322	-0.752446493983082	1.25576688470783	-3.33005206784042	1.56084246942715
chac1251	-0.284897192447551	1.16427349383424	-2.60597806831035	1.95043141657089
chad1249	-0.780204816175846	1.21382686827724	-3.28371411174016	1.49703886442473
chak1270	-0.875540667306208	1.11048208700764	-3.11817615387518	1.21854952859424
cham1309	0.439966537002251	1.06502784435032	-1.61488790787649	2.59906617315223
cham1312	0.691076354346295	1.20932073937038	-1.66302077005573	3.20303526767333
chan1313	-0.0622782158054734	0.87325375336595	-1.80983108563225	1.61643737012733
char1269	-0.949747817919197	1.18851256351002	-3.44959411074982	1.27874153248179
chas1234	-0.273475813604042	0.957065367224966	-2.20415844232017	1.59909632555564
chec1245	-0.346446600390148	1.15720726065356	-2.65479744355093	1.84821802007613
chek1238	0.591803429384708	0.875261527205425	-1.13897342101448	2.35177907653114
chhi1245	1.02208823336684	0.796821553772454	-0.459042854067756	2.66299134509068
chil1280	1.0097281949558	1.25588349614006	-1.38281592647329	3.66397680081188
chim1312	1.15720613693561	1.26046869125197	-1.23344443884117	3.71349288185027
chip1241	0.321941025244344	1.28326602280074	-2.1465228115356	2.95594212589465
chip1261	-0.471801730697348	1.2729100169181	-3.0687234591419	1.93939867504061
chir1283	-0.646985102157043	0.840457857927977	-2.35936692297035	0.931208186213642
chot1239	0.25470732389214	0.893826583406915	-1.43416000045233	2.05299108929123
chra1242	-0.489670862132241	1.13201990853121	-2.77279426123826	1.65201237876831
chuj1250	-0.941823627796737	1.21726501098368	-3.48088388660311	1.33769473447712
chuv1255	-0.608860787559418	1.26715176823068	-3.21034871611636	1.84542067296034
chuw1238	1.12920303387834	1.24871536615555	-1.28451253307035	3.6501707315006
coat1243	0.330370064146164	1.03171511091074	-1.6962245727496	2.43165093266242
coca1259	-0.31964032410157	1.24725564763394	-2.7978940318298	2.09449551911128
cogu1240	-0.545410325507855	1.23357396983388	-3.00691936339273	1.81854526176542
colu1241	0.721624940383953	1.24337428753879	-1.58676708520124	3.24860841554739
cong1236	-0.457500568321225	1.2993178648113	-3.13721618511778	2.04385809283981
copa1237	-0.510550328430622	1.06185176798373	-2.65974063035699	1.51771983368684
cors1241	0.637543939996596	1.22365347150897	-1.68292543351372	3.13616051044589
cosa1234	-0.721215150441576	0.904649946440944	-2.57408273143926	1.03218311699727
crim1257	-0.328559970225639	1.28792159819351	-2.96714475219189	2.117878203026
cros1244	0.121384255279142	1.06357332271982	-2.02361101136448	2.20549026717467
cusc1236	-0.799901578399275	1.23823146323587	-3.31282462835533	1.49402077437676
czec1258	0.646690015849402	1.22200887147002	-1.64419252335347	3.16302550960865
daai1236	-1.44815231711506	1.12729090446811	-3.82586847627991	0.596808723166461
daas1238	0.613623943027514	1.11149992671111	-1.55190661126869	2.84567552429754
dagb1246	-0.724835894160875	1.23543398309267	-3.30009097437515	1.6137364834349
daka1243	-2.0722277923794	0.866492551809323	-3.84102776569178	-0.509084578726737
damp1237	1.43515086600767	1.20433625011643	-0.787910861713985	4.05993651666105
dand1238	-0.965882327999683	1.14276458473312	-3.25824051549825	1.16528849689326
dani1285	0.605120125011444	1.23843611026973	-1.72918854835028	3.11395661585032
dara1250	-0.0496008964614782	0.951661447758989	-1.95496922452396	1.80554987616641
darg1241	0.806638451878607	1.1594337054591	-1.43124396885725	3.17385113484994
darm1243	-1.3416708038469	1.10186107320331	-3.68287268568297	0.61324619717381
dawr1236	-0.96064896319645	1.14494101619555	-3.32771381786971	1.19636989820042
dege1246	-0.474101648204793	1.12743655581102	-2.81000588894092	1.61334762699277
dehu1237	0.111212342857284	1.0070497449633	-1.87356946654082	2.07964891197307
dera1248	-1.13157022257762	1.04272910813756	-3.29594547945251	0.770067901996217
dhao1237	1.06864569721668	1.15366722874673	-1.07338871253316	3.45067559193068
dhim1246	-0.593910646347305	0.993755978836969	-2.57378150894226	1.3149664614549
dibo1245	-0.945877054958805	1.23911461587041	-3.51747717114571	1.32351050040488
dido1241	0.375234685830702	1.06355496928416	-1.69541623462162	2.55697042005574
diga1241	0.21429949786137	1.0248461963866	-1.81653591115355	2.22555848586736
digo1243	1.01439996254796	1.19041177427704	-1.306806856557	3.46726536680109
dima1251	0.158996177765329	0.997928293435794	-1.79284092255737	2.17807813748055
diri1252	-0.342198265948789	1.29446302920114	-3.0379436872292	2.10882020710721
djeo1235	-0.367925362278621	1.27713722431482	-2.97883210761017	2.02825244566419
dobu1241	0.833640274129349	0.924773140348728	-0.92317952100538	2.71946079165887
domm1246	0.963332742593433	1.00959297040621	-0.926586318574905	3.02473246829156
drun1238	0.0710500395141763	1.07097232744642	-2.04172674136414	2.2056342096929
dual1243	0.445143226327879	1.04825351563316	-1.62334118261184	2.48615373355337
dumb1241	-0.340959120693293	1.00464145616517	-2.36193090921933	1.57434115946557
dumi1241	0.605644614085684	0.798898474750452	-0.931429500689089	2.18797786923842
dupa1235	-0.601234237315102	0.942125356188682	-2.50067527443615	1.15423951083862
duru1236	-1.00132522208354	1.22001849178232	-3.54503212740591	1.34381772029904
dusn1237	-1.27738452451211	1.13664827462939	-3.72217671361216	0.824174627062949
dyul1238	0.751174411171024	0.979271074531022	-1.19551936224972	2.65792677195905
dzao1238	0.993786138952381	1.21796675814426	-1.23005790399708	3.51766584445281
dzon1239	-0.490277727642872	1.07240617511883	-2.69881696966245	1.54529009745586
east2328	-0.785594568663998	1.19179908880346	-3.19356537297503	1.48866694525824
east2332	-0.29569945414524	1.11179182783893	-2.54489151935906	1.87418958122673
east2342	-1.46108075612391	1.15972047234496	-3.89040261150942	0.632528542098397
east2443	-2.23996515781568	1.00825020903809	-4.33641717753261	-0.356631763263485
east2447	0.913018616371688	1.20546501778478	-1.40080099104275	3.42187458392065
east2485	0.890103707397321	1.07186963553762	-1.10278765520657	3.04979332333558
east2516	1.10853864952257	1.1584431807987	-1.03323323354456	3.49622083799188
east2694	0.124497565335631	1.03233567814074	-1.91509060030347	2.16060317294355
east2773	0.0633590490445273	0.843414145105308	-1.59409901925849	1.71197750918956
east2782	0.812690198685639	1.16837131859723	-1.4663905104823	3.17189240883451
egyp1253	0.77214051740223	1.23154225567141	-1.58615415093269	3.27333738210791
eipo1242	-0.316260864062196	1.07334637676022	-2.41808939635031	1.80068483326066
ekar1243	-0.598308361615862	1.1022588084773	-2.84939533094116	1.54028727720865
elna1235	-0.846698223916789	1.206728855471	-3.36966091753603	1.37413105587733
emae1237	-1.21910762388412	0.986373785081896	-3.31127043322744	0.610507951539301
emai1241	0.00744147724827374	1.15072595202314	-2.34791984146196	2.23875044745098
embe1260	-0.679671082511867	1.33384933514208	-3.38973113000805	1.85717151624755
embe1262	-0.534293974875569	1.29092019858969	-3.16179746589248	1.93849456971698
enap1235	0.792046221316776	1.24804300136436	-1.56055737534815	3.34074833332138
enuu1235	-1.12969881604639	0.99787437245949	-3.19885741678941	0.725228544278726
epen1239	-0.493121790890369	1.27109003972955	-3.11504127710177	1.95856493930732
ersu1241	-0.335304867794133	1.07264035953589	-2.4874407465779	1.72946156584763
erzy1239	-0.717339792602698	1.20521589814983	-3.21509933596911	1.54129839861897
esan1238	0.0835882859440513	1.11298444634449	-2.13276054735668	2.21458963040368
esee1248	0.297824000113066	1.17544081931496	-1.97844945184297	2.7151691876714
esim1238	-1.12653594459573	1.08220083136269	-3.40921537691543	0.874002180450841
esto1258	-0.923232271356332	1.22622677206011	-3.43589089703191	1.39922618846424
eton1253	1.03721081493912	0.982165312559491	-0.847980623043783	3.00271982140827
even1259	0.485606483831572	1.27179400377379	-1.89937227868398	3.0543722262356
ewee1241	-0.411139556634003	1.13233137211148	-2.69879248820468	1.75499858831524
fare1241	-0.797059935876822	1.23297958065433	-3.34701931466501	1.47782410873529
faro1244	-0.841611953441871	1.20200814506164	-3.30503448651765	1.46266880209605
fiji1243	1.19051958753467	1.17237729078247	-1.00496419177678	3.63611426149442
fili1244	0.249986227770214	0.962132811651611	-1.65592134527229	2.15211296225195
fina1242	-0.866672612762907	0.843673577045684	-2.58535503785808	0.723443002343426
finn1318	-0.743775313408197	1.19675641493183	-3.24376018808915	1.53602504947287
fonn1241	0.538899695589471	1.18345534989871	-1.77972819328417	2.91279288662236
fore1265	-0.701177186617823	1.18430048961662	-3.14001293350157	1.55736101693045
furu1242	-0.899081073909958	1.31798997670706	-3.62709164900722	1.50781900533363
futu1245	-1.43341853481754	1.15205826809511	-3.83952300203218	0.651506923667162
gaan1243	-0.856236419144663	0.978036082210259	-2.82225164295749	1.03868405736535
gade1242	-0.860417484595338	1.27930409190614	-3.48805363529704	1.52206150824378
gaga1249	1.21188484136529	1.27211655569222	-1.17974754734315	3.78493123733046
gahr1239	0.535364114881415	1.15140891001241	-1.66942673106819	2.83235805372726
gale1259	0.707770105814907	1.26379221454985	-1.79359231524898	3.28011694495315
gali1258	-0.869474201728999	1.2348436758079	-3.43750053076701	1.41499815637391
gali1262	1.09527247235998	1.20026728976734	-1.16534362673623	3.66217484293245
galo1242	0.326206220709538	0.949862177007793	-1.55693959253083	2.22029045714411
gami1243	-0.698392469200025	1.24973039032638	-3.3265188971026	1.65651087452903
gamo1243	-0.539080192070328	1.10019129132726	-2.73182255044772	1.577200631036
gand1255	0.337456104034113	1.12999893501081	-1.97063594816042	2.51897277751995
gang1266	0.0565318930178769	0.875744385920157	-1.61725045507003	1.77971289392833
gant1244	0.286157693323992	0.931995600026843	-1.55092480955811	2.10494416139911
gapa1238	0.729408849868083	0.945297583993313	-1.10441957491798	2.68751648095668
garo1247	-0.0702367618610101	0.99174652799401	-2.03969094145111	1.86546603739354
gayo1244	0.408921067552898	1.12414058184601	-1.77933195791376	2.67393342586084
geba1237	-1.34606165461492	1.12071884180611	-3.68680325134934	0.758123293918947
gela1263	0.606530247752395	0.889741384419231	-1.08735249288543	2.41477966804152
gheg1238	-0.496717539888178	1.12982580173616	-2.78078912239493	1.70758290244867
ghod1238	0.488514558006332	1.10655475831776	-1.64855220932878	2.74314114787569
ghom1257	0.765867620414289	1.2104378757921	-1.56892952841671	3.27233875067657
gilb1244	-0.590771693190763	1.20331509809899	-3.10823816826942	1.71845224764631
gira1247	0.0628428321429613	0.905057835168325	-1.72584129725617	1.84042751231332
glav1244	-0.747085149354092	0.879799091706899	-2.53553057464654	0.919824571047307
gofa1235	-0.790814107077875	1.1032863654132	-3.10729933539807	1.36274264586485
gola1255	-0.0613143403337414	1.20935229273229	-2.50865044694965	2.19760636134733
guan1266	0.778559491481283	1.03554775836488	-1.1631509328944	2.87100783019709
gube1234	-0.570664618117232	1.29663029233318	-3.23734192033823	1.82440569798512
gude1246	-1.05081570136328	0.905914442404605	-2.91469460459482	0.649266274705481
guer1243	-0.826200282764249	1.08026170724526	-3.01777025819461	1.19081748915323
guhu1244	0.0194862347807834	0.981027556243713	-1.86697060009044	1.97125026289505
guiq1238	-0.206561065132432	1.0705709205782	-2.32868132570923	1.81998282279142
gulf1241	0.6716121766237	1.21352071418152	-1.68726768346558	3.19268189756075
guma1254	0.341900202710953	0.938079680734098	-1.4818564012618	2.16009451484796
guny1241	-0.580185174381331	1.23146107478472	-3.07178359730492	1.75294235424068
gura1251	0.885574219106086	1.21669521678951	-1.36362311226045	3.41969508246981
guro1248	-0.676743702649356	1.24384057828632	-3.17755046132043	1.70546019997066
guru1271	-1.73805025908313	1.17768343819826	-4.18626336066066	0.427666659593182
gyel1242	-0.172154511257602	1.19587113996066	-2.61741627620034	2.12311023466257
haaa1252	1.14967940741313	1.24434223890643	-1.2725782335852	3.76966093419836
hadi1240	-0.72969639615644	1.04549188050911	-2.83866814977637	1.24091666953629
haka1240	0.208542551825947	0.995171563391885	-1.74644579448724	2.17170717618224
hali1244	0.0939359594443571	0.967653833969936	-1.85230026426451	1.98373945645756
halk1245	0.469045707281033	1.22868655705817	-1.89207415996148	2.98425749698554
hani1248	-1.37602639713485	1.16001461784339	-3.7957191238073	0.779875163876283
hass1238	-0.691619027362924	1.21412376173522	-3.16482906046075	1.61186842319702
haus1257	-1.35833331105744	1.2336244963544	-3.90704355305657	0.936975755176246
hawa1245	-0.578942659426433	1.19745979015241	-3.07630657557949	1.71333153441414
hehe1240	0.510931739690366	1.1109721245985	-1.62989845266662	2.66750818242044
hela1238	-0.3424901155274	0.86659320183845	-2.05165908589683	1.32042461915267
here1253	-0.378426830983421	1.28815573264616	-3.04820044679354	2.05869605779265
hind1269	-0.711779741718658	1.21392902208158	-3.22379123795865	1.5843805269391
hoav1238	-1.0650328707417	1.09197834437887	-3.43738079186773	0.92116477541186
holo1240	-0.399547784302035	1.24675856472983	-3.01925008590352	1.9807266836861
hone1235	-1.52972442804651	1.17165392863051	-4.0256425150273	0.582185321014488
honi1244	-1.04517262349239	1.03740412432724	-3.26783700662421	0.900421895504803
hooo1248	1.10502899156624	1.20441615650628	-1.13300639730547	3.59454390503748
hopi1249	-0.263610836706856	1.24470786028047	-2.8256226151498	2.15966362348309
hote1245	-0.709158241371188	0.826434819712238	-2.44134222622217	0.853006057365595
hual1241	1.14717753624439	1.22634459342466	-1.15617809076877	3.67691960203533
huar1255	-0.0161947182102565	1.18343266768002	-2.42222113603026	2.26930866074204
huas1242	-0.324691671222565	1.25745209240486	-2.88826290720795	2.0724129142985
huba1236	-1.0464815767755	0.920605159804524	-2.89817098244009	0.708192069567484
huic1243	-0.795484187191417	1.22968235964185	-3.3489517757309	1.5206063319632
hula1239	1.21414776098134	1.00636971564372	-0.652042199936928	3.3166978792784
hula1244	0.582803035394557	1.23464296275926	-1.81208276297575	3.11357844189739
hung1274	0.623260045692611	1.21028858297569	-1.68125825798692	3.1065054628877
hung1275	0.817301291748165	1.18590368799698	-1.39319892437038	3.36318827631869
hunz1247	0.207821541203388	1.06391142305333	-1.87150690468516	2.33618899702467
huuu1240	-0.437582884820342	0.861004057144089	-2.18082931028975	1.18884805030951
iaai1238	-0.663599423800279	0.976031036801247	-2.69530879336531	1.14650976914262
ibal1244	-0.99339152116091	0.919817829336244	-2.91416999320068	0.767899989011556
iban1264	-0.255789310250444	1.16497368659593	-2.59648159536577	1.98581611835491
iban1267	-0.664447654442798	0.883861860378364	-2.46064413828037	0.992388344294528
ibat1238	0.743550907500269	1.11275896614916	-1.40911780915528	3.024551509545
ibib1240	-0.289248216383162	1.07632727882497	-2.48856999475579	1.77576398195388
icel1247	0.674544823848379	1.20533778599291	-1.61824567950982	3.20021270733769
idun1242	0.511916640053574	0.94540077228183	-1.35123958995533	2.39427546689705
ilaa1246	-0.137799269792441	1.22631984298183	-2.65975191552021	2.15934166272964
iliu1237	-1.10463944778609	1.17720853805761	-3.6093561371209	1.09250312872582
ilon1239	-0.816684925676056	0.88825276755369	-2.61139656126013	0.880715055332674
imba1240	0.978940614525857	1.21141690988621	-1.29244339677588	3.48134398580375
indo1316	0.00847262494242156	1.08366281312374	-2.1285509863793	2.15066758677101
ingr1248	-1.16361012515456	1.24683488925964	-3.77015802867202	1.2112592593934
ingu1240	-0.35244466259912	1.15140538054814	-2.71283784178386	1.82480707670131
irar1238	-1.14689072994919	1.18303810364701	-3.61128431701816	1.02065590785736
iris1253	0.681573235299993	1.21473498464968	-1.57306249970797	3.18318390993434
irul1243	0.54663727779302	1.28212927767596	-1.87978023652849	3.18647672267376
isco1239	0.561538091222212	1.23636414764671	-1.78012939744428	3.025043735939
isna1241	-0.232140218459761	0.994340088959166	-2.22161735649562	1.72760851969744
ital1282	-0.719688008959453	1.25685870005879	-3.32445100764501	1.66079155811442
itza1241	-0.568605622946836	1.30261576490977	-3.23280185762229	1.91967346858722
iumi1238	-1.4366882938131	0.982759892989365	-3.43366221063926	0.386091114901713
ivat1242	1.16784219334369	1.16230229434076	-1.05985479584078	3.58998966509389
iyoo1238	-0.55283647934356	0.893093096478612	-2.3483008030952	1.16068261687981
jahh1242	0.718017403259044	1.06999047466885	-1.37365068643944	2.87543144953594
jalk1242	0.380888639515649	1.07659919750458	-1.73437657945298	2.42263815761989
jamb1236	1.02609016909742	1.2151816572981	-1.27489710411878	3.50855641804769
japh1234	1.03002991230288	1.03319452432711	-0.916429628953962	3.10893988679214
jara1266	-0.294162644414609	1.03720611257932	-2.36789689873191	1.71043950677722
java1254	0.288127370100991	1.07891613906188	-1.84153225424344	2.37125327161622
jede1239	-0.750275343370944	1.11824921595635	-3.09742945431555	1.3015060962531
jeha1242	-0.897496905836178	1.11307410719799	-3.24778250894852	1.13904481660444
jina1244	-0.968725466502312	0.975335887553109	-2.96721886930479	0.873719061127736
jurm1239	-0.416901712809843	1.29272902417751	-2.97264383766694	1.95901222592002
kaba1281	-0.537741957099654	1.2248141588934	-3.03472959796348	1.75516763767423
kaby1243	0.763561577264993	1.21883442269538	-1.53813921662732	3.25376987593861
kach1280	-0.23865746881177	1.10956061405502	-2.46659095941232	1.8906209176301
kach1284	-0.192908518604005	1.10146701476413	-2.38169891143307	1.91715859405282
kafa1242	-1.19256723719226	1.21663882262556	-3.66574167757708	1.07822839685812
kagf1238	-0.304262116671984	1.27695773894298	-2.82819039649597	2.16105606418883
kagu1239	0.607499052617409	1.1154811701009	-1.63930000619959	2.79210957641914
kaik1246	1.05414918220169	1.0548169993072	-0.870758354594742	3.18524291955666
kala1384	-0.361872126689853	1.26287948670827	-3.00238583768566	2.03692471509662
kali1308	0.754484009583286	1.27377399819934	-1.6249239784814	3.33039163239025
kamb1297	1.21377331553932	1.19803969551625	-1.06468552416719	3.72228401645518
kamb1299	1.22569791404449	1.1326961000337	-0.846033848493374	3.57516318463596
kamm1249	-0.822045314831667	1.11284346020217	-3.115655768587	1.28338573667076
kana1286	0.364256601927907	0.808247799004392	-1.26777288580749	1.99969681119541
kani1286	0.401302664502858	0.971209250641941	-1.43505510799468	2.31848374318216
kaon1241	1.12310385877316	1.22247253031176	-1.23174837304878	3.5812974122485
kara1482	-0.360108286907113	1.31237558230343	-3.05651156802824	2.07497400836223
kara1486	-1.8770748746754	1.10790057887269	-4.2719750821154	0.116406004655315
kara1487	-1.05488378548257	0.841667570698118	-2.7819101048398	0.533232090075482
kara1500	-0.319230973183458	1.25939137819134	-2.90771118725103	2.13105576087133
kare1335	-0.763452915878491	1.22208098280285	-3.30017036528417	1.55590760652308
kare1338	-0.677111592818269	1.16432385153838	-3.12425157032745	1.48528578919996
kari1311	-0.670820380507095	1.25203919945261	-3.2758755513245	1.58574862155414
karn1252	-1.78107507641774	1.01945720145385	-3.92359207717267	0.0405716204105991
kash1277	0.846597395679031	1.20206115948901	-1.43325676567642	3.35671211632637
katb1237	-2.12102338563529	0.812390211202871	-3.82054410705198	-0.678743336208098
kats1235	-0.167761294501184	1.03698272526388	-2.18072582638199	1.90872209738643
kava1241	1.29823285682014	1.13749985821243	-0.829264987707431	3.71735657280501
kaya1315	-1.37900024678088	1.13087408270949	-3.76933202374656	0.677069710330629
keap1239	1.17835967757492	1.04253538535045	-0.748318482707395	3.35358704285202
kele1255	-0.614986909902168	1.22186542372378	-3.12769101711888	1.67712444011661
kele1258	-1.54468535176357	1.06462412907933	-3.81976137203978	0.335709694255519
kele1259	-1.02757668333549	0.816046786711242	-2.66831338465845	0.565451449007276
kemb1249	0.911946143670716	0.976131572442365	-0.937798681705099	2.88988215901633
keme1240	-1.2538348577897	1.0744562131674	-3.53177698105847	0.698479009355094
keng1240	-0.0307776536522735	1.1668948081102	-2.32607112862347	2.21502699170064
kens1248	-0.733280249762046	1.13634991747626	-3.07551612755471	1.39689524697017
keoo1238	0.0178654965199563	1.02166561501778	-1.97844107646036	1.94306281411691
kera1255	-0.912579121851807	1.00825642287706	-2.95013329148629	0.992432013868227
keri1250	1.2124981443556	1.19720140701209	-1.01558761842139	3.701298357351
kesa1244	0.173848569677048	0.918201393666341	-1.63938515465001	2.01195748690771
kgal1244	-0.398315125685194	1.27922772377441	-3.06852491173374	2.03828567353526
khak1248	-0.334802045283109	1.3094150077121	-2.9477396241225	2.14585556560559
khal1275	0.2093978470954	0.819649321925476	-1.3926994245768	1.84583348561326
kham1282	-0.644696852714954	1.19572677580552	-3.11699551658558	1.61437958936197
khan1274	-0.965402441896707	1.15654809848607	-3.34630810137685	1.19146956909495
khan1278	-0.492716402488669	1.11372390941483	-2.83117476215889	1.5631070405249
khar1288	-0.687966445600171	0.839956684913501	-2.35332497380673	0.909173914754332
khez1235	-0.486362226876153	0.83584385545351	-2.15248904694605	1.12563307690329
khin1240	-0.120145045037452	1.08480673813002	-2.28809461862514	1.97313784524259
khmu1256	-1.06805034809683	1.12294911534151	-3.36468544855446	1.01674294516025
khva1239	0.326725598416765	1.05110419970955	-1.7533606901853	2.46131324172061
kich1262	-0.768716584670001	1.29594266184906	-3.33999509489417	1.68218355678416
kiku1240	0.782762240048326	1.07907439249629	-1.34714310323777	2.87853219839489
kile1243	-0.85568660583256	1.27801826425792	-3.55198247346065	1.58818077327847
kili1267	-0.27825375927469	1.07807544166275	-2.4533928593779	1.78837835516064
kimm1245	-0.176678397327286	0.982207279699244	-2.11067155521327	1.74121932304994
kimm1246	-0.557019627651369	1.05202560985668	-2.74133536870625	1.44973402780993
kina1250	-0.428444522968739	1.15573806635901	-2.80515242834127	1.79487322118159
kinn1249	-0.379978309081622	1.10911555821443	-2.66820692936287	1.72027622261487
kips1239	0.994580446204482	1.15164340859099	-1.23237973546592	3.32919719088854
koda1255	0.951250509557288	1.26176473611276	-1.45465480906005	3.5431503051332
koho1244	-0.445446339956545	1.08477535988521	-2.66088313634307	1.65986975390102
koir1240	-0.734197814029815	0.830426964469549	-2.45692499815621	0.844791062464973
koko1269	0.538411250283141	0.92976283424229	-1.27345515592549	2.37425798459042
kolc1235	0.0444717051154368	1.12079737842292	-2.25464851853838	2.18726347539468
komb1274	-1.18431607439555	1.16413994978439	-3.58163958871903	0.981986931761091
komi1268	0.71273166357601	1.22760823495906	-1.6102370465423	3.30537266472149
komi1269	0.710681707757014	1.2403814029943	-1.65505357241664	3.21762185510661
komo1260	-0.423152019868773	1.26538577591782	-2.93097199916281	2.01308625231016
konk1267	0.611480665439902	1.24148407000453	-1.7444035585993	3.18548748832482
kony1248	0.0506302477734104	0.899791898525783	-1.73787255793547	1.79090904069946
koon1244	0.206403655866705	1.18469407148718	-2.20553036223278	2.5051383992925
koor1239	0.147973387126871	1.10837308975438	-2.08065905906794	2.27829418145989
koro1298	-0.765940003453818	1.24304779572896	-3.33029665529423	1.5288766552622
kosa1249	-0.356844324443772	1.07996732877753	-2.52963520491284	1.75803553095004
kove1237	-2.00861201195304	1.15499554025022	-4.39897660348796	0.0575373245839927
kryt1240	-0.160363475365915	1.09836177929807	-2.32304080585656	1.94819002692366
kuan1247	-0.350596349645707	1.27755337899341	-2.9712443458279	2.06238016441256
kuan1248	-1.74314985965242	1.11132916712022	-4.10989469193921	0.249709304278666
kuii1252	-0.0343597563074819	1.19356141905658	-2.36023012509364	2.31403697020189
kuik1246	0.0592229065006677	1.12903774475326	-2.20753831113949	2.21447169791786
kuku1273	0.925999059254342	1.20217817278978	-1.36195241136441	3.38229397835079
kuku1280	0.0366530526026721	1.10047858469112	-2.20662362940769	2.22053818770569
kulo1237	0.905125211360398	0.861771262156683	-0.716022552123098	2.70703258348798
kuma1276	-0.493046332667617	0.96231519600421	-2.42270413035144	1.3428890152533
kuma1280	0.842277515564121	0.983295211302623	-1.02892616739838	2.90076727132128
kumb1268	-0.644693740517456	1.25741530283892	-3.24463087305675	1.77351845463256
kumz1235	-0.818890961629008	1.20237574923214	-3.27515027899521	1.47150258175428
kusa1251	-1.1321380042759	1.08634308871599	-3.44352043372065	0.82103782435875
kute1248	-1.26858467983982	1.10338287267968	-3.59505777060074	0.78923476750384
kuyy1240	-0.395849621183149	1.1515898226367	-2.70198031304001	1.84083340702688
kwai1243	-0.167861396596784	0.819062907015337	-1.85777718984012	1.38755299842998
kwam1252	-1.70670487902789	1.02672095180733	-3.90653139292794	0.125468150931762
kwar1239	-0.2398961744543	0.813154842418074	-1.91297269021479	1.28543358480873
kweg1241	0.250725470929929	1.11277911739447	-1.95745474248698	2.43115429195317
kyer1238	-0.270206296839194	0.866901458887386	-1.96752575955716	1.42069839797457
labu1248	-1.0076459511241	0.785301093118151	-2.6239799089263	0.474617913804499
labu1249	-0.344506120420472	1.07011654016908	-2.55078628382923	1.64048330793468
lach1248	-0.377657696599921	0.996904959838103	-2.32701395961158	1.52435398250358
lagw1237	-1.00438795936421	1.01851631083084	-3.15859613993228	0.904010151567681
lahu1252	-1.3190997597737	0.898728764705923	-3.20373166678353	0.363606187849279
lahu1253	-1.51843284417782	1.05132988860074	-3.70664277994002	0.439422871177601
laiy1246	1.47938685185454	1.11811083466639	-0.542473028578669	3.86337332528534
lala1264	-0.205278830744421	1.26539767722932	-2.7577249938833	2.17273757666849
lala1268	0.584387602487672	0.984213605395809	-1.28791017363184	2.55936700167187
lama1277	-0.312095069882949	0.961740158421796	-2.25907835637385	1.51725702518037
lama1288	-0.894883807649468	0.87846135638664	-2.6921070507814	0.738190207922835
lamb1269	-0.414502434582174	1.17535716357428	-2.77428444135719	1.85412879580934
lamb1273	1.20142469634239	1.1446074366894	-0.92647738328808	3.55484984638058
lamk1238	0.47014116480393	0.934064097695486	-1.28169544338534	2.34570422858151
land1256	-0.244992565564074	1.18553100644659	-2.68248422907637	1.98795600929181
lash1243	-0.293566446347336	0.982274036711292	-2.22726794391899	1.58625185874245
latv1249	0.571449366796812	1.21676068888838	-1.69428637807369	2.98294712698663
lave1248	-0.782026691687905	1.14605677616309	-3.19027063963942	1.33556597455559
lave1249	-0.522052263136119	1.07776983672996	-2.70491767341312	1.50488075250045
lega1249	-0.496829088261548	1.2454721159826	-3.07758480086427	1.82806289154982
lega1250	-0.30618340869899	1.2343955654678	-2.86686547315285	1.99464153471844
lele1276	-0.215216702533121	1.0403852975701	-2.29276673121979	1.85913563105202
lemb1266	0.661619553670222	1.09466142794678	-1.47942831471156	2.87943974442925
leme1238	-1.965424298073	1.1005880516215	-4.33795424905209	-0.0129284587578821
lena1238	-1.70105617964028	1.03096624040125	-3.87266751636066	0.129345562012078
lend1245	0.0905461264936571	1.17957693799442	-2.22510689949382	2.38852863970841
leng1259	0.598953937772126	0.966492828337675	-1.30342635228238	2.52311186583509
lepc1244	-0.757801557882108	0.978145591527444	-2.75420921872466	1.04717773737468
lese1243	1.0984374982359	1.11840902565614	-1.01564562824001	3.29142242412352
lewo1242	-1.45833831545403	0.918778419106174	-3.39009318355787	0.259295281949192
lewo1244	-0.180692159730209	0.967636670462136	-2.13820490048984	1.69629154729788
lezg1247	0.342571514943305	1.09967735117921	-1.78925546454898	2.56589624304438
libi1244	-1.34016907283934	1.20154423265269	-3.8637915550832	0.85269985799141
liby1240	0.762899357986367	1.21039169620613	-1.51573647756396	3.2931336614044
lihi1237	-1.59965578583434	1.13818485698728	-4.03068565757122	0.454897207707337
liki1240	-1.32444568725198	1.18168224768034	-3.79113855826434	0.822940151115107
limo1248	-0.618678015955131	0.896859212730477	-2.39629433779545	1.12060567381534
ling1265	-2.14322105847511	0.805643423420777	-3.87090033236037	-0.688682528993268
lipo1242	0.632963987424951	0.967674388891231	-1.22768012087788	2.58383406281544
lish1245	0.856790786579717	1.2203906401848	-1.44461656896389	3.40626118549952
lisu1250	-0.529466199399866	0.913715968767514	-2.37587969424176	1.22088454027929
lith1251	0.757551135846492	1.23674491210986	-1.56762554059439	3.32614961086636
lito1235	-1.33619902332936	1.1841061703671	-3.8631245667836	0.807569107871669
litz1237	-2.12182932117824	0.807820242704881	-3.81801549032925	-0.683838792879295
livv1243	-0.998933114714381	1.25941999776088	-3.60455925451865	1.39040813350542
logo1259	-0.426800225725921	1.23597460521988	-2.96775067453698	1.9669703140039
loka1252	0.0411589966732516	1.05690964317343	-2.07312455977703	2.09057046009642
lolo1259	0.445878059773466	0.978048697292521	-1.40510207060162	2.44595322067168
lomb1257	0.132349693718911	1.16537678702438	-2.09059613739859	2.44621425492342
loni1238	-1.54153518946912	1.08243538669985	-3.83978311300759	0.377515839538932
lote1237	-1.57692519502787	1.15845917597103	-4.14935810838264	0.528377812040953
loth1237	-0.369965863670433	0.867092576964345	-2.08969755761017	1.33363318238957
louu1245	-1.59812861893555	1.08588123114336	-3.97732923801224	0.279812507195633
lowl1265	0.465430276839848	1.13906940372574	-1.82042824649473	2.72889691401984
lozi1239	0.291537301432134	1.18307413290287	-2.05203509275909	2.59169048321041
luan1263	-0.665601080755732	1.14972004488283	-3.03096534692462	1.51440252603846
luch1239	0.400234764982331	1.1055827421802	-1.80311801471483	2.56884575297444
ludi1246	-0.613613034000933	1.18356280944358	-3.05767767765249	1.65526581718341
lugb1240	-0.374692760611512	1.21533879870064	-2.84766091232595	1.97551042289546
lugu1238	1.16232824574846	1.15309302372393	-1.05984123296926	3.45046546120878
lule1254	1.01568080173989	1.22267983344288	-1.25143959970366	3.59579834372333
luok1236	1.66659266181113	1.11466993344102	-0.434041428296111	3.97358128144167
luse1252	-0.955789995297365	1.25487603426005	-3.60964078615891	1.40864395223273
lush1249	0.235716086914677	0.98458315119271	-1.64147036225134	2.14508306712044
lush1252	-0.19945577823652	1.18016644748706	-2.57234086824249	2.11722182790406
lusi1240	-2.06645301180599	1.12887537791067	-4.46383128891414	-0.0675131595837847
luva1239	0.80239461321402	1.13922982259789	-1.43674689443628	3.04406163525424
luya1241	-0.00239605466989812	1.21544307881885	-2.45415116751958	2.35331843340949
maan1238	0.852067176019964	1.23459099296254	-1.44336213226202	3.44535124753275
maas1239	-0.0516272509768655	1.11184317795251	-2.27082259835895	2.03798832112779
maba1270	-1.10677851440999	1.22548671822799	-3.63632874555701	1.17777991832114
mace1250	-0.00809405009688771	1.08869914280965	-2.16746215373089	2.16013465659383
mada1285	-2.03587235135524	1.06462486889713	-4.33347819357616	-0.151269274263749
madi1260	-0.384985234146729	1.21271060281533	-2.84019447851012	1.92561076243148
maee1241	-2.11164613132704	0.820509697343964	-3.80645970380352	-0.626175896617836
mafe1237	-2.34093311185387	0.932318945613318	-4.37551754779746	-0.663714938680561
magd1235	0.305889675685022	1.04084445524571	-1.68776066296717	2.37106364342095
mais1250	-0.237003001853336	1.02333506817216	-2.30575732843169	1.72572493336295
mait1250	0.338689846862235	1.04293191705936	-1.63829893239255	2.44798653878183
maja1242	-0.978284203230613	1.23277189675894	-3.50297063545975	1.41179064386944
maka1304	0.27377978730797	1.08140184710131	-1.90774889664043	2.34669733434534
makc1235	0.383564783822314	1.20685398452502	-1.96242130392017	2.85085407020621
makh1264	0.27225188020276	1.18856601890973	-2.12834021017655	2.56869424751119
makh1266	1.37231920198986	1.20344450954762	-0.899703643330551	3.80409786449534
mala1463	0.7289840497892	1.26116936244382	-1.66094382491131	3.33964548237029
mala1464	0.866300834917271	1.2413300583205	-1.47428014107485	3.45113382672749
mala1479	-0.0938500217881673	1.14036075038183	-2.42497240991542	2.13103539279693
mala1522	-0.534135535517287	1.23631783390993	-3.02482827483193	1.80141300404696
male1289	-2.02089839428644	1.06572233137063	-4.33039495675776	-0.126862398370187
male1297	-0.437890584677195	1.31592798999455	-3.1296634958128	2.1101568549629
malg1251	-0.845554492210973	1.03493517397135	-2.91628275763132	1.10791185439964
malo1243	-2.25140790892633	0.877577200523882	-4.09656349945261	-0.672922552394923
malt1254	0.723378530197313	1.22036610180632	-1.54684304211784	3.26737761837881
malu1245	-2.10572283972652	0.8365548401322	-3.83365405638442	-0.59146022896117
mamb1294	-0.566066273364143	1.04130756009169	-2.67050318698909	1.42663783414616
mamb1296	-0.264008859700713	1.20657779461969	-2.80675028203631	2.00714664985172
mamv1243	-0.225862976025513	1.21378826009634	-2.67259447274037	2.18322086419903
mana1288	0.709045847108999	0.940619173667173	-1.10468507838661	2.63422490605725
mand1415	0.741285978489255	1.20332284716707	-1.55249397218394	3.21945061209247
mand1436	-0.632770137739412	1.27318270349045	-3.28542424803328	1.77447428689978
mand1440	-1.83720543723552	1.09887209361856	-4.17216633624387	0.158156244719679
mang1378	-1.13744783317428	1.01642475051426	-3.26392237196132	0.765609353858047
mang1394	-0.777868904026364	1.21214213174132	-3.33484983198091	1.42826629059905
mang1401	-0.586942678559222	1.23626733413294	-3.2185416648343	1.75050305163625
mang1404	-0.640840409580189	0.792368930557806	-2.24774257187318	0.832238824884033
mang1405	0.775949930301462	1.05241948524952	-1.20959026840727	2.94197995095499
manm1238	-0.445200116502204	0.874242521245115	-2.22391310345683	1.17501469527487
mann1248	-0.44781879437313	1.30071745555672	-3.11175422297688	2.04567760242948
maor1246	-0.588253355648784	1.18869096270228	-3.04355450589314	1.66397560459827
mapo1242	-0.847089760927545	0.765688429339098	-2.44609278364914	0.600918087412699
mara1378	0.415179873249228	1.17906493727759	-1.81670311434172	2.81421404145387
mara1399	-2.09832430985191	0.811792584575248	-3.77647777420978	-0.646995001209835
marg1265	-1.12895349227466	0.988671982023269	-3.16544378602262	0.726906484307753
mari1426	-2.09326020945083	1.08307903768739	-4.35860930997933	-0.0685988216108713
mars1254	-0.586564705333219	1.22132935327204	-3.15714159376728	1.71911117755918
mart1255	-0.263961164594089	1.18398936986595	-2.64131178697178	2.01964204157099
maru1249	0.357413823733267	1.05099587938271	-1.71866095576844	2.46804427804854
masa1322	-0.872474268779881	1.02073126025014	-2.97124211873821	1.02661912632219
masb1238	0.3892290624181	0.983445068682449	-1.49422128878351	2.35662063392423
mati1250	0.400512661404066	1.0060686766691	-1.53922992395942	2.41128200019608
mato1252	-0.952623515953744	0.822804258170934	-2.63958510878044	0.606044406423606
mats1244	0.279556451793228	1.23071060143799	-2.09839651040594	2.67145473696612
matu1259	1.40582873519848	1.23786318631999	-0.936630950344592	3.96123637219417
matu1261	-0.0629924060689708	0.998374701358206	-2.07691635503986	1.89226841585365
maxa1247	1.1633204361866	1.30669830885804	-1.34806920736461	3.8384929083743
mayo1261	-0.664444804788557	1.22860714230073	-3.2115862674783	1.64360829300949
maza1304	-1.08892648213491	0.897379781940375	-2.94038271699883	0.614963123305119
mbaa1245	-0.680246556261166	1.24290482854689	-3.22429530014109	1.63332279024675
mban1263	-1.04823794350987	1.29829579916692	-3.78187582699627	1.40500106068339
mbar1260	-0.815050037573793	1.02950082367291	-2.87284193008155	1.17350566441778
mbay1241	-0.542276959400753	1.13943107895465	-2.83014354365684	1.6456345124398
mbug1242	-0.225939927118967	1.17421828157229	-2.58343158621509	1.99684637994097
mbul1263	-1.8592319057093	1.03006989794573	-4.06323126466355	-0.0351973726362144
meen1242	-0.872757128207759	1.17846581898413	-3.27343061948596	1.34357097733188
meke1243	0.693237688399188	0.988985970730568	-1.17834182275527	2.75494211765226
melp1238	0.928595807275176	1.00405688389648	-0.968585635975622	2.94665351943833
mere1242	-2.23938205785863	0.991273776887992	-4.40802947057569	-0.490812816693905
meta1238	-0.725225784113661	1.09314260259913	-2.94966398030245	1.37318641769569
mezo1235	0.425390158798042	1.10714836509688	-1.74114633334695	2.57167147214791
mezq1235	-0.30508478787033	1.09887413545779	-2.54251978966872	1.80928035633059
mich1245	-0.450604056439263	1.2560719779404	-2.96337106927768	1.89586384992999
midd1327	-0.543867046755394	0.82282084734803	-2.22885683441079	1.00206840547589
miju1243	0.256362675769181	1.03287763599374	-1.78084473645679	2.26456998420298
mikm1235	0.307635830880543	1.30928236952291	-2.14312695211742	2.97277312973863
mila1245	0.323262671417313	1.00916409330533	-1.62640521933312	2.35527205877803
mina1268	1.05207344604434	1.18207724183914	-1.14514345926615	3.53771384974088
mina1276	-1.21817610354007	0.872701189628879	-3.05114861931231	0.414329184970729
mini1251	-1.78759755188735	1.11705643147927	-4.17829036734026	0.211626661562135
minn1241	-0.598761639482063	1.21086064704078	-3.0708742176786	1.68490772902373
misi1243	1.003480944194	1.23400862371942	-1.34452797456125	3.58345232998711
mixt1426	0.432733186328508	1.05998785060869	-1.61464442001191	2.5762951784984
miya1266	-1.63393792497732	1.21423364666976	-4.21861838401249	0.585974931945362
mlab1235	0.753531718477048	1.17344277509269	-1.43829204891093	3.17353425350588
moba1244	-0.775297679797025	1.24833436626352	-3.37416112922912	1.5352169558142
moch1257	-0.812325227890894	1.23597876712944	-3.31972256906221	1.55018505684615
mode1248	0.608622536809745	1.21593285106167	-1.65883447684463	3.13007411401781
moke1242	0.932432268039705	1.21758301369599	-1.35115877635443	3.4118325241034
moki1238	0.291183210520364	1.13865337026858	-1.94659521449335	2.58030642193439
mokl1243	0.738715531606349	1.16975244467716	-1.54981927609724	3.09891421410261
mokp1239	0.52247705390911	1.06356391044117	-1.565544778313	2.65240187766097
moks1248	0.609238779630113	1.20153112395941	-1.63173837948126	3.07788919667351
mong1338	-0.532912702851458	1.28720492964434	-3.17540520979905	1.86951549896934
mono1275	-0.418852376267246	1.2376601566428	-2.93680791529211	1.93768968984568
morm1235	-0.776492908379368	1.08466375970477	-3.06793308142896	1.30190166252503
moro1287	1.666350107315	1.17045634811168	-0.448537710921679	4.20784342365626
mort1237	-0.435820784013228	1.16506722636141	-2.77833920329425	1.79329937835582
motl1237	-1.88235106229953	1.11417269804047	-4.31101916921344	0.119011190973671
motu1246	1.01456852089792	0.989985910949071	-0.861379180707802	3.03379266490994
mpad1242	-0.970813701254922	1.190016549464	-3.43458020868091	1.26765361582708
mpii1239	0.790226449310517	1.16715421764911	-1.39743811542073	3.21261086249659
mpot1240	1.19623441055588	1.18924478220986	-1.11206522807771	3.57811124177679
mual1241	0.926948306935744	1.07289773516792	-1.10487933646965	3.12207827371058
mudu1239	0.97475761472204	1.2995853878453	-1.43286166086897	3.68917725728753
mudu1242	-1.8754244734018	1.19873536391714	-4.41819598297942	0.266325049335443
munc1235	-1.3731664530421	1.19883471503579	-3.86934958298658	0.856179345766117
mund1320	1.11254418566542	1.21862557994868	-1.15924617863064	3.6700837425883
mund1325	-0.888482470994917	1.05218576657855	-3.05748846800142	1.10552499238105
mund1328	-1.25880810047338	1.04810669450207	-3.47868781108819	0.581784341241745
murl1244	0.325700632318179	1.25206430606667	-2.06751896606916	2.80057796699456
muru1266	0.470971914532397	1.23815467834048	-1.93006519282673	2.99067508423176
musa1266	0.223985489070078	0.898637506893708	-1.51020223710464	2.02691074412285
musg1254	-0.777833353823766	0.989479200110625	-2.78707856924733	1.12364626932668
mwag1236	-1.63428961885525	1.15826447239655	-4.10951746324937	0.45408774389202
mwan1247	1.4908267475502	1.20537972053896	-0.7812029407854	4.00955546510086
mwan1250	-0.685009780447582	1.22054388464929	-3.13545662067508	1.59175381808745
naka1262	-1.71184088291338	1.14187336043891	-4.18913862512397	0.305192953145068
nali1244	-1.98361534539139	1.08161572820813	-4.36736533132969	-0.0512839818942359
nama1268	-1.11185897272695	0.977375866174788	-3.13117582803323	0.751571091209569
namu1246	-1.21509406267685	1.03780395834082	-3.39572226633132	0.725980634920385
nana1257	0.444806829340417	1.26484357006518	-2.00854749932232	3.02700372772754
nand1266	1.42782841235626	1.1273370232682	-0.67638611263992	3.69795430618706
naru1238	-0.714146799485655	1.24493859917054	-3.23502395343474	1.58391669158236
nati1244	-2.04072927821865	0.862041420476103	-3.80755452986244	-0.432825429383923
naue1237	-1.07859679499566	1.17871508648543	-3.50782100279259	1.14827096532358
naur1243	0.824002809474396	1.24908197083018	-1.54791899646715	3.39432998645218
nava1243	-0.409456246488414	1.22853754661938	-2.91374148643215	1.93981326476346
nawu1242	-0.653847107376737	1.22917949162046	-3.15746683712929	1.66810719901173
naxi1245	-1.45620680808416	1.0734543179722	-3.72218264029488	0.506263667361966
ncan1245	-1.18495342579432	1.04908831349423	-3.36642486980284	0.745213946694978
ndam1239	1.00587333601787	1.12843629020428	-1.23548752288077	3.24597326028708
ndog1248	-0.461363889386018	1.25700683751017	-3.05162809398213	1.92860693685365
ndun1249	-1.00686433483239	1.24589073735951	-3.60735772193887	1.3216144827328
negi1245	0.639107552833228	1.25203639999632	-1.70746396955453	3.30372080462686
neha1247	0.218205932733355	1.09115421030452	-1.85709706801479	2.36780077853556
nend1239	0.115517964870449	0.914596255694059	-1.68635433699999	1.89427108141079
nene1249	0.677933864879258	1.22216422363981	-1.63188093649961	3.18598005192602
neng1238	0.532628181673564	1.11542323971581	-1.64790475072872	2.81375453945733
nese1235	-2.12233256847452	0.832479180277485	-3.84473184471628	-0.606829164640111
newa1246	-0.316249019209262	0.879689197712926	-2.05953255823161	1.37444834106568
ngab1239	-0.543569519805048	1.29163207726191	-3.13392868275939	1.86306150287236
ngam1268	-0.466409028326631	1.10478932911214	-2.69757521471817	1.64788718443049
ngan1291	0.638029161118035	1.18172951920882	-1.61279211864322	3.05961894088447
ngar1235	0.720055628634382	1.2019659656444	-1.52284262573213	3.2035302687007
ngba1284	-0.942111986131966	1.27478148675194	-3.53739042791876	1.46142345877785
ngba1285	-1.27103607823096	1.21393984486611	-3.844030499088	0.922309231656413
ngit1239	1.13504202588979	1.11636043263878	-1.0255426551556	3.37388342555455
ngom1268	-1.14832202303446	1.24827337023165	-3.75557351302926	1.15306555646682
nhan1238	0.712135962257797	1.24151063350089	-1.69029318315073	3.25343442927519
nige1253	-1.40977619214236	1.25442624070791	-4.08944402288319	0.868331547867581
niua1240	-0.345829762099181	1.20799039614124	-2.84031254844813	1.96424939877987
njan1240	-0.631145669688778	1.07226164908161	-2.8051475887023	1.37605910386046
noct1238	0.63135706542049	0.966339709862533	-1.25048628441411	2.55717875756977
noku1237	-1.96932687509306	1.10672659175229	-4.34513540920027	0.0300326553055553
noma1260	1.17055828205464	0.902463207485303	-0.599672511242959	3.00001706546339
noon1242	-0.486118615835593	1.28023489135921	-3.11846186708018	1.90483391251412
noon1243	-1.09634741437908	1.04241949585999	-3.22029544026718	0.835951975731857
nopa1235	0.172547118320635	1.07948065847282	-1.92883462066387	2.35082041233337
nort2671	0.692506015502894	1.18521723256268	-1.54672388897894	3.11232937644929
nort2684	0.40826442358293	1.17134369880581	-1.87485578272209	2.79531397534917
nort2690	-0.311038089252609	1.28969462035251	-2.94689071596609	2.12709383100406
nort2697	0.0450435725238636	1.17704934479665	-2.36926129062119	2.32644057947937
nort2699	0.372690653503517	1.27616712865419	-2.09483068191433	2.99846866862591
nort2702	-0.515743712248019	1.1332714275951	-2.81541949366479	1.70972763773084
nort2722	0.590361502224529	1.03517852620839	-1.44156449294736	2.63361591658969
nort2723	-1.4594505174443	1.06068614083447	-3.68927181063894	0.517116013619418
nort2724	-1.13229776550406	0.978342432201489	-3.08752914306902	0.677521911119276
nort2732	-1.05766778042027	1.23626648455313	-3.64265235148918	1.29382198252022
nort2747	-0.671237328327551	1.2140633383004	-3.18712164625815	1.63987301075866
nort2774	-1.0137423946014	1.25698173747914	-3.59232724113785	1.3057495908266
nort2775	-0.544492570081527	1.25989391490272	-3.11534845011518	1.77246908045929
nort2845	-0.590189179857887	1.21875222528663	-3.12529320108627	1.6704480484547
nort2885	0.303951644766465	1.04805835871088	-1.76740759075232	2.35146945829983
nort2942	-0.465121274159404	1.26010535409565	-3.05489320324603	1.90667824646737
nort2954	-0.333535441783839	1.30076775481187	-3.00552070908906	2.18216636717037
nort2959	1.17289169678501	1.20033051339933	-1.17711234666553	3.57614771848534
nort2961	0.34103144980726	1.29413817368334	-2.13460173959845	2.94808877417577
nort2972	-0.691135152811863	1.32622449999864	-3.42818643264577	1.83130031805132
nort2980	1.01715268128606	1.20467152012021	-1.26662984165689	3.5378562992794
nort3047	-1.12544321868261	0.912537441739682	-3.01784157554049	0.615009233209213
nort3139	0.886738438603632	1.19705829910744	-1.33939583652999	3.43884538306686
nots1237	-2.03283899047817	1.05951251110161	-4.25758814094319	-0.138488546042019
nsen1242	1.04772010418744	1.21190771223433	-1.31460442890774	3.45523108661023
nucl1235	0.672687905429454	1.20399410061439	-1.6291743322472	3.15442022599851
nucl1240	-0.663609262693893	1.09792080795999	-2.92489892464189	1.39699188406466
nucl1301	-0.316252426757112	1.28655107994757	-2.97094252247861	2.13154601974212
nucl1305	0.717102947471839	1.27155168158853	-1.67243990575948	3.26477080923323
nucl1310	-1.45186031139292	1.134887743888	-3.87327510581307	0.613162420376846
nucl1347	-0.56276976750057	1.26072556907424	-3.18703528694592	1.82774350756141
nucl1417	-0.528693677322363	1.11398346745756	-2.88713652820074	1.48966773664688
nucl1706	0.684445046643985	1.24497223710338	-1.66009982775619	3.2448408397999
nukn1238	-0.982363216261927	0.805016711258843	-2.6020657014726	0.566550230510687
nuku1260	0.675474884607602	1.20216938498906	-1.62706798832683	3.1054399271394
nung1282	-0.443306149987128	0.94698853691133	-2.38763746928822	1.37198550657208
nupe1254	-0.569062766456292	1.25557573016525	-3.22245816047614	1.81090734531629
nusu1239	-0.508613374014927	0.914664781595993	-2.36288272785934	1.26357393226781
nyah1250	0.860731407414053	1.21025531177141	-1.47913139224897	3.37509942685478
nyak1260	1.04713424337971	1.14811979667437	-1.19962635630913	3.31416333442984
nyal1254	-0.636329507405448	1.11170212535877	-2.9827684418399	1.4544166272536
nyam1285	-1.39039796067848	1.14191947567579	-3.80707237157465	0.735914180677832
nyan1307	1.23635959042109	1.17985427441383	-1.0434231647031	3.67314883199979
nyis1236	0.214853859832665	0.927796712670868	-1.58652650708554	2.07165951518773
nyor1246	0.239470639384654	1.09531862274259	-1.98667164415244	2.38229888412277
nzak1246	-0.691440945592069	1.13571614972302	-3.01538692111953	1.44440242444275
nzak1247	-0.731794765032013	1.28769049847789	-3.39711011646843	1.68942133171395
occi1239	-0.717950474412264	1.19829059864533	-3.17588627656439	1.58878363545146
ofay1240	-0.445421193447887	1.30012223970345	-3.15714042026462	2.06096122275009
oksa1245	-0.183395829517021	1.07599475028276	-2.35394131606842	1.91103667848817
oloo1241	-0.24436998859079	1.0008040815103	-2.24309529220063	1.74167854841881
onto1237	0.771925361533004	1.17462994128958	-1.49303913907269	3.26806858887741
oriy1255	0.731226577352052	1.21149450582648	-1.52066965999319	3.24341807435403
orok1269	-0.576312440836289	1.00857532333462	-2.65066371031538	1.3879391988414
orow1242	-0.591248990558599	0.969814483398929	-2.59109062998069	1.23076496823397
otta1242	0.313437442099266	1.30281700304805	-2.18895240203319	2.87770434485263
owaa1237	0.538396135582909	1.14102688599313	-1.64166902655519	2.83237886474023
paaa1242	-1.57275027408771	1.19467406229632	-4.1177361051067	0.575885790401635
paas1238	-0.52141086654388	1.16330051311225	-2.92761120089868	1.65529991252811
paco1243	0.259398915711521	1.13206344365734	-2.010440316985	2.47129650146067
pagi1243	-0.978810261072462	1.24835058224519	-3.58205399800275	1.33259809049713
pagu1249	0.134780054361482	1.13023700148542	-2.08884461433833	2.39566447804944
pahn1237	0.0121500884251583	1.023351687802	-1.99729446456283	2.04158952539657
pala1344	-0.522921789351956	1.17825321926376	-2.96402695043815	1.68047136586069
pamb1243	-0.838315711906167	1.26453271674048	-3.49531644539189	1.4801786205171
pamo1252	1.59047071899499	1.20923697373385	-0.683366797891625	4.25250241932386
pana1307	-0.335882337633323	1.28122811404278	-2.94190908801183	2.16215587446437
pang1287	0.702016092084018	1.11010892280923	-1.50658167692934	2.84107452374825
pang1290	-0.716633064690451	0.967955492735452	-2.69571595505722	1.12873558884714
panj1256	0.625450644452209	1.23937467819486	-1.69925856424558	3.14155075998556
pano1254	-0.876075629567633	1.20650072231303	-3.35016073329925	1.41087886583736
papa1265	0.587005096724313	1.00810848201512	-1.36763459758243	2.62593747438734
para1301	-0.943574477142949	1.16438391680476	-3.30273818314043	1.27283741625577
para1302	0.0381644875281077	0.915328495055838	-1.74918785182411	1.8083060071672
pare1272	0.573796322515258	1.25944850739533	-1.78323333560201	3.17247524277169
pate1247	-0.696154145041099	0.779337199230092	-2.25591289436009	0.758892625504958
patp1243	-1.68831090524657	1.08850543185099	-4.00445455447038	0.252700336238678
patt1248	1.0857761005467	1.2140739859715	-1.16191340621339	3.63287767034129
paul1238	-0.607472730970826	1.19430270466642	-3.18633973150599	1.62832944578384
payn1244	0.11337295894661	0.930224591482895	-1.76379045246626	1.94249560315372
pech1241	-0.277752727048477	1.30957624596069	-2.98373975367967	2.23817461516663
peer1241	-0.236186882740077	1.11978812378016	-2.50552484367342	1.90998252176499
pela1242	0.309951610333953	0.905931829435825	-1.43778711463027	2.11547225852498
pemo1248	-0.584390310967923	1.23775224835269	-3.1559918456019	1.74270816327701
pend1242	1.64690522491765	1.12234460916959	-0.387219790040973	4.04419972138351
pile1238	-0.0707512519288735	1.04973207274933	-2.16215390069694	1.95219334442338
ping1243	-0.255273961902872	1.15341461954567	-2.67217709101534	1.92225289017582
pint1250	0.721545935960346	1.2166816925105	-1.53732794005043	3.2165974264036
pipi1250	-0.586532800322209	1.28164114192845	-3.20992252598936	1.78908375341843
pite1240	1.07747222986067	1.20586013984527	-1.19985748833824	3.61762639367497
plai1258	0.313556385333569	1.30051528267739	-2.21233302213413	2.98861227382392
pnar1238	0.155889103685153	1.05869485583347	-1.9469665481035	2.28823082057639
pohn1238	-0.399504427780022	1.18235291790228	-2.82702442231201	1.87910173300506
poko1263	0.702287202628142	1.17174211660077	-1.55946857011453	3.06715934883158
poli1260	0.609063677461689	1.23799214060372	-1.71313835040929	3.23203858128189
popt1235	-0.974134910733044	1.20467840127898	-3.50340880971637	1.34572588613286
port1283	-0.878063298522386	1.24458952492583	-3.41207979986688	1.47572764317221
puka1242	-0.600732259152976	1.24857330700304	-3.18504379193297	1.75826565981412
pula1262	-0.345448827942206	1.27985377051626	-3.02515891990513	2.10468119248019
pula1263	-0.503150237395551	1.32689463174968	-3.1883325166699	2.03479340754826
puma1239	1.05193917491448	0.777723102259447	-0.406109700824954	2.64193533940792
puri1258	1.07314727305624	1.22777278201251	-1.15396305371083	3.66594314154822
qanj1241	-0.972263149719614	1.24008130719722	-3.57735740523258	1.35786223471023
quer1236	-0.618390555033286	1.14032083232961	-2.93814623127286	1.54319433949158
quio1240	1.48638927559521	1.09603540875907	-0.558905185288594	3.76051485597422
rabh1238	0.171900479592012	0.991754833117185	-1.75781415138786	2.06939659457053
rade1240	-0.288327616111666	1.06426188607897	-2.38139414063986	1.75078867786674
rama1270	-0.441857750516078	1.30284197443372	-3.18608597964756	2.02500080195899
rapa1245	0.820857893456257	1.21982530663912	-1.52672448861663	3.3497573707256
raro1241	0.845824316828739	1.20816292983034	-1.42576315972384	3.40857062743379
rata1244	0.861505644779983	1.1944059217614	-1.39949852260895	3.3173256597737
raut1239	-0.788921098430837	1.16346020731411	-3.2531109707953	1.35206235196057
remb1250	0.108617696571511	0.995742724308137	-1.87746830205991	2.02817019801527
remo1247	-0.692095290941635	1.16639437148127	-3.09887112700413	1.49342543599157
reng1252	0.439362570639677	1.00262956514603	-1.45089759205667	2.50102680393227
reye1240	0.609327815398306	1.2480452195983	-1.75931009994997	3.18088835392623
roma1326	-0.408246861379498	1.15844465185237	-2.78878056625274	1.77448264099982
romb1245	-0.340141294544242	1.07295390436717	-2.51447415825913	1.72033366439389
rong1264	-1.13240150808668	1.20084321919747	-3.64573337802348	1.10468033777504
ronn1241	-1.61058413827942	1.15244595012197	-4.07956139078454	0.486711136684301
rotu1241	-0.587103307516717	1.19359700869777	-3.08851040176927	1.66352406939342
rovi1238	-1.10927280791436	1.08673928761872	-3.42659867381612	0.845135273960292
ruch1235	-1.32174234067857	1.21691867215044	-3.83790536583377	0.934971142986914
ruka1240	0.509996968575953	0.911104219352499	-1.26056250762123	2.33609942672076
ruma1248	0.347646523818492	1.05010628735148	-1.67354370835836	2.51363300841089
rung1259	0.782232944203464	0.96285078338309	-1.07158485220637	2.75296756372183
russ1263	0.571086925875678	1.2156224863085	-1.75073881843524	3.11070508134361
saaa1240	-0.0819454577907574	0.949217348390357	-2.01093422846983	1.70254697518469
saaa1241	-2.04378665154467	0.927564637765674	-3.98019125035484	-0.388701018784379
saar1237	0.301626930007552	0.83763586039573	-1.36089237074874	1.95281303607977
saba1267	0.945462805068637	0.980285553932463	-0.869730133532729	2.93860386326185
sabu1255	1.18953001255666	1.13843563819904	-0.963415703598825	3.57676846521656
sais1237	1.31743791553333	1.07023465679759	-0.654223612632917	3.56889559864438
saka1289	-2.28180786136264	1.02163526990482	-4.44923030469151	-0.470555810413937
samb1305	-0.207445572552298	1.06436596278916	-2.36844262096369	1.83887457664452
samb1311	-0.24278655872988	1.06834829471294	-2.40659302630096	1.78501859632277
samo1305	0.857444928762916	1.21464115860847	-1.42405154546008	3.29403965063909
sana1295	-0.840099918252912	1.19575123183787	-3.31874458824599	1.42166872803827
sanb1241	0.256122396583215	1.02179542044744	-1.76759579781413	2.34732756759503
sanb1242	-0.58527490420966	1.30446147195001	-3.2432587377399	1.88687534601135
sang1331	-0.251702611936283	1.25641061698702	-2.80202832239444	2.15455629690818
sani1269	-1.49047079434321	1.07952144859798	-3.76893059536855	0.467717001709916
sanj1284	1.27464933777815	1.09402392537606	-0.785454456194867	3.51414490123617
sanm1295	0.0159664884771611	1.02610749737596	-1.99034117132113	2.00967137959775
sant1436	-0.656045132279817	1.04147988452347	-2.74425209456854	1.32101586534825
sant1451	0.431851499024303	1.08161970442945	-1.65046197758694	2.60691568159146
sapo1253	0.200359853354986	0.930611045451784	-1.67968675825246	2.01976918734773
sapu1248	-0.543415448975043	1.0838656030506	-2.68319490696398	1.49563003122191
sara1321	-0.307881167042269	1.28363493294195	-2.91797469894035	2.16920636645279
sars1236	-0.314630330662085	1.25812586365082	-2.88835898426105	2.13407239842897
sasa1249	-0.639130195263086	1.18913194995227	-3.10188208994944	1.61759263083572
sata1237	-0.601224868174186	1.24580799097932	-3.17297060424867	1.72429301307408
sauk1252	-0.977274077356255	0.781896712039192	-2.52049438333783	0.528740723634543
saur1249	0.734629462359934	1.22544224780967	-1.55675295166902	3.27421424904718
seda1262	0.57854098321497	1.02682899831161	-1.38833845582983	2.70242812497963
seim1238	-0.459830615581143	1.2021114638214	-2.95889474677152	1.76110225874714
seke1241	-2.07947645968414	0.931723603628747	-4.02173745636536	-0.415090362570666
sekp1241	-0.679828850869187	1.03141721553426	-2.88082857081125	1.20706183977387
sela1259	-0.620196808855506	1.24447497866689	-3.15200447400401	1.70815622340203
sela1260	1.59048767470655	1.13616941988428	-0.462427726699586	4.0258964646986
sele1249	-0.779516011215676	1.02479383960202	-2.96123362431643	1.12045874014808
selk1253	0.685374701407847	1.21441349539559	-1.60006626959629	3.22066810368812
sema1265	0.841350207207872	1.1484564426912	-1.30590628921079	3.23321341101075
seme1247	0.652311910209155	1.08798781337442	-1.4291917114862	2.83936453840073
seve1240	0.339912187496919	1.28167601308026	-2.12498211323654	2.96052831821186
sgaw1245	0.287150134275128	1.18797524726537	-2.05668889652876	2.71835070941138
sham1280	0.341891201610145	1.14448933576754	-1.96682808094257	2.54260697947356
shan1283	-0.553546319000711	1.22921583910486	-3.04310337565324	1.80567538176321
shaw1249	0.401236388521729	1.31013325374467	-2.1456231620361	3.0485177523954
shee1238	-0.691587787158769	1.19591852876583	-3.16745865939713	1.59769649591812
shil1265	-0.50893115110599	1.29806488128197	-3.12689601313189	1.98826450239728
shix1238	-1.5567117290813	1.14328829346884	-3.95287998702117	0.530294207040279
shol1240	0.933967125890675	1.28023146535754	-1.39502623555653	3.58144856477663
shon1251	-0.183691468700734	1.24060070881948	-2.76466675876281	2.1886658086885
shor1247	-0.327060001117104	1.28700969572867	-2.97207272051022	2.11836934360835
shos1248	-0.37446634904308	1.27533740178729	-2.98371723351549	2.07410882502836
shwe1236	0.02846812201836	0.980668615085984	-1.88069845622231	1.99006223902746
sich1238	-1.25760380117941	1.10326559141229	-3.60281054966734	0.825886518777997
sici1248	0.755342692374551	1.19522413580672	-1.4982945750946	3.22710698716654
siee1239	-1.60288475153733	1.09313646746807	-3.94105148784537	0.36353964219039
sier1248	0.659133824066187	1.12141677126987	-1.51697194653751	2.85623405831204
sier1250	1.48512209728503	1.09531343755801	-0.567788832339092	3.77207357205761
sika1261	0.683445222559078	1.18467124436691	-1.65244252436187	3.14869610255329
siks1238	0.417880697125466	1.28622392599525	-1.99922221476725	3.09195623150486
sing1264	0.752000142154796	1.00603093580048	-1.17794466674317	2.79125930191766
sini1242	-0.584788734597886	1.29157043250679	-3.24669252536905	1.87421515340312
sioo1240	-1.33056848209844	0.912276229829266	-3.21953397594276	0.352887934726834
siri1273	-0.383026337581881	1.20099823419252	-2.83548452265501	1.95436027649628
situ1238	0.975508636559253	1.00761153300841	-0.927047857629387	3.02343331777208
siwi1239	-0.621729339372194	1.22732251774294	-3.18129294540266	1.70702316411128
siwu1238	-0.76736761366757	1.0260464988207	-2.98879101713895	1.13127219778185
skol1241	0.628924172939011	1.21906750467029	-1.64554763989821	3.1545488217209
slov1268	0.574315928694732	1.21893880940819	-1.72880841399313	3.06871872977747
sobe1238	0.548750255102254	1.14393817646853	-1.70454091633685	2.84956704132311
soch1239	1.36143677544419	1.10461616629258	-0.721334335963472	3.63212550632282
soga1242	1.44562562218103	1.14051714231261	-0.725930666259887	3.75968269291454
soni1259	-0.410918651439461	1.25795322487583	-2.96869152579906	1.95531346928521
sons1242	0.780505098741111	1.23671317880962	-1.58533941035918	3.31966752189349
sooo1254	0.0112805105996867	1.03494358822913	-2.01020876270865	2.01828693518392
sout1528	-0.770162236264419	1.20418184896883	-3.25290081911102	1.51792829430496
sout2649	-0.95939460055386	1.20836612254866	-3.46372739953692	1.316866076011
sout2674	0.685682832644866	1.21902569035285	-1.6587862995854	3.2038273600295
sout2679	-1.05067985424489	1.21623829657275	-3.59540509214486	1.20314324500879
sout2728	0.825218521466204	1.08636630045407	-1.2528072454841	3.06109599423723
sout2729	-1.747799493904	1.08061749404869	-4.00444659724345	0.174495520297699
sout2730	-0.0692966112509405	0.970899760432654	-2.00003974283405	1.88025881756993
sout2782	-0.260057030935651	1.04748191659169	-2.33475132762404	1.81473003742333
sout2807	-0.329814639027311	1.26969893901549	-2.98072196663553	2.06610186834601
sout2857	-2.00856810630731	0.877475590051243	-3.7998320431768	-0.381825778577266
sout2859	-1.92076025703092	0.89412903732248	-3.78419007376657	-0.275211055144345
sout2869	-1.70170699840541	1.02682273381335	-3.8897005823962	0.137874716532941
sout2896	-0.768714157542658	1.03764447192254	-2.97231476538348	1.15272298398072
sout2918	-0.744200123669205	1.18613448859098	-3.22422431985137	1.50335317514995
sout2959	-0.446974242834432	1.25859356319104	-3.00917578845221	1.91506170083253
sout2976	-0.708533535936258	1.22121729440204	-3.22280513328735	1.54431697926011
sout3261	0.766456571992967	1.14105800960304	-1.3730359470438	3.06033129716562
stan1289	-0.771279527160236	1.21706529733077	-3.27728357779449	1.56347887463448
stan1290	-0.781434598501949	1.19501941528149	-3.19869261118056	1.54341214749565
stan1293	-0.767157053373192	1.21780469111139	-3.1841127953099	1.54633969694685
stan1306	-0.0208623994481622	1.11592179891867	-2.28905463056842	2.16843483939
stan1318	-0.83874055702353	1.22740957966945	-3.3735971659741	1.53699716241577
suba1238	1.7895313991306	1.11779023603982	-0.309103334855675	4.07251160798357
sund1252	-0.469194181934759	1.21344820022077	-2.98752550497833	1.88469325748797
supy1237	-0.127537587376088	1.23648574502177	-2.65920259807075	2.1653845439274
surg1248	-0.738441205357918	1.24156427245699	-3.29011026009701	1.59529308282274
swah1253	0.75212874391338	1.1384642985431	-1.45351165030666	3.02293465345812
swed1254	-0.822300433008701	1.23014504588078	-3.26752937854425	1.46270721003398
taba1263	0.0610576971969586	1.13129688260298	-2.22909120469334	2.28675265114589
tafi1243	-0.744874680292093	1.06078835932451	-2.98795338516963	1.19879952840382
taga1272	0.504122471351117	1.02875738471916	-1.50004408975972	2.54513725065679
taga1273	0.828750657631714	1.09594643245691	-1.29991231024159	3.09017243716231
tagw1240	-0.284489178144909	1.1884885107884	-2.65558077810575	1.96377309067469
taha1241	-0.569170879408405	1.22125456034983	-3.05973158268474	1.73232200214827
tahi1242	-0.593907365166675	1.21967469128803	-3.06042880382787	1.71069568653261
taji1246	1.67580633429334	1.12577302648283	-0.375450806225234	4.02656366856724
tama1365	-0.784108702133641	1.22295035179672	-3.32681307694769	1.50968941380691
tamb1254	0.649455644900307	0.903041590678292	-1.0913052282704	2.42940124703214
tami1289	0.71442090821365	1.29569691344642	-1.77221640897034	3.3531434757646
tane1237	-1.30561302457997	1.07104009729869	-3.59846848519551	0.626224389639067
tang1336	-0.621924539118986	0.86463761412928	-2.37727223578843	0.997792594927514
tang1347	-2.23389351294058	0.93563459354375	-4.28887481523294	-0.557861978771098
tang1373	-0.367552529144192	1.16085368291702	-2.75568918108203	1.85622594310615
tang1377	-0.107866239495428	1.03467657805024	-2.22521907257401	1.94770936091057
tari1256	0.623138107240936	1.28374403182493	-1.81347530764964	3.20110941062973
taus1251	-0.793933996781312	1.1429175391555	-3.15786823513237	1.34680017512318
tawa1286	0.788255150785995	1.22204149191146	-1.58593667921574	3.23547927559302
tbol1240	-0.168941060445125	1.09985196283363	-2.37027052900283	1.96074336161643
tean1237	-1.28715874109908	1.06702092036003	-3.58272783854108	0.618298762344262
teke1275	0.966413495172668	1.23604192545191	-1.42168581589073	3.49298944070613
telu1262	0.262859558068353	1.254897582222	-2.14444025249619	2.83345096459993
temb1272	-1.20215416383223	1.22383839430063	-3.79399025316	1.03065808040298
temo1245	-0.666685886360528	1.16109962711019	-3.01853874118105	1.61193849762453
temp1235	0.4539083051493	0.882335441768273	-1.27407468213159	2.20871175849336
teng1272	0.675507474622194	1.20838156013346	-1.66453759439738	3.14797039762924
tenn1246	0.505954560783302	1.19783293348806	-1.77882711048118	2.95198244400585
teop1238	0.424643258877948	0.935196427148692	-1.44586068950949	2.26051561288699
tera1251	-1.35654546310665	1.15274274252162	-3.75525704495449	0.779173651633941
tere1279	-0.858390862313158	1.24534974319697	-3.471543542735	1.45228602378673
tern1247	-0.424180832934659	1.1639659342246	-2.77342157441715	1.88276508920822
tezo1238	-0.169380073443409	1.0866935268614	-2.39492957653975	1.93533920803066
thad1238	0.539734129059962	0.982331144737369	-1.35606398339216	2.54771922423648
thak1245	1.05681109834873	0.967514052259828	-0.779034303708338	3.04248205254578
than1259	-0.445952372057999	1.04458905160773	-2.55692331767448	1.57236363392875
thao1240	0.968782659645186	0.876545928323813	-0.666508328806777	2.80010228626123
thul1246	-0.0065820821510598	0.855172501746266	-1.70340115409304	1.63282494560656
tibe1272	0.64466627299927	1.11142294211077	-1.52519101228455	2.89419308661344
tief1242	0.671042515317387	0.932528287512862	-1.15631284636729	2.47748049990323
tief1244	0.54511443371366	0.940934469518695	-1.31909506327734	2.33304629424313
tien1242	-0.128083666691051	1.22184111746805	-2.61691479269573	2.19779555105856
tiga1245	-1.73489057317775	1.14495195733033	-4.2062094464308	0.349049861136047
tigo1236	-1.16793315601771	1.12035942183148	-3.47564326491438	0.922887323046819
tika1246	-0.119037276550522	1.07421594205615	-2.23120422209263	1.95790544537678
tiko1237	-1.10599254930618	1.20361664752959	-3.63468514520122	1.07522578994846
timn1235	2.02984265953403	1.16209670913445	-0.12117689117895	4.40237057775183
timu1262	0.780116958726747	0.955231793108573	-1.03369292349642	2.68634255591094
tina1248	-0.387892284552003	0.995829414078423	-2.44176694012918	1.51231470554568
tiri1258	-0.404518631172021	0.939949581918645	-2.31125344444762	1.3677482807661
tita1241	-1.48991911903116	1.08373375336896	-3.80750401573132	0.468580942576733
tivv1240	-0.924004026076549	1.12442937498759	-3.26114190612014	1.19012701613982
toab1237	-0.180579418332342	0.90849030391339	-2.03731781475068	1.57450762757031
tobe1252	0.346742134552447	1.17726410537924	-1.94382915138715	2.68881622008456
toho1245	1.13868496920645	1.22013326134647	-1.23081772341028	3.61827718956251
tojo1241	-0.826042102404313	1.26403679304983	-3.44090388564769	1.55954285617197
toke1240	0.848162548439412	1.19190028053818	-1.43155165037394	3.24755772573691
toma1245	-0.296654633249271	1.2979139087765	-3.01405315666505	2.16858471670743
tong1308	0.314962107349459	1.16805806222	-1.97909618139646	2.62598067864919
tong1325	0.81476623994907	1.19669527828116	-1.45957847374063	3.24563373257355
toor1238	0.743295766755061	1.07964702907928	-1.39444861337404	2.87292267972054
tosk1239	0.269788281713663	1.15484015919427	-1.99589649812651	2.55482869291722
tote1238	0.837256802300655	1.19837158206302	-1.52117143506476	3.25692652945132
toto1302	-0.908951992112848	1.06458298096993	-3.1299919044991	1.07126145053186
trio1238	-0.207750641791618	1.18762084011512	-2.54188885593801	2.08750143521975
tsat1238	-0.502586626102289	1.21200847309246	-2.98727094850452	1.80105401988183
tsha1245	1.11742125347028	1.13295662945374	-0.973730178260492	3.49171871502208
tsis1238	-0.526415666740608	1.25898569200436	-3.05585097451857	1.86780547912981
tson1249	-0.494171230271146	1.26668745416227	-3.19505782776065	1.88651132996447
tswa1253	-0.417844642788892	1.2334735485919	-2.96185070249403	1.89653141238163
tswa1255	-0.496062621024661	1.28981103285307	-3.18117332040674	1.95938028913547
tuge1241	1.47643478108621	1.12629780228399	-0.650191894904054	3.74900725982175
tugu1245	-1.04411837233631	1.16717388455921	-3.52321738646945	1.06028280592943
tuka1248	1.19640986128262	1.17046062531682	-1.01913113425962	3.60837490931822
tuki1240	1.31598409962678	0.988704642522452	-0.571525497389366	3.31950509842861
tulu1258	0.80173050493211	1.24415937808236	-1.5644562444186	3.36081993491589
tumu1242	-0.636080318593653	1.16129370267045	-3.09474193747211	1.52935652142122
tune1261	0.793751615738117	0.922028060570363	-1.03432426847614	2.60773963694537
turk1303	-0.256932512792203	1.29762459108194	-2.92631765648793	2.21770097569061
turk1304	-0.311798033364745	1.26659293361373	-2.92033465544368	2.13998394836336
tutu1241	-2.30884493484503	0.89345304445211	-4.22901040825906	-0.705867940973077
tuwa1243	-1.03957989658304	0.812462207832311	-2.71004320379318	0.512477577572995
tuwu1238	-0.777802451675041	1.04031252496791	-3.02498693409076	1.18014649556463
udih1248	0.527436906275543	1.24722653629706	-1.85536066391069	3.09664007986306
ugon1239	-0.513211220955717	1.23915061632466	-3.08005084792723	1.80287872085765
ukra1253	0.612474877917218	1.2315339172047	-1.69617644521585	3.1031658400973
ulch1241	0.632765166241786	1.27120872151094	-1.81948650973239	3.27829665000295
ulit1238	-0.746613631485202	1.21551796853021	-3.2822798610983	1.54790573757634
umbu1258	1.12743735621555	1.10844814123616	-0.933462904258732	3.45245578992925
umes1235	0.858808038313244	1.23865191962167	-1.46307148426316	3.46148845620916
unua1237	-2.15200480451811	0.812129835554382	-3.8634680165732	-0.664885119027808
urak1238	0.150784377177185	1.13432460929104	-2.08712200732914	2.43752021412078
urav1235	-1.52569315753875	1.10473034714311	-3.88190161367587	0.521016698094663
urim1252	-0.170871808592993	1.07141172852623	-2.29420425600367	1.85570781431484
urip1239	-2.11588842739936	0.812486114791664	-3.79129707112455	-0.678081644019689
utes1238	1.08993777377282	1.22592218945497	-1.2189035939242	3.56949054391863
uuuu1243	-1.05728039760224	0.999342599305061	-3.16142601709538	0.784961936749823
vano1237	-1.23059819617143	1.06952919992972	-3.54285911871299	0.673001361405888
veps1250	0.475685031885113	1.19789634663355	-1.83874107603973	2.88114101518843
vera1241	-2.02313919173689	1.09981491833615	-4.44396625121632	-0.0450251110758076
viem1243	0.164741283403042	1.03335947972305	-1.91508809769788	2.14330737635337
voti1245	-1.25686350342374	1.22916972221958	-3.82233440444145	0.97848190026497
vure1239	-2.02834564001676	1.09902289301399	-4.4181401161733	-0.0402185778762177
vwan1235	0.552769887258664	1.13853559125506	-1.68274617819391	2.81439969966403
waga1260	-0.65483540822547	1.19095861047799	-3.06967438317522	1.58772059172927
waig1244	-0.630085864206831	1.21042398246385	-3.15094690341578	1.60244225582268
waim1251	0.755619790979204	0.959622537529246	-1.04897396332159	2.65930190061031
waim1253	-0.5254862399537	1.25978865677464	-3.17177824850474	1.81082194917135
waiw1244	0.657878370997433	1.2131173018796	-1.67689912492557	3.16892460937216
wala1266	-0.170603856510726	0.808101841070981	-1.79831701766739	1.36660789826346
wall1257	0.907759836465771	1.19979400334284	-1.37293289933692	3.33490482992617
wamb1257	0.862879998746565	0.792058502661558	-0.628743884498667	2.50682152272764
wand1267	-1.24696224069088	1.16940631763607	-3.73944089061752	0.900412678620993
wand1278	-0.651474652375166	0.906486189078986	-2.47620279694797	1.09975897681071
wanm1242	-0.706488924262215	1.23813381478356	-3.29686680119621	1.5747700513935
wann1242	-0.671791811068329	1.21653789810276	-3.15007865965468	1.58713799457044
ware1253	-0.36052118833503	1.13176728385293	-2.66356869221347	1.75734133923869
warj1242	0.43123794923391	1.0188673347912	-1.57547674811857	2.41079303411769
waru1265	0.666795981260243	1.22470497343642	-1.67753569425222	3.18704650177469
wawa1246	-0.566616271450474	1.12912172553685	-2.83648003167464	1.56427427162367
waya1269	0.601526300632469	1.19708385807362	-1.64566160289541	3.05384094834393
wayu1241	0.447160510327338	0.824084692677267	-1.1257972977815	2.06836651740767
weda1241	1.11898645193238	0.978064492194575	-0.733800740630473	3.1308844368465
wels1247	0.570476679113364	1.21561547060555	-1.70068910777445	3.11709179450017
west2354	-0.754736013042149	1.21347727016514	-3.29041685560739	1.48965255386134
west2396	-1.27703581895039	1.20618108815461	-3.86827212065116	0.917445614028222
west2397	0.280306405152784	1.07231898183694	-1.79430484373626	2.40756697463586
west2415	-0.229291813985547	0.852688204663064	-1.8895646012338	1.44232192384909
west2418	0.918154784038923	0.971204349655217	-0.928808484192078	2.86986491642833
west2430	-1.15389657269974	1.21135794123025	-3.68148804216198	1.13077410855787
west2466	0.671803889022361	0.945786880110693	-1.21454289295378	2.47818208581785
west2516	-0.741105308739206	1.0180049348805	-2.88186407087491	1.15069407703152
west2519	1.18411871161417	1.19273633636922	-1.10612843054696	3.68763047487502
west2548	0.333572002900112	1.15656823913396	-1.90571968288946	2.64628365659561
west2560	0.788783927677677	0.904068673505548	-0.994945406451508	2.59044786095278
west2564	0.582803278358193	1.04060571681134	-1.40055004306321	2.71820104057882
west2594	0.302779672164839	1.18319442976429	-1.96680112389814	2.65314493860695
west2600	-0.457248979029202	1.17778654577917	-2.80315104638062	1.85219559109237
west2615	0.965945416956905	1.23893527769901	-1.42429098928709	3.51887193740787
west2635	-0.935013031990812	1.20094954287983	-3.40905382802627	1.3875538396279
west2650	-0.275799844133711	1.14209113514932	-2.66060058796513	1.94184565781216
west2763	0.905796410456548	1.1977176796633	-1.37545082462259	3.42454807624814
west2778	-0.726375948815847	1.23303310517668	-3.30599637106228	1.57782312630367
whit1269	-1.72971700608013	1.02225205050971	-3.92743533859356	0.0863794048334399
wikm1247	-0.00632103337978018	1.1106667275297	-2.27451624717515	2.16792113053185
woii1237	-1.01970673176918	1.16861651461862	-3.42636742779936	1.1557554768989
wola1242	-0.261286048177965	1.0907717096002	-2.46567917382543	1.84538171504899
wola1253	-0.762125978138041	1.11828506929544	-3.04858636682411	1.42128100829244
woli1241	1.52824040394014	1.15556184487765	-0.593941673481806	3.99940345275832
wood1236	0.315773646704369	1.29441707258558	-2.16491507359197	2.89909183566255
wotu1240	1.42683920433073	1.17220501065785	-0.745834692017607	3.89674198294711
woun1238	-0.696291790868958	1.28333995824151	-3.25241238662973	1.71269690207547
wuch1236	0.754354564912712	1.22592930365806	-1.54863616066895	3.23362935471974
wudi1238	-0.728624249030392	1.00718171471628	-2.8114528293172	1.2200842361373
wusa1235	-0.777655554414525	1.02702334497419	-2.84837275671659	1.17187052829998
wutu1241	0.774648811344445	1.18565277107807	-1.47224020376801	3.18817402084744
wuvu1239	0.42681185715438	1.16298519126589	-1.82459504349778	2.76636122143402
xamt1239	-0.595866899526015	1.20887836417703	-3.06922102896007	1.66167631670741
xara1244	-0.476599768357304	0.928122219344277	-2.33431887745453	1.28057017893686
xava1240	-0.276759082880466	1.21734483706801	-2.74028394146627	2.05787634347166
xish1235	0.675488680131978	0.994074378460485	-1.21499596527137	2.68112879666839
xokl1240	-0.361914858563391	1.30936757002941	-3.11380108568764	2.14623343871301
yaak1241	1.13142407165324	1.12763736238848	-0.95595337912582	3.41939406460531
yaka1269	0.0136185379334077	1.1923233120407	-2.44229249192026	2.31175123949903
yaka1272	-0.824767660582498	1.25725012875029	-3.42004566571765	1.5490629323941
yaka1277	-0.0906720619165122	1.10369992230063	-2.33180207189636	2.0305849815414
yakk1236	-0.0740728149020666	0.885590011774485	-1.85347319650186	1.64978302829889
yaku1245	-0.320267001038117	1.28998851404244	-2.9314537115982	2.16963444285704
yami1254	1.02157900735984	1.0918895320116	-1.04903078289659	3.23738263736439
yami1256	0.270020236594937	1.21145424091684	-2.04435738399929	2.72441228085677
yaoo1241	-0.0553417870741056	1.23804564081523	-2.56297205105444	2.26939461945238
yaou1238	-0.566868518544386	1.25402325134962	-3.15839585188573	1.80474361059195
yape1248	-0.765409407278038	1.2064466892932	-3.28222679163925	1.51182991867997
yapu1240	-0.257274035182075	1.03305358503658	-2.2890836425222	1.74969321607044
yaqu1251	-0.0269634476996305	1.24433753437256	-2.53571656306133	2.37301123452436
yatz1235	1.44687224497005	1.100072578591	-0.597814993878048	3.72001855255335
yaum1237	-0.924295276311559	0.789992547908242	-2.52755244956226	0.576272507972631
yems1235	-0.953560010129001	1.10893246887348	-3.1947232877859	1.1532261998192
yidi1250	0.915705504797814	1.2050782387908	-1.36985418172218	3.35254090127188
yind1247	0.22549365041631	1.17461181785866	-2.07743594465747	2.67242346568268
yoga1237	-0.849516277344285	0.874821406844052	-2.61984582045297	0.821438980967234
yong1270	-1.74050417712275	1.1058754878957	-4.07532810813374	0.247558953960864
yong1280	-1.12143085717613	1.20676340548034	-3.63673275582161	1.15204025952522
youl1235	-0.365938843541604	0.863277623063274	-2.09409299531089	1.28263299498375
youn1235	0.614902085408891	1.20953552393198	-1.63058158194441	3.06113922018845
yuca1254	-0.359616646437599	1.32195926257951	-3.09133320609729	2.20263608667265
yuec1235	0.474391380740484	1.12010697763655	-1.70507927796203	2.74305055799552
yulu1243	-0.408064593426184	1.27656776259095	-3.03781145468711	2.02083206158926
zaba1237	-0.151748766274406	1.03373891320742	-2.23354458758349	1.87443634696677
zaca1241	-0.279801046615542	1.23455447081455	-2.80461928755044	2.12994125851611
zaiw1241	-0.0926824233565874	0.975076277111857	-2.02811219102216	1.80725460839016
zand1248	-0.751097866130242	1.25953048534055	-3.34297482742845	1.62869104431443
zani1235	0.157976517621724	1.04957538920189	-1.88182763785195	2.23141539914438
zaye1235	-1.48562688667869	1.14471690394461	-3.89881257329546	0.572159898775021
zays1235	-0.217824162359733	1.09763383161182	-2.38622840225534	1.86564966110396
zhab1238	-0.522580458496677	1.12542184801863	-2.80635905210409	1.61639952551407
zoog1238	1.46823209582534	1.09533212851118	-0.565438873525872	3.71705539520378
zulg1242	-1.05677084854981	0.869309331369134	-2.84662281338994	0.580442608727051
