Estimate	Est.Error	Q2.5	Q97.5
abar1238	-0.537122724111076	0.92924312508213	-2.59285525496535	1.13124850765838
abee1242	-0.10238818467335	1.07277312799034	-2.37974994006214	1.99647617345329
abkh1244	-0.134563831850806	1.08289968397057	-2.50563768330065	2.01495234988588
abua1245	-0.258760187790764	0.932797087036009	-2.23172833799392	1.48695570343199
abun1252	0.165421046274295	1.05942370394737	-2.00244686895418	2.32278654267983
acha1249	0.0960677269959611	0.96821560373131	-1.87306269087158	2.08018152317042
achi1256	-0.328991119612452	1.07103038294346	-2.62447312038974	1.72326456050389
achi1257	-0.107310177698479	1.11316756803853	-2.54072620897349	2.06712436909989
achu1248	-0.0130253619594024	1.02736392612222	-2.19162599891188	2.0477196541916
acol1236	-0.204972387786584	1.10382233090638	-2.55062954984111	1.94105100424752
adan1251	0.826619921222835	1.02999651838986	-0.97535354370038	3.02821926832095
adon1237	0.910108063772907	1.05493327174787	-0.930100664764337	3.14760876516235
adze1240	-0.0700004328870001	0.916983553285662	-1.93430686152761	1.80813395959046
afar1241	-0.194890984151005	1.07839731657575	-2.49217319796732	1.84238859808502
aghe1239	-0.584518405963757	0.939824708806896	-2.63962803033489	1.09795598089724
aghu1255	0.0467411201129444	1.0056615736137	-2.05828633152825	2.07171269673318
agob1244	-0.530126824397744	1.02341922770584	-2.74572061685627	1.30929900379429
agua1253	0.114708942214442	1.02398900301918	-1.97791984347227	2.19751262378184
agut1237	-0.123008254657836	1.05590570634286	-2.30711556196561	1.94599501694538
aheu1239	-0.244730524881233	1.08375244933312	-2.50418590398027	1.83257405245467
ahin1234	-0.369799692367203	1.03293021032986	-2.54976490899467	1.57910272417045
ajab1235	-0.271468781752816	1.0419718036344	-2.55905899927947	1.67354262109958
ajie1238	-0.323298696010207	1.05587993964434	-2.62343091593921	1.67082757392582
akha1245	-0.238771055491965	0.915088696198994	-2.2176543363824	1.48676177831094
akoo1248	-0.516881031526637	1.03834408651156	-2.80879558959491	1.40357246368495
alab1237	-0.158469894830683	1.05532142909873	-2.37083946575812	1.89619956945902
alab1254	-0.530270662282559	1.06276284717501	-2.82257609377505	1.40134234898151
aleu1260	-0.170999439287529	1.04857329121038	-2.42668373272139	1.894878362919
alor1247	0.835505044935601	1.0292500162907	-0.978091396381388	3.04693644904863
alya1239	-0.143299155849537	1.08202815642208	-2.44692903729578	1.9749894461076
amah1246	0.65578068544506	1.08543143671363	-1.28909008127744	3.02809853956083
amap1240	0.303051634618333	0.894485312327045	-1.3552526117041	2.24855904576931
amdo1237	-0.181872399921153	1.09406712770655	-2.44458420735643	1.92908078383384
amii1238	0.454377688425101	1.01589493674991	-1.48084652702931	2.67499017306843
amis1246	-0.265891153106663	1.05738419266037	-2.52397942227691	1.77198238847828
anei1239	-0.211037677187543	1.05969082890124	-2.51820182650377	1.89831503829708
anfi1235	-0.0946740967206055	1.07695061767688	-2.39163933599075	2.04797766763536
anta1255	-0.0345099547878896	1.10429726222282	-2.31825828246391	2.13960612224983
anuf1239	-0.221533793138358	1.06423230586518	-2.51344995407763	1.844109660047
anut1237	-0.0578849522269167	1.09413099107118	-2.34843442636096	2.1077524473812
anuu1241	0.577795077889954	1.01219307818574	-1.30461968292812	2.71725523567457
aona1235	0.263586430635421	0.907618774059187	-1.49055819768383	2.18018338638797
aoua1234	-0.156766947808455	1.09554150361125	-2.48141069238987	1.94767831186255
apat1240	0.129306509624063	0.973486456322696	-1.81416113956194	2.09636812088506
apma1240	0.625806065812169	0.847096240726168	-1.01930697955645	2.35096878951654
apur1254	-0.234303852339538	1.04105365155391	-2.43779809721997	1.74597610095572
arak1252	1.43686076999651	0.98583509529305	-0.206885887765525	3.49043038987629
arao1248	-0.342207589813418	1.04857615234202	-2.56611156442309	1.62913232591707
arap1274	-0.1295948441978	1.0613951125936	-2.34996972270334	2.00716814296674
arbo1245	-0.536122768855577	1.06150830232812	-2.83822234380695	1.41770191862954
arch1244	0.112592646542242	0.922102956594839	-1.73694931985858	1.98557039540832
area1240	-0.437569492526685	1.07729113868446	-2.84156101387396	1.57874987314783
aree1239	0.152110577470752	0.916696878441639	-1.75495905028739	2.01542913974585
argo1244	-0.244416732360057	1.06280673070684	-2.51907083238311	1.79288346124602
arhu1242	-0.34130175463087	1.01643281479462	-2.5378294560814	1.59264246355125
arig1246	0.252000673296143	0.98453852601391	-1.71789691622492	2.26133881537814
arop1242	0.0796988046612466	0.949921061845894	-1.8421493335007	1.99667532731848
arop1243	-0.343170242935334	1.00614122558537	-2.49025123160281	1.60046616287372
aros1241	-0.296205479066139	1.09164570481742	-2.64479342280753	1.79450596395921
arta1239	-0.368476931301186	1.04443354233138	-2.65783413710048	1.61724578247076
ashe1272	0.253908270517865	1.06344411352678	-1.88106847663486	2.4702184480095
assi1247	-0.173995970593562	1.07976828203651	-2.53738670066527	1.91030696277129
asut1235	0.872465185438312	1.11175738587895	-1.05086947415041	3.32176375880919
atay1247	-0.252538451913188	1.04922501927113	-2.52752062117494	1.80236817983641
athp1241	1.02142358801629	0.86393768741509	-0.458129169792313	2.82975742449735
aton1241	-0.154000180758165	1.04136560876902	-2.3885015348451	1.85384662472512
auuu1241	0.160120053310863	0.875835488690581	-1.56206041653268	1.96081303732086
auye1238	1.48763518150374	1.17858084321209	-0.366782879427094	4.03772971107037
awad1243	0.703934692976176	0.991059568550479	-1.06282266673266	2.8777655896338
awar1248	-0.117228810207676	0.904244545286055	-1.99722421121097	1.74275615094451
awar1249	-0.262850779409587	0.879912904191578	-2.10283732196689	1.41489789144529
awet1244	-0.133680490886108	1.04061457384034	-2.39278587779052	1.82606345578827
awji1241	-0.105401213684569	1.07928229368865	-2.40536845457314	2.01995188683472
awtu1239	0.280714838726862	0.901956854084607	-1.45422811816525	2.14778899891645
axam1237	1.03692443570155	0.862257664484825	-0.444782167764259	2.87306623458687
axiy1235	-0.386963201270481	1.0900711687327	-2.70393592892776	1.65307095675638
ayac1239	-0.169640873817198	1.06685409207873	-2.41145901040312	1.92462317860801
ayiw1239	-0.17142862373866	1.08112379012202	-2.39504272639029	1.95945585444251
baba1264	-0.602634310332727	0.923415634805143	-2.6096239270513	1.07864486495366
baba1266	-0.623908940548369	0.951394590443877	-2.68847075936699	1.07744140927492
bafi1243	-0.01323213335899	0.917790307549823	-1.85605028331426	1.79297944997096
bafu1246	-0.621288260005574	0.954824010787297	-2.7034912028209	1.08074427635232
baga1272	-0.264331227849959	1.03241689546686	-2.47050375631846	1.6940680372593
bagi1246	0.874120889822465	0.972869492367551	-0.940381794092149	2.92734050512167
bagv1239	0.438431061911223	0.901013356334903	-1.2587399146475	2.34176403583262
baim1244	-0.328461565209209	1.04180607771135	-2.62458948026533	1.65512090565296
bala1311	-0.121522222803871	1.07644705332131	-2.34721988540613	2.02382837595392
bala1315	-0.0866565149627828	1.10102293396726	-2.37603033385403	2.14446301461919
bala1316	-0.238147238342635	1.07880350197846	-2.5995933337753	1.85023405047359
bali1278	-0.0599091847656631	1.10712364138669	-2.34767891634184	2.13476112058838
balu1257	-0.283359266511621	1.07627973059204	-2.62924303850908	1.72711046736128
bamu1253	-0.409224168720928	0.946090928399213	-2.40877455177173	1.35134414238142
band1344	0.0119115445538857	1.04185143371087	-2.10840134190523	2.04587808981901
bang1369	0.0517691987688482	0.997482582478424	-2.01243278881284	2.06874361258824
bant1281	0.862639416866898	0.782029192456349	-0.506704050607102	2.47173759752331
bara1357	1.26364861453472	0.944106592511227	-0.346199048967549	3.26044964832657
bara1361	1.1968493422162	1.17860731578165	-0.740527287374483	3.81319671928718
bari1286	-0.350968688469501	1.02259743693196	-2.62832894905491	1.52304305314785
baro1253	0.0394553844686473	0.960290969176209	-1.93212671686283	1.92940505962512
bash1264	-0.102063055692086	1.0919319785377	-2.41187441553829	2.04475989667045
basq1248	0.721110652716154	1.08199442159733	-1.14988147862005	3.1731986809703
bats1242	0.479420042717465	0.942823627484911	-1.28333569288062	2.49086773942049
bawm1236	0.445848521025515	0.938665604635805	-1.29941663186962	2.46582319423334
bebe1248	-0.0462282359676584	1.02869961822356	-2.20006362375333	2.02279264558601
beka1241	-0.0923734489910045	1.09683758367384	-2.41385802790602	2.0493858334881
bela1254	-0.234860664698816	1.04975141276589	-2.48992907390612	1.72023661863812
belh1239	0.932434717675773	0.818904223463919	-0.503050347360457	2.62014156029183
beli1257	-0.0896387400700869	1.08967467807443	-2.35799199444647	2.10290292254917
bell1243	-0.108961283068745	1.09055339581647	-2.4078382594296	2.08076545625045
bemb1257	-0.103574588522698	1.06688891593915	-2.37368226387286	1.97926682590903
bent1238	-0.0747611795600794	0.981593542877611	-2.07644834736233	1.89310459406177
bert1248	0.696509553596991	1.09255092258082	-1.2553878950712	3.09335964922861
bezh1248	0.486655916405294	0.913372451017665	-1.2128100793675	2.48626617059787
bhoj1244	1.13230109670192	1.08997406964644	-0.650038846336677	3.57300937277658
biaf1240	-0.247176653781223	1.068534271671	-2.55232991015258	1.82154398606301
bian1252	0.106427450425584	0.898828309008618	-1.65572384439645	1.98279352126548
biao1254	-0.0606845399925494	1.09561658615059	-2.39708509219063	2.1384533183031
biao1256	0.174646619969982	1.0693396453702	-2.00658482607348	2.34358088313572
bign1238	1.17609618786729	0.853611567506304	-0.286463515516668	2.92948645134539
biha1246	0.0299625402973601	1.08174153272743	-2.18059029747748	2.21437766078424
bini1246	0.738651371723464	1.07121311632766	-1.13496067446088	3.05237017298305
bira1253	-0.599119928259372	1.06159861521409	-2.90773981524007	1.32811683593791
bisu1244	0.41635624554556	0.971383814476351	-1.41751488504789	2.48978531582591
biwa1243	-0.107147613945359	0.874518408144243	-1.88541751733969	1.63170024569086
blan1242	-0.0862869324900525	0.989719777668858	-2.13090432306379	1.85464042221956
bodo1267	-0.104483955480336	0.996778616660753	-2.1978240625339	1.83927624432871
bodo1269	-0.195835483081626	0.993523720071802	-2.25056417668153	1.73259318604361
bola1250	-0.181880077567986	1.02142501036098	-2.37109841831567	1.74639013759899
bong1289	-0.121656956828272	1.07852137293897	-2.4204471599022	1.99572744043985
bora1263	-0.289879667037002	1.07233027197884	-2.60839173653076	1.72352416766335
bord1248	-0.359825332730559	1.04322424232326	-2.61230721110097	1.58367160776172
boro1277	0.404145320837145	1.07267702141549	-1.61259170690359	2.7093935100567
boro1282	-0.157888537694162	1.05289031970488	-2.42494296560444	1.9033885836329
boto1242	-0.209462022446973	1.09931800441005	-2.53103213102204	1.97337472139586
boun1243	0.174521470446388	1.05230949340237	-1.91043282155183	2.30373074219687
boun1245	-0.251441615515387	0.905358931916652	-2.15863169271773	1.53033289612755
bret1244	-0.206897858473653	1.06954032826052	-2.57729566010536	1.84341725362487
brib1243	1.53359444025755	1.17746452571775	-0.348834809076157	4.22494162490007
bube1242	-0.359153647669053	1.08375295947114	-2.65036733472649	1.69601052626695
budu1248	0.206683462229151	0.91807837295227	-1.57724946269217	2.13691587157414
budz1238	-0.131870488049546	1.0686036169694	-2.32579362877612	2.04160730508173
buga1247	-0.302021119164584	1.07914457026342	-2.61900015597444	1.72782468836525
buga1250	-0.0481353934656439	0.939012102117264	-1.96313334694872	1.84643472088819
bugh1239	-0.51405717452445	1.02020945932686	-2.70569025323068	1.30565049422187
bugi1244	-0.0789787176654639	1.0780032070462	-2.31866958369223	2.08912768766888
bugl1243	0.360466438258918	1.02706426125959	-1.64571893160048	2.46835668008633
bujh1238	1.17685692951172	0.889038744348467	-0.325127320838962	3.05206790832584
bull1247	-0.155795036413123	1.06337645823757	-2.44101899096074	1.91702491682778
bulo1242	0.193931835820234	1.04763345632446	-1.85236569430603	2.32986596057458
bulu1251	-0.0872146376786464	1.06750359581138	-2.33045237772655	2.03945179789584
bumt1240	0.0657250009096426	0.968560788273095	-1.89455779441798	2.01395308943415
bund1253	0.718177774053256	1.08528067244629	-1.22986239279578	3.1189493625693
buol1237	-0.117464092364236	1.12950752065835	-2.48817751959698	2.11602308995885
bura1292	0.286932161558836	0.925393180143163	-1.58592702302821	2.17197555444503
bure1242	-0.134834215093989	0.981853128873398	-2.17004290947469	1.79277709210183
burj1242	-0.341124185931061	1.08501858223757	-2.77300986832918	1.77993724063996
burm1264	0.901799975304274	0.963238892317736	-0.793629232752095	2.99220596216077
buru1296	0.79341431092448	1.10705289740505	-1.17593814382932	3.21836204394589
buru1320	-0.0250086916139694	1.0862690256522	-2.29524068633328	2.17406180367853
busa1253	-0.241171184384535	1.04917262276043	-2.52176691099129	1.81529514000858
bush1247	0.973634171682545	1.13118850622981	-0.967577736608607	3.52401544701874
buwa1243	1.14502855809605	0.91759804524379	-0.423123705021938	3.07770860355071
bwat1240	-0.296731073056446	1.0616528286195	-2.59736705447843	1.70414586301268
byan1241	0.555815130933587	0.997617419643202	-1.29363170355506	2.70286663331544
caac1237	-0.262913549654493	1.06096090840135	-2.49023672972814	1.76952557529715
cahu1264	-0.191865737870624	1.08681390425463	-2.50667448710504	1.92182519611296
caml1239	0.917121722500195	0.803885915928996	-0.492298607578214	2.61686098784332
camp1261	-0.212645914414241	1.08238132398337	-2.46530475835868	1.92762904231726
cane1242	0.825348390230247	1.09285829723674	-1.08439857053406	3.229647333915
caom1238	-0.159076806768368	1.07080560685023	-2.46234714416327	1.89074575250043
capa1241	0.546729568381058	0.981816328413408	-1.26197455464298	2.63179883591729
carn1240	0.945839141100558	1.16103468107943	-1.03671403003028	3.55215057251343
caro1242	1.08600747746669	1.21364923032676	-0.857128945539124	3.85329477836938
cash1251	1.48024799423961	1.204070012981	-0.474211950088494	4.1188592283385
cemu1238	-0.294515230045955	1.0474199494178	-2.48989469249746	1.71939226991678
cent1990	0.253681116770026	1.07113738068663	-1.83856135549161	2.52563426983818
cent1992	-0.0182090446161348	1.04460521512845	-2.13206571939787	2.06692537725274
cent2004	-0.528657522544245	1.06733698157438	-2.8958674525052	1.46648300329875
cent2050	1.12916636318601	1.04980671743861	-0.632973336354595	3.44077785708876
cent2127	-0.090546372787953	1.08015959661397	-2.31615185743006	2.00303605217449
cent2131	-0.315760898491776	1.05450480966148	-2.57273190846264	1.65774111945863
cent2142	0.101123614107592	1.05533567240111	-2.0346570240008	2.3222944513455
cent2150	-0.145621817729821	1.03163788850635	-2.39163845425067	1.85749914698335
cent2292	-0.363796025023571	1.02116117409778	-2.56026719240398	1.54509757469442
cent2314	-0.215015638177327	1.06976378370155	-2.52110322082547	1.82975931785584
cent2322	-0.130723555126794	1.09629415429608	-2.44491967953286	2.0246053716894
chac1251	-0.214181789590929	1.06594237257436	-2.45606311965912	1.85726258103078
chad1249	0.00559869972211148	1.05957872118341	-2.15443415752685	2.06981424803585
chak1270	0.820563041489902	1.06953944343943	-1.03056479041605	3.20951509880867
chak1271	0.631881038612903	1.03766631708395	-1.2875075021632	2.84819184897752
cham1309	0.384632409322868	0.893544147812542	-1.33503120155096	2.26377987514049
cham1312	0.158268500985635	1.08593718875144	-2.1373821613395	2.40453168544696
chas1234	-0.441609992409771	1.04197660581689	-2.68803791691962	1.4888526544916
chec1245	-0.118125579837527	0.995442371123653	-2.28671206019965	1.82201341054389
chek1238	-0.476657095639436	1.01895127108006	-2.70183368628846	1.39949348535391
chen1255	-0.38668309369864	1.02700134131059	-2.62584911914736	1.558136358316
chep1245	1.38185280344516	0.928663161000419	-0.181509282113972	3.3774095170637
cher1273	-0.112495524255837	1.07533052056872	-2.35680659027077	1.97541017099176
chhi1245	0.940635607666779	0.819613151521592	-0.481893960910322	2.63340665358063
chic1270	-0.186408570956675	1.04264820297021	-2.39408241733182	1.81349759578825
chil1280	-0.199753292182698	1.05808773642536	-2.4740970536777	1.80252244463168
chim1312	-0.193013707243778	1.03888312938883	-2.46299841692354	1.7744061659089
chip1241	-0.0810621026578627	1.10055873593941	-2.37187947065139	2.09136377560023
chip1261	-0.199791095118802	1.04909499317608	-2.4387748701688	1.80769784209699
chiq1248	-0.141149351172417	1.10052687931466	-2.48151312119957	2.0200201939712
chir1283	-0.434528180442539	0.91506040686432	-2.45334567227408	1.26941282620634
choc1275	0.222510003419013	0.953632063068556	-1.65553051423293	2.16371204379238
choc1276	-0.249280129461863	1.06438316999773	-2.49832402270713	1.77414771733362
chon1284	-0.221592891458086	1.07040907485754	-2.53410753547524	1.81446452992858
chot1239	-0.650145539648616	0.98398252192787	-2.76677684736749	1.06564356100009
chra1242	0.906332571540934	1.13229964824216	-1.0531178680286	3.37727595075408
chuj1250	-0.461387196852883	1.04834239284602	-2.77509526903506	1.44409963637751
chuk1273	-0.140174280749249	1.06922227437598	-2.37311488951682	1.92089413233764
chuv1255	-0.0984357311554571	1.05141976021931	-2.3501763957782	1.98584939112757
chuw1238	-0.132486181483893	1.08035877931634	-2.37890022917914	1.96267825389263
cici1237	-0.188048027691286	1.11532031174403	-2.62194455245736	1.92840361399075
coat1243	-0.417903823946608	1.02594561210828	-2.65893261540053	1.52207293509155
colu1241	0.00240281928866508	1.0787107946061	-2.26753285436445	2.19780519711913
coma1245	-0.17937486244029	1.08129481238535	-2.50126117104098	1.88112180474953
como1259	0.289584730595721	1.06548073732737	-1.78339051067072	2.51371315841925
cong1236	-0.115994786973488	1.04636954196183	-2.25943392802818	1.91162166305573
copa1237	0.355461406555388	1.00074713849215	-1.47963097330017	2.45522865742215
cori1240	0.596379374883945	1.04492642773947	-1.33882193997743	2.88294005878801
cors1241	-0.236205879872419	1.04759010180049	-2.49745799966165	1.76299999759877
cosa1234	-0.41059727193048	0.994320263324449	-2.60042690001854	1.43221909964968
cree1270	-0.212296091286751	1.07119320495129	-2.48331759807008	1.81956262117208
crim1257	-0.105306158310743	1.088657320515	-2.35481291653608	2.06096467603897
crow1244	-0.189564118250392	1.07336872713267	-2.46562678672691	1.94445239987805
cube1242	-0.326045280605297	1.08233879552387	-2.75753858095624	1.65631172312125
culi1244	-0.233589530208046	1.04864967467479	-2.52666184804997	1.7767979203815
cypr1248	-0.0806355388785213	1.08767164351355	-2.33132346797418	2.13434476260275
czec1258	-0.157436585323985	1.02858750194801	-2.33385658968226	1.87213793700802
daai1236	-0.00559845165421919	0.993384374621012	-2.05562731628077	1.9328518693848
daas1238	-0.420587721574991	1.05088393170995	-2.68626549414847	1.47329384080201
dagb1246	-0.0449552311820991	1.03037591647485	-2.16842446643145	2.01019858406269
dagi1241	0.352254088422945	1.04380304100392	-1.67181678145992	2.57516916425533
daka1243	0.845163705976414	0.833020290485224	-0.640100983201594	2.56266653601617
damp1237	-0.143624066687739	1.0968198577035	-2.46298353570146	1.96804290911007
dana1252	0.228577196174668	1.00056407057133	-1.79671154632483	2.37481395359853
dani1285	-0.224391679655198	1.05146942334907	-2.45705371540351	1.83890429059883
dara1250	1.04867413213154	0.909297618571623	-0.494036023440078	3.02934720634051
dard1243	-0.103005271578079	1.11546950010868	-2.41244443594918	2.11303497437018
darg1241	-0.0806328475907104	0.961605213654732	-2.0534838774839	1.86137486316567
darm1243	0.570682335500921	0.991719730469445	-1.25168579794145	2.73415304635764
daur1238	-0.129244991503729	1.11725723303429	-2.48420303498858	2.06821542430994
dawr1236	-0.584345210325131	1.12987349645198	-3.04913425511185	1.49248580383941
daza1242	-0.19403688253707	1.04454497668636	-2.34067980906484	1.88005072095063
defa1248	-0.454932422977574	1.00354663651053	-2.67717961725281	1.34663670743258
dege1246	-0.26367170621309	1.02998055554661	-2.51041415159404	1.76997564824458
dera1248	0.167265205198075	0.939846539963708	-1.75603874523949	2.07361553982634
desa1247	-0.45014946085348	1.06097849102606	-2.79327183788365	1.46187650503903
dhao1237	0.0468849483075568	1.09677233743634	-2.21758963355987	2.27671550822839
dhim1246	1.16714878830348	1.04132975151627	-0.602791665521754	3.43456925446505
dibo1245	-0.21642798621029	1.07366478157237	-2.5768579928007	1.90256194729391
dido1241	0.487264993624161	0.897496433935104	-1.19266017312782	2.42142259222798
diga1241	0.568530373223332	0.96683893262525	-1.22324207592224	2.61879432181494
digo1243	0.201124506248191	1.0561175775347	-1.91455645269209	2.37437209607961
dima1251	-0.53949267509363	1.00214741786375	-2.70893362129409	1.29230729959435
diri1252	-0.134826591026382	1.09019976558272	-2.41559066506381	2.01915214674095
djee1236	-0.241123336463309	1.07691147978544	-2.54223783733425	1.81335269349935
djin1251	-0.132029896010272	1.06831854700927	-2.36136635348386	1.92865570989418
dobe1238	0.0757375728572975	1.08471591268244	-2.12789015142438	2.30932459450139
domm1246	0.435482911058833	0.967739970406557	-1.3073676165735	2.56797840959317
dong1285	-0.205422174548024	1.03814375431292	-2.37463165551988	1.82911378868828
doro1266	0.707656603530648	0.910818691379254	-0.896499394580521	2.66210490116624
drun1238	-0.168752446330352	1.04394430457389	-2.3883902374529	1.84696265967033
dumb1241	-0.241273949863314	1.07209504008483	-2.5076450217461	1.85981817081942
dupa1235	-0.294431786541563	1.0613105778795	-2.6402549663149	1.70202117810693
dusn1237	1.14704138102608	1.09247103976839	-0.719691701688855	3.48437868158668
dutc1256	-0.307435128929261	1.08078037764169	-2.66667542213088	1.67325398789838
dyir1250	-0.287993787845484	1.04517387757392	-2.52101955375047	1.62512196095856
dzao1238	0.062817629331083	1.03878350318143	-2.14441794735056	2.16836368073497
dzon1239	0.198801730836995	0.973071080734819	-1.76888926306456	2.21576937809813
east2328	-0.19710543710107	1.03786223693748	-2.45515941466245	1.84507907062937
east2332	-0.295711538577157	1.08754190743124	-2.58969499476129	1.76833990539843
east2342	0.388655055905273	1.01521882959195	-1.59968954682633	2.50893874519814
east2379	-0.132569284037599	1.11360165459424	-2.52331003042037	2.09471936360607
east2443	0.757478419865908	0.906482454127425	-0.916515683777605	2.63544324251018
east2447	1.06873115151014	1.21559765219715	-1.00185632523022	3.71752512865733
east2516	-0.376098193053381	0.947136099011681	-2.40320920144871	1.38627008013125
east2555	-0.190369319515175	1.04676611295462	-2.42586054946186	1.85500669778163
east2773	1.18309064509367	0.860085119426255	-0.293412269337342	2.99160013247428
egaa1242	-0.0971445419582111	1.07133239541852	-2.40497949598406	2.02198068647156
egyp1253	-0.0675795812159392	1.09234027791483	-2.35052787871527	2.123163232393
eipo1242	0.0424476423209571	0.982674171572115	-1.99241454029914	2.04167359663881
elem1253	-0.401464055595106	0.994426404617224	-2.5710286384729	1.41752455041621
emai1241	0.407258953002011	0.95886334124069	-1.38033500519226	2.39003358470739
embe1260	-0.360754877734102	1.02455729165832	-2.58250659893058	1.58832075450447
embe1262	-0.25517662022129	1.06271343434997	-2.52014974246411	1.74222684267922
enuu1235	-0.504647676904761	1.03725489964548	-2.74810333323206	1.39337911642144
epen1239	-0.242729219509057	1.06499942762978	-2.57375351701752	1.84858848400179
ersu1241	-0.40831792443878	1.08498558031582	-2.78450706984806	1.60685435083622
erzy1239	0.141530614732995	1.10728947518657	-2.08059340163209	2.42390252916296
esee1247	0.313267100979545	0.896404383837519	-1.47633681243403	2.174067411042
esee1248	-0.311252231095849	1.05285741284864	-2.54214192386254	1.65581534407625
esto1258	-0.173069862976884	1.10648345595891	-2.53691753008831	2.00992765363679
even1259	-0.0752031520360979	1.07560192559094	-2.32248011065811	2.07081596096634
even1260	-0.0511979764089434	1.09657116629396	-2.39289652705693	2.146806336503
fala1243	-0.226655689648753	1.01141223728361	-2.37657150824957	1.70496551915703
fare1241	0.11447274253164	1.03815727636704	-1.95054948984983	2.18892851918935
faro1244	-0.186533417920151	1.05128255809143	-2.5081690191226	1.84354998029258
fiji1243	-0.0872134311209184	1.07169919559254	-2.34783981777541	2.04602313809765
fina1242	-0.380150342521612	1.01740329835442	-2.5948742540984	1.4859180287424
finn1318	-0.0765742128032989	1.11518988712833	-2.46552670192038	2.08593179240875
fonn1241	-0.273263636125278	1.04403658078365	-2.56301680141133	1.69084394786071
fore1265	-0.109284806051085	1.08659128584579	-2.43864537786458	2.07909477108734
fran1266	-0.292558050985236	1.06702121082203	-2.56238334143206	1.7416078774301
fuln1247	-0.153627037689476	1.10402156554623	-2.54832306172475	2.0156662265068
furr1244	-0.161453591296532	1.09182462531307	-2.40063535526061	1.95669456272371
furu1242	0.339123341393661	1.03805037727177	-1.67460437616403	2.55923982389657
futu1245	-0.183559425027772	1.06001624316539	-2.45958465861806	1.95170881519373
fuyu1242	0.346249822793323	0.882366753027848	-1.31629086874876	2.18441085716998
gaaa1244	-0.180466043517615	1.08425163358296	-2.46769946647072	1.94140814404782
gaan1243	0.523050013550953	0.957949715293581	-1.30799504181635	2.54691579732157
gade1242	0.951076980014986	1.10289056681425	-0.89004009461553	3.37782103416552
gaga1249	-0.0516999939049956	1.11910596935372	-2.36681420903569	2.25454844370445
gahr1239	-0.167570397548489	1.0703746839283	-2.39869347460728	1.95952273880193
gali1258	-0.210519394402498	1.07438353324551	-2.48173936083715	1.84319225161678
gami1243	-0.166540692791844	1.06897948210044	-2.50422212954478	1.9300981412239
gamo1243	-0.642983558704564	1.09653753162735	-3.05067562414656	1.35435024315326
gang1266	-0.676955615795231	0.97681318548548	-2.80142194590624	1.0271465633552
gant1244	0.174677631230746	0.851608159184995	-1.45883256534046	1.94280974193495
gapa1238	0.128935478634828	0.945344860507965	-1.88803380802676	2.01316888259298
gayo1244	-0.117886997297001	1.10038021743091	-2.51601206281537	2.05469901258492
geba1237	0.544965686697911	1.05178229440484	-1.40974091570492	2.80345644986719
geda1237	0.0730110224770198	0.885638594956502	-1.67969527140139	1.87926667757022
gela1263	-0.56385804120886	1.03151042537645	-2.85225690739537	1.25410438527424
ghad1239	-0.109110560290566	1.07721560017358	-2.41700529470117	1.99316082712222
ghan1242	-0.26415958551602	1.09651609120134	-2.67631438363528	1.86594125355144
ghar1239	-0.541595429099285	1.01840501317163	-2.82104880576446	1.29127770023326
gheg1238	0.624385812462637	1.05257525944879	-1.25633112939154	2.90534367877653
ghod1238	0.186748189414408	0.912991024214786	-1.69222625437694	2.08410505836035
ghom1257	-0.195059895323744	1.04771152360482	-2.42972395544604	1.79589345342191
gilb1244	-0.0710605548505945	1.08816937446685	-2.33905055078729	2.11539859923433
gily1242	-0.180140599593096	1.08666383623843	-2.58107596310002	1.91553883823004
glav1244	1.4195693042671	1.0176179153444	-0.291007087810928	3.5588162840368
gofa1235	-0.617623426731423	1.11378131044426	-3.08169989104714	1.40593682666607
gola1255	0.942037838073039	1.15899892457181	-1.08360703992023	3.54986133531313
guah1255	0.805757147933833	1.10703976424944	-1.18332793489382	3.2091460898951
guan1266	-0.497849919258878	1.0447189221888	-2.80466363184053	1.38665442648952
guan1269	-0.401493989875706	1.06937377773487	-2.73497757457125	1.51811378506018
gube1234	-0.162184197738915	1.06063836711838	-2.35647548219733	1.93599695318042
gude1246	1.18020521915236	0.9951552927616	-0.50924472846186	3.3349565277719
guer1243	0.356933299761587	1.00750956897384	-1.53872887144982	2.48056349792187
guiq1238	-0.460360750712618	1.081815674344	-2.8585467637811	1.53688507736822
gulf1241	-0.119407665503224	1.12772064453055	-2.52341266370225	2.10935620688802
guma1254	0.556118687445258	0.982442900254646	-1.3009730468029	2.6605435002965
gunw1252	-0.244404411536276	1.06493867143548	-2.54455742796648	1.77782844604255
guny1241	-0.0779270291584184	1.09067635046911	-2.3681133679516	2.06676026044721
gura1251	-0.416378611407866	0.993395579419927	-2.57314845231355	1.47402408760892
guru1271	0.0720564500536062	0.977820004679411	-1.86187190691614	2.05785240093538
gusi1247	-0.286862696548167	1.06377523735883	-2.52003593010931	1.75740779582966
gyel1242	-0.238373827562971	1.07190017753374	-2.51781087007848	1.81684537297941
haaa1252	-0.164604202598808	1.07777523029464	-2.44799063104127	1.98210714340809
hadi1240	-0.557540096901488	1.05076499151007	-2.90693893559569	1.33394684483038
hadz1240	-0.140626137521063	1.08799739611136	-2.45060779323742	1.93299854152703
haka1240	0.234528627444358	0.909037532113534	-1.59524485914047	2.11750705011332
hakk1236	-0.0483867376660406	1.08875480484285	-2.28065763859571	2.11561084013386
halh1238	-0.138104753659979	1.07802690121343	-2.50311481624215	1.96992454233592
hali1244	-0.237354491724081	1.02496179550383	-2.40551967674957	1.72241706135333
halk1245	-0.118146985390861	1.05884587193138	-2.36738616420053	1.94915171010754
hang1263	-0.336456112176904	0.889081411538879	-2.30091300926975	1.28832259440885
hani1248	-0.431619258467264	1.06716358938032	-2.77211044127511	1.55087254260484
hano1246	0.594755326953302	0.888699887082094	-1.1049886796929	2.41819145558707
haru1245	-0.0857741593560966	0.862326055155527	-1.82236526138612	1.62331344376614
hava1248	-0.241326648007933	1.06337792937883	-2.49250317976041	1.8053924071271
hawa1245	-0.0555842019495492	1.14093965230033	-2.45568291200329	2.21518548441115
hebr1245	-0.110562908586555	1.0925102893886	-2.44135769617081	2.05462573606758
hehe1240	-0.101764322714683	1.06527275385565	-2.29706605960051	2.02820175923693
heil1246	-0.0239711876664937	1.05561845324786	-2.22859185585645	2.11932424996562
hela1238	1.25187754165355	0.879866468049726	-0.253234538504109	3.10052000627692
here1253	-0.100670914981688	1.11578278396204	-2.50198639566555	2.08219580258874
hida1246	-0.165071280196887	1.06372357653172	-2.45722569237704	1.92600302409545
high1276	-0.350715435332743	1.06039952957898	-2.62672160186543	1.65489152250297
hind1269	0.736806268931307	1.09087990334842	-1.16618605553665	3.15065839030567
hoaa1235	-0.192289050215338	1.11643078628408	-2.52917942587333	1.94934626160754
hoav1238	-0.348417192047166	1.06358616912585	-2.65847849665918	1.65300675173215
hone1235	0.049084706078003	0.949263709014933	-1.86128456846789	1.99487405093127
hooo1248	0.45990480598345	0.980994054164219	-1.42445488440145	2.5761756265435
hopi1249	-0.303105009195322	1.05979063387066	-2.58132531303016	1.65280129397864
horp1239	-0.472722434170621	1.06445694843666	-2.81526606934416	1.46469213469889
hual1241	1.24309947059121	1.15400720320753	-0.631513426164023	3.82453115981784
huam1247	0.586246426069791	1.0385027198176	-1.32203970961433	2.83280052265003
huar1255	-0.28769355254287	1.09744572730922	-2.61972088888036	1.79164041708558
huas1242	-0.0478503034422165	1.07527361878579	-2.2858695435723	2.09081846422541
huba1236	0.95136713735002	0.957961065085501	-0.73515426758006	3.00821945778303
hula1244	-0.168963232558953	1.02120439714415	-2.26225807778098	1.81978212124919
hung1274	-0.0984869113757742	1.03681119117472	-2.24842855546621	2.00049177499974
iaai1238	-0.26423957321462	1.05631154857903	-2.60884710752155	1.71659900367363
iatm1242	-0.328129092116396	0.922630518790164	-2.3322250099578	1.46660773877749
ibal1244	-0.355772294173376	1.03137211019867	-2.57858194987748	1.6174001296313
iban1264	-0.0871732273165414	1.10012031945086	-2.38234735421297	2.10262393584669
ibat1238	-0.17457306262547	1.08264876976248	-2.47798835875475	1.99330983244738
idii1243	-0.592678146213325	1.02170016290594	-2.86507102597915	1.21690856625743
idom1241	0.173180981840068	1.05616097074221	-1.93326923739721	2.35114590265067
idum1241	-0.0210653557775264	1.0192712566117	-2.15559662082411	1.97713440583837
idun1242	0.272922223037073	0.920194874268344	-1.61560269415487	2.13597173363276
ikkk1242	-0.23800162203501	1.10168774543755	-2.54465090821783	1.91595386401202
ilaa1246	-0.0909936350639534	1.11430350013071	-2.48278047121153	2.1487284608465
iliu1237	0.133914736114617	1.04930093158128	-1.94413842928703	2.31615651557309
ilon1239	-0.376709668434933	1.04112693644007	-2.65003179917175	1.6106759986244
imba1240	-0.196455732419818	1.05257924681324	-2.42729653733119	1.88583818045924
ingr1248	-0.132737630176594	1.08240475039875	-2.36934013461927	2.02253843786204
ingu1240	0.0134786483994145	0.958846837014569	-1.98515437113586	1.93158987489548
iqui1243	-0.200275512228929	1.12425083340675	-2.54170837594603	1.93662835469174
irar1238	1.32618024516126	1.18799407282139	-0.571793992071075	3.98773392911196
iris1253	-0.238573855165134	1.0496399567888	-2.49396629336641	1.77522324626771
irul1243	-0.240313224999708	1.04494958341915	-2.46133965874239	1.77246733362363
isco1239	1.44003771168754	1.17498019628501	-0.441194062500275	4.01147475379995
isir1237	0.605636273201356	0.927281924950746	-1.11754884592571	2.59057913763158
isna1241	-0.244735377835693	1.06099726663607	-2.4920429195799	1.76119104790987
isth1240	-0.366162561153004	1.05869721717851	-2.6890801757791	1.60095468586284
isth1241	-0.337595579021452	1.06598244997418	-2.65454908281152	1.71286228306089
ital1282	-0.224550794105954	1.08001536784737	-2.45930860143056	1.85954583593626
iton1250	0.0312123678236356	1.0797400425308	-2.20660216213803	2.19748779218499
itza1241	-0.209997538662377	1.07524499417901	-2.47426719126916	1.92158744331868
iumi1238	-0.204491174282806	0.956400821435848	-2.26125815202566	1.61461364914072
ivat1242	-0.146724409722849	1.08859423021021	-2.42651490212371	2.09765081491253
iwal1237	0.225910149346078	0.916233237769742	-1.56634465727559	2.16421086981184
iwam1256	0.200971713882003	0.885863710665488	-1.46590123180819	2.11559945390948
jahh1242	-0.291636634558552	1.05176203479932	-2.56711193427187	1.68783017387442
jalk1242	1.09431478449405	1.01463692801932	-0.648865033881239	3.30165209197347
jama1261	-0.233827842222003	1.03834852116475	-2.45127432106968	1.70668622301012
jamb1236	-0.0864328835998076	1.06769277099433	-2.28484056329261	1.9605785521228
jams1239	0.312549016552246	0.979611520748527	-1.5891494222293	2.35886520470597
japh1234	-0.502537493022955	1.02574584845042	-2.81916882434912	1.37778648783557
jaqa1244	-0.110495156927389	1.0852542409623	-2.4515537681109	2.05156394288044
jede1239	-0.282996375982349	1.04193559761112	-2.46492466138748	1.69872920886399
jeha1242	-0.273535433075031	1.04960614771074	-2.48617667951537	1.68990686760072
jehh1245	-0.310572962083122	1.0487405056538	-2.56028227922038	1.6718105599869
jenn1240	-0.347427875046724	1.03082723991996	-2.63453033170328	1.58032780550092
jina1244	0.909565587787394	0.980673909908239	-0.861270257762716	2.97151807468487
juku1254	-0.166239307548245	0.975711571410299	-2.19371356626868	1.75839468540498
jurm1239	-0.0954545270828407	1.09267586521897	-2.37484705288706	2.12301624112718
kaba1278	-0.131777967904948	1.01786196120065	-2.20591612058298	1.89369286966038
kaba1281	0.169585157403529	1.08230695868551	-1.99843463171706	2.35121071571471
kach1280	-0.167755409975721	1.04256409195875	-2.36883090164415	1.86087160597738
kach1284	-0.594850316165069	1.09456521420031	-2.96976358400675	1.38955345020658
kado1242	-0.0134015724340895	0.909105890609512	-1.85064297910064	1.8188196420938
kafa1242	-0.462246427239436	1.11820265588482	-2.82722721552557	1.62226203633107
kaga1256	-0.118883317724831	1.06689778619908	-2.3241617728762	1.98159835533757
kaik1246	0.771374566556976	0.972852961151886	-1.00231125517049	2.90393253829522
kaki1249	-0.409365629536196	0.974696877455525	-2.49722627030181	1.42758628577976
kala1384	-0.121976944972044	1.06996401117763	-2.36317156366445	2.0031830531733
kalm1243	-0.135640687901016	1.08977405465388	-2.4382186203607	2.07091482375444
kamb1297	-0.0990957274097587	1.07810546695605	-2.3439994997994	2.06657010660547
kamb1299	-0.0962886004134274	1.06709416223114	-2.38692313190639	1.99447792673706
kamm1249	0.970922992093143	1.06608745086046	-0.795774291722719	3.38254292095295
kana1286	-0.293050557538604	1.05475515960288	-2.5399251445835	1.69970805663072
kana1291	-0.131920644529259	1.0680733696057	-2.36759463985978	1.99605601085413
kank1243	-0.358277585821081	1.00978606960315	-2.55849517585723	1.5501003463054
kaqc1270	-0.34365188827004	1.08235036410523	-2.67384422099075	1.67335494638194
kara1476	-0.225723296796893	1.07872744796402	-2.56713265100862	1.82349741060172
kara1486	-0.217077354896631	1.03903079899997	-2.42226525042547	1.78205216832279
kara1487	-0.392574598708612	1.01070522695809	-2.6003760561272	1.50842488607039
kara1500	0.813386472280781	1.09021763050042	-1.07963883567263	3.28224817003177
karb1241	-0.411768787024421	1.0019125658342	-2.5539255103978	1.51516065759153
kare1335	-0.060282779015332	1.11753649876008	-2.36835582490903	2.13520750732527
kare1338	0.0230184232172182	1.08594976849757	-2.24463369244388	2.1983866066741
kari1311	0.249902177432346	1.07312779900901	-1.87552929840533	2.47486501201919
karn1252	-0.411825182569263	0.970315822566468	-2.55199674561254	1.39140816925177
kash1277	0.79605434998783	1.10347602971062	-1.14258377625237	3.31007953502471
katb1237	1.11598523417571	0.839275327762592	-0.335881453747053	2.85161637501792
kats1235	-0.509334837078356	1.06345027734767	-2.87714545917638	1.44134073964443
kava1241	-0.232522651664938	1.06077758459622	-2.52118116303375	1.84535785558632
kaya1315	0.751690358762794	1.0824299415064	-1.1504932986129	3.15634413053934
keap1239	1.04229434216261	1.04289014089205	-0.673953957672728	3.29834587241737
keig1242	0.74786075974136	1.11413759475137	-1.16604692771307	3.23821072348996
kele1258	-0.267915354168799	1.05249548635465	-2.59983607337829	1.72836485153155
kele1259	-0.401575170852105	1.00212489332675	-2.56648706830539	1.45528157037596
kemb1249	-0.123060649911061	1.0915608995505	-2.39512998382875	2.09186813467921
keme1240	-0.451576096140844	0.919942059115442	-2.49735874833022	1.23393495454446
kens1248	-0.236250032545276	1.07013359025959	-2.5207456117055	1.80064145819813
kenu1236	-0.148373965072023	1.06992971624377	-2.45533528929	1.93247642876683
keoo1238	0.111157621879183	1.05829816744198	-2.02223339696567	2.20622305085613
kera1255	1.37540875518446	1.0655341772141	-0.387651133446686	3.66443321287615
kesa1244	0.485490750092219	0.977488732430926	-1.32007537844706	2.6007634898429
kett1243	0.731937276103121	1.11055592924907	-1.20874065295866	3.19950534783651
kgal1244	-0.125190264889566	1.09536253823877	-2.46438403065217	2.01497113406139
khak1248	-0.0823406444649324	1.07366588946092	-2.36268913969379	2.03297528199438
khal1275	0.753604198107108	0.82076289533163	-0.772915495214858	2.45159455241392
kham1282	-0.148328617995021	1.08604414321563	-2.5274601014255	1.94006116650444
khan1278	-0.437896462852756	0.995120180352052	-2.68937083104007	1.36535197341614
khar1288	-0.583463636663787	0.952071485561071	-2.67466043868156	1.13223117781142
khas1269	-0.460332706359694	1.01722014957635	-2.76402311550297	1.38666650982036
khez1235	-0.287183581766606	0.896181300057656	-2.23205496080559	1.44004435382589
khin1240	0.209106830587933	0.921079401424243	-1.55066091057358	2.15177296991171
khmu1256	-0.227846950374135	1.05631713872682	-2.46917043671563	1.85300437174298
khum1248	0.157928195185009	0.909929968164148	-1.67409204170605	2.02188705971368
khva1239	0.497262347782129	0.895178431139068	-1.17990522590876	2.42330635149052
kich1262	-0.357535332553489	1.08340442717747	-2.70578770994081	1.68952516275533
kiku1240	-0.21950252459749	1.05591423920104	-2.51571639346532	1.8163995066419
kile1243	-0.14235766628201	1.09051630979716	-2.48180002398325	1.98111434459377
kili1267	0.365741001614516	1.03189198188278	-1.66474046466907	2.54061667027351
kimm1245	-0.281271742712108	1.09501565087506	-2.57370373434002	1.85558209450762
kina1250	-0.10747160967618	1.09792059357616	-2.41359971527875	2.05023913934842
kinn1249	-0.145691652511281	1.05164891177849	-2.37885054799727	1.90887540104262
kiow1266	-0.191031990443269	1.04078001925243	-2.47975656239641	1.7868396889441
kips1239	-0.289981928900233	1.08559451220955	-2.59553353249194	1.82257251276142
koda1255	-0.208278813342647	1.02416926906047	-2.37405485912661	1.82070022255307
koit1244	0.25345020335294	0.87588112320855	-1.43842187169126	2.055064015495
koko1269	-0.435389241330312	1.03112083155607	-2.67483323425379	1.4946538914767
kolb1240	0.32427095142865	1.01709045009045	-1.63508895344225	2.45744983417852
kolc1235	-0.144257237372899	1.02301865082185	-2.25969926573894	1.87056801277129
kolu1245	0.370190389168662	0.928710600632983	-1.47463591029654	2.30674464688449
komb1274	0.483953581964313	1.04267728499165	-1.50719009655913	2.74895784391518
komc1235	-0.619053505014861	0.921530661376486	-2.63194433569224	1.0276287392804
komi1268	-0.0544005516347579	1.11279667842405	-2.37558125003167	2.18450465243916
komo1260	-0.111113106227092	1.07524387896479	-2.40821959996312	2.04388794169493
kona1242	-0.386267553792671	0.9995184984524	-2.52542102006664	1.46910302262167
konk1267	0.633309829467033	1.09786053981317	-1.31357421779686	3.11154908627715
kony1248	0.393987814705696	0.901608500008174	-1.27102096571272	2.36834907071354
konz1239	-0.194950848378941	1.04826748965761	-2.48628075669228	1.87714420698642
koon1245	-0.171145143493213	1.07405615572112	-2.42465265701418	1.91388765701702
koor1239	-0.561562379803349	1.09187377697122	-2.94835241320298	1.40933477766731
kore1280	-0.161053166008468	1.08362379046701	-2.4123316621537	1.91422337426094
kore1283	-0.152044637818061	1.12231298012585	-2.50957320184436	2.04542372805928
kork1243	1.08267627911289	1.14960758152894	-0.81711586438088	3.61986335751611
koro1298	0.176699820712191	1.00861206142511	-1.85506099671072	2.27515148034588
kosa1249	-0.0179313916486403	1.00628045322188	-2.13892572940212	1.99964657862047
koti1238	-0.15578376860903	1.07660169776049	-2.44273729253551	1.91275258034861
kova1243	-0.425873929218242	0.978655525523931	-2.61841315312053	1.37586915855175
kove1237	-0.239286040846126	1.0196316575337	-2.44899768607907	1.6679485004215
koyr1242	-0.0979528161198821	1.0832282181788	-2.34278216202419	2.01910533267367
kryt1240	0.224587008652849	0.916854498169343	-1.50086872864198	2.13566350807268
kuan1248	0.490373267642678	0.975976532477917	-1.33946743150041	2.54626006849485
kuku1280	0.863475585233536	1.14773613698828	-1.09696034179746	3.40885380783343
kulu1253	0.889856493734378	0.837925346211764	-0.605103861848147	2.65017525445153
kuma1276	-0.246039474727339	1.06856159102589	-2.58587080998013	1.78748770624804
kumb1268	-0.17971356925838	1.06352434770227	-2.48714863319567	1.83814959661479
kuna1268	-0.248236164573165	1.0543601906755	-2.52063575179457	1.73701961569391
kunb1251	-0.251485095693351	1.04586782772729	-2.46331611311635	1.73504151808135
kuni1267	0.019787111090417	0.892992751077563	-1.78990081717354	1.81561050909567
kunj1245	-0.0814005805634685	1.06365537928499	-2.28465052743438	1.95979428041593
kuot1243	-0.165382634897304	0.990065645074832	-2.22692108039228	1.78646035282789
kusa1251	-0.334869906279454	1.06437142511244	-2.67165418457516	1.72041776735643
kusu1250	0.574567972258906	0.970043577095078	-1.20757979225498	2.60861978730863
kute1248	-0.276606039867252	0.979600265371241	-2.32699514156287	1.54005399949988
kuyy1240	-0.252454310795615	1.0741623068185	-2.49170688035965	1.8020829334784
kwai1243	-0.464788217803707	1.06418435873215	-2.78138169642694	1.55298913158308
kwam1252	-0.256715927882635	0.997963650736089	-2.4243971548594	1.63117274958441
kwar1239	-0.47280180408311	1.05346369089081	-2.83005150506855	1.49680409454832
kweg1241	-0.528083761650371	1.08945577248364	-2.9188208605232	1.48003775891198
kwin1241	-0.0558864062883452	1.0585718443968	-2.24145715200115	2.07410042105327
kwom1262	-0.301360131044354	0.886161065109693	-2.21284893955831	1.37809517682824
kxoe1243	-0.145491939445964	1.11709940455213	-2.54901323787194	2.07670336847323
kyer1238	1.15226711790341	0.897925905376164	-0.401322448333711	3.00847425895845
laal1242	0.23759280905868	1.08594306597106	-1.89388884723459	2.55359293626179
labo1244	1.14813531967071	0.879306988025114	-0.307797810765121	3.01545348125033
labu1248	-0.0207900316478939	0.882924613848218	-1.79574709648743	1.74990682265288
lagw1237	0.807005533694776	0.974925971645116	-1.01408732422801	2.82484037762373
lahu1252	-0.235455691354379	0.916673812469041	-2.19502744693318	1.48262235031081
lahu1253	0.0802676241321374	0.911721012780335	-1.72704595500983	1.93635338819063
laiy1246	-0.0319220911539006	1.0905447897903	-2.27270946790431	2.13482914567438
lakk1252	0.0409079992599133	0.949942339914039	-1.91399239957478	1.96615581091955
lala1268	0.0114715913946659	0.889730923718681	-1.77476807321501	1.80600926801042
lama1277	0.963723689443662	1.04679702486185	-0.860559001632584	3.16726460321184
lamb1273	-0.102648776854739	1.07883013096241	-2.39120575089891	2.03761068222428
lamk1238	-0.597760633733319	0.991713743657345	-2.79265722770463	1.16042098914792
land1256	-0.264059288491448	1.05449244571791	-2.50622260898988	1.75481622141693
lash1243	-0.409828188750311	1.04663669359258	-2.69570306759815	1.56676417635822
latv1249	-0.297145689978231	1.06344983839494	-2.62490879684952	1.72851647657426
lave1248	-0.323168298087291	1.09465522460501	-2.71553336808003	1.74445810989652
lavu1241	-0.506726721279107	1.03577531626382	-2.75313250481908	1.36584394932163
lazz1240	0.0495047072035477	1.02289150749462	-2.00971946230694	2.11627185101017
lega1249	-0.169619578858683	1.08480962172214	-2.52847841401816	1.94933911959418
lega1250	-0.185194039076181	1.08130839761713	-2.53503794349672	1.90251512390953
lele1267	0.44014299280561	1.00567812402469	-1.5076135791584	2.56342980138496
lele1270	-0.271801666229305	1.04956946049358	-2.55967721544514	1.70554465012186
lele1276	1.24581451188135	1.12166858650137	-0.614832820976037	3.69193939710192
lemb1266	-0.246956738037589	0.888311495866874	-2.11277150145998	1.5017897080452
lena1238	-0.254458120919694	0.999164070956844	-2.44328070759799	1.61821834697977
leng1259	-0.517769761304038	1.03447774702651	-2.77666349419689	1.39305133347669
leti1246	-0.116126034488035	1.08510058109525	-2.41617274186186	2.03501484267688
lewo1242	0.935676798517733	0.973714718422593	-0.775082035174184	3.05932402652619
lewo1244	0.889461801964643	1.03032378433565	-0.95300058536836	3.07845551047011
lezg1247	0.0927782241400882	0.931421095839023	-1.73943329716233	2.00915820022146
lian1251	-0.625389981551048	0.994691666342747	-2.82817860537317	1.16369169506819
libi1244	-0.264678895027985	1.03581031768403	-2.50650827341795	1.70218537317763
liby1240	-0.0712089863406471	1.09321939918058	-2.35349188058071	2.09552039620379
lika1243	0.676569934756359	1.06220044832327	-1.25743655665525	2.94024225335171
lill1248	-0.136569278808803	1.07871389593319	-2.40891965407988	1.91153655341699
ling1265	1.10234035584459	0.82720640398539	-0.335440567421031	2.80781416799107
lipo1242	-0.578483398720888	1.02801045443079	-2.83781922447981	1.24773327983
lish1245	-0.367120475999958	1.02671942710079	-2.58653001206428	1.59837397567488
lisu1250	-0.450429294418986	1.05137350078266	-2.74339777395845	1.47226587673662
lith1251	-0.288229773920837	1.06793974623952	-2.63534560922963	1.79396794060535
litz1237	1.13698881350361	0.830788246085692	-0.318663411582209	2.85313020984465
livv1243	-0.088473867685347	1.08168211872013	-2.36968835846945	1.97949177639642
loba1239	-0.285995065368879	1.03525228251197	-2.46137411854004	1.73977475949168
logo1259	0.00454077408154428	1.07015034900345	-2.21122020440765	2.16958155787758
loka1252	-0.284369751415885	1.0388913434659	-2.5392388409142	1.72093312907364
lolo1259	-0.584124316505917	1.04192566226511	-2.93263387657295	1.31094114048429
lomb1257	-0.3349306717863	1.06145722576752	-2.7272122499647	1.61210012488662
long1395	-0.465262435879022	1.06982395349246	-2.82006839116542	1.48332940798507
loni1238	-0.27257649746528	1.04895550906917	-2.54045029943117	1.72216844805159
lote1237	-0.0539382161424484	1.03718949637976	-2.19478674578122	2.00442269076934
louu1245	-0.286471753787537	1.06621857191073	-2.52965756173548	1.71268050361226
lowl1265	-0.347985041904481	1.05439611845954	-2.63005239540872	1.62400387183694
luan1263	-0.111531971437094	1.07973557035291	-2.40110170799454	2.04394421158452
ludi1246	-0.0845481983606599	1.09043979561602	-2.34617255821775	2.03956605801509
lugb1240	-0.139595397309497	1.09323056408387	-2.41887113670734	2.06832881188741
lugu1238	-0.0759305565189447	1.08480147514501	-2.36258315187955	2.00436005035843
lule1254	-0.0865471012494561	1.1040852736796	-2.4222661095415	2.12170914460992
lumb1249	-0.142880678311164	1.07326970182765	-2.46228229987311	1.93865815542061
lumu1239	0.307410967411639	1.05884088457806	-1.72225226897557	2.55097282203284
lund1266	-0.115979529045564	1.08348715546519	-2.34371410001468	2.01069522954906
luok1236	-0.26895995494572	1.06278216944158	-2.51882915831075	1.76531974200936
lush1249	0.520985293886574	0.948997247488099	-1.20885300991551	2.53460191167334
lush1252	-0.108737139805933	1.0655315409167	-2.33343472769137	1.97235206669634
luva1239	-0.153969692304378	1.065695914703	-2.3683789464584	1.86033064530612
luya1241	-0.185642005263913	1.07346116277402	-2.46126319672211	1.89940421599046
maan1238	-0.0546241664745649	1.13987922141137	-2.4410465043096	2.19433807844261
maba1277	-0.173887187943053	1.07033264437614	-2.39109986455821	1.89409810031327
mace1250	0.274516987102553	1.00458160508534	-1.71722327610799	2.42840128153617
maco1239	-0.140820554111992	1.06472798918287	-2.43664151098305	1.92438726214579
macu1260	-0.405825406979444	1.08037578871999	-2.80005393511722	1.57072413111199
mada1285	-0.0372118645567332	0.9636602916087	-2.03920516492283	1.87821796144689
madi1260	-0.192359634710289	1.09682258714881	-2.49696438855452	1.93183153393979
maee1241	1.16472343248322	0.835778652853016	-0.248712439486247	2.90556128736117
mail1248	0.203741067319252	0.992780556328545	-1.82197290900499	2.21208510770063
mais1250	0.257150830403955	0.918921767431237	-1.52607449503656	2.1135830425465
mait1250	1.16349478843573	1.01100493548625	-0.531635644752416	3.33071420218257
maja1242	-0.321152724186062	1.07978669227152	-2.67013573702692	1.71771450372327
maka1304	-0.13444860597482	1.02571686486288	-2.29977550055389	1.85451457967574
makc1235	-0.17057950945385	1.10200477216983	-2.50107551848448	1.94393678557212
makh1264	-0.159064210250984	1.07432345490157	-2.41451234618166	1.92183729473241
makh1266	-0.168437369929401	1.05472509323873	-2.38725289464161	1.86836484708673
mako1251	-0.131331861297504	1.06941642912524	-2.3594563820746	1.98237074434045
mala1463	0.101600434584115	0.989244391061782	-1.88971317784614	2.13763982711171
mala1464	0.441306558824619	1.00953641988136	-1.41756092784687	2.6099053967016
mala1522	-0.345750936457483	1.01061989090472	-2.59551704063478	1.57169041146126
male1284	-0.643847738771622	1.09639688535066	-3.02087354527646	1.35289379604105
male1289	-0.371840543815658	1.00022902801463	-2.59662140725963	1.51241826710982
malg1251	1.18719938525202	1.03655562625231	-0.539774313760213	3.44502030414572
mali1285	0.878128661771208	1.10512058140682	-0.981338666645792	3.29895060313512
malo1243	1.30405421001557	0.905999268308799	-0.246006306725917	3.1884144468539
malt1254	-0.129123264780312	1.07040378116752	-2.42971677048355	1.98187836778414
malu1245	1.19431649061694	0.85419006015044	-0.271932611016793	2.95798751492314
mamb1294	0.873918801758232	0.958515059867236	-0.866041514642473	2.92870847601127
mamb1296	-0.0913549195412337	1.07878847665835	-2.35700848016423	2.02358953891745
mamm1241	-0.384619161804075	1.06066414639125	-2.75308772038589	1.61543521402461
mana1288	0.741088459536465	0.884189722463108	-0.893133731416327	2.58925284479869
mana1295	-0.287288379158435	0.905243425013322	-2.12889176803274	1.49125079570683
mana1298	-0.364250780811307	0.895319132215786	-2.30092123388757	1.31679041098893
mand1415	-0.077423793484189	1.08078670891192	-2.29482992375597	2.0512030951679
mand1440	-0.159737399661474	1.01220206845726	-2.33158461663098	1.78724275996451
mang1381	-0.218420933651826	1.07181716679777	-2.50886428678249	1.80658625354952
mang1401	-0.0792829466986543	1.10156150615007	-2.37239739419132	2.12474597137457
mang1403	-0.0965967251896513	1.0348299536631	-2.25152927743883	1.93881560722479
mang1405	-0.0471498144912048	1.04853524457524	-2.32306220992485	2.04743064841739
mani1235	1.1290684367762	1.15012029919984	-0.770950174410638	3.72805310717507
maor1246	-0.0464316107557874	1.1021184743145	-2.3855253903026	2.20678177527998
mapo1242	0.023424419171927	0.878205541143638	-1.73511712310683	1.81387915129765
mapu1245	-0.0888856760807222	1.09716536875602	-2.42069989102162	2.08025632437187
maqu1238	-0.307784232217203	1.01456204716479	-2.52773498073237	1.60821034178206
mara1378	0.631002536686336	1.05253053309623	-1.23759764528237	2.94409403073446
mara1379	-0.483196239633259	0.924749095513624	-2.52846226187528	1.22110554630383
mara1386	0.478775095098743	1.00969769059609	-1.42384965485497	2.69629589017929
mara1399	1.15279859289638	0.83370675173886	-0.284111279628283	2.87757412277534
marg1265	0.924822505632194	0.954924127835353	-0.761940962840797	2.94976178311479
mari1426	0.67812156082193	0.975236662124588	-1.14407475449408	2.71735693975629
mari1440	-0.299034570962351	1.07212258534954	-2.62432199738626	1.78645125782353
mart1255	-0.120636657415443	1.08418195598705	-2.36567205712086	2.04631206272265
maru1249	-0.443919951392202	1.04721655753188	-2.71795738850069	1.45467267273533
maru1252	-0.14823829103035	1.08005154180418	-2.45614272661902	1.92465481629906
masa1322	1.32135973482315	1.07382644278642	-0.456499058608344	3.68066298824531
masb1238	-0.104692218565053	1.1033747436394	-2.40228825269265	2.12382318492366
mask1242	0.992035789410759	0.868735513242505	-0.540155320174873	2.79270381958533
mati1250	-0.121409370733742	1.10687356345098	-2.45700713309421	2.04654958556145
mato1252	-0.32282446837639	0.906848559537872	-2.29857309142168	1.38935543734576
matu1259	-0.128629756993302	1.0731728807369	-2.40227960278996	1.97983226799151
matu1261	-0.0565273420675066	0.8999733435943	-1.88514116989844	1.77102504365633
maun1240	-0.221574333970331	1.03814213281624	-2.40200665863052	1.82598908302038
maxa1247	-0.198399329204855	1.05707819391448	-2.4139144216123	1.85952265837501
maya1285	1.27019702325665	1.17574423151886	-0.676834184668725	3.93042236119154
mayo1261	1.11535957654722	1.14731545170066	-0.751829958580188	3.5942779745919
mayo1264	-0.252481320159269	1.0484820854624	-2.55491971784318	1.74117792769428
maza1304	1.23147250341115	0.993064510438942	-0.427686962957562	3.31184178160205
mbaa1245	-0.0579831036188282	1.04579905016737	-2.21836854261519	2.02203680388985
mban1263	0.276438792749639	1.0159633033692	-1.69589361894104	2.40152241595152
mbar1260	1.22907242474713	1.078027212114	-0.575242650458769	3.54046433792352
mbay1241	0.528809813584205	1.06180805608419	-1.46767841842092	2.80639391670956
mboc1235	-0.526554341221183	1.01848893762732	-2.80818338044999	1.35297192842077
mbul1263	-0.412450602144522	0.978979413061876	-2.57764272453303	1.42748797548919
meen1242	-0.44517949279343	1.0929324583607	-2.8260905281006	1.65332084027787
mehe1243	-0.161966641751335	0.872734840183742	-1.93732108288584	1.52216369252866
meke1243	-0.151971007553375	0.894741633962387	-2.01205830142588	1.59893693419459
mere1242	1.48348944792462	1.06013546612511	-0.267974347113057	3.73915003822418
mezq1235	0.131679541606708	1.02159084641951	-1.96385178109693	2.21375442740728
mich1245	-0.0508466559118788	1.08960909119196	-2.28188931820675	2.08142562240657
miju1243	0.518632745760983	0.956993403205319	-1.29015322215277	2.54883328203947
mikm1235	-0.0706867370861007	1.09133529800173	-2.29965984734755	2.04593310905445
mila1245	0.0602261424638064	0.973989507868532	-1.998029185521	1.92989278855481
mina1276	1.1617696584536	0.93562411311092	-0.424070310062483	3.09685426671102
mini1251	0.480786944468571	0.973241352877538	-1.37241315559207	2.55504231990705
mini1256	-0.363173721017775	1.07230246259234	-2.69918799227554	1.59020272739433
minn1241	-0.108061081244467	1.09163548314656	-2.36605205689623	2.11225645723178
misk1235	1.14110510008157	1.17902913097738	-0.814994457450819	3.77975837384236
mixt1426	-0.443039415026471	1.04071030179465	-2.67796263735932	1.51797725747714
miya1259	-0.139967415166179	1.07251682728992	-2.40458827407407	1.99551675042645
miya1266	-0.153692445159922	0.99770484232383	-2.29744651605266	1.81156364047927
mlab1235	-0.23142579581191	1.04556291442076	-2.49132891169868	1.82939714551236
moba1244	-0.159955204964015	1.01384860640562	-2.30663784609418	1.84346335264796
moch1257	-0.421994371225252	1.05045306695704	-2.73713293748937	1.47591215748238
moco1246	-0.112529136594714	1.10829452224226	-2.48932783918451	2.05746347826385
mode1248	0.786915747088246	1.10386850089652	-1.13885223550741	3.22151624678326
moha1258	1.28186677312238	1.22563235676086	-0.70282707098634	4.05392838635626
moke1242	-0.0753487785172322	1.07291322772528	-2.29565840467329	2.0206476422814
moki1238	-0.0851100821242003	1.10188083917344	-2.40319259963269	2.1484803981208
mokl1243	-0.1210994424682	1.08470211490832	-2.41857143788333	1.97169457750541
mokp1239	-0.449254898028082	1.04539740753574	-2.79054154703573	1.46240336641751
moks1248	1.07121531177869	1.23683853927454	-0.984096668702521	3.85253664788965
molo1266	1.10087491290975	0.918961011233537	-0.490997833252964	3.03022376670233
monn1252	-0.117246762886913	1.0742904851018	-2.40253706200885	2.01890264601226
mono1270	0.669071913077952	1.04643541519672	-1.23159825299503	3.00710253827726
mono1273	-0.294284111533247	1.03433179525835	-2.49831750228356	1.62282304994347
mono1275	-0.184269522083188	1.05642966887036	-2.48622015273324	1.8220137402486
mopa1243	-0.179257324670192	1.06912906958809	-2.45149920836015	1.92844710414511
more1259	0.885248285346682	1.09070461157331	-0.97582265974435	3.22238885854136
morm1235	1.6360173464238	1.24284055726973	-0.315194870204585	4.34162657776796
moro1287	-0.071664232638225	1.07934552818783	-2.31937789065513	2.13249850405138
motl1237	0.823290417833814	1.03163262830443	-1.03033348551016	2.96248017646007
motu1246	0.592551148041599	0.907228170866921	-1.11919034335757	2.47504679286998
moun1252	0.340330289587465	0.866352874643036	-1.29476744823438	2.12747245872071
movi1243	-0.142761409726092	1.08568360661397	-2.37003046590001	1.99226417350766
mpii1239	-0.176820323144461	1.04196946301615	-2.39038234029315	1.92062756058768
mpot1240	0.269095698429072	1.0231331056761	-1.79118999090651	2.42852281452512
mpur1239	0.407729827916005	1.07664400561244	-1.63538829457975	2.71162326921166
mual1241	-0.115920353226614	1.08973673860373	-2.42362656603191	1.98937811474676
mudu1239	-0.260745136620977	1.02148189854384	-2.45013530867346	1.72148340921429
mudu1242	-0.230509080339743	1.07641329701919	-2.51130189001009	1.85462225476514
mull1237	0.188940199336961	1.01088335449641	-1.75757078335885	2.3158008027836
munc1235	-0.125713830316282	1.02563371368799	-2.35176201137304	1.83526787776627
mund1325	1.02024707098774	0.962985419684799	-0.672777444799938	3.02993746405097
mund1326	-0.100976334964204	1.0537490407764	-2.32474016594746	1.97453016989653
mund1328	-0.528597687121283	0.925956346446295	-2.55584431790346	1.16004260699017
murl1244	-0.220968094911279	1.10247504164537	-2.58301790132028	1.92423995061569
muru1274	-0.320743833111046	1.11025508877756	-2.74337146150608	1.78369986602934
muso1238	-0.141363256314551	0.882311484282799	-1.92895567470008	1.59506939687127
muyu1244	0.149358879746925	1.10502268196062	-2.05093655728633	2.41285496639879
mwag1236	0.743259781146035	1.02159945919157	-1.02741554974202	2.98295636298834
mwan1247	-0.162170186107978	1.05962561932464	-2.39307173855737	1.90217601181819
nade1244	-0.111236252820212	1.12537363675767	-2.38625162839635	2.09410665836391
naka1262	-0.0417444217884231	1.05738404168599	-2.24954258836984	2.05856348166562
nali1244	-0.200323041277721	1.01916425992981	-2.35493042749224	1.73098114040101
nana1257	-0.168994559414181	1.0851286388758	-2.48271367333033	1.97497285324863
nand1266	-0.27886120915391	1.09410218027207	-2.61289127704328	1.844889714004
nang1262	-0.144226359370551	1.11285270773958	-2.45192555866401	2.09916554649533
nara1262	-0.227008404797742	1.07319247661955	-2.55151474696624	1.79743976580335
naue1237	-0.0512513320872021	1.08563451162903	-2.29139386446819	2.10092567071866
naur1243	-0.0507949017764689	1.11433696720866	-2.46856375120774	2.16551010257192
nava1243	-0.286483234063767	1.05879871202003	-2.56392058172223	1.74491120761607
nawu1242	-0.217077260682806	1.02723876049593	-2.39918978205459	1.79281475314797
naxi1245	-0.528508366255678	1.06599835286618	-2.91722541518173	1.42870545436433
ncan1245	-0.530687807327728	0.912445137006182	-2.56241627359558	1.14351098348049
ndam1239	-0.00429598491826642	1.05013840341155	-2.19424557433428	2.06679245357668
ndog1248	-0.1140817335815	1.06707820014906	-2.36655958979274	1.93936331325778
neha1247	-0.104582777345527	1.09057080199249	-2.28907635273586	2.02469799433334
nend1239	0.150622478540396	0.820166861106245	-1.42791977826654	1.87167208103606
nene1249	-0.0964499813954077	1.07409112346859	-2.37692626717425	2.10205793051684
neng1238	-0.175496389717632	1.07862146569729	-2.39806111810396	1.97668090569652
nenn1238	-0.588806936217957	1.02508753642936	-2.82086785507776	1.27327036646172
nese1235	1.19450374572988	0.851018696871725	-0.268410924423708	2.9337948189643
newa1246	1.46420875964438	0.937798195709285	-0.123501816417839	3.38940695622369
nezp1238	0.949014811014145	1.17478255590938	-0.979704443477541	3.59553818427241
ngaa1240	-0.180033729553588	1.0739180016516	-2.52727662641231	1.93668516780867
ngab1239	1.39173588143752	1.15265644167609	-0.490399907446969	3.89933795701632
ngal1292	-0.258466658597399	1.04727521828676	-2.50241172425937	1.75918333976052
ngam1268	0.755455591965636	1.05217069047635	-1.12663479824893	3.01325357888677
ngan1291	-0.126145491311843	1.07810036959823	-2.48831100530004	1.99213375797265
ngar1235	-0.00558338646019644	1.10831531192352	-2.27432341158778	2.23564881299873
ngar1284	-0.102164032574797	1.06719974196194	-2.39278120854783	1.97936887316354
ngas1240	0.497238024407204	0.981964440047942	-1.37331571083961	2.60293236317986
ngba1284	-0.0635765495595703	1.03290935013517	-2.21455476759709	2.01916471469314
ngba1285	-0.155185305658191	1.00937873423091	-2.32567614633205	1.78900690228585
ngit1239	-0.154812790496807	1.06554244657137	-2.43600108079913	1.98589439633537
nhan1238	-0.0823114265880125	1.05909930800297	-2.29393615298628	2.01332069588117
nhen1239	-0.14845855301461	1.10182457151181	-2.45879348497379	1.99267779348633
niha1238	1.00298755745092	1.11801658701035	-0.850395460559338	3.47767834362157
nila1242	-0.210585414689965	1.04822916813191	-2.42586663201194	1.83166527451524
niua1240	0.0661873402692836	1.11895296428551	-2.21061309144939	2.39774581907658
niue1239	-0.073609520121724	1.14364031130056	-2.49383729576236	2.18404411593237
niva1238	-0.125605362152799	1.09960517959154	-2.47085622217601	2.04399920256588
njan1240	-0.236133185780465	0.967031452112734	-2.27218092507588	1.68851105277506
noct1238	0.610720641062922	0.960613339599762	-1.16271363261425	2.68062866150727
noma1260	-0.0944050965486704	0.942757211925873	-2.05628793895971	1.75967582729686
noon1242	-0.150877638156883	1.09639688112467	-2.47631444634018	1.96999522691989
noon1243	-0.565456716853736	0.919476378473271	-2.56480065967573	1.12318997792876
nopa1235	-0.349920336832746	1.02292437875271	-2.56951818245263	1.59419049169343
nort2684	-0.226932869943481	1.04749358267127	-2.49457817618083	1.79340339901441
nort2690	-0.0864056728686047	1.11953351442242	-2.44774907841748	2.14585225513585
nort2702	0.546358067172445	1.06370529863778	-1.40662572523313	2.90119112577155
nort2722	-0.473302978534469	1.02763516941189	-2.77492721264474	1.38058003938991
nort2723	-0.467450937149703	1.07986421671384	-2.82844347691457	1.4995884291007
nort2724	-0.533424900074754	1.06510042570598	-2.84548180166829	1.47220758694679
nort2732	-0.186382998802345	1.08487262685604	-2.50928019134848	1.86609974053337
nort2745	-0.157236099465077	1.08413266595446	-2.41136020911364	1.9120776417975
nort2747	-0.170071780826166	1.05669235429875	-2.34917238714684	1.91432483431207
nort2839	0.75510595819763	0.835768998732805	-0.75091459791668	2.48442593357027
nort2845	-0.0446240267157926	1.10034245577802	-2.39258248926397	2.16428377536176
nort2885	-0.121748335443963	1.08958154391923	-2.39336136626608	2.01236454114412
nort2930	-0.413878024336862	0.968493965477046	-2.53514871658143	1.35353494521382
nort2938	-0.271516966950639	1.04323052060716	-2.48097108289976	1.72685843833117
nort2942	0.85285342588626	1.09001873755415	-1.01059159053986	3.23860568895625
nort2954	-0.162114309291391	1.05522992951629	-2.38379219732621	1.89419061279665
nort2959	-0.246753083725811	1.07780380053509	-2.54201701198087	1.81598876121333
nort2961	-0.0886971810847332	1.14793522056942	-2.44317514346469	2.16093550785107
nort2972	-0.344471320756991	1.05253722928206	-2.60562111898407	1.60132443556183
nort3047	1.07861365552717	0.913267880573199	-0.508299478354115	2.9543851006023
nort3139	-0.139344128476336	1.10616978034123	-2.53679592189938	2.0514616009615
nots1237	-0.155499318058532	0.988099889219286	-2.24258122178731	1.80699448195959
nucl1235	0.871388448301221	1.10244453160145	-1.03454261283689	3.27317313097556
nucl1301	-0.0949726729400465	1.05918888071327	-2.33713208788975	2.02134353739085
nucl1302	0.869263053364837	1.12382383795121	-1.00723060068959	3.41730348076922
nucl1305	0.524416802653651	1.06609612857926	-1.44822335850643	2.82558365918487
nucl1310	-0.051642319990215	0.995962580988108	-2.16231987041983	1.8449106458074
nucl1417	-0.403857828509392	0.986337082585224	-2.56727668829359	1.39984013199101
nucl1458	-0.238943820882118	0.86088696158571	-2.00149410402712	1.40931250193249
nucl1595	0.839082155232691	0.953197139815066	-0.83584584629606	2.89703417580415
nucl1622	-0.290450990507562	1.06374396569042	-2.60758283164603	1.72122646377747
nucl1633	0.055009839214009	1.00799754336338	-2.02841296144472	2.09156884307329
nucl1643	-0.123488793432984	1.06959717622311	-2.43006860013792	1.9545120617192
nucl1706	-0.119385969515264	1.08602256193497	-2.45659743204816	2.04564059652961
nugu1242	0.0667930205611828	0.925705086295626	-1.82225155550395	1.95674865385891
nukn1238	-0.334453984230958	0.904808440185722	-2.25700970539888	1.36641091578954
nupe1254	-0.0500268728696439	1.05298791203197	-2.24488304645018	2.06066401923308
nuuc1236	0.869937286835775	1.15086063861239	-1.11050355950555	3.46154841621019
nyah1250	-0.169562585369488	1.06965997685785	-2.48629180597467	1.91021350041492
nyal1254	-0.173173402359858	1.09710432211764	-2.51992814011324	1.9631932429605
nyam1285	0.385754516570976	0.977003313750256	-1.47138035850023	2.49515506361355
nyan1307	-0.237459393282781	1.06231223941162	-2.5130939973352	1.79512757179492
nyat1246	-0.192503627684664	1.06541303670786	-2.477746948205	1.86971101188398
nyor1246	-0.252147847217574	1.04065896747526	-2.48883304351031	1.72677983663721
obok1239	0.675377529628359	0.967977452147399	-1.12739655467157	2.70288793100581
occi1239	-0.242279359324337	1.06596548030771	-2.5417492679786	1.77609975107595
ocot1244	-0.404693885030151	1.01659277798965	-2.62912144588091	1.53136296735857
okan1243	-0.125674486125111	1.12805271795854	-2.47988393158858	2.14565814097267
okin1246	-0.170532178877882	1.08755795512333	-2.48319263810147	1.89237597063798
oksa1245	-0.332065357193126	0.970536059558087	-2.42498397984025	1.48963384971027
oloo1241	0.114622075322606	0.901978150284769	-1.67590816049374	1.97763623578828
olut1240	-0.375114317934253	1.06949837035517	-2.6789828764263	1.62543704903711
omah1247	-0.169449520783047	1.0788397682285	-2.44581822858387	1.96102229376135
onon1246	1.21669181316719	1.19130200948415	-0.669491550185756	3.80712093060928
onto1237	-0.124566114373522	1.11223169060246	-2.53431244389302	2.07328159498402
oriy1255	0.477672698291305	1.04321804819806	-1.42551192332879	2.73921821640547
orma1241	-0.123356706821146	1.06109762786805	-2.30221099186584	1.96389313229043
orok1265	-0.135228978875756	1.06449714264256	-2.40021988710417	1.97532904784777
orok1266	-0.509953057345282	1.04351982129908	-2.79462538157856	1.37531325110633
orok1267	-0.455985818050516	0.986327938753832	-2.64785303014577	1.37686701512754
orow1242	-0.314156837416162	1.05645083204731	-2.5983322497428	1.74369284847929
otta1242	-0.0994959053399519	1.08177723138578	-2.35871854852555	2.06216889744527
paaa1242	-0.0839984478372917	1.00118455811152	-2.18659399204542	1.91319125123618
paam1238	0.863373243709697	0.893243984751747	-0.732900103984729	2.73750246035008
paas1238	0.803942165358558	1.06367455646187	-1.08973139621945	3.09657024471188
paco1243	-0.283157583674586	1.05572538236907	-2.58178361199574	1.69489594614236
pagi1243	-0.101426325660507	1.08470610166406	-2.33074057282799	2.04993207419787
pahn1237	-0.262958078851604	1.09173507583909	-2.5957034688876	1.84507365003453
pait1244	-0.585716221221075	0.975240597742477	-2.7285819202823	1.14207426239082
pala1344	-0.0688108061305506	1.08081018604019	-2.32184252943136	2.15425468753595
pang1287	0.817914789117037	1.08140678281467	-1.05215887349111	3.2036828715471
panj1256	0.540290002646352	1.0358154968561	-1.30888263187212	2.86592188910977
pany1241	-0.0923106277837299	1.09733793632552	-2.37367680268818	2.0306206994343
papa1265	-0.348980241079734	0.987023280351123	-2.51772786556505	1.49756513932251
para1301	-0.0859279779450352	1.05932091803147	-2.26572262349633	1.98828618351701
pare1266	-0.330842280127836	1.00071828703206	-2.51684524551525	1.51791404559364
patp1243	0.150116973485174	0.954798347147828	-1.76473037664674	2.08961223347222
paul1238	-0.10594908718161	1.08388729440434	-2.42397160134204	2.02847737291343
payn1244	0.0950912323587238	0.812768621650284	-1.47008627390689	1.82770255948024
pela1242	0.162112655763477	0.964293859559793	-1.74644539671061	2.16062994388974
pend1242	-0.156661591260821	1.06359724649823	-2.36476724737407	1.88534899209191
peng1244	-0.323662127618823	0.994602914064632	-2.52049360053573	1.54534074010229
phai1238	-0.210490451787358	1.05007740855064	-2.42946376691888	1.8903883030715
phom1236	0.303081702736925	0.885456354221615	-1.34697464747894	2.16159627102139
pila1245	-0.104827911317151	1.09141343339207	-2.38218836142457	2.04843365755524
pile1238	-0.172855180392939	1.07969312134962	-2.41631571491036	1.93576631456346
pina1252	-0.180440404589725	0.878039948784073	-1.98862827158488	1.52548832916512
ping1243	-0.102841164548559	1.10426591435504	-2.41356051307421	2.07826436266848
pipi1250	-0.168057675710117	1.09593984490439	-2.52477522248431	1.98112898114306
pite1240	-0.10921731459644	1.11304870316657	-2.5324919373382	2.04400204912352
pnar1238	-0.49806856223879	1.02313181687891	-2.7034462103096	1.37813304287274
pohn1238	-0.0704879099942779	1.09353177555014	-2.35961474624295	2.15290742783911
poko1263	-0.227087850906715	1.08136915304259	-2.50556547659803	1.89400755320711
poli1260	0.818323973332808	1.08246489984327	-1.03706812680799	3.18386360966674
popt1235	-0.465651578626235	1.04448527988055	-2.8157734302523	1.42613490835559
port1283	-0.194353241242416	1.03038951757965	-2.37930486426641	1.77222195095939
port1285	1.0052231018711	0.86461005462785	-0.511818884913828	2.82477843831525
psik1239	1.16958663856169	0.937104501381846	-0.406049811094032	3.10260268275274
puka1242	-0.059676830663667	1.11077625058429	-2.32061986163246	2.1747736674799
pulu1242	-0.0381519233688722	1.10911036244815	-2.29024665582885	2.18823886468306
puma1239	0.907039311407615	0.801310837323674	-0.506716594545025	2.60226602124762
puoc1238	-0.236659904698935	1.04877169461523	-2.45519401236851	1.75897812947939
pura1257	-0.449095044815691	0.970110229418563	-2.65237223254336	1.32177575810643
puri1258	0.213852344492713	1.05108292867957	-1.90186397934208	2.34123552457064
qanj1241	-0.432563790391391	1.05545011975854	-2.70773456275851	1.50942202565287
qawa1238	-0.154747140629745	1.04164661350404	-2.35451325692424	1.88404832869019
qima1242	-0.204954927387379	1.06923955525293	-2.49400527188895	1.84812230223267
quer1236	0.0862368167272012	1.04416206786187	-2.03037812343562	2.18499740640494
quio1240	-0.313385365366986	1.03293167195983	-2.51562568238813	1.64397794795718
rabh1238	-0.229397281220339	0.991681368392733	-2.32509553168146	1.65802896666799
raji1240	0.277551522857518	0.997362392106695	-1.68604871197448	2.33362691544161
rama1270	0.330225733231095	1.00716511889752	-1.60597883193088	2.47418536645621
raro1241	-0.0505314231599467	1.09330744831261	-2.29474523916676	2.17331107891749
rata1244	-0.103900762477679	1.07432734052844	-2.37371624580207	1.94735004613657
raut1239	0.2741689356829	0.989501393304694	-1.64112934877333	2.28205344322663
reja1241	-0.100614949226454	1.08003670038403	-2.34185501975234	2.06615646153904
remb1250	0.0546756837223546	1.05916202362431	-2.19876892423929	2.16477121077297
remo1247	-0.18146543441951	1.09165785605939	-2.469489694003	2.01668014059295
reng1252	-0.285872848536794	1.0697513431641	-2.622619374969	1.76342550902166
roma1326	-0.305516081910864	1.06638247808849	-2.69571318684926	1.69276380882551
romb1245	-0.129109056264349	1.07573085268388	-2.39562156145612	2.01049047616866
rong1264	0.123819908398799	1.03495440291077	-1.98874193308814	2.17317029879979
ronn1241	0.715896379619473	1.01946217152522	-1.09528919060933	2.96113098728511
roto1249	-0.353308400836641	0.97592579809152	-2.44964011212986	1.44667667216671
rotu1241	-0.0517195782893851	1.13004762017604	-2.4168012464108	2.22250569847644
rovi1238	-0.333547158500217	1.06068585414108	-2.63830987210578	1.69153524473695
ruch1235	0.115950947142062	1.04495289588732	-2.04914996163421	2.22758748190761
ruma1248	0.339934861775089	0.992597282999749	-1.55031525320947	2.41480570649723
rung1258	-0.173378687504987	1.08239681393521	-2.50749741633118	1.94756106244123
russ1263	-0.207337441953181	1.05518354895368	-2.44866678288725	1.86027820489908
saaa1240	-0.360549629368244	1.07552890421021	-2.65216576036337	1.73116545916016
saaa1241	0.636611199734308	0.84954511824087	-0.972315306763383	2.38972315196974
saam1283	-0.316816467169131	1.07356584613016	-2.64765867859899	1.71471228149073
saar1237	-0.279305584646484	1.05808041364075	-2.56564025931868	1.68323205606125
saba1268	-0.194866268020094	1.0838543162145	-2.57301601993513	1.87932297148904
sabu1255	0.00681743523899464	1.062505455081	-2.18138792042467	2.15816560412712
sais1237	-0.242632188197354	1.07485793818443	-2.56928016849084	1.78074847395121
saka1289	1.34774910992276	1.03968855355555	-0.388343883057704	3.53491593619484
saka1291	-0.0512259919664495	1.12800052321697	-2.38898848142005	2.20985983790539
samb1305	0.956649595411554	1.01979625451463	-0.795141847667741	3.13401135000706
samb1311	0.902517989124348	0.998433474536948	-0.841841221427873	3.03573211468557
samo1305	-0.0553851785542303	1.12782340420216	-2.39918240095551	2.15844087404234
sana1295	-0.0926583386551263	1.0995116869791	-2.39787944965348	2.10355603909748
sanb1241	-0.412969480265049	1.02736956257176	-2.6441287879708	1.54223094958593
sang1321	-0.106268890641731	0.881813057943296	-1.9285550392883	1.61343313818522
sang1331	-0.141044068997081	1.08180494468021	-2.53418415962181	1.93676308836897
sanj1284	-0.410780185932485	1.0207647198417	-2.63663028583506	1.47459665650307
sanm1289	0.213605232185961	1.01909289217529	-1.79097398887906	2.30982608257377
sanm1295	0.0415447535137946	1.01390095622048	-1.9969323882222	2.07511485198908
sant1410	1.35215898509483	1.08094888448794	-0.372599054056107	3.73150098124603
sant1451	-0.410177660578547	1.05354563501926	-2.6416012230269	1.59337533641957
sanu1240	-0.304371070141224	1.01446184897	-2.52219093712241	1.59025025434818
sapo1253	-0.283336707204187	1.01566393155888	-2.46935586090332	1.59843725724926
sara1321	-0.0527613149328553	1.0956973344661	-2.3081222816023	2.22402595979232
sars1236	-0.206881279617497	1.07063985589542	-2.54250855199708	1.86938204897396
sata1237	-0.0609130611996588	1.11524755117234	-2.38181803571591	2.15029279202226
sauk1252	-0.235683216353612	0.870614065329613	-2.08251595284794	1.44995340151843
saur1249	1.26158757224593	1.04774490767791	-0.441001848217295	3.58431652554824
savo1255	-0.578428004105517	1.00204665637612	-2.8489987452831	1.19013525776228
seda1262	-0.303968962306037	1.05973092307806	-2.52812278531894	1.7037397363572
seim1238	-0.112747232927222	1.11721470857049	-2.45165334014476	2.17123386481998
seke1241	0.628325101019145	0.845838508779453	-1.00541612561541	2.36453012237063
sela1259	-0.0459032109637671	1.11109805111814	-2.36425113978586	2.14859768378523
selk1253	-0.0924783552178186	1.11843851993522	-2.45503488166178	2.01097679629019
sema1265	-0.2801313845777	1.03754734353641	-2.51610637880026	1.70943303310664
seme1247	-0.220702437018485	1.06178536047345	-2.47589822340701	1.9093621665738
sene1264	0.381290765544683	1.07268006004724	-1.70611688914807	2.62785938219319
seri1257	-0.231264577704536	1.09685731393564	-2.53696890408545	1.84713824880743
sgaw1245	0.141910957855147	1.0556148685207	-1.98834143322372	2.29349352072129
shab1252	-0.362803604612461	1.07440895016442	-2.76056300405994	1.66749046676292
shan1283	0.368258893819986	1.02839588285228	-1.61409475921597	2.55080923537521
shaw1249	-0.0898685980058803	1.06617000013595	-2.41057066943997	1.97546408269316
shil1265	0.0144515205701884	1.10412591667928	-2.28715992018966	2.29015461051121
ship1254	1.21465269208028	1.07942127550942	-0.539431742210843	3.58350172752143
shix1238	-0.483079889870371	1.07203403275268	-2.82989556525309	1.44812747542723
shon1251	0.969710372382453	1.17125951105959	-0.998575046900273	3.66410661649718
shor1247	-0.0830751159594897	1.1005285174666	-2.41027177862664	2.08257766031798
shos1248	-0.14402107243803	1.10017057299088	-2.50559071411178	2.0156860780484
shua1257	0.309145689197632	1.00010507805669	-1.5928645142988	2.40481410749277
shwe1236	0.506850842555669	0.991298096279314	-1.34874157873568	2.63090625420284
siam1242	1.44110081000058	1.07401822238048	-0.324702347048035	3.79621846097321
sici1248	-0.204631047310737	1.06167211563966	-2.40256839910473	1.88328371904653
siee1239	-0.150576463412721	1.0235462181771	-2.34835947472462	1.83189700043744
sier1250	-0.33965880320193	1.02595549964674	-2.53589121302493	1.58600359111734
sika1261	-0.165503551404974	1.14348517924804	-2.58621994260422	2.10613715690865
siks1238	-0.0968249117950314	1.06898144243766	-2.38298721684498	2.00755096437632
sile1255	0.0956426685385534	0.83554537933307	-1.47880922804041	1.83605505881169
sina1266	0.928400359090504	0.965490026963205	-0.714867998278257	3.01642158037003
sing1264	0.558210314413236	0.949089932719699	-1.19324613552508	2.54569280964263
sioo1240	-0.361451309542196	0.965760919415056	-2.48970749489724	1.446890819799
situ1238	-0.54037652994748	1.01523792726971	-2.81929650668379	1.30531361213786
siwi1239	-0.0944138672479243	1.07420994357203	-2.31881988629479	2.00628260288539
skol1241	-0.110837703365314	1.11095254280126	-2.43971188379062	2.12345856724471
slov1268	-0.248290480193971	1.02986226690946	-2.42070791031053	1.74854392332074
sobe1238	0.529938696505437	0.932206708756528	-1.21950438063663	2.51825385087355
soch1239	-0.243591918383967	1.02853362954039	-2.44277008239199	1.76877669181415
soga1242	-0.286542001085738	1.07117381956805	-2.63970984956835	1.74792570292373
sons1242	-0.0659094400350623	1.08446070208927	-2.30652979392826	2.14177240585809
sooo1254	-0.314283093393905	1.04643207621431	-2.62094290690935	1.67334993423466
sout1528	-0.141455347596949	1.04801655548717	-2.28800264804232	1.88231904292747
sout2674	-0.113504328813021	1.09675134358727	-2.44217397242727	1.98945728102615
sout2679	-0.157284572779162	1.11466139782093	-2.47017211325911	2.07575182350767
sout2728	-0.466540723742753	1.03772315287547	-2.75936962685115	1.44674210180533
sout2729	-0.547487865083291	1.06101204496066	-2.91688988296317	1.37035531554657
sout2730	-0.549213648300547	1.0616917771679	-2.8580869367	1.37478354758846
sout2807	-0.116849174474089	1.07183039156862	-2.35896706201996	1.97863828190639
sout2856	0.346214969172193	1.00173230366171	-1.62170097870076	2.42971576463687
sout2857	1.14209935454079	0.896050635319147	-0.369958877026599	3.04179726437996
sout2869	-0.258341024116894	0.999651147147255	-2.45929709960991	1.60914279512351
sout2895	-0.0972069115702037	1.09909646781138	-2.33895427020604	2.08535000775926
sout2954	-0.175020378424091	1.10206399338727	-2.51381079487844	1.90976839505486
sout2956	-0.254534233075004	1.02980348428844	-2.47331887334731	1.75852838366951
sout2959	0.842438042264255	1.13631909038117	-1.15906504371495	3.33717861266222
sout2976	-0.0990438892059291	1.07758840790725	-2.32286435073817	2.04657726964113
sout2994	-0.213338836112865	1.07723122467613	-2.55537114697023	1.81660258011321
sout2996	0.819711960480014	1.0935993409723	-1.10658669549399	3.23945234336669
sout3261	-0.0235651245125954	0.973042266389294	-2.04909586258604	1.95127746939874
stan1289	-0.120628233904066	1.04875594348835	-2.30567229629447	1.90640657612732
stan1290	-0.19211034498086	1.0667701642379	-2.52080984596704	1.87588975739316
stan1293	-0.249320330318538	1.06716814532932	-2.53062166659939	1.83155636811015
stan1306	-0.208367987905499	1.0714341726901	-2.47210706068847	1.89252937876105
stan1318	-0.0897903921887505	1.09257687682054	-2.38523041672319	2.07528498518998
sude1239	0.579872706409051	1.06110433589285	-1.36849118227792	2.9037658394454
sumi1235	-0.0106166692310485	0.888220620795263	-1.83007036719302	1.79290136731533
sunw1242	1.05580331393045	0.835980970547538	-0.413160291762106	2.83256509552294
supy1237	1.12014196557525	1.09367219686378	-0.667054927039612	3.57465540685519
surg1248	-0.102662744795688	1.08938190822866	-2.36024186407569	2.04888769773678
surs1246	0.196980821902689	0.979864701319966	-1.80386853360311	2.25686215687573
swed1254	-0.193383502032505	1.06692131946808	-2.48070767884012	1.86539474412873
taba1263	-0.305386566532327	1.03776728123741	-2.57379929246303	1.64288999317319
tabo1241	-0.543831188469167	1.04002125784	-2.82715622329481	1.34778355270201
taga1272	-0.12290735945936	1.11786611007957	-2.45888592581604	2.0842445677323
tagw1240	0.942003532918161	1.11643903202809	-0.984105271926792	3.37041765398118
taha1241	-0.115869561065112	1.08063042140151	-2.37987987821179	2.0181135436738
tahi1242	-0.0607585282169645	1.12126170613814	-2.43898967263322	2.19866930590718
taia1239	-0.219094107507055	0.911558376497889	-2.12160531791351	1.55456779059461
taji1246	-0.149398322946078	1.06420175335228	-2.3800335162833	1.9406483484824
taku1257	-0.155496630884131	1.09170993845789	-2.44784180481431	2.03866295567605
tali1259	-0.486535689429569	1.05103380428758	-2.79038360927667	1.48430734655147
tama1365	0.278091630240702	0.973217965376414	-1.62668135936072	2.28606783814375
tami1289	0.634029967459989	1.09018272827684	-1.28777493194488	3.06248460914265
tane1237	-0.0602777477854707	1.05835342236773	-2.28586013873627	2.053372496638
tang1336	-0.596429644844409	0.956519401824125	-2.68307167776229	1.07883309033181
tang1347	1.4509431569461	0.995247663817958	-0.198361142009053	3.58204234386087
tang1377	-0.0779755725423616	0.97326898428491	-2.1049299336575	1.84578418163457
tani1257	-0.36301863970674	1.10832808737762	-2.76070711682292	1.73638472109142
tari1263	-0.165742217133032	1.08122336464379	-2.4642007135486	1.95227069763499
tata1255	-0.191530911992676	1.04440647991068	-2.40395590293472	1.87789001740435
tata1257	-0.163327837729754	1.10440340443082	-2.51056315741398	1.97305831353354
tata1258	-0.201889358765389	1.02001520868907	-2.3299295932497	1.79193249202072
taul1251	0.538479836708713	0.993372991358168	-1.29148346415248	2.70645236950409
taus1251	-0.0990520861662159	1.12644277596438	-2.44742940480541	2.12974561113736
taya1257	-0.112159581075574	1.07494945175535	-2.39320278371523	2.05367160054836
tbol1240	-0.111689908177103	1.12744776990231	-2.51791540472342	2.05425322111611
tean1237	-0.0666815754057695	1.05672000905122	-2.28583797672639	2.04467741253222
teda1241	-0.227608200597816	1.08328764354069	-2.50583718361809	1.91137268938132
tedi1235	-0.398843595649023	0.990006532533735	-2.5430890625288	1.45199242382896
tehu1242	-0.105246121357363	1.10450012794191	-2.42347096895506	2.07143910876022
teke1275	-0.156253561906633	1.08222067162358	-2.47651785763847	1.95920837245783
tekt1235	-0.431692203777577	1.0481057548475	-2.75595720330044	1.46290604009909
telu1262	-0.315371240017202	1.00357214374086	-2.48206482759458	1.59733147412303
tene1248	0.058717947786431	1.01603332467845	-2.0150416008716	2.13046452713619
tenn1246	-0.193438055784171	1.1067877086485	-2.59718184715586	1.99159354817048
teop1238	-0.318413155104692	1.00218439425823	-2.49336626541676	1.58720196338273
tera1251	0.121088239544089	0.985810199184775	-1.89369205067499	2.07646572337073
teri1250	1.6074499875901	1.19369221205081	-0.286899874549328	4.29132439232439
tern1247	-0.292448522069225	1.07578293175776	-2.66436018660887	1.71897746155552
tete1251	0.973553992995574	1.11769145190054	-0.92687038622001	3.45325905092609
thad1238	-0.613609940419692	0.969919112778358	-2.78494586350299	1.10303404831034
thak1245	0.692347139378433	0.902110079096994	-1.02593139387679	2.56555781460583
than1259	0.667683887303368	0.948818492431052	-1.13885895169503	2.6617999130117
thao1240	-0.277664015148717	1.06504517355822	-2.51586870712424	1.79495011013161
thul1246	0.710712095751309	0.859148889864468	-0.938526755343002	2.50677884347185
tibe1272	-0.026796249069285	1.03324256970767	-2.21451711870775	2.02028498204978
tibe1274	-0.154475957043714	0.935509250418213	-2.09728645185279	1.64972977249452
tief1242	1.43709044098592	1.05215698498297	-0.316435342617363	3.69698841294886
tief1244	1.51531069982989	1.07451885610453	-0.246277549119421	3.7975771965933
tien1242	-0.154036787411899	1.09389637763658	-2.42583118300147	1.96250272342177
tiga1245	-0.218031485418104	1.05781794458816	-2.45338579169712	1.79947781672959
tigo1236	-0.214580615198002	0.943694310941067	-2.25908511981886	1.61418392581316
tika1246	-0.233168187481985	0.989058004205694	-2.29107714715421	1.72592681039349
tiko1237	0.0266722084892984	1.05219718220993	-2.17926556773268	2.16509680836474
timn1235	-0.064018872641361	1.0586696974021	-2.28048780768561	2.0476503435736
timu1262	-0.166066750895996	1.06149339587233	-2.392064732141	1.95357691720237
tiri1258	-0.298064295385284	1.06892744735626	-2.5688393654353	1.83619563505193
toab1237	-0.438838153125099	1.06332937980913	-2.68485633938867	1.5488065511094
toar1246	-0.302879833601122	0.946529246416567	-2.27277367435026	1.49978362772774
toba1268	-0.0964167593046698	1.06014039623218	-2.32981834598388	2.00176038904749
tobe1252	-0.311368703458409	1.08171993122009	-2.64498388061785	1.77616262571277
toho1245	-0.211385925664348	1.08737672809118	-2.49677626168969	1.8847198283467
tojo1241	-0.398471095700622	1.0553114726097	-2.74357396774344	1.57446264849541
toke1240	-0.0841455815172271	1.08609159128529	-2.40139681063336	2.02627459362604
tomm1242	-0.123512986949059	1.00187510050057	-2.20795228825206	1.85498690131408
tond1249	-0.143975056277157	1.04099372950101	-2.33116843709068	1.84111394364884
tong1308	-0.18524605858434	1.04148641593531	-2.40318599669937	1.86691598273742
tong1325	1.06842339670663	1.1941023175205	-0.88394742201219	3.78496189582431
toor1238	-0.257886718421507	1.0433636292182	-2.50476757498445	1.78025722030548
tote1238	-0.177889466175066	1.0906919966595	-2.58002216531361	1.88443907111411
toto1302	0.694772035042973	0.977297099587053	-1.10922618609872	2.78319350031729
trio1238	-0.0972693119890708	1.11894713437773	-2.44780869907465	2.05763795800377
trum1247	-0.156458793902539	1.0128129384984	-2.3317126918105	1.84001893398848
tsam1247	-0.601878796588343	1.05853815427988	-2.89379079125846	1.31803420447377
tsat1238	-0.0721145820252758	1.13797583785932	-2.43382630768432	2.21782527782132
tsha1245	0.452637370556445	1.00749461348216	-1.42807192061686	2.60927126958116
tsis1238	-0.223037197539264	1.05105141468656	-2.47059340409292	1.77717288562515
tsix1234	-0.170733701397061	1.11407033361582	-2.55006269083505	1.99712035271821
tsog1243	-0.131444391368092	1.08093260540702	-2.42891129642164	2.04857202231743
tson1249	-0.135012871068238	1.05128967299658	-2.38326126368919	1.90061743880855
tswa1253	-0.195472385228809	1.07773150722169	-2.52265628389932	1.90019276881841
tswa1255	-0.157832968891182	1.06937962290787	-2.43550613105637	1.91688235986202
tuba1278	-0.153717481528812	1.1045572510786	-2.50335068681118	2.02176820576989
tuca1252	-0.455873074274425	1.05967343296703	-2.8102818551256	1.43439795562491
tuge1241	-0.260685439964487	1.09405833025701	-2.53284488180015	1.80623572396336
tugu1245	-0.0568731972756353	1.0721137330751	-2.31243689909978	2.19841410023357
tuka1248	0.0209252079622631	1.07690327042285	-2.16597770811299	2.22343230290879
tuki1240	0.279637143865071	0.954253869364834	-1.55347297707825	2.2576356048669
tula1252	0.096284301437918	0.958246984337352	-1.8695683039059	2.03329593542008
tung1290	-0.20472622799144	1.07863005309006	-2.52967231797804	1.89391877533928
tunn1238	-0.203355204012125	1.04689004114364	-2.49662686852258	1.79046336489422
turk1303	-0.0932856065937035	1.12135191104019	-2.45595401204892	2.15369716178482
tusc1257	-0.101686049757036	1.06161987051667	-2.28803158719481	2.03792725725332
tutu1241	1.24175334071687	0.899858134440699	-0.282495329683384	3.15481327565429
tuva1244	-0.0591851614546184	1.0914134720302	-2.3646963582138	2.09231522522283
tuwa1243	-0.403479706881359	1.005464700427	-2.59549300429549	1.46878440565706
tuwu1238	-0.261740050830303	1.07016155018388	-2.46787835040491	1.7816528949924
udih1248	-0.170576890333076	1.08812500126564	-2.48803382978376	1.94811531648471
udii1243	0.194133293052487	0.971337006601401	-1.67616092350615	2.21772946941686
ughe1237	-0.313434821324062	1.0696835450721	-2.60204963280822	1.75402001513673
ukra1253	-0.21143891018004	1.05072093337575	-2.49711116117538	1.79356987292204
ulit1238	-0.0530095800311466	1.11546549928413	-2.35888379483608	2.18082735164232
ulwa1239	1.04531019139521	1.14135322412579	-0.852855524697571	3.60332932702759
umbu1258	-0.326922437289452	0.919094984644109	-2.23921814261885	1.46156749581136
umes1235	-0.139438545807075	1.06265682315135	-2.45231263746996	1.95321839516891
unua1237	1.05930455708897	0.831376676913273	-0.375730221539236	2.8061129780052
uppe1275	0.0902266678178891	1.06438292562804	-2.1262666484284	2.30637465173023
uppe1427	-0.155928428449892	1.10475085234015	-2.4464723503386	2.03190491112857
urak1238	-0.154943267677408	1.07808113581928	-2.402325167207	1.96169354525107
urar1246	-0.0264957933372636	1.11677610458823	-2.38409548782242	2.23543307148973
urav1235	-0.110058615632668	1.02973403167516	-2.34390761945032	1.93935763417273
urim1252	-0.218908910825133	0.892190996689511	-2.05513793480476	1.50012434855778
urip1239	1.14407148048615	0.827841393345105	-0.290680973026697	2.85701908227644
utes1238	-0.171379200599942	1.0818113835344	-2.4928518676163	1.95341503771633
uuuu1243	-0.495826203740449	1.05430865009249	-2.78898786242944	1.45098244398857
vano1237	-0.0827413496829722	1.05537179235863	-2.28652500710015	2.02430135636859
veps1250	-0.0701969103363797	1.11352816823947	-2.41119037447741	2.1769153601623
vera1241	1.06943610773722	1.04615303375209	-0.709014032403751	3.33453448484391
viem1243	1.43090469628428	1.12581081741368	-0.364749663021469	3.89841409225583
vinm1237	1.13481638237844	0.839310895169164	-0.316385800861005	2.8762997015874
voti1245	-0.132333389744625	1.09890618086913	-2.47237376546485	2.06201266558054
vure1239	1.06775114182674	1.04224509050713	-0.700068683694848	3.3285331402154
vwan1235	0.23703727249134	1.04591658044295	-1.8022293910452	2.4105819871239
waga1260	-0.143071172310394	1.09067643465921	-2.3686804768898	1.98018556719064
wage1238	-0.104135057171473	1.07961744362947	-2.36414469889057	2.0731702611132
waim1251	-0.131395250402073	0.910057394785287	-2.03243461137557	1.63704116096662
wala1266	-0.486818884487324	1.05210064974406	-2.84311109299406	1.4697842791025
wall1257	0.144958506678026	1.09577793453593	-2.05940157749046	2.37601635520567
wamb1257	0.981071440947953	0.817043857571009	-0.45266393893434	2.69771493190277
wand1267	1.17067017900853	1.09104490140703	-0.657689643064222	3.5755403523748
wand1278	1.43501117746241	1.03369933883465	-0.301802412910263	3.68459842771434
wara1294	-0.519731973351932	1.03422199742494	-2.83769754616766	1.40798381027774
ware1253	0.616520739805283	1.02956159639578	-1.29136506636509	2.83955715541739
wari1268	0.902376105069381	1.16078650700109	-1.09324060644138	3.51145549974132
warj1242	-0.389204490974022	1.00430237506335	-2.58168217847196	1.4576908693457
waru1265	-0.186392351362	1.08361945851127	-2.50426490930715	1.99607288534222
wawa1246	-0.0728081871492758	0.998228861255908	-2.11918080188342	1.90246900330257
waya1269	-0.10873573013476	1.07482570092711	-2.39656758501502	2.00961851346449
wayu1241	1.09908493362615	0.848682530315851	-0.351630166931394	2.90249914513955
wayu1243	-0.19517249285079	1.0679849351694	-2.48386059450475	1.8537626934877
wels1247	-0.278256983838337	1.08551826310574	-2.64725990486824	1.79389856529319
west2354	-0.298754794055001	1.03399372416731	-2.59669546626111	1.64183811393406
west2369	-0.386167373032466	1.0287354896378	-2.62309997228606	1.52421993827677
west2396	0.2116996290999	1.01230856627375	-1.76509240546365	2.29259609585958
west2397	-0.304026426580455	1.05540931297363	-2.55148869144751	1.7533967434828
west2415	1.45170823310055	0.93592107993146	-0.162023410489853	3.38759540845082
west2418	0.719053138865605	0.902548841556401	-0.925054857919106	2.65099701436042
west2516	-0.241144272203744	1.07511158583792	-2.56744516913349	1.8067321020826
west2519	-0.101821100970242	1.07949178184883	-2.3712447994412	2.0265151985327
west2557	-0.12994691730526	1.09595088235661	-2.4489020317486	2.08931693767521
west2560	-0.166404005769979	1.08810216066597	-2.4425923959476	1.94635595124251
west2594	0.19738711028127	1.005911066871	-1.94023456667151	2.21166440601904
west2600	-0.287545564219872	1.09318843626844	-2.70867959970804	1.83530117521638
west2615	-0.315913389942249	1.05922796232298	-2.55920160091953	1.67231113719015
west2618	-0.188108488634548	1.05981211705918	-2.47431274540037	1.8200803132342
west2632	-0.181335337858686	1.11103471343398	-2.49761461678036	1.95631114935088
west2635	-0.467466154366488	1.04246486901582	-2.73320151244582	1.44191852462538
west2644	-0.293916722474829	1.02439261114366	-2.46585168826315	1.66543868506955
west2650	-0.139737244546582	1.11242117082407	-2.51592445190733	2.05400499456264
west2763	-0.132764113215568	1.07948070916607	-2.43407279944395	2.01685493128579
whit1269	-0.256254440763784	0.992741819354032	-2.46350781263144	1.61242042198229
wiru1244	-0.231785953523335	0.921320480013015	-2.18727500541729	1.57244931131577
woii1237	0.811070032036219	1.09233426206117	-1.18448188948262	3.14622825951557
wola1242	-0.614035109546279	1.09226167704965	-3.00988348496526	1.3381636668745
wola1253	-0.416894652210016	1.05796177211473	-2.7556135144981	1.552325031518
wotu1240	-0.100634265434727	1.10098780450587	-2.35975103559241	2.11897962775253
wuch1236	-0.0708729773892798	1.10113139849254	-2.4017955254017	2.06419650496266
wudi1238	-0.495229499806355	1.06532756153777	-2.79748020531765	1.51036138111647
wusa1235	-0.485829568675169	1.04073317861781	-2.78018209801215	1.45608123888899
wutu1241	-0.264012611242579	1.05362051216103	-2.50851224027787	1.74000662419148
wuvu1239	-0.11859065131325	1.10103186272029	-2.50718987491041	2.028064313516
xamt1239	-0.237323744348401	1.08730106262048	-2.6025484341033	1.86696463966588
xara1244	-0.304912369066692	1.06821520398197	-2.55675996719343	1.75678646326246
xhos1239	-0.109277404351858	1.08633385059952	-2.39720822995715	1.95995690068516
xish1235	-0.548342354774214	1.04570112572852	-2.81508923436532	1.33710532848288
yagu1244	-0.205976946633083	1.09898388766335	-2.55692356683364	1.85659819459891
yaka1269	-0.0943721951013499	1.07777254952605	-2.370173471015	2.04916674178364
yaka1277	-0.137689906634232	1.07557382962078	-2.39504818055217	1.98160612129745
yakk1236	0.909889578929806	0.927063472193336	-0.699728185657039	2.89922212970397
yaku1245	-0.108683319574343	1.08291083738006	-2.38204078315095	1.97631136171046
yale1246	0.324733724034896	0.929615971769514	-1.43175527086433	2.29147815888322
yami1254	-0.197373418414226	1.09187124150477	-2.50998127776572	1.90811539917307
yami1256	0.156595210396768	1.02332207716606	-1.92722998173665	2.30096340793027
yamp1242	0.708917186253977	0.838366423130241	-0.863071739642152	2.41560434450073
yane1238	0.480520768865576	1.03751391791237	-1.52025557410299	2.70949432334736
yank1247	0.880478756602918	1.13612643145412	-1.09499307524042	3.38042242570345
yaoo1241	-0.117548998654832	1.07669868739591	-2.41541679645724	1.99056359665218
yapu1240	-0.0830370809268618	0.873086795183688	-1.85230512150108	1.64162440724403
yaqu1251	-0.246336192839281	1.07148676341456	-2.6025104777421	1.84695999000685
yasa1242	-0.224388434681722	1.05473367682511	-2.40616304490177	1.86916314079766
yatz1235	-0.429963825398736	1.03080559726173	-2.64309352563315	1.47675689263871
yaul1241	-0.0644427682260129	0.871916124257614	-1.80140905519897	1.70959292015686
yaum1237	-0.309325749825658	0.889834356016571	-2.23782166332616	1.36705954724423
yawa1260	-0.0693079557966244	1.02602480022255	-2.22662685952545	1.95193792419788
yawu1244	-0.194114294952253	1.06952036869038	-2.49137971053336	1.92964498736591
yele1255	0.82719235934376	1.09676332424866	-1.08735253839493	3.29893776309245
yems1235	-0.512450248244253	1.04253351623541	-2.74213960837087	1.38515034211204
yidi1250	-0.267797544847837	1.06472238335006	-2.54393597437768	1.71869723883081
yind1247	-0.13928420307009	1.08004303067486	-2.44993353167611	1.99855072469333
yoga1237	-0.366869185503225	1.03266923068284	-2.64355693403397	1.54266573281563
yong1270	-0.534056963983226	1.06607078354274	-2.90017860328465	1.40614837986402
yong1280	-0.296978864802959	1.02513995001887	-2.51394883540702	1.6691976989562
youl1235	-0.41195428051428	0.98069765199197	-2.55624917705825	1.40970390952447
youn1235	-0.129741363403226	1.06935651424762	-2.34597566517667	1.95365504375572
yuca1254	-0.119844337103353	1.08882807146885	-2.43518880797369	1.96965213246304
yuec1235	1.01985022231916	1.15420870224461	-0.907979232432548	3.60062489690652
yuqu1240	-0.246638433042902	1.05590468613489	-2.48972048953536	1.78480111438928
yura1255	-0.243533676161104	1.04002457368773	-2.44676909784388	1.74597812609702
zaba1237	-0.359247222100014	1.06016678799433	-2.67447540692946	1.67096760078208
zaca1242	-0.299771103340751	1.02150919717673	-2.5093438707188	1.66429457562614
zagh1240	-0.198961527738496	1.09895585719972	-2.6300604028998	1.88425745395168
zamb1245	-0.261121033143066	1.05696410703958	-2.53049699111449	1.76432780606141
zarm1239	-0.122029629816352	1.07616810583695	-2.39943571747053	1.96776295365111
zaye1235	0.328659690389863	1.00463962989332	-1.63478860699974	2.42040999527036
zays1235	-0.637091634246209	1.0825736970144	-2.96823463364734	1.31153691195525
zinz1238	-0.178611365538155	1.08456107998224	-2.45021767777037	1.98473552523004
zoog1238	-0.424983292956519	1.02611352272365	-2.62639600825826	1.47200355620142
zulg1242	1.16931381547024	0.919490321243312	-0.401512443045262	3.07603066850093
